5
1000 1000
2500 2500 2500 2500
801 5
102 2
581 5
589 5
493 6
214 2
604 10
391 3
7 2
555 4
594 3
614 8
230 5
900 4
605 5
869 6
991 4
820 2
124 4
630 2
694 3
244 6
170 4
8 2
360 1
394 3
512 7
823 3
89 3
988 5
433 4
858 6
362 4
995 4
181 3
718 3
275 2
325 4
11 4
5 2
222 4
209 5
562 1
158 2
908 3
496 3
320 5
366 3
276 4
709 3
357 5
832 2
839 2
150 4
230 3
76 4
913 2
606 3
488 4
396 4
141 2
482 1
511 3
561 2
431 3
262 6
282 5
224 4
402 2
491 3
37 7
301 4
116 5
23 4
357 3
471 6
159 4
290 6
11 3
104 4
556 4
985 2
200 6
595 2
44 3
457 2
575 5
409 6
924 2
494 3
204 2
985 5
209 3
874 2
936 4
581 4
588 3
923 3
108 4
383 2
717 2
786 1
61 5
634 5
426 6
60 3
611 2
274 3
484 3
578 5
264 2
425 3
858 4
706 6
719 6
437 4
656 2
376 7
84 4
592 6
159 5
795 2
280 5
476 6
773 8
403 5
689 5
285 5
297 1
629 2
168 4
312 1
441 5
987 4
182 3
906 5
405 5
399 3
28 5
262 3
823 2
275 1
678 4
819 4
291 5
980 5
361 1
965 1
414 5
56 2
735 6
183 3
673 5
929 3
382 6
346 5
539 5
991 2
781 2
78 2
177 3
15 2
17 5
362 2
391 2
479 6
413 6
591 2
483 2
675 4
693 3
28 3
176 3
159 2
440 5
262 4
433 5
14 3
511 4
606 5
562 5
342 4
213 10
737 2
553 3
365 5
773 3
838 3
302 3
713 4
479 7
923 2
965 3
778 3
509 3
334 3
573 5
347 5
181 4
242 2
722 2
502 1
334 3
989 3
86 4
956 4
830 4
491 3
328 4
67 6
649 4
855 4
590 6
187 4
647 4
674 1
655 2
743 3
137 4
368 4
637 1
989 6
908 6
624 3
539 4
160 2
490 3
906 6
991 4
401 2
773 3
456 5
523 4
365 3
384 4
254 5
556 5
923 4
418 4
289 5
205 1
249 3
178 8
60 1
7 4
911 6
521 5
600 3
842 3
536 1
134 4
918 3
41 4
122 5
198 1
476 2
840 5
907 2
489 4
622 5
3 6
245 1
836 3
576 6
818 3
918 2
696 5
745 5
896 4
920 3
85 5
838 4
957 5
755 10
953 4
252 4
982 5
169 8
938 2
644 6
293 4
252 2
976 8
693 1
100 3
620 7
743 5
613 3
401 3
969 3
693 5
610 6
813 5
882 2
786 5
633 3
513 4
44 3
540 3
778 7
974 3
874 3
481 2
337 4
416 3
40 3
222 5
517 8
23 6
255 3
800 3
588 3
990 5
308 3
162 5
601 3
372 1
853 4
123 3
956 6
795 3
671 3
182 4
975 3
557 2
823 5
520 4
652 4
861 2
129 3
849 2
88 1
409 2
537 3
649 5
620 4
674 3
174 7
810 5
778 5
559 6
60 2
371 5
239 3
309 6
608 2
655 4
738 5
701 2
896 3
626 2
31 2
545 3
135 4
910 1
12 6
530 3
686 1
899 3
475 2
582 4
119 4
320 5
672 6
639 3
388 5
725 5
454 1
891 2
49 3
573 8
889 5
296 5
211 5
294 2
728 5
878 4
343 4
59 4
280 3
166 5
252 4
454 6
177 3
355 5
597 4
731 3
573 7
869 7
968 10
623 4
442 7
183 3
762 2
656 5
964 6
47 4
538 3
279 2
680 1
305 2
716 5
467 4
731 5
487 3
180 1
90 4
856 3
755 1
946 3
899 2
265 2
996 3
909 6
638 5
174 3
551 2
156 3
341 4
770 2
906 7
457 4
988 6
128 2
594 6
382 2
421 1
910 3
90 6
880 5
183 7
295 5
536 5
582 6
726 4
692 2
675 6
319 3
501 3
388 3
408 7
561 4
326 4
557 6
681 1
83 3
410 5
167 2
337 3
79 5
4 4
596 3
600 3
28 4
691 4
262 2
548 3
713 4
735 4
580 6
808 8
798 2
11 4
713 4
441 3
252 1
810 3
653 3
132 7
566 5
270 4
61 2
162 6
861 4
631 3
553 2
494 2
995 4
1000 4
289 6
253 6
722 1
59 6
736 3
93 5
1000 3
580 2
359 2
109 6
545 4
114 4
917 4
146 2
10 3
110 2
730 7
646 3
835 3
717 3
514 4
254 2
383 6
360 4
468 5
994 4
45 3
434 7
847 5
227 2
361 3
776 5
795 4
129 3
861 4
92 9
263 2
518 6
444 4
610 5
938 7
171 3
50 2
965 2
921 2
864 5
28 6
853 4
948 5
259 3
918 2
526 3
473 2
395 3
410 4
941 3
147 2
324 3
184 3
888 5
875 6
302 4
127 5
533 6
506 4
861 5
353 6
643 4
863 1
507 6
814 2
953 3
197 3
15 4
161 1
72 4
228 1
477 4
729 4
541 3
140 2
745 6
561 4
137 6
72 2
785 5
373 6
912 4
808 6
255 1
217 2
769 5
480 4
773 4
213 4
816 3
688 4
935 3
990 3
590 2
890 3
771 3
869 2
856 3
265 2
296 8
863 3
536 2
459 4
480 4
760 3
163 4
666 3
293 3
894 3
297 4
695 4
263 5
573 2
270 6
540 3
681 3
729 3
625 3
47 3
364 3
768 5
535 5
155 2
197 3
195 1
45 5
474 4
427 7
205 6
575 4
396 4
976 2
85 3
758 2
428 2
413 2
276 2
22 4
31 2
620 3
979 2
19 6
919 6
67 4
991 1
522 5
648 5
121 2
425 4
450 5
606 3
179 6
457 5
417 1
482 3
938 2
211 6
549 2
225 3
648 4
806 3
917 4
211 4
277 3
439 6
420 3
442 4
679 3
475 4
48 2
713 4
573 6
770 4
106 3
285 3
912 4
849 3
479 2
20 6
90 7
165 2
76 6
539 4
189 4
75 1
868 6
372 3
892 4
794 4
79 1
406 2
94 2
141 3
579 3
81 5
361 5
530 5
195 2
969 5
355 4
85 2
134 4
248 6
403 4
25 3
534 1
341 4
41 4
907 8
906 5
795 4
165 2
481 4
457 7
383 6
477 7
683 4
74 4
412 6
131 6
236 3
49 1
179 4
849 6
273 3
831 3
438 1
682 3
253 5
693 5
983 4
196 2
971 5
812 3
368 4
723 6
852 1
704 3
831 3
484 6
203 5
910 4
533 5
98 4
390 3
983 5
318 3
450 3
791 5
771 5
512 3
514 2
974 1
315 2
272 3
397 3
8 5
973 4
858 6
887 7
410 5
404 1
107 2
957 2
912 3
814 3
217 8
973 5
673 4
47 3
770 1
322 3
362 7
225 2
73 7
201 4
261 1
571 2
395 6
278 4
411 3
972 3
385 3
434 2
147 2
657 3
832 2
110 6
329 5
427 6
323 4
266 5
191 1
878 3
939 2
741 2
808 5
160 4
493 3
205 7
527 3
733 5
647 1
701 3
696 2
527 4
775 4
869 2
947 3
244 5
318 5
213 2
948 4
389 4
795 5
738 5
136 1
932 3
677 3
905 3
810 4
732 4
376 5
789 2
216 6
134 3
103 6
803 3
81 2
52 3
584 6
165 5
583 3
88 4
919 5
643 2
116 3
45 5
141 1
623 8
909 3
939 3
820 1
764 4
700 2
143 4
269 1
921 4
739 5
731 2
172 2
597 5
686 6
127 1
75 2
448 5
276 4
362 4
118 3
611 4
318 1
570 5
893 2
266 3
726 3
313 4
981 4
678 4
998 5
296 3
203 3
390 2
367 5
459 4
121 2
111 7
707 2
749 4
715 4
271 3
390 6
443 7
223 2
792 3
386 2
275 1
768 4
665 4
317 6
481 5
869 2
990 6
181 2
298 3
334 5
490 7
957 2
420 2
261 3
954 4
398 6
97 5
742 3
556 2
885 4
495 3
347 1
852 5
103 4
211 1
871 1
748 4
413 3
327 3
368 5
273 5
18 5
349 4
267 1
842 3
109 3
362 5
7 3
33 2
987 4
10 5
763 3
493 5
571 9
498 3
727 1
198 3
672 4
243 4
414 4
80 5
982 5
943 6
642 5
792 3
213 5
733 7
987 2
612 1
925 1
630 3
220 4
504 3
791 4
594 2
338 3
78 4
798 4
83 3
106 4
954 4
823 4
721 2
356 2
963 3
447 3
265 2
410 4
424 3
845 7
807 3
119 2
851 6
544 4
850 2
725 2
453 7
446 5
179 4
13 3
260 3
189 6
208 5
723 4
448 2
774 3
776 4
771 2
234 4
459 3
405 1
146 6
281 3
517 5
798 5
715 4
209 5
692 1
394 7
775 1
640 4
799 4
769 4
491 3
941 4
462 1
768 5
229 3
419 5
906 4
755 2
864 3
656 4
847 5
354 4
666 3
507 6
646 5
189 2
820 3
30
132 3
823 3
906 2
465 3
16 1
412 2
624 1
126 3
576 3
514 1
258 1
719 3
927 2
989 1
30 2
69 3
395 2
8 2
967 2
468 1
588 1
168 3
452 0
632 2
156 3
954 2
668 3
454 3
357 1
897 0
1000 1000
2500 2494 2500 2500
104 2
239 5
58 3
401 1
14 6
234 3
605 6
802 4
629 4
631 3
739 8
576 4
672 6
94 4
562 2
828 5
581 10
976 8
487 4
551 10
444 2
898 3
227 6
757 3
142 2
427 2
843 2
464 4
452 4
200 3
409 4
946 3
727 5
835 3
472 4
342 3
723 2
209 4
169 4
573 5
626 5
455 6
334 5
112 10
283 2
876 6
203 2
828 10
311 10
49 9
763 7
359 4
889 4
600 7
996 3
968 8
83 6
919 3
273 2
274 2
160 4
176 6
212 2
924 4
690 2
961 2
889 3
178 3
332 4
418 6
402 10
786 4
136 4
374 4
248 6
58 5
683 6
395 2
369 3
760 3
590 6
263 6
692 2
768 8
165 4
684 3
220 3
397 5
630 5
1 3
241 3
248 3
307 2
736 7
137 2
818 10
426 8
534 3
885 4
2 7
499 2
458 6
471 10
106 4
619 5
996 2
171 7
956 6
238 5
587 5
430 4
663 3
613 3
932 7
186 4
822 3
443 4
475 5
476 4
480 10
347 4
635 4
129 4
639 6
771 3
166 10
919 5
882 6
173 2
106 3
72 4
461 4
577 3
5 4
191 3
148 5
82 5
298 3
206 5
561 1
322 5
262 3
848 8
545 5
305 5
296 6
59 6
400 4
871 3
792 6
699 9
187 8
767 4
565 5
147 1
851 10
541 3
977 5
511 3
292 4
392 1
262 2
417 2
393 4
718 4
896 7
439 10
517 2
867 4
967 3
97 2
610 6
378 4
773 9
832 4
948 3
432 3
924 2
719 5
575 6
286 5
31 4
722 8
481 2
101 3
41 7
429 2
321 2
760 3
366 3
151 7
618 1
555 5
492 2
661 5
821 10
936 5
676 8
725 3
933 4
270 3
551 5
320 3
586 5
915 9
45 3
948 7
124 6
677 5
967 4
529 7
175 2
309 10
283 10
688 7
196 5
578 1
844 5
90 1
459 5
394 2
778 5
18 1
39 6
232 4
528 3
924 3
565 2
391 10
493 4
56 4
214 3
384 4
661 7
397 4
57 5
297 3
257 2
639 3
917 6
559 7
740 5
881 4
262 5
152 8
705 4
464 3
254 4
711 3
771 2
271 6
875 5
852 4
621 3
924 1
318 7
705 3
267 10
68 1
458 1
441 3
170 5
369 2
730 4
300 8
494 3
616 4
338 5
328 4
402 4
623 4
707 6
505 4
870 5
564 3
436 4
698 4
688 5
260 6
499 6
685 3
578 3
262 4
386 5
688 6
377 3
668 5
570 10
111 6
903 4
861 8
598 4
889 2
171 5
624 2
325 3
84 1
795 9
989 8
424 4
444 3
786 4
404 2
687 5
913 9
701 4
451 6
863 5
880 6
673 6
523 3
585 7
765 5
277 4
325 4
751 6
751 4
347 4
784 4
638 7
183 5
91 1
310 1
572 3
761 2
616 7
53 6
370 4
536 10
687 1
483 7
947 3
400 5
874 2
74 5
350 3
310 4
959 5
295 6
899 3
296 3
305 4
427 3
706 8
408 5
174 1
714 2
981 8
304 2
525 4
48 10
710 3
845 4
167 6
818 5
33 5
782 5
971 7
773 6
404 6
142 10
919 8
609 2
740 6
597 8
167 4
385 3
592 8
62 8
119 4
863 2
872 5
491 5
797 4
164 3
920 6
14 8
821 5
271 4
65 4
3 7
990 5
839 2
778 4
997 2
395 7
556 5
400 1
95 5
899 4
791 1
633 6
406 10
589 4
409 4
455 5
591 5
146 6
393 4
195 3
521 3
570 2
542 3
973 5
569 6
36 6
234 5
700 6
769 4
951 2
654 7
904 10
144 5
76 4
879 2
760 4
891 5
328 4
913 3
320 10
382 4
415 2
132 6
899 3
572 7
792 4
246 9
337 6
291 7
409 3
427 3
747 5
555 2
929 10
450 5
950 3
233 6
166 1
876 5
552 5
778 5
475 5
205 7
311 4
834 3
850 4
922 3
589 3
402 3
86 3
125 5
312 5
981 4
839 3
172 2
442 7
814 6
186 4
487 5
503 4
634 3
477 4
359 3
427 2
810 2
388 1
264 4
984 3
311 10
743 6
525 6
289 3
310 1
491 7
650 7
714 1
777 6
706 2
182 3
133 4
632 4
434 3
658 6
230 5
9 2
44 4
854 3
979 6
87 6
267 4
533 4
753 6
467 5
160 4
916 2
916 3
723 3
356 4
57 1
570 4
909 6
603 2
318 5
290 2
437 8
226 7
198 5
243 2
567 4
936 10
379 7
211 5
610 5
992 4
745 5
52 5
684 5
786 1
343 4
858 7
157 2
71 6
669 4
3 6
911 4
205 5
266 4
264 3
290 6
142 5
486 4
824 3
162 4
92 2
21 2
3 5
567 2
997 2
441 10
700 1
113 3
534 3
731 4
411 6
159 1
343 6
788 3
5 4
84 3
895 4
689 3
226 3
760 10
263 4
606 3
29 5
162 4
453 9
259 5
450 3
21 8
639 4
334 6
895 4
883 4
961 5
875 10
11 6
693 9
827 2
347 3
14 3
627 2
950 3
61 2
10 3
543 2
857 5
784 4
811 10
78 8
722 6
160 5
651 4
165 3
828 4
690 7
38 2
290 1
159 5
872 2
495 7
408 5
587 2
502 2
441 2
799 5
124 4
403 4
170 4
447 5
636 3
579 3
287 6
999 3
700 2
402 2
403 3
168 3
42 2
629 2
894 9
704 5
986 3
122 4
867 5
4 3
231 3
458 4
818 2
382 5
486 3
762 5
99 3
534 7
441 4
994 5
123 3
92 3
458 5
358 6
523 6
534 5
602 7
772 5
816 6
396 3
574 3
667 1
369 8
21 3
671 3
518 5
224 5
242 4
361 2
625 5
479 5
708 2
476 3
103 4
884 3
541 5
336 7
493 5
843 5
52 5
852 7
236 2
757 3
578 8
590 4
672 7
360 2
349 3
640 5
400 8
242 4
159 1
898 4
836 8
112 9
744 4
930 5
375 2
410 8
53 3
488 3
383 9
659 5
392 4
711 3
155 10
821 3
780 2
10 6
785 2
406 3
662 6
310 5
963 4
561 3
452 5
931 8
926 4
208 3
26 4
170 3
316 4
503 5
552 4
53 2
100 4
953 3
895 2
302 2
744 5
559 4
101 2
185 4
345 6
973 3
783 2
976 5
938 2
1000 5
471 2
385 9
514 5
85 3
853 5
978 9
271 4
292 7
836 10
740 5
717 4
447 4
414 4
601 3
226 4
209 4
86 5
333 3
913 7
273 9
502 7
912 5
55 3
298 4
131 4
836 3
833 2
293 3
704 4
493 4
640 6
607 5
511 4
629 3
823 5
170 4
272 6
454 2
36 2
250 2
750 4
853 3
571 8
841 4
1 6
2 2
283 5
715 4
584 5
131 4
481 6
774 6
786 3
633 2
550 3
44 6
138 4
786 10
228 2
907 4
304 4
986 6
912 6
636 4
372 6
430 3
882 3
615 7
5 4
820 6
886 1
551 10
32 4
702 3
225 3
698 1
189 6
479 4
807 3
963 2
140 5
172 5
131 7
250 4
458 4
131 2
141 4
716 5
282 7
736 3
384 1
337 5
483 5
399 3
25 5
585 6
424 10
239 4
13 5
512 8
740 3
981 7
808 3
802 5
393 3
807 3
987 5
858 6
607 5
223 2
584 3
973 6
307 5
419 7
352 3
286 6
763 5
974 4
573 10
460 2
883 8
708 4
436 5
676 2
963 4
806 3
304 9
695 6
738 5
20 3
370 6
640 6
252 1
87 6
136 3
496 4
675 4
621 8
755 3
720 5
916 7
852 3
160 4
832 3
670 4
31 3
616 4
172 3
391 4
504 3
358 2
426 4
861 4
613 4
173 4
637 3
348 5
726 4
516 4
683 5
898 5
848 7
235 4
857 4
997 3
826 4
658 9
391 6
384 5
177 5
823 7
296 5
675 4
55 6
315 5
254 3
199 2
75 4
813 5
803 6
392 2
713 2
899 3
46 6
184 6
885 3
82 9
141 6
581 1
315 5
98 6
957 4
113 2
157 2
78 5
916 6
729 3
549 2
235 3
588 5
308 5
143 6
162 2
849 5
670 8
528 3
988 5
677 2
299 3
614 4
396 4
691 5
709 7
905 4
707 4
18 4
62 2
748 4
722 3
632 2
649 5
935 4
161 6
3 3
253 8
600 10
213 5
80 6
22 6
798 2
848 4
855 3
114 4
642 3
173 6
401 9
210 5
897 4
134 5
802 4
631 6
888 2
339 5
764 4
45 4
517 6
38 8
273 4
754 6
456 6
827 3
578 7
238 2
852 1
835 3
594 7
724 1
286 5
287 4
187 3
967 3
875 4
85 2
403 3
172 5
834 3
375 3
357 4
402 3
158 4
194 4
281 5
446 4
436 6
907 4
793 5
129 7
66 5
467 6
62 6
729 10
245 2
79 7
635 5
30
513 0
981 1
23 2
660 1
133 2
630 2
523 3
897 1
344 2
972 1
293 1
979 3
285 2
68 0
701 3
679 3
611 2
452 2
352 2
933 3
845 1
405 0
777 3
917 1
711 0
51 2
601 3
362 3
379 0
815 0
1000 1000
2500 2456 2488 48
146 2
706 2
745 2
35 2
298 2
573 2
21 2
37 1
688 3
505 1
705 1
193 1
216 2
952 2
238 1
255 2
977 3
967 2
268 2
522 3
279 4
501 2
97 4
6 1
262 1
745 1
772 1
62 1
38 2
846 3
679 1
952 5
892 1
323 3
745 2
861 3
883 10
412 2
445 2
853 2
561 3
501 1
732 2
412 1
853 1
712 3
964 3
501 2
33 4
485 3
333 3
212 3
952 10
707 1
373 4
9 3
193 10
585 2
904 1
505 10
74 3
776 1
940 2
77 1
791 1
887 2
550 2
604 1
288 2
697 2
697 3
427 1
952 1
688 4
143 2
620 2
873 2
791 2
342 1
790 1
484 1
939 3
759 2
518 1
198 1
224 2
279 1
213 3
940 2
791 2
141 3
337 4
716 1
939 2
148 1
791 5
201 1
688 2
356 2
35 2
6 1
141 4
562 1
952 3
37 1
706 2
534 2
781 10
775 1
412 2
782 3
346 2
227 1
201 2
35 1
75 2
318 1
549 3
268 2
645 3
213 2
247 1
857 3
815 3
742 1
60 4
37 3
819 1
21 3
562 2
695 1
37 2
156 2
688 2
157 1
679 1
268 3
666 1
344 1
574 2
6 2
201 1
716 3
894 1
242 10
147 1
537 1
446 2
100 2
412 2
148 4
705 2
952 1
112 2
222 1
522 2
618 2
717 3
454 1
277 2
246 2
545 2
791 5
668 3
963 2
890 1
37 2
481 3
91 2
939 10
599 1
835 3
618 1
445 2
63 2
791 3
6 1
38 1
575 2
242 2
111 2
817 1
675 2
405 3
288 2
706 4
815 1
668 4
875 1
412 2
427 2
869 3
754 1
6 2
788 2
485 3
269 2
97 3
37 1
754 2
668 1
728 1
6 1
132 3
679 2
148 4
144 2
480 2
791 2
74 2
157 3
142 4
6 2
212 2
342 3
310 4
853 3
344 2
490 2
201 1
149 1
186 1
6 1
679 1
696 1
413 2
57 2
184 2
33 1
75 2
952 2
229 1
323 1
331 2
379 3
213 1
808 1
890 3
464 1
49 4
373 2
805 2
570 1
953 2
900 3
858 2
212 2
706 10
633 2
525 10
143 1
986 1
933 3
396 5
915 10
858 2
446 1
151 3
275 2
745 3
983 2
208 2
97 3
957 10
706 2
791 2
183 2
163 1
791 3
750 1
350 2
115 3
791 1
668 3
723 2
557 1
768 3
501 5
706 3
812 3
23 2
559 3
791 1
853 3
696 2
448 2
112 2
118 2
940 4
952 2
112 2
688 1
337 2
396 3
873 2
6 2
786 3
545 4
219 2
39 3
673 3
562 10
157 1
790 1
37 1
6 3
791 1
952 2
501 2
46 2
201 3
551 3
448 1
143 3
745 1
200 3
178 3
130 3
672 3
359 2
592 2
198 3
562 3
249 1
356 1
3 4
37 3
452 1
651 1
790 1
213 3
89 1
980 2
796 4
608 1
924 3
737 1
83 2
867 10
790 2
755 1
986 3
791 2
983 1
97 3
21 2
926 2
401 2
545 2
819 10
688 2
143 10
475 1
213 3
499 4
242 3
59 1
819 2
356 2
3 2
576 3
805 2
446 2
148 3
688 1
846 2
790 1
846 2
279 4
430 1
310 3
135 3
929 2
112 2
43 3
337 3
213 4
858 2
929 2
791 3
745 3
212 10
515 1
448 7
222 1
987 2
496 2
477 1
501 3
201 1
292 2
791 2
791 1
562 2
805 2
673 2
537 2
84 2
553 3
776 1
864 1
501 1
286 1
505 3
23 2
405 2
576 4
279 4
700 1
182 1
94 2
791 1
868 1
618 2
335 1
790 2
910 2
400 2
734 3
571 2
222 1
275 3
736 2
37 2
311 2
392 2
650 2
570 3
791 2
273 1
229 2
624 2
891 2
576 1
6 3
939 2
492 1
729 1
553 3
212 2
819 2
952 1
496 1
268 1
904 4
412 1
310 1
799 3
852 2
127 4
600 4
737 1
45 5
868 1
873 2
213 3
405 4
622 2
112 1
501 3
737 3
562 2
791 1
897 1
91 3
148 4
561 2
705 2
281 1
983 1
691 2
894 2
501 1
467 1
356 2
182 1
481 3
977 2
159 2
856 3
500 2
446 3
213 1
137 2
112 2
560 1
495 3
790 4
668 1
412 4
791 1
774 1
224 1
223 3
705 2
62 2
47 1
212 3
45 1
279 2
273 3
793 3
201 1
861 1
890 1
112 3
910 1
808 2
723 1
790 2
571 2
477 2
940 2
409 2
497 3
9 3
688 1
201 1
745 2
561 1
493 2
551 1
602 1
847 2
6 3
709 4
952 2
619 1
284 2
791 1
618 1
747 3
19 2
750 1
75 1
354 1
370 2
468 2
37 2
501 7
890 1
193 3
464 2
791 2
7 10
262 2
716 3
483 1
213 1
791 2
557 2
149 3
555 1
659 1
791 1
107 2
888 2
857 3
745 1
186 2
952 4
791 1
737 2
201 1
636 1
198 2
553 5
484 2
926 3
745 2
791 2
555 3
931 3
53 3
930 2
962 2
518 1
688 3
268 2
193 2
977 2
557 1
422 1
868 2
639 3
27 2
72 2
805 1
522 1
929 1
586 2
454 3
6 4
587 1
744 1
513 1
68 1
552 2
852 2
790 2
991 3
520 5
520 1
213 2
273 2
193 3
790 2
657 3
269 2
614 2
952 2
805 1
416 2
484 2
268 2
114 2
37 5
791 2
111 1
273 3
201 1
952 1
631 1
122 2
212 10
237 1
686 3
650 2
562 1
775 1
37 4
213 1
917 1
310 4
467 3
89 1
284 4
791 1
824 3
770 1
579 1
791 1
707 1
735 1
865 2
112 2
37 4
788 2
614 4
952 2
742 3
218 1
37 1
141 2
618 2
97 2
791 2
774 1
558 2
193 1
242 2
867 3
636 1
72 2
157 1
223 2
279 1
426 1
900 1
6 1
37 2
323 2
825 1
719 1
576 10
157 1
446 4
19 1
900 2
330 1
232 3
791 1
618 1
198 2
819 3
583 4
141 2
850 2
651 1
949 2
242 3
805 4
547 1
310 1
977 4
6 2
112 1
825 1
182 1
933 1
84 2
449 2
464 1
952 4
492 1
737 10
706 2
112 1
212 2
143 3
977 1
253 1
54 1
143 1
273 2
954 1
668 10
490 2
576 1
562 1
89 3
212 2
699 1
8 3
226 3
227 2
484 1
831 2
165 4
112 1
338 3
846 1
904 2
266 2
148 3
768 4
559 1
501 2
120 3
360 2
301 2
212 1
496 1
163 3
524 2
790 2
547 2
952 3
926 1
366 2
452 2
279 2
33 2
868 2
791 3
969 1
210 2
952 10
745 2
197 3
791 1
17 1
448 1
268 3
464 2
995 1
791 3
724 3
957 1
949 1
501 3
477 2
688 3
330 1
143 1
962 1
992 5
158 2
790 1
722 3
279 3
831 1
490 1
213 2
772 3
717 2
37 1
235 2
693 3
890 1
952 5
522 1
712 1
6 4
246 1
983 2
436 1
338 2
222 5
310 2
824 2
791 2
952 2
115 2
576 1
791 2
791 3
164 1
446 1
276 1
668 2
222 4
549 1
396 5
553 4
206 3
795 1
952 2
68 2
427 2
877 3
74 2
706 1
454 1
977 2
805 2
813 2
791 2
101 2
446 3
279 1
62 2
812 1
405 2
555 6
435 2
754 2
19 2
852 1
791 2
801 2
375 1
737 1
699 3
148 1
586 1
177 1
501 2
620 4
993 2
452 1
37 3
618 4
791 3
6 2
638 1
405 2
940 1
676 1
838 1
706 2
37 3
636 2
850 1
310 2
745 4
534 3
930 1
437 2
266 2
212 3
650 10
182 10
853 4
890 1
330 1
456 1
951 2
275 1
10 2
37 2
301 10
834 1
173 3
406 10
430 3
688 1
706 2
465 2
775 2
791 3
406 2
668 1
23 1
745 1
212 2
745 2
823 10
985 4
198 1
175 2
501 1
754 1
201 2
21 2
268 1
97 2
791 2
979 4
846 1
184 4
688 2
242 3
330 4
832 1
791 4
141 3
555 2
141 2
6 4
705 2
505 4
221 2
808 2
870 2
213 4
823 2
337 3
287 2
618 3
819 1
213 2
846 1
332 1
806 1
35 2
248 2
456 2
834 1
310 3
986 2
366 1
518 3
349 2
705 2
952 2
557 1
248 2
791 1
666 2
791 1
9 4
82 2
745 2
258 4
625 2
900 3
853 3
37 1
669 3
791 1
998 2
19 1
557 2
62 2
213 1
464 4
858 1
149 1
618 1
405 2
279 1
228 1
678 5
651 10
791 2
805 3
366 3
812 10
751 10
951 1
545 1
180 3
242 2
213 2
396 1
242 3
705 1
791 2
192 1
452 1
924 2
173 3
791 2
980 3
819 2
112 3
700 5
252 2
930 3
30
347 2
697 1
992 1
987 0
319 0
612 3
869 2
916 2
29 2
575 3
662 3
194 1
311 1
223 1
625 0
743 3
335 1
749 1
769 0
209 3
667 0
701 2
57 2
962 3
484 3
957 1
960 1
995 1
515 0
929 3
1000 1000
2500 2482 2500 2493
813 4
944 5
143 6
493 6
277 4
199 4
663 3
677 4
76 3
723 4
944 5
813 2
351 2
493 4
675 3
143 3
949 5
663 5
34 3
34 2
944 4
723 2
199 3
156 5
572 2
617 4
6 7
199 3
963 6
723 4
813 7
963 6
6 6
617 3
680 3
493 2
143 5
317 6
211 8
211 1
493 5
156 2
144 4
313 5
617 2
813 3
144 6
813 1
680 6
677 5
76 7
211 4
351 3
663 2
76 4
663 5
723 6
914 1
963 4
493 5
6 3
317 6
317 5
143 6
572 3
755 5
211 3
677 4
6 4
723 5
277 3
277 3
663 7
228 5
963 4
755 6
755 5
723 5
914 2
211 2
523 5
211 2
317 4
156 5
677 4
211 5
680 4
755 6
144 3
34 8
228 7
199 7
34 8
723 5
76 6
755 3
76 4
680 4
723 2
600 5
675 3
663 2
313 4
675 3
600 4
523 3
34 5
76 5
813 3
523 5
675 2
313 5
949 3
617 4
156 3
914 2
143 5
675 3
523 3
914 3
949 4
34 3
572 10
156 4
493 4
663 3
351 7
963 3
313 5
313 4
813 4
228 4
675 3
949 2
144 9
313 6
144 2
34 5
663 4
144 5
981 8
723 5
143 4
313 4
944 7
156 4
493 3
277 2
723 7
981 2
351 2
199 8
572 4
963 3
675 5
723 1
76 2
663 3
199 3
572 4
813 3
313 7
600 6
211 6
723 5
981 3
572 3
572 4
351 5
277 5
675 4
228 2
317 7
663 9
981 6
317 3
963 3
572 3
813 5
493 6
677 2
199 3
617 7
617 3
199 2
211 3
755 9
156 6
228 4
675 5
813 4
617 3
351 3
199 7
944 2
523 1
675 3
617 3
963 6
663 3
351 6
755 4
963 8
228 5
199 5
143 5
723 4
677 6
600 2
944 4
675 6
963 3
143 5
156 4
663 3
680 2
351 4
600 6
199 7
675 4
351 4
211 6
617 6
813 4
313 2
949 5
944 7
211 7
677 5
277 5
143 1
156 3
76 5
199 5
963 5
914 3
156 2
143 7
34 2
680 6
277 1
572 5
963 3
617 8
963 8
675 3
677 5
156 7
617 8
76 10
6 6
949 3
963 9
493 5
351 6
914 3
949 5
663 8
944 1
944 4
6 6
317 8
317 5
680 4
949 2
34 6
144 4
949 4
6 3
277 7
680 3
228 4
199 4
572 5
277 4
313 7
199 7
675 5
277 7
755 6
6 3
523 5
228 5
317 4
156 4
944 5
981 3
199 6
914 2
228 2
572 4
680 4
944 5
143 4
914 6
144 5
755 6
199 3
34 1
680 7
211 2
949 4
523 2
351 4
944 4
6 6
572 4
813 5
981 7
523 5
143 4
914 3
600 2
663 8
813 3
317 6
493 4
317 2
144 6
156 3
677 5
572 5
143 5
76 4
199 5
723 4
981 5
156 2
914 4
493 7
677 5
981 5
572 4
351 3
755 3
949 5
143 1
156 3
813 4
211 1
228 4
493 6
313 4
6 3
981 7
981 2
981 5
523 6
34 2
351 9
228 2
523 4
663 9
211 3
617 4
76 2
680 4
723 2
981 5
143 4
144 2
944 4
963 4
6 6
963 6
677 4
914 6
211 5
156 1
663 4
755 4
723 6
944 4
156 3
981 9
963 6
76 5
493 8
677 5
523 5
156 4
723 6
963 8
680 7
143 3
617 5
313 5
949 4
944 3
493 4
600 4
199 3
680 4
617 2
572 2
944 7
981 8
228 3
572 6
211 4
211 4
617 4
663 9
944 3
351 5
981 4
677 5
677 7
76 2
228 3
680 3
351 4
351 7
663 7
677 8
493 5
6 4
723 3
677 3
277 5
914 2
199 3
914 2
6 7
313 3
677 4
277 5
34 2
34 3
351 5
677 10
600 7
914 4
199 4
34 4
723 4
813 4
981 3
677 4
76 6
944 6
277 6
663 7
755 4
6 4
277 7
914 9
813 3
143 5
600 5
949 4
493 7
813 3
199 3
156 7
723 3
914 7
313 4
523 6
963 5
617 4
144 4
600 5
211 6
981 5
981 3
677 4
755 5
675 3
981 7
600 3
617 6
493 3
277 3
277 6
813 4
156 4
493 5
675 3
680 8
949 1
677 6
914 7
675 2
144 2
813 2
211 4
277 4
351 3
949 8
156 9
34 3
755 4
228 9
600 2
914 5
949 3
914 4
981 7
600 5
981 6
677 3
963 4
663 5
317 6
600 4
351 4
76 3
211 6
76 6
144 5
949 5
677 3
949 8
6 7
143 4
755 6
277 9
813 5
199 6
675 4
228 6
755 5
677 6
723 4
914 5
317 3
211 3
600 8
313 4
6 2
317 7
6 5
313 4
228 4
949 3
228 7
144 4
755 4
156 5
228 2
723 8
228 5
351 6
76 6
663 6
199 5
143 3
680 5
572 3
76 4
156 2
351 2
981 4
663 10
723 3
600 5
600 4
663 2
34 6
963 7
34 4
523 8
944 3
6 2
493 3
813 5
813 6
277 4
144 8
6 4
600 3
313 4
663 3
949 2
199 4
680 4
949 2
6 4
617 7
949 6
572 4
675 4
76 2
572 4
313 3
76 2
617 2
313 5
211 2
600 4
34 3
228 7
317 3
963 4
313 10
144 4
723 5
493 5
677 4
963 3
914 7
523 5
572 3
944 6
963 5
493 4
156 4
963 2
572 7
617 5
663 4
199 10
755 6
755 5
663 5
199 3
617 3
76 2
6 3
351 5
228 6
143 6
156 3
228 4
600 7
199 2
317 5
944 4
317 3
6 4
351 4
317 4
34 4
949 8
663 4
313 2
76 3
351 3
914 4
144 4
313 1
34 3
755 5
755 7
755 3
675 5
755 4
144 5
76 3
211 5
914 7
493 4
755 4
680 2
277 3
813 4
944 8
677 4
6 3
523 4
723 5
677 5
813 6
963 3
211 5
144 6
156 4
144 6
277 1
6 5
351 2
617 2
317 7
277 4
755 2
143 3
6 3
523 4
949 5
663 4
76 3
755 2
76 10
617 5
600 7
680 5
76 5
144 5
493 6
143 5
143 1
6 6
76 3
313 8
76 4
914 3
617 5
981 3
493 8
144 3
277 5
523 2
211 5
677 4
949 4
523 4
317 4
949 3
199 3
523 8
572 7
677 5
914 6
755 5
723 3
277 2
944 5
723 5
211 4
813 1
317 4
680 4
663 6
228 3
523 6
572 5
663 4
949 2
680 3
351 3
277 5
317 4
675 5
313 2
351 4
523 5
144 4
600 5
949 7
211 4
680 6
523 4
143 3
156 5
600 3
680 4
572 5
6 2
143 3
617 4
143 4
944 2
317 10
680 7
675 5
723 4
317 2
600 2
34 5
600 7
813 2
617 3
317 5
143 5
156 5
914 5
944 5
572 4
617 6
675 6
723 6
493 4
663 4
144 4
523 1
755 2
351 1
156 3
675 5
944 6
34 7
523 4
76 5
755 7
317 7
199 4
523 7
944 5
572 7
34 3
600 4
144 5
944 4
313 4
680 4
211 3
572 3
493 7
600 3
523 5
493 3
675 7
944 4
572 2
493 4
949 4
199 5
156 3
313 4
277 4
723 4
211 5
76 3
677 6
675 5
317 9
493 3
317 2
981 4
34 8
617 4
143 8
211 3
317 6
277 3
723 6
617 5
813 4
228 10
813 5
617 3
6 6
944 7
572 3
351 1
34 4
572 1
680 6
317 2
723 6
228 8
523 6
963 4
277 10
144 4
143 4
572 8
143 4
228 4
277 5
981 5
949 4
680 5
675 4
351 4
914 5
6 5
523 3
600 5
914 4
143 7
914 7
914 5
755 5
981 5
156 4
34 6
228 5
617 5
813 5
675 5
144 2
723 5
313 7
199 8
963 4
572 3
949 6
675 2
944 6
156 4
600 7
199 4
680 2
914 5
351 2
949 4
600 1
523 2
675 4
6 5
813 3
313 5
981 7
523 4
663 5
317 7
313 5
963 7
6 5
199 4
493 2
755 5
228 6
755 3
981 4
211 7
963 3
144 8
6 5
144 4
944 7
914 7
34 4
277 7
317 3
680 5
76 4
228 5
317 5
680 4
677 3
144 6
813 4
313 3
675 6
663 4
76 5
572 4
963 5
680 4
600 2
600 3
34 3
572 4
675 8
493 3
313 4
144 4
313 4
981 9
914 6
277 6
34 2
813 3
493 2
211 6
277 4
914 5
313 4
600 4
228 6
351 3
675 6
963 2
228 4
523 8
228 4
313 8
755 5
617 5
523 2
813 4
6 3
228 10
34 6
981 5
156 3
211 4
277 7
723 4
34 2
963 4
76 1
493 7
680 4
143 6
949 1
677 3
680 3
981 4
144 4
944 5
228 5
76 1
143 7
677 6
34 3
351 4
981 4
523 4
981 1
675 6
680 3
144 7
34 3
677 6
981 6
617 3
30
23 0
2 1
13 1
15 3
16 3
8 2
30 0
1 0
21 0
27 1
22 1
29 2
18 0
25 1
26 0
7 1
24 2
17 0
11 0
19 1
9 0
20 2
28 2
10 1
6 3
4 1
3 3
14 1
12 3
5 3
1000 1000
2500 2500 2500 2452
425 5
201 5
753 5
423 7
324 5
884 2
244 9
49 10
328 8
863 7
3 5
125 4
89 4
223 5
345 3
813 3
785 5
62 4
844 5
291 5
80 6
672 2
893 4
422 7
924 5
55 6
870 3
826 4
626 5
120 3
300 1
418 3
477 5
970 9
582 5
606 5
152 6
288 5
668 3
736 4
909 7
624 5
578 5
269 5
552 8
544 4
728 5
852 5
780 4
416 6
247 3
21 5
15 6
309 7
568 7
853 5
730 4
196 5
633 5
239 5
308 7
375 2
161 5
137 6
310 9
31 1
316 4
459 2
443 6
392 5
408 7
58 5
357 8
573 5
361 6
675 3
557 4
999 4
284 2
889 7
470 4
581 6
580 7
241 9
475 7
431 3
226 3
658 4
963 5
102 4
632 5
142 3
435 7
179 6
496 9
660 4
117 2
141 5
336 1
266 3
738 5
579 3
462 4
933 2
575 7
955 5
143 4
693 3
699 8
865 6
121 4
28 5
781 4
901 5
745 5
815 8
219 3
95 4
531 1
127 5
921 5
428 5
794 6
695 5
249 10
484 7
528 3
268 6
489 5
326 3
104 5
726 4
692 5
973 6
617 4
698 3
616 6
777 6
525 3
301 6
384 4
665 6
329 5
790 3
703 6
368 3
952 3
517 3
842 4
570 7
816 6
293 7
641 6
25 4
883 3
631 6
238 5
700 7
823 2
830 7
277 7
434 4
420 2
998 2
747 3
677 4
312 6
541 3
272 3
819 3
861 4
919 3
20 4
899 7
54 4
571 6
718 4
628 3
566 7
862 3
274 6
701 2
206 7
644 4
691 8
618 3
733 4
536 5
706 5
962 3
941 6
230 6
439 4
146 8
235 8
975 5
639 5
454 5
257 6
774 10
103 4
949 5
811 2
707 6
353 4
153 3
404 3
279 8
47 7
822 6
942 2
275 10
292 2
261 3
17 9
523 8
51 7
403 8
37 4
851 5
642 9
827 6
500 5
322 4
664 7
333 2
694 3
522 5
702 8
154 3
992 4
854 5
922 7
208 7
727 5
598 4
139 9
946 5
169 5
804 4
787 3
429 7
363 3
687 5
659 3
565 4
837 6
218 4
749 3
401 1
872 3
836 6
40 3
24 4
131 8
786 2
343 6
213 7
373 4
220 4
294 5
654 7
558 6
472 4
335 6
341 4
135 2
591 3
833 4
105 3
812 5
550 5
635 4
237 3
388 7
940 3
990 9
50 6
765 6
285 4
789 7
752 3
895 5
746 5
770 3
110 5
542 6
623 6
663 5
564 5
676 6
513 6
351 4
212 2
994 10
882 8
902 7
488 6
512 4
194 3
912 5
871 4
225 3
94 1
607 5
931 5
180 7
91 6
980 4
60 5
914 7
332 7
655 3
562 7
656 4
938 6
132 5
214 4
879 6
920 6
227 4
41 3
934 6
908 4
323 3
793 7
56 3
850 5
297 3
436 6
14 3
638 5
760 4
979 7
441 3
8 5
202 6
338 5
190 6
64 4
101 6
29 5
290 4
450 1
928 5
688 4
533 7
263 3
391 2
65 3
22 7
124 9
867 2
447 3
621 2
481 3
524 2
173 4
377 7
930 7
651 7
682 6
897 5
122 4
5 7
583 5
313 3
776 2
159 4
68 5
457 6
768 4
138 5
981 5
856 3
696 3
355 5
452 6
440 7
732 8
93 5
540 6
547 4
809 3
27 5
325 6
480 5
505 4
679 3
415 4
171 4
534 3
611 5
577 3
538 3
78 3
158 5
362 6
735 3
419 7
99 3
155 6
163 3
716 6
806 3
45 7
876 2
430 3
767 6
972 5
595 3
739 6
989 3
974 4
273 6
465 4
805 6
1 4
556 3
965 4
44 3
109 6
771 3
160 4
549 4
76 6
479 4
70 3
289 7
808 6
957 6
378 6
426 4
918 2
605 8
319 3
802 4
108 7
996 9
589 4
30 2
684 8
986 5
764 6
881 4
791 2
898 6
647 6
661 7
810 6
437 8
713 3
848 6
149 2
773 2
905 3
708 6
613 5
86 7
839 8
476 3
199 4
113 3
755 7
784 6
754 9
112 8
383 10
491 2
686 5
515 8
604 9
803 5
725 6
487 3
234 4
959 4
712 6
799 5
634 6
911 3
841 4
433 4
271 5
875 6
216 3
518 4
114 4
385 5
83 7
314 4
653 6
372 5
724 3
34 5
320 3
731 7
360 2
740 2
645 3
729 5
643 4
502 5
543 7
217 6
84 6
766 5
471 6
551 7
39 9
935 2
298 4
587 1
116 9
468 3
331 5
318 6
405 6
254 5
453 5
835 3
857 3
242 5
539 7
134 4
88 4
763 3
594 3
482 7
248 7
722 4
988 5
960 5
170 7
792 3
608 5
978 7
90 5
315 2
834 9
53 6
243 5
968 7
877 4
864 6
944 5
382 6
183 3
778 2
555 4
509 4
133 6
387 3
380 9
367 3
843 5
860 5
948 4
191 4
705 5
278 1
526 5
306 4
33 4
927 7
147 10
224 2
395 4
945 6
483 6
144 4
915 6
723 5
814 7
358 5
503 4
12 2
685 5
916 6
627 9
63 4
473 6
560 8
832 5
7 3
678 4
128 8
610 4
840 4
381 5
174 10
48 5
409 4
630 4
969 5
548 5
561 10
474 3
348 6
859 4
299 2
442 5
61 5
369 5
762 3
283 5
100 7
304 4
77 4
75 7
873 1
506 6
444 10
824 3
303 9
720 7
620 6
432 5
150 6
847 5
817 6
211 6
36 4
26 6
411 7
371 8
307 1
321 7
697 4
982 2
563 8
386 4
495 3
622 4
709 2
256 6
649 2
744 5
187 5
492 5
260 4
311 4
118 7
379 2
188 6
210 3
704 3
281 5
584 10
603 3
455 3
917 7
82 6
317 6
228 9
18 6
759 6
625 5
466 7
4 4
971 7
742 9
984 8
469 5
192 3
280 5
993 4
926 4
467 5
831 3
886 6
501 5
2 5
67 6
74 4
352 3
398 5
906 5
424 8
175 4
821 6
35 7
376 3
597 6
788 3
925 4
186 6
165 3
493 5
87 5
569 5
964 4
599 6
79 10
148 8
532 3
16 3
680 5
327 6
769 6
743 6
590 5
305 5
535 5
748 5
195 6
370 5
140 8
46 10
106 3
710 5
264 4
250 6
344 2
262 6
130 5
389 8
203 8
255 4
302 3
119 7
507 4
494 7
818 3
585 6
637 5
449 8
421 5
181 4
200 5
976 4
715 6
943 4
937 6
954 6
958 9
775 5
756 9
612 4
961 7
164 6
390 8
334 3
891 3
270 6
396 8
903 6
259 2
734 5
985 5
662 2
276 5
657 5
107 6
932 5
448 1
939 5
602 4
233 6
166 4
364 3
286 5
177 5
586 5
559 5
490 1
520 5
71 1
197 6
456 6
240 7
167 4
619 5
337 8
546 5
947 4
478 1
96 8
896 6
123 5
236 2
9 3
354 4
57 7
461 8
521 7
892 7
340 5
6 7
417 4
59 8
23 3
929 4
825 3
673 4
38 3
554 3
222 5
406 4
43 6
592 6
671 4
846 6
258 5
295 1
838 5
32 2
650 4
394 3
508 2
855 5
907 5
885 5
136 4
397 4
829 4
400 5
950 3
670 2
330 7
412 8
339 8
350 5
1000 6
858 7
10 6
868 3
890 6
69 2
574 5
209 4
636 5
991 7
666 4
601 3
652 10
253 5
282 5
365 5
11 5
807 3
445 4
674 3
251 5
667 7
800 9
820 4
221 5
446 5
374 3
485 7
215 5
438 3
464 2
669 4
913 3
115 4
176 5
798 6
681 6
956 4
600 8
953 4
717 4
511 5
849 7
966 3
923 5
530 3
910 5
189 4
519 6
347 5
207 8
514 3
510 7
529 5
366 3
951 5
721 3
19 8
451 4
757 4
97 5
987 5
537 7
711 4
232 5
845 4
683 2
614 3
741 5
576 2
399 4
689 7
782 6
646 10
296 8
157 5
997 7
410 2
869 2
252 5
13 8
346 6
414 5
198 6
894 5
359 7
801 8
267 4
878 2
779 7
66 2
888 7
129 7
797 4
504 3
904 7
900 8
995 7
783 8
204 4
185 10
72 2
572 3
516 8
880 2
168 6
714 5
151 3
407 5
690 5
178 7
772 4
866 4
545 3
588 8
527 2
828 5
413 6
751 5
265 3
887 4
983 8
758 8
567 7
111 6
458 4
156 4
52 3
499 5
609 3
245 4
874 3
593 5
287 5
92 4
402 10
615 2
460 5
498 4
553 4
205 8
967 3
193 4
229 2
486 2
393 4
126 5
73 6
231 3
342 3
737 6
182 4
977 4
85 5
761 5
162 6
750 7
356 5
145 5
172 5
98 6
596 7
42 5
349 4
640 6
427 5
795 6
246 5
648 5
463 3
796 9
719 4
184 4
497 3
81 4
936 6
629 8
30
313 1
823 1
79 1
106 1
704 3
173 1
14 2
844 0
565 2
944 0
34 2
776 1
413 2
628 0
847 0
602 2
361 2
298 0
42 0
584 1
791 1
37 2
167 0
612 1
595 0
570 2
976 0
271 1
338 3
696 2
