5
10 10
100 100 100 100
2 9
7 10
3 10
3 10
6 10
4 10
2 10
6 10
1 10
10 10
10
7 0
8 3
5 1
4 2
6 1
3 0
1 2
10 0
2 1
9 2
10 10
100 100 100 99
6 10
7 10
5 10
5 10
10 10
5 10
2 9
3 6
7 10
3 10
5
10 2
6 3
4 2
7 0
3 1
10 10
96 100 100 8
3 10
9 10
2 10
3 10
3 10
2 10
3 8
9 5
2 10
3 10
5
9 3
10 1
8 0
1 1
6 2
10 10
100 98 100 93
5 10
4 5
1 10
3 10
7 10
7 10
5 10
3 10
4 10
1 10
5
1 1
3 2
5 1
4 0
2 2
10 10
100 95 100 98
6 9
9 10
7 10
5 10
3 10
10 6
1 10
2 10
8 10
4 7
10
6 1
4 2
1 3
3 2
10 2
8 3
9 1
2 2
7 1
5 0
