5
20 20
93 93 100 97
6 3
19 7
6 10
2 7
5 6
11 7
4 10
17 10
1 7
19 4
14 5
20 7
15 3
6 7
5 6
15 10
3 7
5 10
15 6
1 7
0
20 20
100 100 100 100
20 10
7 9
2 8
5 10
4 6
1 10
4 10
17 10
1 6
5 10
12 10
9 6
12 8
1 10
10 10
13 10
12 10
10 10
13 7
18 10
0
20 20
98 96 100 10
3 5
8 5
19 7
3 6
19 5
3 6
5 4
6 5
6 3
7 3
7 4
6 6
20 4
6 3
19 4
2 3
14 8
3 5
19 7
6 6
0
20 20
99 95 100 100
20 7
20 7
20 10
20 10
20 8
20 10
20 8
20 9
20 10
20 10
20 9
20 7
20 10
20 9
20 9
20 10
20 4
20 7
20 10
20 10
0
20 20
96 99 91 100
17 10
12 10
3 10
19 9
8 10
9 8
18 10
15 9
1 10
14 10
10 10
11 10
7 10
4 10
5 10
13 8
20 10
2 8
6 10
16 9
0
