5
30 30
100 98 94 97
12 2
27 5
25 5
24 4
14 5
4 6
22 7
2 3
30 8
1 2
7 5
2 2
20 5
11 7
15 5
18 3
11 3
1 4
25 5
11 2
15 4
12 5
3 8
12 7
6 3
30 8
19 5
13 3
21 9
4 3
0
30 30
93 99 92 93
24 3
23 10
17 5
22 5
17 7
29 10
18 6
7 5
17 6
9 7
3 6
16 6
9 5
10 4
6 5
20 6
2 7
20 5
3 3
9 3
2 5
29 6
9 8
1 4
12 5
1 4
23 7
23 7
26 2
23 4
0
30 30
100 100 100 10
25 3
9 6
10 2
10 5
22 8
11 5
9 2
9 5
11 1
3 1
3 4
12 4
3 2
4 3
11 1
19 5
3 3
9 3
9 2
10 5
9 3
4 5
19 4
24 3
10 1
19 1
19 4
9 2
10 3
9 3
0
30 30
94 100 100 100
8 4
8 5
8 3
8 3
8 9
8 7
8 3
8 2
8 5
8 5
8 3
8 1
8 5
8 6
8 8
8 7
8 10
8 9
8 7
8 9
8 8
8 6
8 10
8 10
8 3
8 6
8 8
8 3
8 5
8 4
0
30 30
100 98 94 100
13 3
24 6
18 6
14 8
4 9
26 3
16 9
15 5
27 6
25 9
30 8
21 4
11 3
17 6
9 4
20 7
19 9
23 5
2 7
29 7
7 4
5 7
3 9
28 5
8 4
1 8
22 8
6 10
12 5
10 10
0
