5
30 30
482 500 500 500
17 10
15 10
25 10
14 8
9 10
1 10
15 10
23 10
13 8
15 9
15 8
20 10
19 10
6 10
18 8
23 10
3 10
28 10
13 10
2 10
15 10
17 10
1 10
2 10
14 10
11 10
29 7
24 10
14 10
30 10
13
15 3
25 3
18 2
23 2
1 3
7 0
4 2
20 0
26 2
9 1
3 2
30 2
24 1
30 30
485 500 500 489
22 10
7 10
10 10
1 8
9 10
11 10
30 10
20 10
29 10
22 10
1 10
9 10
15 10
4 10
26 10
17 10
5 10
4 10
7 9
1 10
25 9
20 10
4 10
27 10
29 10
8 9
10 9
19 10
18 10
14 10
14
18 3
16 0
8 1
15 0
28 0
30 1
26 1
7 1
21 3
27 3
14 1
4 3
10 3
19 3
30 30
488 479 494 22
9 10
15 10
15 10
20 10
6 10
21 10
30 10
6 10
29 10
3 10
29 10
14 10
9 10
12 10
7 10
29 10
29 10
29 10
21 10
29 10
29 10
9 10
14 10
23 10
30 10
16 10
29 10
29 10
15 10
14 10
30
19 1
22 3
11 0
23 1
26 1
29 0
28 3
24 3
30 2
17 1
1 3
20 2
25 2
27 2
5 2
4 2
7 0
8 0
21 3
2 2
6 3
3 0
9 2
15 1
16 1
12 2
10 3
14 3
18 2
13 0
30 30
500 480 493 490
22 5
3 6
27 10
26 6
1 8
1 9
14 10
2 10
2 7
14 10
20 10
26 8
29 9
19 10
22 10
8 10
10 7
28 8
19 10
10 10
15 8
29 10
28 9
3 8
17 10
27 9
17 10
20 8
8 9
15 10
15
9 3
11 3
5 1
7 3
6 2
2 3
14 2
12 0
10 0
3 2
13 2
15 0
4 1
8 1
1 3
30 30
482 481 495 498
19 10
26 10
23 10
6 10
15 9
21 8
12 7
2 10
20 10
1 10
24 10
8 10
28 8
17 10
27 10
4 10
29 10
11 10
14 10
16 10
25 9
30 10
10 10
22 7
13 10
18 10
3 10
7 10
9 10
5 10
15
30 1
26 1
17 3
10 3
18 2
25 0
12 0
28 2
23 3
13 2
6 0
5 3
11 2
7 3
15 2
