5
500 500
998 974 1000 975
427 4
84 3
313 2
161 4
371 2
481 4
5 3
80 2
156 6
448 4
424 2
302 1
277 1
14 2
343 6
431 2
452 3
369 3
427 2
245 6
413 3
317 3
1 3
447 1
337 4
181 2
224 5
243 3
494 2
248 3
152 5
430 4
119 4
290 2
19 3
93 2
274 4
14 2
67 2
56 2
75 5
454 3
407 1
324 3
138 5
283 4
274 4
472 2
405 2
345 4
35 2
47 1
154 5
147 1
494 3
306 3
317 2
457 6
39 2
266 3
300 1
327 3
493 4
484 3
425 1
129 3
328 4
333 3
487 4
388 5
19 4
433 5
499 4
93 5
338 1
244 6
225 6
421 3
355 5
97 3
500 4
420 4
18 1
141 2
224 2
264 5
54 1
53 3
400 2
321 2
370 1
207 2
30 4
456 1
433 4
55 4
485 4
352 3
399 7
111 3
330 2
343 2
364 3
264 2
429 3
344 2
395 2
499 8
491 1
62 3
95 5
100 7
191 5
201 2
492 1
317 2
269 2
145 4
253 2
425 3
30 3
217 4
375 4
496 4
435 2
153 2
165 2
157 4
184 2
475 4
299 4
218 1
445 3
93 3
485 3
351 3
165 1
103 3
379 6
65 3
257 3
274 2
191 3
316 2
84 2
400 2
220 4
228 3
96 3
43 2
88 3
312 3
348 4
424 5
207 4
221 3
478 3
473 1
38 4
332 2
90 3
257 1
295 3
489 3
88 1
231 1
457 2
123 4
180 1
499 2
363 3
87 1
386 1
408 3
212 5
423 4
107 3
237 2
41 3
352 2
180 4
250 2
479 2
397 1
77 4
92 4
372 1
208 3
58 1
31 2
90 3
403 1
234 4
26 3
137 3
8 3
20 3
211 2
198 3
479 2
252 5
225 1
103 3
5 3
126 5
175 4
292 4
429 1
95 2
164 3
464 4
217 3
183 2
485 5
90 6
46 2
265 4
211 5
168 1
385 3
476 3
495 6
424 4
405 1
374 1
284 1
156 1
175 1
253 1
447 3
345 2
336 2
326 4
96 1
71 3
234 3
272 5
156 2
386 3
444 2
77 5
274 2
470 3
119 2
353 2
357 4
393 4
218 2
153 4
293 3
225 2
147 8
314 1
294 1
213 4
268 2
350 3
252 3
422 2
318 4
345 3
162 2
466 1
175 2
243 2
462 2
206 5
162 8
145 2
82 1
161 2
402 4
271 2
322 1
61 5
211 4
451 3
333 2
71 4
454 2
472 3
401 2
321 2
447 3
33 6
285 2
299 5
18 3
423 2
320 4
432 4
423 4
497 3
242 3
322 4
128 2
184 1
383 2
52 4
322 2
382 3
48 1
336 2
91 3
424 4
339 2
405 2
146 4
284 3
189 4
45 3
53 1
270 4
146 2
90 4
403 2
465 4
331 2
115 2
102 4
235 4
76 3
347 4
264 4
318 1
473 5
254 2
261 4
230 6
66 1
302 3
126 1
141 2
62 4
490 1
237 4
6 3
196 3
167 1
267 2
121 4
432 1
277 1
181 6
304 2
120 3
478 2
129 4
172 5
415 2
498 1
236 2
309 1
243 3
134 2
89 4
330 3
112 3
462 3
348 2
40 4
377 1
19 3
434 6
155 3
15 2
175 3
465 2
258 4
308 3
220 3
320 4
326 2
410 5
440 4
160 2
346 2
440 2
386 1
459 4
318 4
415 3
375 2
231 3
235 6
314 5
379 5
191 1
488 5
65 3
223 2
375 2
158 6
460 2
148 3
299 2
63 6
76 2
14 3
264 4
223 4
11 7
128 2
139 5
267 3
390 4
493 4
498 5
467 3
219 2
477 3
436 1
108 4
259 2
447 2
114 3
376 3
323 3
207 4
494 1
495 1
424 3
53 5
430 2
34 3
375 2
61 3
474 2
102 2
79 3
230 3
266 2
57 4
39 4
454 3
210 3
134 4
128 3
39 3
426 2
384 3
404 4
180 1
56 2
484 2
240 4
447 5
116 2
329 4
474 2
459 3
2 3
299 5
17 1
90 3
488 1
17 2
480 5
120 1
263 4
99 3
294 5
486 4
151 3
447 2
80 3
130 3
383 2
93 3
42 3
288 3
225 3
165 2
147 4
145 2
70 1
250 4
225 2
303 2
480 1
409 2
297 3
293 3
357 2
10 3
292 3
33 6
213 2
160 3
430 5
195 2
478 2
54 4
469 3
464 4
484 4
400 4
454 1
271 2
179 3
0
500 500
991 976 1000 1000
62 1
88 5
379 3
223 5
439 4
410 3
226 6
111 6
195 2
204 7
48 5
140 3
112 4
198 1
274 2
34 2
342 8
63 3
333 1
279 5
70 5
295 4
11 3
244 3
356 4
157 3
214 4
463 1
234 5
372 3
88 4
483 8
368 2
113 4
436 4
4 4
358 5
420 8
79 3
361 6
312 2
51 1
248 3
386 4
63 1
296 3
274 5
128 1
61 4
194 6
127 5
480 2
286 4
133 3
481 3
385 4
115 3
412 6
400 4
452 6
151 4
252 2
446 4
371 4
218 4
101 4
39 4
198 3
196 5
310 6
474 3
394 4
46 1
72 7
111 2
56 2
235 2
174 7
372 4
306 3
269 4
35 3
267 5
260 4
123 5
56 1
468 3
239 2
425 2
266 5
239 5
68 2
460 2
121 2
223 5
455 4
424 2
167 4
274 3
72 5
233 3
105 5
4 7
111 2
401 5
207 5
171 2
45 4
10 5
234 2
386 2
4 6
234 3
275 2
261 4
152 4
26 3
456 4
22 3
256 3
155 7
363 3
135 1
376 6
186 4
418 4
215 3
353 6
443 7
478 6
156 3
320 3
247 4
186 2
342 1
494 2
228 6
261 3
93 1
11 7
18 4
422 3
340 4
226 5
417 6
446 6
471 3
336 3
53 4
418 3
68 3
304 6
119 3
462 2
500 3
193 2
164 5
274 3
227 5
363 3
405 2
46 7
31 2
59 3
403 2
168 5
388 2
226 2
342 2
373 2
95 7
208 2
438 3
276 4
454 2
178 3
298 4
91 3
83 3
249 4
290 3
238 4
156 4
361 3
239 3
7 2
55 3
173 4
213 3
39 1
133 2
286 2
165 4
310 6
453 3
440 4
356 3
135 3
236 5
302 4
49 5
85 4
228 5
463 4
377 4
108 2
393 9
436 2
284 3
304 5
236 3
332 2
184 5
286 3
489 4
27 6
393 6
120 5
459 5
94 5
196 3
10 4
144 3
205 4
227 4
492 7
490 3
12 3
390 2
342 3
252 1
71 4
24 4
342 6
335 2
85 5
205 6
438 4
196 5
244 2
91 3
23 3
427 2
70 3
464 3
70 2
499 3
67 3
163 2
83 3
143 4
417 5
435 3
475 2
320 2
25 3
422 2
398 3
183 5
116 1
89 3
115 4
284 4
165 3
177 1
402 1
326 3
334 1
332 2
9 3
445 2
67 3
443 3
203 3
199 5
244 4
226 5
284 6
266 3
257 2
275 3
364 4
368 1
87 4
315 1
219 5
130 5
229 5
412 7
10 4
453 3
472 2
40 2
55 1
386 4
438 2
174 3
45 4
219 2
229 1
417 5
208 5
29 4
76 2
222 4
68 5
220 3
280 2
178 7
207 4
284 3
161 5
238 4
200 2
121 2
265 5
313 2
26 4
254 2
227 2
265 5
19 3
114 2
240 5
106 3
382 1
351 5
99 5
408 2
425 7
422 3
493 2
139 2
198 3
168 8
82 6
335 3
119 2
340 4
22 4
370 5
113 1
189 3
347 4
187 4
248 3
416 1
428 3
27 3
422 3
481 2
87 7
431 4
101 5
288 3
158 3
28 1
342 5
485 4
190 1
183 2
425 4
334 3
167 1
480 3
478 4
101 4
433 3
75 3
94 3
419 2
424 4
135 2
288 3
76 3
173 4
423 4
349 5
355 5
343 7
474 4
92 4
389 1
79 3
288 3
202 6
89 4
316 4
38 4
83 4
194 3
467 7
171 1
28 2
185 1
129 4
57 3
337 4
43 1
29 1
22 2
315 4
240 3
103 3
71 2
276 5
154 4
436 4
221 1
302 3
270 3
104 5
483 5
320 7
153 2
180 1
100 4
490 2
343 7
316 2
71 5
182 5
173 2
227 3
224 3
91 4
134 1
272 5
224 8
205 3
13 2
60 3
46 4
129 3
181 2
2 4
8 2
306 1
87 6
264 3
49 2
291 6
62 5
142 5
472 5
9 1
258 4
438 3
98 4
160 5
314 3
295 1
265 2
415 1
143 2
94 3
270 5
33 2
71 3
433 3
286 3
49 3
22 3
310 5
471 3
75 9
187 2
51 5
233 2
266 2
492 4
90 2
338 5
15 4
122 3
180 2
35 6
1 2
43 4
224 5
43 3
294 3
106 2
299 3
52 1
80 5
309 4
41 5
275 7
103 3
92 5
368 5
399 4
480 7
5 3
251 3
238 4
474 2
170 3
278 2
0
500 500
989 982 28 998
397 1
204 2
189 1
187 2
460 1
258 2
382 1
176 3
102 1
280 2
482 1
139 2
337 1
458 2
44 1
358 1
458 1
51 1
278 2
51 4
341 1
339 4
71 1
290 1
14 2
70 1
192 3
142 1
259 1
339 2
428 1
27 3
98 5
192 2
114 2
360 2
301 2
487 2
283 2
144 1
283 2
188 1
455 1
425 2
399 2
259 3
26 1
123 3
208 1
44 3
263 1
103 3
423 3
114 2
249 1
39 2
455 2
455 1
405 2
382 3
252 1
414 2
151 3
22 1
165 3
459 2
271 2
114 2
51 1
76 1
471 1
303 2
149 2
388 1
358 2
162 1
163 3
122 1
165 3
200 1
350 1
321 1
418 1
149 1
340 1
165 3
208 2
56 1
229 3
277 2
44 3
433 1
221 2
258 1
407 2
436 3
191 1
258 1
280 2
22 1
196 1
280 3
443 2
418 1
482 4
460 1
171 1
142 1
327 2
356 1
458 1
353 2
13 2
97 4
275 2
429 1
178 2
151 3
258 3
149 1
196 2
165 1
165 4
455 4
165 1
131 1
422 1
418 3
250 3
194 1
44 1
114 2
429 3
129 1
319 1
495 1
165 3
29 2
129 1
128 4
139 2
143 2
407 2
123 2
254 1
429 1
495 3
154 3
287 1
151 1
165 2
30 2
152 1
114 1
371 1
328 2
353 1
68 1
143 1
261 1
459 1
192 1
437 2
120 2
249 1
97 3
114 1
143 1
165 3
421 2
114 1
471 2
458 1
30 1
309 1
108 3
442 2
399 2
499 2
257 2
436 3
459 1
455 2
139 1
482 1
38 2
458 3
52 1
211 1
458 1
458 2
44 2
110 2
434 2
259 3
350 3
458 1
62 3
340 1
407 1
242 2
390 2
123 3
196 3
301 3
479 2
190 1
151 3
341 2
114 3
272 4
167 1
459 1
46 1
418 2
351 1
151 2
246 1
432 1
375 3
328 2
44 1
129 2
471 2
137 1
458 2
288 2
477 1
405 3
219 1
280 2
41 1
142 1
197 1
253 1
437 2
86 2
333 2
433 1
280 1
249 3
421 1
102 1
219 3
190 2
280 1
76 2
139 2
442 1
497 3
46 2
468 2
339 1
149 1
191 2
191 3
103 4
4 1
261 2
336 1
268 3
142 3
467 3
321 2
258 1
421 3
97 2
259 1
58 1
333 2
50 1
44 2
196 1
492 2
471 2
176 1
165 2
162 2
296 2
97 1
248 2
208 1
360 2
176 1
458 1
312 4
458 2
139 1
46 1
116 2
280 1
414 2
176 1
151 3
39 1
275 3
338 3
460 1
252 1
458 2
97 4
12 3
407 2
458 1
421 1
358 1
487 2
275 2
455 1
142 2
67 1
329 2
312 2
358 3
45 3
476 2
165 1
152 1
23 2
1 3
67 2
339 1
261 1
399 2
271 1
406 5
339 3
165 1
151 1
436 2
327 1
437 2
219 5
466 2
339 1
53 3
140 1
458 4
487 1
191 3
46 2
415 1
259 1
151 2
458 3
149 3
151 1
422 1
192 3
458 1
423 2
142 2
51 1
138 2
194 2
191 1
241 2
274 2
277 1
257 2
495 2
22 2
51 3
123 3
165 1
328 1
137 3
339 1
29 2
259 2
301 2
458 1
44 1
473 4
234 3
129 1
254 1
51 1
215 2
62 1
165 2
414 1
240 2
94 1
358 2
274 2
340 2
101 1
144 2
310 3
48 1
67 1
51 1
154 3
423 2
142 5
176 3
171 2
70 1
208 2
459 2
122 1
312 1
417 3
139 2
477 2
429 4
123 2
249 2
189 2
348 1
259 1
142 1
388 1
234 3
208 2
165 1
77 3
479 2
156 2
283 1
421 1
425 3
375 7
265 2
174 1
455 2
450 2
495 1
22 2
142 2
142 1
429 2
258 1
49 1
277 3
274 1
161 2
264 2
45 4
142 5
437 2
142 1
22 2
461 1
142 2
142 1
65 2
165 1
165 2
200 2
39 2
339 3
162 1
391 4
152 1
97 1
374 2
293 4
208 2
123 4
142 2
458 1
1 1
151 1
495 3
358 2
72 1
385 1
293 1
151 2
39 1
426 1
277 1
497 1
123 1
274 2
118 3
114 1
328 2
422 1
319 2
418 2
382 2
482 2
194 1
469 3
151 1
26 2
438 2
19 3
191 1
116 3
145 3
97 1
184 2
498 2
114 3
101 1
27 3
0
500 500
982 1000 976 1000
179 7
179 3
179 5
179 4
179 9
179 1
179 2
179 3
179 5
179 3
179 5
179 4
179 4
179 3
179 6
179 3
179 1
179 5
179 4
179 2
179 5
179 3
179 3
179 5
179 4
179 2
179 6
179 5
179 4
179 4
179 5
179 2
179 5
179 3
179 3
179 3
179 4
179 4
179 3
179 2
179 2
179 3
179 5
179 2
179 2
179 2
179 2
179 3
179 6
179 2
179 3
179 2
179 1
179 2
179 7
179 2
179 3
179 4
179 3
179 8
179 2
179 5
179 2
179 3
179 5
179 3
179 2
179 3
179 6
179 3
179 3
179 2
179 2
179 2
179 5
179 3
179 3
179 2
179 5
179 3
179 2
179 4
179 5
179 5
179 2
179 5
179 3
179 6
179 3
179 2
179 4
179 1
179 4
179 4
179 2
179 6
179 4
179 2
179 3
179 2
179 4
179 6
179 2
179 4
179 3
179 7
179 4
179 5
179 1
179 3
179 3
179 4
179 1
179 2
179 4
179 4
179 4
179 2
179 3
179 4
179 4
179 7
179 4
179 3
179 3
179 4
179 5
179 3
179 5
179 6
179 3
179 3
179 4
179 2
179 4
179 2
179 4
179 5
179 7
179 3
179 3
179 2
179 4
179 4
179 7
179 2
179 5
179 2
179 3
179 5
179 6
179 5
179 2
179 1
179 3
179 7
179 3
179 3
179 2
179 2
179 6
179 2
179 3
179 1
179 6
179 2
179 3
179 2
179 3
179 3
179 3
179 3
179 2
179 5
179 3
179 4
179 3
179 3
179 5
179 5
179 2
179 5
179 2
179 2
179 2
179 4
179 3
179 3
179 5
179 4
179 3
179 2
179 3
179 2
179 5
179 5
179 4
179 5
179 2
179 5
179 3
179 2
179 3
179 3
179 1
179 7
179 3
179 2
179 3
179 4
179 1
179 2
179 4
179 5
179 4
179 3
179 2
179 6
179 2
179 3
179 3
179 3
179 5
179 4
179 2
179 3
179 1
179 5
179 3
179 1
179 7
179 5
179 5
179 4
179 3
179 2
179 2
179 6
179 2
179 4
179 2
179 1
179 5
179 4
179 3
179 3
179 5
179 3
179 4
179 2
179 3
179 7
179 5
179 2
179 3
179 4
179 5
179 2
179 2
179 8
179 3
179 5
179 2
179 2
179 3
179 8
179 1
179 3
179 2
179 2
179 4
179 4
179 5
179 5
179 2
179 4
179 5
179 6
179 3
179 2
179 3
179 6
179 3
179 4
179 4
179 5
179 6
179 5
179 3
179 7
179 3
179 3
179 5
179 4
179 2
179 5
179 1
179 3
179 5
179 1
179 4
179 5
179 1
179 4
179 6
179 5
179 2
179 1
179 2
179 5
179 3
179 4
179 4
179 4
179 3
179 4
179 4
179 6
179 1
179 3
179 4
179 3
179 4
179 3
179 2
179 6
179 3
179 3
179 4
179 3
179 3
179 6
179 3
179 4
179 2
179 2
179 4
179 1
179 1
179 4
179 2
179 5
179 4
179 2
179 4
179 3
179 1
179 5
179 2
179 2
179 8
179 2
179 4
179 5
179 2
179 2
179 6
179 3
179 5
179 9
179 5
179 2
179 5
179 4
179 5
179 7
179 4
179 2
179 8
179 1
179 4
179 3
179 2
179 3
179 7
179 3
179 2
179 5
179 4
179 1
179 4
179 3
179 2
179 1
179 1
179 4
179 4
179 4
179 1
179 5
179 6
179 3
179 1
179 4
179 4
179 2
179 5
179 5
179 2
179 4
179 3
179 2
179 6
179 3
179 5
179 2
179 5
179 3
179 3
179 3
179 6
179 1
179 2
179 3
179 4
179 2
179 2
179 4
179 2
179 2
179 2
179 2
179 4
179 3
179 3
179 3
179 5
179 4
179 3
179 4
179 2
179 4
179 3
179 4
179 6
179 3
179 3
179 2
179 1
179 2
179 6
179 3
179 6
179 5
179 5
179 3
179 3
179 6
179 5
179 4
179 3
179 4
179 2
179 5
179 5
179 4
179 5
179 3
179 1
179 2
179 5
179 4
179 3
179 6
179 1
179 4
179 5
179 8
179 4
179 3
179 1
179 2
179 5
179 1
179 3
179 8
179 3
179 4
179 4
179 4
179 5
179 2
179 2
179 1
179 3
179 1
179 7
179 5
179 4
179 4
179 3
179 4
179 5
179 5
179 2
179 5
179 3
179 7
179 3
179 6
0
500 500
1000 990 1000 1000
163 4
136 5
151 4
4 2
77 4
171 3
259 7
123 5
367 4
295 4
260 5
363 6
302 5
64 4
430 2
92 3
87 4
99 2
52 4
59 5
264 7
357 4
110 7
400 2
495 3
366 3
12 5
128 2
317 4
70 8
109 1
100 4
90 4
324 5
20 4
180 2
346 1
10 7
399 3
177 4
417 9
411 4
106 1
347 7
176 3
312 6
370 4
166 3
15 3
36 3
144 3
45 5
35 1
300 4
378 3
392 6
289 5
350 4
209 4
65 2
104 3
27 5
206 5
50 3
431 5
422 1
380 3
479 4
390 2
292 5
208 4
97 4
484 3
237 4
354 4
113 4
255 4
376 3
455 3
94 6
450 4
327 2
7 3
355 3
71 4
474 2
248 2
313 3
79 7
54 8
24 7
126 2
88 5
39 4
268 4
497 4
349 7
119 7
55 2
217 2
184 1
310 9
277 2
272 1
314 4
356 2
131 6
74 4
247 3
414 6
383 3
379 3
457 7
265 3
396 5
271 5
359 6
462 5
389 1
98 2
76 3
233 5
57 7
452 3
246 3
25 4
385 2
85 6
67 1
175 2
305 4
270 3
374 4
258 6
234 4
273 3
468 3
82 6
409 3
251 4
278 7
73 3
496 2
261 4
387 5
231 5
244 4
335 5
382 7
429 5
475 2
200 3
447 4
283 5
170 3
339 4
183 6
304 5
236 4
72 5
2 5
372 4
256 4
212 2
491 3
428 1
238 1
418 6
29 4
1 3
360 7
46 3
303 1
139 2
487 7
262 5
323 4
330 5
443 7
149 3
80 3
66 2
466 7
410 4
253 2
63 6
204 2
242 5
412 2
298 4
198 3
336 3
358 6
96 5
95 3
322 5
135 5
18 4
416 6
249 3
419 3
165 5
340 2
89 2
187 7
352 2
344 5
472 5
30 2
467 2
441 7
134 5
179 4
229 1
307 2
438 4
105 5
158 5
294 2
279 8
214 2
239 4
142 2
461 5
293 3
141 2
124 2
345 4
362 2
32 2
189 5
182 5
257 5
267 2
371 6
353 2
393 2
117 5
186 5
391 3
284 1
201 4
224 6
463 5
439 4
81 6
252 3
44 4
241 1
334 5
225 5
78 4
112 5
164 3
440 3
297 4
351 3
118 5
152 2
451 3
143 4
473 4
137 4
22 6
250 4
482 3
328 2
13 3
132 2
415 6
408 4
369 4
343 8
122 2
299 6
404 4
130 3
173 4
53 3
37 3
489 7
58 5
406 6
150 3
397 5
178 2
31 2
413 2
348 4
121 3
420 2
230 4
288 3
486 3
315 6
211 6
485 6
377 5
321 5
93 4
490 5
153 7
223 3
40 3
488 3
26 5
42 1
240 5
101 2
61 1
168 6
309 4
433 7
263 4
386 4
308 7
16 6
301 5
276 3
364 4
51 6
423 5
287 4
434 6
91 3
3 3
125 6
498 4
280 4
254 3
282 3
227 3
274 6
442 3
6 6
401 5
5 4
140 3
500 5
375 4
333 6
43 5
341 4
213 4
445 3
398 3
120 6
160 3
23 6
453 5
68 6
48 6
174 3
188 2
471 5
285 2
114 4
116 2
190 5
169 3
373 3
56 3
426 5
69 4
476 2
464 4
145 4
494 1
381 8
424 1
460 10
14 2
111 3
281 1
421 3
222 4
235 4
102 4
436 2
480 5
469 2
129 5
338 1
243 5
138 3
210 7
311 7
155 2
435 5
446 1
159 2
232 3
437 2
195 7
181 2
49 5
154 2
194 2
432 4
403 7
75 2
449 2
207 3
60 3
28 3
47 5
156 4
107 6
218 4
405 6
148 4
492 2
458 3
459 6
103 2
365 3
205 5
384 10
456 1
196 4
331 4
326 2
481 4
161 8
269 4
266 2
493 4
290 2
320 6
454 3
127 3
219 5
228 4
199 7
86 4
332 5
483 4
8 5
197 6
167 4
83 3
316 4
306 6
286 4
342 5
407 4
162 3
17 5
465 3
147 2
448 4
318 7
402 6
215 4
477 4
425 4
470 7
19 3
191 3
394 2
203 4
172 3
221 2
38 8
193 6
444 7
11 2
84 3
108 5
329 5
185 4
9 4
226 4
133 1
368 2
192 4
296 6
427 5
499 3
478 4
388 4
245 1
361 3
319 3
395 3
202 7
337 4
41 1
220 1
146 3
325 6
33 4
34 7
115 3
275 8
216 5
291 5
21 5
62 2
157 3
0
