5
500 30
1000 982 976 986
1 2
23 3
22 1
5 6
22 4
27 2
22 5
18 6
19 1
11 4
30 2
20 4
2 3
18 2
2 3
18 4
8 2
27 4
3 3
27 4
19 5
2 1
28 4
18 2
10 1
11 4
29 3
20 2
22 3
4 2
4 4
26 3
3 3
3 4
3 5
18 3
3 1
4 3
11 3
15 6
19 2
21 3
23 4
12 2
14 4
2 1
30 2
15 4
10 3
21 3
12 6
11 3
14 2
5 2
30 1
11 2
25 4
13 2
1 2
3 4
20 4
6 2
10 2
16 2
21 4
29 2
28 3
21 5
24 3
30 1
21 4
9 2
20 3
13 2
22 3
12 2
27 5
10 3
30 4
22 2
10 3
4 1
2 1
12 2
14 1
28 4
7 2
18 5
4 3
7 5
7 3
22 3
17 4
17 2
16 2
7 2
1 4
1 1
13 3
14 3
23 2
27 2
12 2
3 5
4 2
5 1
22 4
15 2
11 5
10 2
8 4
6 4
27 6
10 5
7 5
16 2
30 2
24 5
21 4
17 1
19 2
9 2
23 5
30 3
18 3
12 4
23 3
16 3
16 2
4 1
5 5
17 4
2 5
1 2
18 4
16 3
8 3
18 6
19 3
26 2
7 2
4 1
3 2
15 1
18 4
28 2
27 2
27 3
17 2
21 1
3 4
27 3
12 5
8 2
9 3
14 2
9 3
27 3
30 5
11 2
6 3
27 3
14 1
2 2
21 1
12 1
13 1
1 3
27 1
21 4
6 4
9 3
21 1
18 5
24 2
15 2
19 4
11 6
29 2
25 4
19 3
15 3
5 3
8 4
27 4
13 3
24 2
21 3
3 4
4 2
21 3
15 1
12 3
19 6
12 5
11 1
1 3
23 4
17 5
18 6
21 3
23 3
15 3
22 2
15 5
20 4
16 2
27 2
21 3
20 3
26 6
4 2
23 2
3 3
23 4
13 3
25 1
5 3
22 3
25 2
23 2
30 1
19 3
27 3
27 2
12 5
8 1
27 1
10 1
1 3
11 2
28 3
8 5
23 3
19 3
7 2
15 6
21 1
8 5
4 2
1 2
13 4
10 6
27 3
16 2
21 2
20 1
16 2
16 1
22 6
1 3
1 2
4 3
27 5
11 4
20 6
13 4
30 1
17 2
24 1
25 2
12 4
15 3
1 2
15 2
11 4
20 1
10 1
5 2
16 6
2 5
28 2
20 4
3 2
29 3
20 1
16 2
13 3
4 3
7 2
16 1
1 5
6 3
22 2
25 5
24 1
29 3
12 4
20 5
30 2
4 1
7 2
23 5
30 3
20 2
3 2
20 2
17 2
28 4
28 2
26 3
16 4
17 2
7 4
23 3
4 4
24 3
1 3
13 2
30 3
1 2
9 1
14 2
12 2
24 3
24 4
28 1
22 3
9 3
22 2
28 3
7 3
6 4
4 2
25 3
13 1
15 4
16 5
3 2
17 2
28 3
28 2
28 3
2 3
17 7
3 4
24 3
19 4
3 2
30 1
7 3
21 2
20 1
12 4
15 1
3 2
20 2
30 4
19 3
25 2
9 3
13 6
19 6
5 5
10 2
9 2
29 2
30 3
6 2
21 2
10 3
11 8
7 1
19 2
29 4
17 3
9 5
9 2
16 2
30 4
29 3
7 1
10 3
4 1
10 4
13 3
8 1
5 1
16 5
27 3
3 3
5 3
6 3
10 2
23 4
28 1
7 3
17 2
13 4
12 2
16 3
28 4
26 2
30 4
12 1
13 1
19 2
19 2
23 3
18 1
28 3
16 3
22 4
19 2
24 4
21 3
24 3
5 4
4 3
7 3
24 2
22 2
30 3
16 3
6 1
30 3
9 2
28 1
4 4
2 2
1 5
13 3
10 3
23 1
4 7
24 2
18 4
18 4
16 2
11 3
6 1
4 4
16 3
1 3
25 2
15 3
26 5
12 6
10 1
3 1
26 4
25 5
14 3
16 5
21 3
12 2
23 1
24 9
1 1
6 3
19 2
23 2
27 2
24 4
5 7
24 3
28 2
21 2
14 4
12 4
7 3
7 2
5 5
23 3
3 4
24 6
4 2
11 4
29 3
6 2
19 1
29 6
2 3
13 2
21 3
25 2
21 3
4 1
28 3
25 3
11 7
17 2
7 2
4 7
22 3
27 5
8 2
14 1
12 5
23 3
27 1
30 2
25 3
4 5
28 4
3 2
26 2
20 1
28 2
23 3
30
166 1
346 0
343 2
413 1
148 1
127 3
139 3
304 3
481 1
201 0
37 1
381 1
474 2
179 1
261 1
161 2
257 3
253 2
410 3
40 3
119 3
254 3
88 2
361 1
246 1
421 3
355 0
217 2
202 2
461 2
500 30
982 984 974 1000
17 3
8 3
30 3
4 3
16 3
18 3
7 2
2 5
6 5
30 3
12 4
7 1
10 2
19 2
3 2
21 2
12 10
19 4
14 2
4 2
25 3
5 5
21 3
1 3
2 4
11 2
5 6
15 3
3 3
22 5
4 2
24 5
8 4
10 5
7 4
3 4
15 5
3 3
1 2
29 10
19 10
9 4
8 3
13 10
18 3
10 2
4 3
7 3
19 4
15 2
21 3
21 1
8 1
19 1
30 2
19 3
1 10
14 3
9 2
26 5
5 2
27 4
8 1
30 4
29 3
10 6
19 2
14 4
5 1
16 2
25 3
27 2
11 5
25 3
21 1
6 1
13 5
22 2
1 5
21 2
12 2
12 4
2 2
27 3
27 3
7 4
16 2
7 3
24 4
18 2
13 2
7 5
1 1
21 4
28 2
24 5
3 5
2 2
6 4
12 2
6 4
9 10
27 5
4 5
13 3
2 4
4 4
15 2
8 2
13 1
22 3
8 2
30 4
28 2
20 3
13 2
9 6
3 4
7 4
20 10
6 2
20 2
29 3
10 4
11 1
30 2
27 10
9 3
16 1
30 5
9 2
22 3
30 2
21 2
8 2
6 2
4 10
6 2
5 2
2 2
6 2
25 10
27 4
13 5
22 4
10 6
15 10
16 3
25 6
28 4
17 5
14 5
8 6
4 4
11 2
26 2
13 4
20 1
16 3
8 3
26 3
11 6
23 2
8 2
18 2
28 3
12 3
25 4
7 2
16 3
8 5
22 3
9 1
14 10
24 4
13 3
10 5
7 3
4 2
9 10
30 4
28 3
30 3
9 2
14 2
17 3
20 4
24 2
5 3
10 1
1 5
12 6
12 3
8 3
11 5
25 3
19 2
17 3
24 3
24 10
20 4
20 2
9 3
24 4
14 4
1 2
8 3
12 3
16 3
26 2
14 3
9 4
7 1
1 3
28 4
2 2
29 7
20 3
18 7
5 3
15 3
30 3
3 1
5 4
12 5
8 3
8 2
22 4
4 3
5 10
1 5
3 1
23 4
9 3
12 2
23 3
10 2
5 4
30 10
26 3
8 3
19 6
23 2
11 4
14 4
15 10
13 4
23 2
2 3
28 5
10 1
13 3
14 3
16 3
12 4
23 2
10 2
11 2
3 1
3 1
28 2
22 2
4 4
2 3
5 2
11 1
23 2
10 2
2 3
29 4
17 4
5 7
12 5
7 10
10 3
24 3
17 3
19 4
16 3
12 4
1 10
30 1
2 5
25 4
27 2
3 5
20 1
6 3
19 3
9 2
4 3
21 7
14 2
17 4
1 2
8 3
9 5
1 5
7 1
26 3
25 3
4 10
9 5
20 2
2 3
15 3
10 2
26 4
11 3
17 2
13 7
12 4
7 3
18 3
19 4
17 10
22 5
25 1
24 5
2 3
24 2
19 2
1 2
4 2
20 4
28 10
19 1
23 1
20 4
30 5
30 2
16 3
1 10
1 3
9 3
12 2
26 3
4 3
29 5
27 2
3 4
20 5
29 2
27 2
21 1
15 5
9 1
5 2
6 7
15 2
23 3
12 10
21 3
14 3
30 2
26 3
29 3
28 10
5 10
1 3
20 2
28 3
13 3
22 3
14 3
6 1
24 3
16 2
17 4
7 2
20 1
24 3
17 1
29 3
27 1
19 6
6 2
7 2
19 3
6 2
1 10
8 3
7 3
22 3
3 3
21 3
3 6
9 3
29 6
1 6
11 2
16 2
27 4
26 3
2 4
7 4
24 5
21 3
23 4
6 2
26 2
6 5
5 2
28 4
28 4
13 3
7 1
15 1
25 3
30 3
12 5
4 4
6 5
27 4
25 2
16 3
23 3
9 4
27 10
14 4
15 4
23 2
23 4
19 2
23 3
22 4
11 3
11 1
22 3
19 3
28 4
9 4
15 3
4 4
4 2
25 3
10 6
29 4
2 3
2 2
18 3
23 4
29 6
16 4
12 1
8 4
4 4
12 2
23 2
7 3
15 2
22 10
25 3
15 3
15 1
13 4
29 2
1 6
14 3
11 4
1 3
28 4
19 4
29 4
29 2
5 4
14 5
10 4
7 2
9 1
22 6
24 2
16 3
23 3
24 3
21 3
21 4
14 1
28 6
13 4
25 2
23 3
16 4
22 3
13 2
12 2
13 4
4 5
3 5
19 2
8 4
25 4
10 2
17 3
10 3
8 10
12 4
17 2
6 3
12 1
30
185 0
319 0
360 1
58 1
256 0
413 1
230 3
48 1
398 2
30 2
475 2
3 3
126 2
131 2
133 0
117 0
381 1
221 3
80 2
410 1
219 0
378 1
162 0
437 0
418 1
160 0
168 0
447 3
412 2
147 3
500 30
981 1000 997 31
2 2
8 2
29 3
26 1
20 1
4 2
3 1
9 1
18 1
27 10
17 1
21 1
2 1
17 1
12 2
7 1
26 1
13 1
21 1
16 1
30 10
1 2
21 1
21 1
23 1
4 1
3 1
16 2
1 1
24 1
4 1
15 10
23 1
23 2
20 1
1 1
2 1
24 1
24 2
13 1
14 1
8 1
17 10
17 2
9 1
4 3
19 2
20 2
4 10
1 10
29 3
21 2
18 1
16 1
15 1
9 1
17 1
22 1
17 1
20 1
18 2
26 1
15 1
26 1
21 2
11 1
12 1
15 1
5 1
7 1
30 2
17 1
29 2
6 1
18 2
22 2
1 1
22 10
21 1
23 2
21 3
17 2
4 1
21 1
9 1
18 2
4 2
1 2
30 1
20 1
10 10
30 1
9 10
17 1
8 1
29 1
28 1
8 1
2 1
22 1
8 10
17 1
22 1
16 10
3 1
7 1
17 2
21 1
25 1
10 2
17 10
8 1
23 2
24 1
18 10
3 2
8 2
26 1
26 1
27 1
30 1
8 1
15 1
21 1
13 4
30 1
23 2
17 2
8 1
3 3
17 1
9 3
25 1
19 1
1 2
2 1
18 2
7 2
22 1
25 10
4 1
8 1
3 1
18 2
2 10
8 1
4 1
30 1
16 1
9 1
7 1
17 1
13 1
17 2
26 1
12 1
2 1
23 1
20 1
18 1
1 1
22 1
29 1
17 1
26 1
23 10
28 1
21 2
1 1
1 1
23 1
22 2
15 1
18 2
6 1
25 1
17 2
1 1
3 1
21 1
8 3
18 2
22 1
22 1
22 1
5 10
2 1
13 2
11 1
30 2
12 10
5 1
1 10
17 1
17 1
22 1
15 1
30 1
8 2
17 3
18 10
14 2
10 2
25 1
22 1
28 1
22 1
21 1
8 2
17 2
3 1
1 1
2 1
16 1
21 1
30 1
4 1
21 1
3 1
27 1
17 2
10 1
14 1
22 1
7 2
6 2
23 10
29 1
2 1
1 2
7 1
3 1
28 1
3 1
1 1
1 3
21 1
20 2
1 2
13 2
4 1
29 1
14 1
4 1
8 2
14 1
17 1
18 2
27 1
16 1
21 1
1 2
28 1
12 1
15 1
25 1
21 1
18 1
4 1
26 2
21 3
22 1
11 1
21 2
20 1
11 1
26 1
29 2
5 1
8 1
17 2
15 1
1 1
18 1
21 1
2 1
17 1
7 2
3 1
17 2
21 1
17 1
26 1
20 2
7 1
1 2
1 1
17 1
20 1
1 1
1 2
4 1
22 2
21 2
3 1
30 1
17 1
1 1
6 1
3 2
25 1
29 5
24 2
22 1
1 1
30 2
11 1
20 1
22 1
2 2
25 1
1 1
22 1
2 1
2 2
16 1
22 1
3 2
23 1
28 1
29 1
24 1
5 1
8 10
30 1
27 1
23 1
17 1
6 1
21 2
17 1
19 1
3 1
8 1
26 1
7 1
3 1
22 1
21 1
26 2
30 3
20 1
18 1
19 1
21 1
8 2
21 1
27 1
1 1
9 1
17 1
21 1
28 1
3 1
15 2
21 1
9 1
1 2
3 1
12 1
21 1
11 1
10 2
22 1
30 1
17 1
7 2
29 1
17 10
3 2
7 1
20 1
17 1
10 2
7 10
15 1
17 2
22 1
29 2
12 1
21 2
10 1
17 1
17 3
17 1
11 3
21 1
22 1
16 3
17 1
22 1
20 1
3 1
2 1
2 2
21 1
22 2
12 2
8 1
27 1
7 1
6 2
20 1
30 1
12 2
25 1
15 10
18 1
3 10
6 1
5 1
1 1
27 10
21 1
4 1
13 1
21 1
21 1
2 1
29 2
17 1
16 2
22 1
7 1
1 1
5 1
18 10
3 1
23 1
13 1
26 1
20 1
1 1
21 1
19 2
28 10
17 2
16 1
8 2
21 1
21 2
22 1
21 1
12 1
8 1
29 1
6 10
3 1
10 1
21 1
27 2
3 2
14 2
1 1
26 3
1 1
1 1
7 1
27 1
7 1
16 2
15 1
17 1
3 2
29 2
15 2
23 1
2 1
21 1
27 3
30 3
17 1
10 2
27 1
2 1
16 1
27 1
23 2
17 1
13 1
22 2
21 1
5 1
21 3
5 1
11 1
22 1
9 1
19 2
6 1
8 2
1 1
24 3
28 2
21 1
17 1
9 1
1 1
7 1
30 1
30
189 2
483 2
480 3
296 0
146 0
408 1
215 3
423 1
37 1
406 3
191 3
246 0
355 0
320 3
54 0
428 3
75 0
86 1
80 2
201 0
373 1
274 2
194 1
418 0
213 1
322 1
385 2
88 1
244 3
20 3
500 30
984 980 1000 1000
6 2
11 4
15 4
24 2
19 3
13 4
13 2
17 2
28 5
4 5
9 4
4 3
1 4
5 6
12 2
11 3
20 2
11 1
7 5
1 3
11 4
18 3
22 2
26 7
21 6
20 3
15 7
8 3
28 5
28 4
9 1
24 1
20 2
23 3
23 4
9 2
22 2
14 6
13 3
17 1
22 4
27 5
28 6
22 2
23 2
25 7
18 3
18 5
20 3
30 3
29 3
3 1
26 4
24 3
6 3
17 5
30 4
18 6
20 4
26 4
15 2
22 1
21 3
10 2
12 3
8 3
14 1
28 4
28 4
16 2
5 1
22 1
29 5
16 7
4 4
3 5
30 3
14 3
8 3
5 4
2 4
24 2
21 1
17 3
20 5
29 2
26 8
25 4
21 4
18 3
28 4
22 3
14 3
4 2
20 1
7 1
10 4
11 4
25 3
19 6
5 3
28 1
3 2
15 5
16 3
11 3
5 6
8 5
11 3
17 6
16 3
29 3
15 8
6 2
26 4
30 2
20 2
5 3
24 3
19 3
18 2
2 2
13 3
19 1
3 2
25 4
22 4
5 5
24 3
10 3
25 4
23 2
29 3
23 7
28 5
3 3
13 9
14 2
2 3
12 3
13 1
3 3
10 7
26 4
13 3
26 3
11 5
28 4
14 3
25 4
12 3
2 3
28 3
5 3
1 4
28 3
7 4
6 2
13 4
5 2
20 3
27 2
21 8
23 5
15 7
11 3
22 4
15 5
6 3
10 5
9 5
7 3
11 2
3 3
18 2
17 8
7 1
29 4
2 3
8 1
28 5
4 4
12 4
7 1
13 2
6 3
14 1
27 2
11 3
19 6
5 2
14 4
5 2
26 2
10 2
6 5
28 2
18 3
23 1
2 4
15 1
25 5
13 4
18 2
23 4
22 4
23 6
2 5
29 5
8 3
18 5
25 3
11 3
5 3
18 3
12 6
27 2
24 1
25 2
8 3
12 6
16 3
19 2
10 5
27 3
13 4
1 2
27 2
10 3
21 3
1 2
7 3
9 3
3 3
16 4
21 3
1 2
8 5
25 3
2 5
27 5
2 5
16 4
21 6
30 4
30 3
8 3
17 2
17 4
4 5
17 4
6 6
6 4
26 4
15 5
9 5
3 1
13 5
27 5
18 5
12 4
1 6
3 2
8 4
20 2
4 4
24 5
17 2
9 4
20 3
24 4
20 4
4 1
29 3
19 4
9 5
9 6
11 3
29 3
7 4
27 1
30 1
2 4
6 3
29 6
21 3
12 4
24 2
7 2
4 4
1 2
23 4
22 5
4 4
16 6
7 3
27 7
30 4
20 6
17 5
29 4
27 8
8 5
5 5
15 4
2 6
21 1
3 2
10 4
15 6
24 4
9 2
11 8
7 2
7 1
15 4
26 2
4 3
27 2
30 3
19 6
6 4
25 3
28 1
16 2
27 3
6 2
11 3
1 6
2 5
3 4
12 3
21 5
10 3
8 2
9 4
29 2
6 5
14 5
1 3
24 3
20 6
9 2
25 5
19 3
12 1
21 5
1 3
4 3
10 1
12 2
24 3
4 2
21 2
24 4
19 5
7 4
22 5
15 1
20 5
9 6
12 4
7 6
21 5
6 6
30 6
24 1
14 1
19 3
12 6
17 2
1 3
5 2
3 2
18 3
3 5
16 4
29 3
26 2
10 4
22 3
8 1
29 2
18 4
30 3
8 5
13 4
19 5
13 5
1 6
28 5
27 2
1 4
15 4
27 3
1 2
25 1
22 3
18 1
2 5
29 3
5 8
24 4
14 4
20 5
18 4
14 3
30 2
26 4
23 1
5 5
17 2
13 2
10 4
16 6
23 2
9 2
16 4
28 4
30 5
26 3
14 4
19 3
23 4
15 3
26 6
1 2
3 4
7 4
16 4
12 3
27 2
23 4
18 4
3 2
15 3
15 8
17 5
16 3
8 6
29 2
30 3
26 3
14 6
16 6
4 3
19 1
11 3
2 2
22 2
21 5
25 2
23 7
17 3
30 3
12 4
19 4
10 1
14 1
10 2
9 4
19 2
14 3
4 2
10 4
9 3
13 5
26 2
22 4
6 4
23 5
25 4
12 4
29 3
20 4
24 5
2 3
25 5
30 1
11 3
21 7
6 1
7 4
19 5
14 5
2 5
4 4
16 4
8 3
8 4
25 4
26 2
17 1
2 6
17 4
6 3
21 6
4 5
10 1
3 2
30
13 2
28 2
30 2
9 1
18 0
19 1
7 3
23 3
3 3
14 1
8 1
29 1
25 0
17 2
24 2
22 1
6 2
12 2
21 0
5 1
26 1
10 1
15 2
11 0
2 1
16 1
27 1
1 2
4 1
20 2
500 30
1000 992 1000 1000
29 1
23 4
23 4
28 4
14 4
15 3
7 3
24 4
24 3
30 6
8 3
16 3
28 4
20 4
30 3
27 3
17 4
21 4
1 3
7 2
15 4
25 2
1 10
15 3
4 7
18 2
15 4
28 5
17 3
17 4
30 3
6 4
14 5
26 2
8 4
7 6
7 2
13 5
30 5
11 2
21 3
19 5
1 2
28 3
1 5
16 2
27 3
21 9
8 5
29 3
4 4
22 2
6 4
21 5
12 3
6 4
10 4
3 2
5 4
4 2
14 3
12 3
16 5
4 7
1 3
17 2
2 5
20 3
18 3
21 2
29 4
4 3
12 2
9 2
9 3
12 2
27 2
29 3
19 5
25 3
20 6
24 3
6 2
12 4
19 6
16 4
28 4
28 3
22 7
6 7
16 6
10 5
2 4
25 5
27 2
30 5
6 7
25 4
30 5
5 4
18 2
7 4
17 2
12 5
1 3
22 5
2 8
24 4
27 1
27 2
14 5
5 3
24 6
8 1
11 4
13 4
15 6
5 1
14 3
3 3
4 2
10 4
22 2
20 5
15 5
22 5
27 3
22 3
10 3
8 2
24 2
22 5
17 5
2 2
23 3
13 2
12 5
23 6
9 6
4 5
14 5
6 2
18 4
28 2
25 2
23 4
2 4
18 4
8 6
19 7
28 4
5 7
9 6
27 2
27 4
13 3
13 4
13 2
12 3
26 5
14 3
10 4
13 5
7 3
19 5
16 4
23 3
10 4
19 3
28 4
6 4
14 5
19 4
7 5
20 2
15 6
20 8
30 3
8 3
12 1
2 2
23 6
8 3
3 4
11 5
3 4
17 5
15 3
3 7
10 7
27 5
16 3
11 3
27 4
30 4
25 4
29 7
14 9
30 4
2 6
1 5
22 2
9 5
1 3
8 1
13 3
8 1
7 3
29 6
30 5
9 2
22 3
11 6
24 5
1 4
8 2
2 1
2 4
13 4
12 5
24 6
10 4
5 5
21 4
11 2
24 5
23 6
25 8
1 3
20 3
18 3
17 4
1 2
28 4
16 5
14 5
14 1
4 4
7 3
24 5
10 4
30 5
18 2
1 6
27 6
27 5
29 2
13 4
11 5
10 3
29 2
5 4
6 4
19 7
11 3
11 2
12 4
27 5
20 1
25 3
4 2
9 5
16 9
11 7
18 3
25 3
29 2
9 2
29 5
20 2
19 5
22 4
11 3
25 4
24 3
10 6
26 2
17 4
21 2
2 2
22 7
8 4
18 5
10 3
8 5
25 3
26 4
4 5
29 4
15 1
22 6
8 2
19 1
24 4
6 3
10 6
21 4
4 3
2 4
21 4
18 3
11 4
16 2
16 3
1 3
5 3
13 4
19 6
27 5
14 5
3 3
9 6
7 3
24 3
1 1
17 2
2 3
23 5
11 2
28 6
29 5
20 6
12 3
23 2
25 4
21 4
5 6
26 2
29 4
4 4
22 5
3 4
4 4
23 3
7 3
13 7
20 4
17 4
19 6
23 4
13 4
18 5
21 4
13 8
26 3
18 8
6 4
17 5
15 6
15 5
23 6
26 4
27 7
17 3
14 6
6 2
9 2
17 5
18 2
18 4
12 5
20 4
12 7
15 4
10 7
22 6
6 3
7 2
14 3
30 4
10 3
8 3
29 3
19 4
20 4
30 4
7 4
20 6
5 6
19 5
25 3
17 1
26 3
16 3
3 2
21 4
11 4
5 1
15 6
28 6
25 4
7 5
4 6
20 3
7 4
18 2
7 7
28 1
3 5
28 5
16 3
11 7
8 4
29 7
28 7
3 1
2 2
28 3
25 6
26 4
9 6
2 2
16 5
25 2
1 2
2 5
13 5
10 5
13 5
21 5
26 2
5 8
16 3
20 2
6 3
14 5
29 3
3 3
9 1
15 6
23 4
5 4
22 5
3 3
9 7
26 3
3 7
14 2
26 4
17 5
15 4
7 4
29 2
1 2
26 2
5 8
23 6
18 3
14 3
4 3
30 6
24 6
23 7
15 3
9 3
9 5
3 3
19 3
2 8
4 2
24 2
3 2
22 5
12 5
12 5
21 3
19 3
5 7
5 5
26 1
4 4
3 4
15 3
9 3
13 4
11 3
6 4
10 7
21 2
22 4
3 4
5 10
24 4
26 3
16 6
2 2
18 3
30 6
6 4
21 7
30 6
19 4
25 2
26 1
16 4
11 3
1 7
30 6
26 5
28 3
30
304 3
485 1
233 3
450 1
234 3
72 1
71 2
451 1
265 0
490 3
446 2
423 3
170 2
281 3
114 0
279 2
433 1
294 1
190 0
397 1
295 0
445 3
200 0
120 1
198 3
309 0
84 3
344 1
417 2
163 3
