5
500 500
975 1000 1000 1000
322 4
4 1
327 6
287 3
352 3
493 3
8 4
89 1
348 3
277 2
158 2
375 2
457 3
155 2
94 2
423 2
407 4
405 2
474 4
44 2
103 3
430 4
61 2
83 2
314 2
143 5
468 2
481 3
241 2
388 4
453 3
301 3
225 4
375 2
181 5
259 5
220 4
126 3
301 4
150 1
383 1
394 3
177 1
329 4
448 1
394 3
129 1
171 3
479 2
38 3
426 1
319 2
98 3
33 4
399 5
39 1
436 5
1 6
98 2
463 2
328 4
254 1
474 3
247 1
94 6
68 4
270 6
86 4
207 3
35 3
338 3
158 4
348 3
107 5
454 3
27 3
399 3
289 4
387 4
470 2
111 3
319 2
18 3
46 2
240 2
258 2
249 4
82 3
200 2
117 2
249 3
352 3
149 4
457 3
399 3
440 3
262 2
301 2
454 3
22 3
488 3
307 6
5 4
84 1
37 2
441 3
283 3
139 1
285 1
32 4
141 6
480 3
421 7
92 2
257 5
60 4
417 1
170 2
390 3
448 4
404 3
401 3
52 2
148 3
76 1
316 2
114 2
264 4
175 3
351 2
139 1
307 2
377 2
159 2
175 2
277 4
242 2
20 3
489 2
98 3
340 4
119 7
414 4
291 2
120 5
416 3
197 3
335 2
301 2
164 5
173 3
355 4
19 4
76 3
285 6
442 4
375 2
447 3
417 5
242 3
300 4
125 2
67 2
84 3
142 1
355 3
58 2
320 4
34 2
397 5
327 3
25 7
328 1
160 3
266 3
490 4
178 3
75 4
71 4
66 2
36 4
326 2
272 5
377 4
225 2
83 7
377 6
151 1
160 2
279 1
184 4
487 2
383 4
402 3
397 4
396 3
75 1
312 5
261 5
50 3
67 3
428 1
142 1
339 2
245 4
333 3
63 3
480 7
206 3
153 5
262 1
252 3
19 3
307 4
235 2
294 2
491 2
263 2
199 6
102 4
244 3
348 2
291 3
174 3
314 1
10 9
28 4
41 3
237 1
391 5
145 4
18 2
316 5
342 4
307 3
293 1
439 3
129 3
181 4
376 1
118 4
220 3
427 3
352 4
364 2
29 2
221 5
92 3
132 2
495 2
253 1
63 5
111 5
264 3
350 4
210 4
476 2
445 4
201 3
439 3
420 4
129 3
434 1
92 3
345 2
478 3
248 1
349 2
207 2
238 5
225 4
457 2
93 2
114 4
341 2
285 6
138 2
376 1
111 1
398 1
295 2
249 1
261 1
160 3
340 4
280 1
125 3
110 1
370 1
404 4
422 3
387 1
156 3
118 2
495 3
183 4
105 2
226 3
223 3
469 6
380 3
99 3
446 6
57 5
191 3
1 2
154 5
220 1
23 2
50 2
193 2
63 3
32 4
237 2
399 2
416 1
202 1
313 2
462 1
58 3
196 1
462 1
392 1
201 3
329 2
268 3
203 6
16 2
356 1
31 3
151 4
85 2
166 3
405 3
320 2
272 3
388 4
293 1
242 1
264 3
147 4
90 3
2 4
160 2
498 2
421 3
343 3
362 4
337 2
366 4
50 3
134 5
194 6
174 5
294 4
260 5
256 1
337 1
483 5
334 3
491 1
42 1
169 3
181 4
493 1
74 4
293 6
145 3
487 3
317 1
319 2
324 2
97 2
97 3
324 3
278 3
266 2
40 4
422 1
14 3
259 4
26 2
351 2
210 6
448 1
392 2
417 2
417 1
120 2
239 1
147 3
134 3
76 4
408 4
258 2
386 2
348 1
294 3
422 2
130 3
497 7
202 4
93 2
376 3
274 3
50 5
340 3
120 3
306 4
196 3
407 1
220 2
13 5
497 5
365 4
110 3
83 2
480 3
410 4
131 2
434 4
344 4
34 4
211 3
132 4
164 1
415 5
16 2
440 1
154 1
215 4
314 3
218 5
175 6
9 4
69 2
371 1
407 2
20 2
303 1
189 2
7 8
38 4
481 6
354 2
223 4
40 2
404 2
221 4
348 3
202 4
416 4
393 3
491 4
220 2
429 2
378 3
49 5
498 3
407 2
418 1
38 2
124 4
385 2
438 4
21 3
308 4
408 3
150 3
429 1
473 2
276 3
132 2
368 4
25 2
394 4
263 1
9 2
271 3
129 2
494 3
282 3
399 4
195 3
410 4
95 3
228 3
463 3
128 4
229 1
169 3
106 4
276 2
200 2
188 3
153 4
84 2
367 3
489 2
324 2
30
374 2
325 0
94 3
422 1
487 2
431 0
85 3
69 1
470 0
133 0
364 1
345 3
106 3
423 2
322 0
417 3
493 1
380 3
250 2
231 0
162 3
333 3
192 2
258 1
387 3
187 1
225 2
284 2
391 0
285 0
500 500
1000 1000 987 1000
74 3
308 4
331 3
311 5
137 2
87 3
279 2
338 4
179 3
388 4
95 10
471 1
259 3
126 4
278 3
387 2
28 2
108 2
300 5
268 1
176 4
36 10
120 2
38 4
177 3
115 10
63 4
148 3
106 1
460 10
97 3
283 3
456 3
60 5
86 2
336 5
348 2
172 4
61 2
153 4
417 3
312 2
237 3
401 3
479 3
365 6
435 2
308 3
174 3
477 3
294 3
91 5
130 1
398 3
215 6
241 2
459 10
391 2
44 2
88 4
119 4
478 2
369 3
177 2
375 3
216 4
331 5
484 3
471 3
36 10
375 4
258 2
24 10
270 3
13 4
423 5
422 2
45 5
275 5
272 5
51 3
498 6
77 1
54 4
428 3
235 2
68 3
474 5
406 10
61 3
22 3
381 1
137 4
86 2
383 3
297 3
356 5
318 4
153 3
281 1
201 3
337 3
232 3
256 4
146 2
247 2
299 5
13 5
140 7
22 2
157 2
391 4
370 2
95 4
117 3
226 3
470 5
61 1
376 3
236 3
36 3
351 2
345 3
33 6
456 2
197 1
491 1
249 10
308 10
186 4
263 2
43 6
66 1
274 10
213 5
365 8
259 4
484 4
115 2
434 4
232 5
356 4
156 3
484 1
279 3
171 2
251 3
231 4
113 4
338 2
361 3
235 4
215 3
459 4
443 2
107 1
399 10
166 6
262 6
66 2
273 1
1 1
129 3
398 3
419 2
401 2
344 3
24 6
36 1
335 3
1 3
154 3
449 3
353 3
326 2
133 1
272 2
247 3
141 2
10 1
438 2
386 4
61 5
367 1
460 4
99 4
52 2
450 5
312 6
165 10
411 1
381 5
423 4
436 4
192 2
228 4
178 5
153 10
442 4
41 2
36 2
387 6
462 5
415 1
257 3
449 1
475 5
226 3
162 2
453 2
23 4
76 2
402 4
173 5
98 3
416 4
475 6
156 5
131 3
421 5
401 4
85 10
421 3
361 1
237 2
261 3
394 3
256 2
226 2
165 3
95 10
68 6
226 1
18 6
124 4
408 2
18 2
359 6
479 3
374 1
243 2
25 2
330 3
407 3
275 1
347 4
129 5
146 3
52 2
160 4
121 2
227 4
187 3
380 5
355 3
72 2
198 4
241 3
241 4
388 6
174 5
111 2
497 3
378 2
155 5
192 4
133 3
352 4
402 2
31 4
322 6
198 2
405 2
448 5
219 1
119 1
77 2
496 2
467 5
336 1
211 5
218 3
73 10
394 2
492 3
473 2
352 4
431 3
118 2
283 10
307 3
179 1
470 10
210 2
496 2
489 4
232 3
498 10
312 5
461 2
92 6
336 1
352 1
150 3
43 3
434 3
382 1
109 4
239 4
438 1
128 4
47 2
477 2
342 1
332 4
205 2
450 5
223 4
230 3
175 4
119 4
326 2
290 8
400 2
138 4
384 10
213 1
262 2
394 1
123 3
5 3
391 3
54 5
408 4
117 2
93 8
196 5
330 5
446 3
256 2
42 4
122 3
425 3
203 3
97 2
108 5
260 2
192 3
422 3
411 3
311 3
276 1
144 2
277 1
377 2
182 3
192 2
78 6
431 3
300 1
218 4
40 10
229 3
84 2
307 5
254 4
213 2
467 3
491 10
385 1
144 5
28 2
305 4
175 3
298 4
298 2
16 2
5 5
348 4
36 1
297 5
62 3
416 3
441 10
221 2
202 3
212 5
78 4
297 2
486 3
294 2
83 3
297 1
406 9
167 4
465 2
246 9
119 5
305 3
383 3
141 10
267 3
23 2
170 3
455 2
286 1
106 2
24 5
389 2
197 5
396 4
181 3
172 3
481 3
189 3
171 4
53 1
239 5
328 4
203 4
443 5
337 2
164 2
89 3
211 2
458 1
489 10
391 3
239 2
48 1
122 4
143 5
392 3
375 4
211 2
403 3
314 3
247 3
36 3
126 2
368 4
304 1
118 2
17 5
67 3
207 4
332 2
470 4
268 8
404 3
277 3
194 6
419 2
205 5
391 1
468 3
363 4
113 3
168 1
219 3
69 5
292 3
134 2
65 5
159 1
380 6
63 10
126 7
126 1
97 5
85 3
462 5
228 5
262 10
157 3
462 2
134 4
162 1
469 2
19 4
39 3
205 10
125 3
45 1
245 2
484 2
359 10
457 4
231 3
436 2
256 3
178 4
493 6
291 3
317 3
286 4
66 2
97 3
89 2
204 1
30
347 2
250 2
431 1
290 1
30 3
171 0
42 2
359 1
39 3
16 2
332 3
389 2
262 2
447 2
27 3
314 0
348 1
24 0
258 1
89 2
32 3
309 1
377 1
58 2
430 0
323 2
335 0
118 0
300 2
247 3
500 500
1000 999 31 1000
426 1
328 2
287 1
279 1
369 1
169 1
374 10
287 1
488 2
376 1
110 2
162 1
66 1
451 2
189 2
138 1
204 1
110 10
497 1
198 1
62 1
47 10
196 1
16 1
186 1
328 1
385 1
429 1
264 1
256 2
370 1
124 2
71 1
414 2
110 2
21 1
279 2
131 1
406 2
159 1
47 10
440 1
110 10
198 1
380 1
240 1
73 10
42 1
246 1
198 1
440 1
97 10
389 1
68 2
196 1
275 2
405 1
232 1
442 1
413 2
43 1
271 1
445 3
32 1
118 1
195 1
421 1
340 2
328 2
279 4
264 1
323 10
209 1
478 1
414 2
315 2
198 2
274 1
328 2
319 1
370 3
268 10
306 3
419 1
374 2
279 10
328 10
198 1
406 2
21 2
454 1
110 2
198 1
346 1
196 1
169 1
212 2
488 1
476 1
397 1
311 1
279 1
231 1
198 2
369 1
32 1
110 2
110 1
110 2
355 1
144 1
101 1
196 1
319 1
484 1
271 1
131 2
118 1
198 1
434 1
309 1
378 1
95 1
78 1
171 1
476 1
10 1
73 1
198 1
388 3
263 2
497 2
309 1
110 1
264 1
21 1
201 1
428 2
443 1
198 1
169 1
97 1
196 1
110 1
58 2
60 1
414 1
24 1
328 1
71 1
414 2
415 1
315 2
264 1
418 1
264 2
486 1
196 2
124 1
476 1
198 1
191 1
22 1
414 1
229 1
32 1
110 3
220 2
345 4
419 2
279 2
308 2
31 2
196 2
438 1
328 2
198 3
385 1
50 10
104 1
429 1
43 3
284 1
484 2
206 1
369 1
247 1
118 1
246 1
43 10
379 1
122 10
331 1
378 1
264 1
317 2
258 1
171 1
182 1
78 10
52 2
50 2
440 1
198 1
95 1
465 2
322 1
187 1
426 1
340 1
198 2
328 1
443 1
104 3
322 1
328 1
489 1
315 10
374 1
131 1
288 1
198 1
92 2
231 1
403 1
323 1
487 1
497 1
300 2
232 1
240 2
328 1
440 1
379 1
118 2
11 2
198 1
10 1
40 1
389 1
462 1
403 3
198 1
132 10
333 2
135 1
198 1
92 1
284 1
231 1
78 2
95 1
438 1
240 1
32 1
406 2
283 1
198 2
53 10
456 2
483 2
66 1
198 2
198 1
21 1
355 2
378 3
413 1
32 1
110 2
310 2
489 1
397 2
198 3
308 10
198 2
3 2
76 1
21 1
240 1
462 2
104 1
171 10
301 1
279 2
258 2
416 1
488 1
110 2
476 1
443 1
196 1
132 3
274 3
355 2
71 1
47 1
429 1
183 1
311 1
279 1
12 1
171 1
198 1
274 1
269 2
370 1
299 2
355 2
234 1
370 1
462 10
261 2
76 2
51 1
10 1
139 2
9 1
224 1
4 10
491 1
309 1
369 1
355 1
413 1
42 1
118 1
232 1
497 1
132 1
32 1
402 1
188 1
241 1
279 1
274 1
59 1
50 3
279 1
264 1
195 1
198 10
414 1
180 2
476 1
198 2
195 1
40 1
240 10
211 1
97 1
274 1
53 1
230 1
231 1
198 1
264 2
233 1
246 1
198 1
169 2
279 2
333 10
198 1
302 1
163 1
21 1
443 3
476 2
198 1
32 1
343 2
429 1
279 1
196 10
104 2
118 1
393 10
271 1
436 1
403 2
487 1
452 1
454 1
398 1
104 1
76 1
484 3
169 1
485 1
389 1
405 1
198 1
260 1
353 1
16 1
268 1
279 1
198 1
198 1
40 2
198 2
198 2
45 3
232 4
169 1
317 1
92 1
169 2
149 1
191 2
473 1
104 1
220 1
198 1
131 1
429 1
410 1
476 1
32 2
478 1
104 1
220 2
429 1
144 1
151 1
429 2
279 1
279 2
279 1
418 1
264 1
43 1
440 10
323 2
279 1
229 1
57 2
198 1
370 1
406 1
429 1
323 1
198 1
133 1
198 2
195 1
50 1
72 1
429 1
218 1
355 10
429 1
217 1
231 1
288 1
95 1
240 2
328 1
264 1
79 1
248 1
264 2
104 1
51 1
97 1
389 1
288 1
380 2
132 1
240 2
233 10
419 3
464 1
260 2
261 1
182 2
323 2
232 1
21 2
110 1
323 1
131 1
198 2
406 1
264 1
51 1
271 1
264 1
247 1
68 1
182 1
392 1
443 2
196 1
480 2
198 1
110 2
118 1
264 1
30
108 1
326 0
114 2
437 0
72 0
317 2
89 2
65 0
321 0
67 0
489 1
275 1
357 1
490 1
57 2
243 3
260 2
338 0
292 3
444 2
496 2
434 3
284 2
223 3
40 0
123 3
450 3
339 3
267 0
451 2
500 500
970 1000 1000 981
86 4
192 2
364 2
379 6
86 6
448 5
448 7
202 5
379 2
411 1
78 7
434 5
151 7
312 5
213 3
335 3
141 5
141 4
358 4
364 4
355 6
177 3
364 7
350 2
411 4
177 2
346 4
202 7
355 4
335 5
350 4
411 3
364 3
226 3
229 2
346 3
196 5
358 2
379 3
434 4
141 6
335 2
338 2
338 4
379 4
452 4
214 2
229 2
151 5
213 3
411 3
338 4
346 2
151 3
411 6
350 4
452 2
350 3
411 3
355 2
355 4
141 2
338 4
86 2
86 2
192 2
198 3
358 2
349 3
335 6
229 4
192 2
349 5
226 4
419 2
355 7
180 5
192 3
226 4
419 3
358 1
226 2
419 1
364 4
379 5
364 5
229 3
335 2
237 4
312 5
198 3
141 2
177 3
196 4
452 6
180 4
141 3
226 6
419 3
379 3
349 4
78 2
448 3
141 2
355 5
358 2
379 4
349 1
448 5
151 3
350 1
312 4
141 2
338 4
312 2
198 3
198 2
226 4
434 4
346 4
452 2
213 10
229 2
350 5
237 10
452 3
237 2
86 5
338 5
350 3
86 4
202 2
355 2
86 2
349 3
335 5
177 6
346 3
177 4
213 6
192 2
177 8
192 2
196 4
177 2
411 3
452 2
358 3
177 3
434 4
213 3
448 1
180 5
364 1
196 2
434 2
226 4
237 3
151 4
364 2
411 3
196 4
411 2
364 2
448 2
229 2
78 4
346 4
196 3
237 5
198 8
151 5
202 1
448 2
358 7
192 1
448 2
335 5
177 4
350 4
202 1
346 6
379 1
364 1
338 4
229 6
312 3
86 3
78 6
198 4
411 3
350 3
346 3
448 2
349 3
196 1
434 8
192 1
338 3
364 4
364 3
214 5
198 2
335 4
213 4
335 4
434 3
177 2
452 1
452 2
355 4
196 4
237 2
213 3
355 4
213 4
192 2
452 5
214 2
358 2
198 3
196 4
229 6
196 3
229 4
213 3
350 7
358 2
180 4
237 7
213 3
196 2
349 4
202 2
213 2
196 5
335 2
198 3
202 3
213 7
229 5
312 2
411 6
452 3
78 3
338 5
452 5
198 4
78 3
214 4
411 5
202 4
237 3
214 3
312 1
346 2
226 4
202 3
338 7
214 2
349 6
346 3
229 7
358 5
78 3
213 6
226 1
349 2
226 3
226 3
151 3
213 2
180 3
335 2
180 5
379 5
419 7
226 3
192 1
434 2
202 2
196 3
358 5
141 4
448 3
226 3
419 5
434 2
452 4
338 3
411 2
358 2
355 4
419 3
214 4
434 3
151 2
198 3
78 4
419 8
177 2
452 5
214 3
355 1
237 4
379 3
229 5
151 3
214 5
78 3
180 3
180 3
355 1
452 2
196 6
346 1
338 6
349 1
312 3
335 3
151 2
78 2
312 6
452 3
151 2
350 3
86 4
355 3
213 3
349 3
349 1
229 4
434 5
180 5
335 6
379 3
198 3
335 6
355 5
177 2
141 3
151 2
312 3
379 1
237 2
86 1
196 1
78 1
202 5
335 5
350 5
180 2
237 4
177 3
141 6
419 4
86 2
419 4
192 4
312 4
202 2
448 3
141 4
180 5
202 5
364 2
448 5
358 2
312 4
180 10
411 4
198 4
151 3
312 8
86 2
214 6
379 2
335 4
198 9
78 2
196 1
355 5
448 6
364 6
214 5
141 1
419 4
180 3
312 4
213 4
358 4
411 6
214 8
434 4
379 5
419 4
338 1
229 4
350 5
338 5
434 3
335 3
229 3
86 2
78 4
177 3
419 2
448 3
349 6
349 3
448 3
448 1
213 4
346 3
312 2
350 5
78 3
349 2
78 8
452 1
448 2
198 6
411 1
180 1
226 5
379 1
177 3
214 2
379 3
358 7
434 4
141 4
346 2
237 5
237 4
202 6
350 4
434 4
192 4
434 1
338 2
192 5
346 5
180 3
364 2
419 4
214 6
349 2
192 2
419 3
346 1
364 3
151 3
338 3
202 4
192 4
177 5
312 3
237 2
180 3
192 4
312 7
419 3
355 5
86 2
349 5
86 4
434 6
202 6
214 4
226 3
214 2
358 3
419 4
151 2
196 5
364 3
237 4
198 2
350 3
346 3
411 3
379 3
237 4
237 1
338 2
226 3
86 5
346 4
151 4
141 4
141 7
229 1
452 6
86 4
78 3
229 3
192 4
226 2
198 4
30
21 0
5 1
2 2
16 2
19 3
9 3
15 1
17 1
24 1
25 0
13 0
18 1
28 1
20 3
4 0
30 1
3 0
6 3
23 1
8 1
7 2
10 0
29 2
1 1
22 2
26 1
27 2
14 0
12 2
11 3
500 500
1000 983 1000 992
29 5
51 3
164 5
375 5
111 4
314 4
75 3
242 3
445 6
135 5
40 4
141 6
189 7
228 6
406 2
101 6
207 2
280 1
320 2
401 4
319 6
259 4
331 6
110 3
234 3
353 2
408 4
437 7
299 4
483 3
485 2
23 5
78 3
449 5
473 4
417 3
184 5
72 3
352 1
414 3
199 3
33 2
91 3
4 4
266 2
267 5
32 4
149 4
420 2
104 7
77 6
423 3
347 6
188 4
173 2
438 2
140 4
22 3
459 4
386 3
226 3
37 2
155 4
265 4
16 2
388 2
288 3
427 5
465 6
316 7
399 4
230 7
142 4
475 1
97 3
15 2
398 4
87 2
52 6
339 4
260 5
337 3
317 1
407 6
464 5
85 7
410 4
119 6
177 2
476 4
105 2
246 4
86 4
411 4
169 3
409 3
377 7
327 2
442 5
272 3
208 2
43 5
96 5
271 3
463 4
303 6
312 2
92 7
421 3
326 3
210 5
287 4
215 3
355 2
294 4
472 4
17 5
35 4
166 7
100 4
277 5
41 7
165 2
167 3
488 4
300 4
448 3
82 4
466 3
283 1
190 3
131 5
440 3
233 7
279 4
36 5
413 5
197 6
274 6
115 5
373 4
106 6
84 5
273 4
405 3
428 9
286 4
358 6
397 5
235 7
370 1
415 5
183 7
133 2
57 7
256 3
278 5
224 4
332 2
125 6
412 4
11 3
345 2
351 6
187 3
9 10
145 5
311 2
490 10
391 1
10 2
305 3
132 1
257 3
282 3
378 2
239 8
221 7
441 3
338 6
497 4
298 2
491 3
63 4
157 4
209 4
143 2
296 7
95 2
324 1
244 2
254 5
219 3
309 4
27 4
102 5
499 6
34 8
494 5
123 2
18 3
264 3
151 5
454 3
404 3
1 4
113 3
479 4
14 6
28 5
5 6
269 4
367 7
180 2
471 6
229 5
192 7
489 4
214 3
434 4
58 3
48 3
178 2
487 1
83 2
360 2
281 5
144 8
181 3
238 5
385 2
46 5
343 3
470 2
313 3
422 5
129 5
291 4
31 5
361 8
39 3
88 9
170 3
200 6
348 4
54 4
452 3
481 3
362 2
458 3
384 4
275 3
432 3
19 1
26 3
318 4
495 6
307 5
21 2
240 3
182 4
160 3
225 7
356 5
285 3
152 3
335 1
174 2
342 5
258 4
354 7
262 4
369 5
193 3
211 3
380 2
245 2
474 7
156 4
147 5
150 4
322 4
7 7
201 4
114 7
153 4
270 3
383 6
154 5
290 3
498 5
65 3
99 3
496 3
482 2
55 2
3 6
217 5
116 6
334 3
38 4
359 3
61 4
213 3
315 5
251 6
179 8
390 4
73 4
302 5
94 5
394 2
486 1
293 5
340 1
387 3
227 3
447 3
128 5
194 6
206 4
366 5
344 4
289 2
24 6
191 2
53 1
20 6
237 3
439 4
223 2
261 5
393 5
134 4
325 4
159 2
67 6
349 5
460 4
121 4
321 6
163 3
13 3
268 5
107 3
71 2
329 5
400 2
453 4
175 4
374 3
25 3
346 2
484 5
231 7
148 2
306 5
2 3
252 2
196 3
243 2
418 4
118 3
301 4
172 3
457 5
136 5
446 1
336 5
376 4
462 2
112 4
232 2
250 5
255 5
341 3
81 2
171 3
461 4
357 3
395 5
426 4
138 6
368 4
478 2
137 2
56 6
186 4
328 3
450 4
146 4
236 5
212 2
493 7
98 3
308 2
425 3
45 6
109 2
80 6
333 2
389 2
443 5
218 2
139 8
62 9
402 4
430 4
162 5
382 5
467 4
451 8
203 6
124 4
263 6
365 2
89 6
205 6
480 2
392 2
90 2
103 6
292 1
477 4
330 5
248 4
117 1
297 6
379 3
44 3
350 4
108 3
49 2
431 2
68 3
419 5
372 1
66 6
276 2
435 5
253 7
42 4
284 3
195 4
74 2
455 8
12 3
70 3
396 2
220 3
93 3
433 4
120 2
176 3
500 6
161 3
310 5
304 3
69 2
50 4
241 3
424 5
364 7
216 4
468 5
295 5
381 4
469 4
185 2
247 2
60 4
47 2
204 2
444 6
59 5
456 4
168 5
8 9
122 7
202 2
127 6
249 5
403 3
130 4
371 2
79 3
436 9
492 1
198 5
323 4
429 3
6 3
30 5
158 1
416 1
76 2
363 6
64 3
222 3
126 3
30
296 2
367 0
335 1
418 1
318 2
133 0
254 2
99 1
268 3
357 3
25 2
417 0
298 2
276 0
187 3
493 3
320 1
378 3
134 0
60 1
242 1
231 2
285 0
427 2
302 1
104 3
12 2
389 0
453 0
88 3
