5
1000 1000
2500 2500 2500 2500
285 3
51 3
740 5
140 4
758 4
740 2
493 7
155 3
30 6
380 2
235 3
447 5
500 4
402 2
358 2
936 4
48 4
793 4
994 1
668 5
607 3
694 4
426 4
377 7
314 7
83 7
948 3
423 6
229 4
920 3
498 5
262 3
22 4
25 3
661 4
420 2
689 5
509 5
401 3
213 4
286 4
699 3
466 4
430 3
734 4
420 3
42 4
665 3
791 1
477 3
1 5
213 4
78 1
408 3
836 4
704 7
762 7
748 4
272 4
942 3
230 2
16 5
692 5
632 5
734 2
1 7
333 6
647 3
627 4
65 5
25 4
610 2
418 1
696 3
61 1
780 6
491 2
999 4
141 3
595 5
750 3
78 3
737 6
671 3
883 4
566 3
208 2
213 1
914 2
877 3
110 5
721 3
996 4
822 5
293 4
553 5
153 7
328 4
510 1
672 4
499 4
685 2
629 3
526 3
314 4
660 6
760 3
731 3
588 3
751 4
751 3
440 6
557 3
966 7
93 2
460 2
173 6
226 4
976 1
104 3
107 2
625 3
881 2
132 2
713 2
738 2
610 6
840 2
849 3
735 4
290 3
822 4
840 3
76 2
105 2
249 2
79 6
996 3
810 2
514 7
90 5
745 6
186 3
850 3
460 6
193 4
30 5
548 6
542 6
242 5
5 3
296 5
464 5
65 4
525 3
782 6
18 3
92 4
687 3
977 3
526 3
238 2
189 2
13 2
278 6
476 5
199 4
909 2
890 4
930 4
890 7
377 4
24 4
398 1
455 2
406 2
23 2
243 2
999 4
242 2
104 4
733 2
110 3
656 7
637 2
315 3
492 3
968 6
597 3
839 4
216 7
516 2
27 4
418 4
928 3
554 5
791 4
369 3
740 7
256 2
551 4
464 5
692 4
398 4
197 1
806 5
853 4
495 4
147 4
43 2
969 2
737 3
337 4
154 2
71 3
850 3
90 1
428 6
77 5
35 2
96 4
632 3
970 4
840 2
474 3
771 5
319 4
12 6
420 5
561 5
7 4
324 7
841 3
160 3
634 3
100 4
477 2
731 5
904 3
417 3
375 3
463 5
843 5
509 7
649 4
676 4
503 3
541 3
205 6
150 6
277 3
996 2
493 2
948 3
51 6
842 1
94 1
30 6
708 4
710 6
135 5
17 3
148 5
744 5
510 3
111 1
349 2
106 2
291 4
703 2
122 4
662 3
509 3
726 3
159 2
39 7
666 5
3 4
160 6
727 4
176 3
475 5
459 3
662 4
582 3
687 2
255 5
595 2
480 3
386 5
339 2
942 4
243 5
904 3
897 8
695 4
352 3
869 7
699 4
997 3
559 1
891 2
809 4
462 3
210 5
107 3
173 6
621 6
800 2
692 5
104 4
23 5
79 2
422 3
323 2
37 7
267 7
808 6
565 3
770 3
449 4
889 2
891 2
568 4
961 1
294 2
349 3
356 5
676 1
819 3
86 6
859 5
269 6
227 4
233 3
864 2
397 1
742 5
144 3
292 5
992 7
478 4
570 3
743 2
696 3
658 5
248 4
224 5
32 2
591 1
300 3
587 4
975 2
159 5
234 5
881 4
480 4
951 6
671 1
452 3
510 1
745 2
432 2
558 7
129 5
633 5
886 2
420 3
418 3
79 1
528 3
337 3
534 3
300 7
554 7
494 2
988 5
105 2
791 2
897 5
286 3
298 3
246 3
496 2
266 8
480 5
823 1
970 1
175 5
509 4
657 2
984 2
361 4
510 1
340 3
669 6
759 6
23 3
495 2
349 3
708 5
403 6
145 3
643 4
683 3
209 3
211 3
454 4
47 1
613 6
201 4
542 5
954 2
567 7
986 3
786 2
67 6
134 3
582 4
712 4
752 3
253 3
715 4
71 4
956 6
106 3
643 7
391 3
380 2
97 3
899 2
19 2
782 3
899 5
985 5
341 3
73 5
493 3
971 5
652 4
472 4
41 4
53 4
888 3
461 4
997 4
461 6
959 2
45 5
351 3
680 4
585 4
51 1
731 5
538 1
26 3
837 3
385 3
425 4
695 3
195 6
373 3
206 3
370 5
694 2
274 2
1000 2
668 3
73 3
935 7
173 5
547 3
203 3
168 6
492 2
351 3
682 4
372 5
854 2
317 2
713 4
107 4
271 6
686 2
475 5
331 5
548 5
673 5
566 1
13 4
174 2
412 4
311 5
934 5
199 2
561 6
443 4
258 3
103 2
661 6
870 4
517 2
936 3
661 3
679 3
663 3
481 4
233 2
189 2
285 2
328 3
370 2
172 8
293 7
477 3
21 4
396 1
674 3
537 6
647 8
867 2
744 9
779 3
955 6
388 5
230 5
851 3
976 3
43 3
109 3
33 5
827 5
921 5
616 4
19 4
359 4
719 6
693 4
229 5
886 3
26 5
686 2
478 5
937 4
85 5
787 1
83 2
619 4
582 3
647 4
886 2
446 6
978 3
531 6
1000 4
341 4
787 6
881 3
129 3
663 4
150 2
928 3
914 2
592 7
712 3
56 6
846 3
43 8
364 2
779 6
740 3
406 4
983 4
850 3
968 9
665 1
958 3
33 3
337 3
386 6
202 4
697 2
902 3
143 5
597 4
349 2
226 3
831 6
145 5
263 5
393 5
953 4
326 2
994 3
133 1
761 3
102 3
77 10
831 4
512 7
599 10
476 1
552 3
625 3
391 5
634 2
81 2
853 3
223 4
284 4
14 3
126 4
704 3
339 6
61 2
850 2
54 5
798 4
814 1
868 3
543 3
155 2
693 2
677 4
200 4
805 1
293 4
377 4
944 4
564 3
991 3
663 2
895 5
553 3
985 4
196 6
18 3
923 5
786 4
1 3
487 3
215 3
185 4
251 5
400 2
996 4
139 4
122 3
933 3
760 3
585 5
434 2
438 4
290 6
391 6
323 5
922 2
174 7
720 3
222 6
115 3
721 5
803 6
477 2
215 5
175 5
60 1
829 4
233 3
908 3
73 2
702 2
400 4
773 3
98 5
806 7
186 3
885 4
831 5
57 3
247 3
255 2
217 5
300 4
998 5
544 5
800 1
652 6
889 4
168 2
751 3
789 4
191 5
820 2
380 3
643 4
453 1
356 3
575 4
169 5
875 4
736 2
282 2
697 2
822 4
983 5
172 6
16 1
230 4
294 1
546 3
733 5
786 3
898 2
641 6
72 5
352 3
863 7
890 5
266 3
399 4
702 4
893 4
999 3
165 8
736 2
635 7
712 7
291 4
966 3
808 2
911 4
252 3
666 6
706 3
314 2
605 3
51 3
938 4
440 5
682 3
99 3
911 5
327 3
326 5
70 9
728 2
641 3
923 4
77 3
46 3
755 5
887 4
744 5
652 4
137 4
747 6
614 2
862 2
491 4
797 5
844 2
459 4
886 1
503 7
353 5
689 3
92 2
436 3
776 4
791 3
443 4
38 3
71 3
515 4
145 9
355 4
991 7
251 6
582 2
245 5
581 1
791 3
472 4
1000 4
79 3
87 4
270 6
66 4
458 4
558 4
813 4
140 2
4 1
767 5
369 4
281 2
161 3
824 1
60 8
346 3
282 3
739 4
994 1
730 6
612 4
227 3
715 6
755 4
632 2
95 5
707 4
438 4
355 4
211 2
524 3
521 6
524 4
129 6
589 3
73 7
62 2
342 3
295 1
979 4
581 4
404 2
236 4
360 7
568 2
462 4
214 3
819 5
787 3
535 5
483 2
178 2
805 2
725 4
231 2
43 2
980 1
414 3
391 4
736 4
294 3
412 6
699 4
154 8
538 5
666 7
371 6
136 3
560 5
288 4
290 1
325 2
583 3
273 5
423 6
660 7
625 4
93 4
280 3
756 4
56 5
826 2
486 4
680 5
854 4
764 2
908 1
123 5
504 4
168 4
699 4
751 5
326 4
89 3
389 4
465 2
899 5
835 3
171 2
105 2
645 5
278 7
174 4
702 3
136 2
734 4
866 2
442 3
75 4
862 7
984 6
714 4
764 5
327 3
732 5
832 3
97 2
289 4
734 3
450 3
379 3
474 3
491 3
480 5
369 4
52 4
893 4
248 4
363 4
783 2
396 4
702 2
53 3
974 5
196 3
596 5
106 6
797 3
405 3
253 4
769 1
741 5
936 5
272 4
920 5
537 2
93 4
223 6
72 2
257 1
751 5
238 2
734 2
939 1
304 4
931 4
151 4
229 4
1 2
250 5
819 4
616 4
762 8
586 8
67 3
1000 4
343 2
246 4
152 3
830 4
606 3
946 4
177 4
970 3
604 5
763 1
632 4
855 4
436 2
496 4
608 2
66 4
941 2
165 3
351 1
579 4
714 4
456 7
53 4
996 3
829 5
354 6
361 2
829 4
192 3
770 1
749 6
57 5
373 3
184 5
607 3
683 3
202 5
374 2
750 3
313 4
87 7
112 6
37 4
722 3
787 6
40 3
259 2
928 5
893 2
0
1000 1000
2485 2472 2500 2475
214 3
951 7
59 3
839 5
495 1
417 4
98 4
979 5
409 1
243 3
455 4
737 2
731 7
290 3
367 2
667 5
925 4
847 6
979 1
404 4
218 4
472 3
972 6
467 2
727 8
743 8
197 3
723 3
600 3
863 7
715 7
252 4
534 4
129 3
875 5
295 2
310 3
580 10
596 5
676 4
626 4
536 2
296 6
8 4
437 4
658 1
912 5
793 7
999 2
748 2
981 4
998 4
923 2
696 4
771 3
411 3
63 6
798 4
480 4
241 6
732 5
853 6
535 4
134 6
953 8
274 4
858 4
545 3
153 8
950 5
989 9
984 4
984 4
393 5
720 7
67 4
99 1
768 6
395 2
185 6
681 4
145 7
21 7
658 3
410 5
545 6
962 3
823 2
101 4
255 3
128 3
216 7
976 3
51 1
510 3
477 5
854 5
751 2
424 2
586 1
781 6
789 2
423 2
525 4
541 4
258 5
576 5
544 7
955 2
594 4
848 7
718 1
860 6
138 1
343 3
915 5
216 6
374 3
190 4
869 1
60 5
917 5
495 3
77 4
964 5
533 5
561 4
957 6
101 7
351 5
612 4
870 6
274 4
814 2
203 3
15 2
758 5
955 8
311 4
21 5
916 2
640 4
58 8
175 4
610 6
560 5
350 3
670 4
669 4
25 3
775 3
334 5
270 2
580 2
588 9
743 4
640 8
465 3
751 2
242 2
546 6
750 7
580 4
7 3
798 2
67 2
125 3
906 3
532 4
171 4
16 7
14 5
107 5
301 4
840 2
823 9
559 3
389 6
566 7
622 6
889 7
409 4
42 3
122 3
889 6
519 6
694 3
623 6
203 4
712 4
481 5
74 3
461 7
242 7
498 6
78 4
403 9
805 3
270 5
937 7
820 4
894 5
230 4
707 3
950 5
596 4
302 1
401 8
625 7
35 8
114 5
300 4
297 5
417 4
425 4
662 2
47 4
213 4
306 7
683 5
56 5
267 5
641 6
684 1
995 10
456 4
850 4
693 5
576 8
674 2
359 4
385 6
366 4
989 2
410 5
778 3
248 5
59 4
233 8
720 3
368 3
759 6
265 3
110 2
20 4
703 2
464 4
56 4
884 4
996 4
423 4
429 3
940 5
387 4
364 2
231 3
988 3
572 5
16 3
137 8
724 4
954 4
913 5
307 4
703 4
116 5
223 4
255 4
229 9
747 4
208 2
593 3
539 4
331 5
414 3
619 3
874 4
530 3
461 6
172 2
484 3
584 5
773 10
327 9
160 7
150 4
795 3
795 4
646 4
675 10
269 6
573 6
534 10
94 5
411 4
156 2
454 1
108 5
896 3
339 5
375 4
51 2
451 4
166 3
570 3
866 8
922 8
513 3
699 10
737 7
475 2
786 5
203 4
527 3
150 2
190 9
374 6
522 6
789 4
937 5
513 2
416 4
173 3
914 5
263 3
204 6
417 9
706 6
193 6
180 3
335 3
990 4
217 3
979 6
74 3
278 6
662 5
671 5
973 4
940 3
255 2
208 5
13 3
813 5
57 3
775 5
117 7
746 6
736 5
331 2
155 3
335 4
462 6
330 6
117 4
486 4
935 4
419 8
382 2
787 4
700 3
420 3
54 3
777 4
174 4
805 9
797 2
338 4
600 4
562 1
308 4
209 2
456 3
688 2
519 4
876 3
934 3
273 5
696 4
416 4
767 7
280 3
526 5
752 5
754 5
471 5
48 6
55 4
683 4
860 3
805 6
564 3
84 4
205 6
425 5
679 4
631 3
76 6
375 1
128 5
785 3
458 6
136 7
953 2
322 9
720 4
808 3
769 4
81 5
688 2
193 3
613 4
634 4
225 6
415 2
466 7
59 7
673 5
59 3
602 4
125 3
273 4
535 2
493 7
230 3
516 1
118 6
541 5
871 4
248 2
757 6
404 4
771 2
887 5
430 1
907 4
943 4
98 2
465 6
891 6
935 2
932 4
32 6
495 7
858 4
252 4
259 8
503 5
186 3
645 5
592 2
474 3
847 9
293 4
125 3
433 3
677 2
245 5
877 6
18 3
193 2
372 6
734 5
111 4
460 7
260 6
657 3
432 2
363 6
317 5
732 5
236 3
149 8
836 4
806 6
199 1
952 6
573 8
757 3
125 1
339 3
489 4
332 5
187 5
39 10
861 4
818 2
523 5
965 5
344 3
63 6
416 5
718 4
148 10
150 2
666 4
804 6
187 4
159 5
264 7
834 4
366 8
938 2
312 4
359 6
673 4
132 5
887 2
893 6
989 4
252 7
559 3
282 3
735 5
794 2
483 2
425 4
946 2
492 6
598 4
999 5
87 6
205 2
488 8
804 5
582 3
593 4
368 4
221 4
459 4
984 5
714 5
994 6
311 1
422 3
719 5
898 3
162 3
982 7
830 7
417 6
901 3
945 4
526 2
358 4
769 3
878 3
163 9
46 6
41 3
492 5
216 6
896 10
832 3
190 6
765 2
468 4
467 5
20 8
957 3
371 4
802 6
159 1
309 7
596 7
845 3
997 2
841 5
915 8
216 6
645 3
207 5
849 2
597 6
257 3
451 4
569 3
589 2
930 3
385 4
51 3
238 2
281 3
554 5
469 3
257 2
712 3
829 3
156 6
279 6
532 5
869 5
922 3
688 2
354 5
124 7
329 2
618 4
285 10
656 3
589 4
29 1
461 4
293 3
250 6
959 4
389 7
904 5
832 5
839 5
18 10
104 4
883 4
440 5
882 7
804 5
944 3
426 2
577 4
766 3
372 3
164 3
812 3
405 4
907 8
137 8
488 4
728 1
996 3
623 4
344 4
35 3
274 5
290 3
877 4
575 4
431 6
861 3
430 3
559 1
996 8
185 8
320 5
701 5
571 6
838 2
629 4
340 5
14 5
102 5
424 4
682 7
581 3
707 5
369 6
445 5
654 2
886 1
418 3
753 4
86 5
713 5
162 4
784 1
326 4
763 4
323 3
404 2
982 2
633 2
612 4
935 6
610 3
684 5
149 6
884 3
325 5
961 5
768 4
453 8
609 1
682 3
539 5
750 5
67 8
767 3
456 2
89 4
530 3
633 6
66 5
156 3
743 8
932 9
256 5
623 7
273 2
949 3
559 6
452 6
275 3
325 6
443 6
410 4
637 3
758 6
286 5
771 5
659 4
579 3
143 2
71 6
698 5
452 7
179 5
584 4
225 6
740 3
822 3
193 3
951 2
782 8
603 4
89 6
999 3
756 2
49 2
144 5
244 6
782 6
220 2
99 3
13 1
997 5
86 9
509 4
672 3
176 5
969 4
807 4
544 10
202 2
192 4
615 6
510 7
160 4
466 2
118 2
614 4
751 1
14 5
998 5
68 3
960 3
490 8
190 10
553 4
120 6
635 6
19 4
756 3
2 4
25 6
931 7
833 4
431 3
843 4
226 5
227 5
255 9
358 3
544 5
177 6
816 4
784 4
321 8
381 6
429 6
547 5
735 3
633 3
436 6
321 3
672 4
583 6
268 1
372 8
949 1
630 6
910 2
849 4
784 7
67 5
527 1
844 5
192 4
739 6
647 8
863 5
470 3
951 5
749 4
793 2
915 3
345 3
933 2
153 8
754 5
764 2
654 4
131 8
706 5
342 5
90 8
546 9
193 3
104 6
354 6
672 4
346 2
286 3
248 8
74 6
888 4
398 5
245 4
258 4
666 10
230 2
322 3
994 5
537 2
187 6
247 6
184 4
5 4
987 10
912 6
822 4
926 5
205 2
623 1
607 5
312 4
387 4
1 3
375 10
764 4
607 4
73 10
860 4
923 7
181 7
836 4
158 3
779 4
219 5
831 3
617 5
481 4
276 3
984 4
527 3
157 4
169 8
860 3
822 4
627 7
969 4
720 4
92 8
201 7
10 4
191 4
550 8
108 4
995 4
23 1
953 1
357 3
922 4
626 3
163 3
925 6
99 4
484 3
326 8
664 4
976 1
528 8
616 3
715 9
177 1
215 2
977 5
764 7
701 3
387 3
537 3
743 1
508 6
7 6
435 6
145 4
994 8
227 5
703 3
167 10
651 3
511 5
435 6
729 9
697 3
227 3
976 6
125 2
113 6
726 3
566 6
441 6
240 7
145 7
327 6
61 5
478 6
917 6
174 5
407 3
216 10
748 4
972 4
309 6
749 5
206 4
302 4
619 3
558 3
962 2
282 4
382 2
269 3
17 3
721 3
589 3
733 6
361 6
899 6
290 4
960 7
888 6
596 6
237 5
403 6
944 6
374 6
811 4
722 4
326 4
809 3
788 6
403 5
724 4
144 4
773 2
292 3
623 4
831 2
838 4
452 7
624 3
483 5
971 7
267 9
446 3
819 6
603 7
360 2
10 7
531 7
920 5
975 4
646 6
736 5
694 2
767 3
113 6
444 5
262 3
311 3
461 5
289 5
963 4
212 3
191 6
446 3
331 6
791 3
653 3
655 4
812 2
0
1000 1000
2500 2500 2463 48
692 1
257 2
724 2
180 2
180 2
333 1
284 1
255 1
215 2
355 4
7 2
6 2
874 3
585 4
504 3
148 2
773 3
251 5
790 1
724 3
780 1
698 2
355 2
234 2
698 3
557 3
45 4
771 2
82 5
468 2
468 1
964 2
746 2
94 2
118 5
874 5
779 4
323 1
119 3
251 1
34 2
796 4
656 4
645 1
368 1
172 3
735 1
141 2
878 3
180 1
209 2
433 1
895 1
317 2
831 3
124 2
557 4
303 2
618 1
949 2
616 4
804 2
148 4
210 3
237 5
477 3
10 2
404 1
358 2
88 4
617 2
172 1
465 1
771 2
618 3
771 2
75 1
609 2
600 1
798 3
358 3
798 1
247 2
82 2
641 3
172 3
411 1
836 4
735 2
316 2
183 2
316 2
23 1
745 2
333 1
500 2
780 1
926 1
172 3
610 3
181 4
192 1
514 2
18 2
878 3
569 1
557 1
254 2
743 1
683 3
636 1
490 1
246 1
645 3
880 3
864 4
441 1
131 3
131 1
180 4
493 1
780 2
62 2
377 4
23 2
745 1
368 1
609 1
14 4
780 2
560 2
722 1
226 2
159 1
529 1
501 3
69 1
504 3
209 2
148 3
247 1
903 3
874 3
237 3
735 2
568 2
945 2
822 1
917 2
355 3
642 4
855 1
75 4
735 2
557 2
741 2
585 2
673 3
117 3
124 2
933 3
922 2
923 3
368 2
410 2
673 3
798 3
742 2
419 1
114 2
384 1
595 3
950 2
259 2
780 2
6 1
402 2
617 1
922 1
179 1
6 1
436 1
780 4
359 3
493 4
92 2
746 2
7 1
923 2
226 3
822 2
441 3
257 3
983 2
333 3
192 2
610 6
266 1
762 2
588 1
221 2
263 5
907 1
172 4
490 2
62 1
745 1
514 1
887 2
763 2
131 2
441 1
878 2
462 2
247 2
34 2
255 1
141 2
400 2
767 1
583 1
645 4
138 4
487 3
827 3
735 2
273 2
692 1
172 2
474 2
76 3
963 2
513 2
435 1
355 2
689 1
96 3
931 3
463 2
273 2
273 5
488 2
368 2
23 2
225 2
692 2
763 1
316 1
873 2
192 5
610 2
826 1
246 2
639 4
874 2
557 2
554 3
842 2
742 2
798 3
254 2
288 2
51 4
468 2
594 2
425 1
137 2
859 3
776 2
617 1
402 1
465 3
266 2
232 2
196 1
965 3
384 1
742 4
468 5
432 1
38 3
212 1
899 5
941 3
246 4
495 3
144 1
941 1
248 2
783 3
260 2
493 2
673 1
6 2
640 4
361 3
468 2
118 1
346 3
384 1
922 2
250 3
780 1
196 1
325 2
831 2
148 3
733 3
579 3
742 4
874 3
82 2
148 4
448 3
617 2
560 2
82 3
468 3
468 1
75 4
493 3
490 2
449 3
649 2
112 4
435 1
263 3
790 1
968 2
634 2
624 3
722 2
967 1
745 1
931 2
956 2
876 1
790 2
844 3
441 3
673 2
7 3
589 3
394 2
557 2
46 2
825 1
493 1
790 4
780 3
468 2
763 2
226 2
187 2
557 1
938 1
600 2
763 2
74 1
871 2
449 2
609 3
202 1
55 2
499 2
883 4
861 4
468 2
558 2
631 2
825 2
20 1
6 1
718 3
569 3
796 1
468 3
468 3
6 1
582 1
274 2
537 3
798 1
301 1
673 1
274 1
300 5
148 2
264 2
673 2
681 2
583 3
148 1
859 1
303 2
890 2
435 2
702 4
468 1
963 5
305 2
247 1
797 2
259 4
160 3
592 3
82 1
589 1
907 3
328 2
760 3
536 2
354 1
6 1
74 2
410 3
642 2
798 1
853 3
507 3
742 1
468 3
735 3
303 3
509 3
6 3
692 2
631 2
334 3
297 5
448 3
499 2
216 1
763 2
368 4
378 4
442 5
950 5
434 2
733 3
735 1
51 3
323 2
557 2
131 2
762 1
568 3
617 4
425 1
871 1
874 1
74 3
74 1
16 3
6 1
816 2
150 2
950 1
144 1
69 1
416 2
610 2
873 2
114 2
684 1
118 3
883 4
861 4
302 4
209 5
338 2
361 3
742 2
878 4
237 1
780 3
873 3
983 1
844 1
361 3
278 2
931 3
28 1
822 1
192 2
745 2
357 3
302 1
104 3
6 2
302 2
180 2
359 2
514 1
380 3
520 3
873 1
659 3
435 1
780 2
160 3
333 2
272 2
642 2
649 2
465 1
680 5
831 2
883 1
244 3
62 1
745 2
907 1
589 2
75 2
468 1
247 1
634 3
923 5
183 2
579 2
82 2
5 3
263 3
468 2
418 6
73 2
468 1
941 1
112 3
231 1
766 3
666 1
468 1
659 3
223 2
255 3
255 5
227 2
589 6
195 1
789 2
409 3
907 2
468 3
746 5
468 2
74 1
745 2
694 1
251 1
625 2
468 3
468 4
858 1
798 2
567 2
303 1
266 5
123 1
864 2
831 3
578 2
912 4
26 1
378 3
922 5
576 1
316 4
40 3
232 2
732 4
941 1
43 2
333 1
216 3
153 1
420 1
384 2
655 1
61 4
468 3
803 2
853 3
602 2
780 2
798 2
333 4
733 2
954 2
7 1
465 2
91 1
452 1
692 2
20 1
410 6
72 3
302 2
86 2
249 2
303 2
75 3
883 3
733 2
361 1
6 2
212 2
998 1
131 3
148 4
109 3
468 4
425 1
449 1
933 3
449 2
899 3
435 1
255 4
131 3
886 3
617 4
499 2
780 1
153 1
316 2
251 3
6 2
613 2
941 1
148 2
316 4
131 2
251 3
441 3
418 2
610 2
468 1
226 2
226 1
692 2
783 2
742 3
192 2
410 2
808 1
352 3
592 2
673 1
645 6
579 1
735 1
762 2
589 2
247 1
34 1
617 1
777 3
65 2
694 2
192 4
797 2
488 4
636 1
672 2
294 1
384 3
154 2
843 6
7 2
670 3
468 2
212 3
394 4
595 2
576 2
468 2
840 2
955 1
617 1
251 2
670 3
617 2
417 2
998 3
45 3
620 2
232 3
106 2
216 2
876 2
570 4
887 2
825 3
731 1
707 2
16 3
649 2
82 2
69 2
645 2
316 2
240 2
290 3
670 3
882 1
670 4
178 1
62 1
468 3
358 3
702 3
578 2
842 4
588 3
692 2
468 2
620 1
316 2
6 4
215 1
207 2
992 3
6 2
449 2
144 2
333 2
376 1
226 3
954 2
384 3
465 1
477 3
692 4
588 4
746 3
7 2
602 2
148 1
232 1
779 3
179 3
346 2
323 3
547 4
668 2
226 2
449 3
412 1
468 1
523 2
938 1
168 4
821 1
384 1
316 2
116 2
99 2
798 2
798 1
290 2
659 1
740 1
873 2
251 1
620 1
800 2
7 1
6 2
903 1
362 1
55 2
798 2
693 2
44 1
682 3
722 3
855 1
180 2
311 2
317 4
673 1
91 3
780 1
956 2
192 3
23 5
961 2
295 3
317 2
141 4
153 4
683 2
873 4
745 3
484 1
617 2
394 4
316 3
396 3
719 2
760 2
148 1
353 3
272 2
117 2
574 2
923 2
82 4
477 2
475 2
259 3
617 2
816 2
788 2
394 1
416 3
223 2
257 3
297 2
831 2
1 2
873 2
75 3
251 2
266 2
771 1
192 2
948 1
745 4
316 1
674 4
80 2
735 1
557 2
565 2
607 2
499 3
74 1
468 1
645 3
722 4
273 1
691 4
450 2
883 4
510 3
333 5
425 4
346 3
815 1
244 3
873 1
674 2
468 1
899 1
668 3
96 1
188 2
302 3
127 4
183 2
384 4
378 5
442 1
255 3
899 2
7 2
303 2
258 1
589 3
983 2
292 5
299 2
610 2
118 4
637 3
465 1
493 3
563 3
874 1
792 2
776 2
269 2
904 4
156 3
848 1
316 1
7 1
316 1
449 3
617 1
120 2
876 1
273 2
216 2
617 1
355 3
841 1
161 5
762 1
117 1
180 1
246 1
296 1
106 1
998 3
896 2
245 2
507 2
493 3
514 2
937 3
874 2
732 1
141 3
188 1
540 4
760 4
493 2
941 1
843 1
602 2
812 2
719 2
874 3
131 4
247 2
866 2
251 2
300 3
7 1
798 2
750 1
196 2
23 3
158 3
82 3
576 1
763 1
296 1
20 3
746 2
722 3
468 2
931 2
755 4
493 1
855 2
798 1
221 2
938 2
296 2
733 2
180 5
7 3
695 3
941 2
873 1
442 1
182 6
145 2
673 2
536 2
941 1
180 4
458 3
880 2
180 3
745 4
617 4
106 2
33 5
863 4
883 2
873 3
316 1
237 1
413 3
771 4
622 4
352 2
226 1
14 2
620 3
172 2
941 3
951 2
692 2
153 3
91 3
473 3
883 1
956 2
874 3
618 3
410 3
117 5
148 2
0
1000 1000
2471 2474 2500 2500
358 3
358 7
358 8
358 8
358 5
358 7
358 2
358 5
358 7
358 7
358 5
358 4
358 6
358 5
358 4
358 3
358 6
358 3
358 4
358 7
358 5
358 5
358 5
358 5
358 6
358 2
358 7
358 4
358 10
358 4
358 4
358 5
358 6
358 6
358 5
358 3
358 7
358 7
358 6
358 4
358 5
358 6
358 7
358 5
358 2
358 6
358 4
358 7
358 4
358 5
358 10
358 2
358 3
358 5
358 4
358 3
358 5
358 6
358 4
358 3
358 4
358 5
358 3
358 4
358 3
358 7
358 5
358 5
358 6
358 5
358 4
358 1
358 3
358 7
358 4
358 3
358 8
358 2
358 5
358 4
358 5
358 4
358 1
358 4
358 1
358 8
358 6
358 3
358 4
358 5
358 2
358 1
358 7
358 6
358 5
358 8
358 4
358 2
358 7
358 6
358 5
358 4
358 3
358 6
358 5
358 4
358 2
358 3
358 2
358 2
358 8
358 2
358 4
358 2
358 2
358 3
358 6
358 5
358 2
358 5
358 5
358 5
358 6
358 9
358 4
358 7
358 4
358 6
358 4
358 4
358 5
358 3
358 5
358 5
358 4
358 8
358 5
358 6
358 2
358 5
358 3
358 4
358 5
358 7
358 2
358 3
358 4
358 3
358 7
358 6
358 4
358 5
358 5
358 3
358 6
358 4
358 3
358 4
358 3
358 3
358 5
358 8
358 6
358 10
358 7
358 3
358 2
358 1
358 5
358 3
358 4
358 5
358 3
358 5
358 2
358 2
358 6
358 8
358 8
358 3
358 4
358 10
358 2
358 7
358 3
358 6
358 6
358 4
358 3
358 2
358 3
358 5
358 3
358 6
358 8
358 2
358 5
358 5
358 7
358 5
358 5
358 7
358 4
358 7
358 3
358 5
358 4
358 4
358 9
358 6
358 10
358 3
358 6
358 5
358 5
358 4
358 6
358 3
358 2
358 5
358 1
358 4
358 4
358 5
358 5
358 4
358 5
358 5
358 5
358 6
358 4
358 5
358 4
358 8
358 8
358 6
358 2
358 3
358 3
358 6
358 3
358 2
358 3
358 7
358 6
358 4
358 5
358 5
358 4
358 7
358 3
358 1
358 3
358 3
358 2
358 6
358 4
358 5
358 6
358 10
358 7
358 4
358 6
358 2
358 6
358 5
358 6
358 4
358 6
358 6
358 4
358 4
358 5
358 2
358 2
358 5
358 4
358 7
358 3
358 5
358 3
358 6
358 6
358 5
358 4
358 8
358 3
358 4
358 4
358 4
358 5
358 5
358 5
358 3
358 5
358 5
358 4
358 3
358 3
358 1
358 4
358 3
358 4
358 5
358 5
358 7
358 7
358 4
358 3
358 6
358 3
358 3
358 3
358 9
358 7
358 4
358 4
358 8
358 5
358 2
358 1
358 3
358 3
358 2
358 8
358 4
358 4
358 4
358 3
358 5
358 3
358 4
358 6
358 2
358 1
358 7
358 5
358 6
358 5
358 2
358 4
358 7
358 2
358 3
358 3
358 3
358 5
358 4
358 3
358 4
358 3
358 3
358 6
358 3
358 5
358 6
358 4
358 3
358 4
358 2
358 6
358 2
358 4
358 4
358 3
358 5
358 7
358 4
358 4
358 4
358 3
358 4
358 5
358 2
358 5
358 2
358 3
358 2
358 4
358 2
358 6
358 3
358 3
358 5
358 2
358 2
358 3
358 2
358 5
358 7
358 6
358 7
358 2
358 5
358 7
358 2
358 4
358 5
358 3
358 4
358 6
358 2
358 4
358 3
358 4
358 3
358 8
358 5
358 3
358 6
358 3
358 6
358 6
358 7
358 6
358 1
358 6
358 3
358 3
358 4
358 6
358 6
358 5
358 4
358 3
358 6
358 4
358 7
358 3
358 5
358 3
358 4
358 4
358 4
358 7
358 6
358 2
358 5
358 7
358 4
358 4
358 3
358 5
358 6
358 3
358 2
358 4
358 4
358 5
358 3
358 8
358 7
358 4
358 2
358 5
358 3
358 5
358 8
358 5
358 4
358 5
358 5
358 6
358 2
358 3
358 9
358 5
358 5
358 8
358 6
358 5
358 3
358 3
358 5
358 5
358 2
358 9
358 6
358 4
358 3
358 3
358 6
358 3
358 4
358 1
358 3
358 6
358 2
358 4
358 3
358 6
358 7
358 8
358 5
358 2
358 4
358 6
358 4
358 5
358 4
358 2
358 4
358 5
358 3
358 6
358 2
358 4
358 8
358 4
358 4
358 3
358 8
358 4
358 3
358 6
358 4
358 4
358 2
358 5
358 4
358 4
358 3
358 8
358 2
358 7
358 2
358 6
358 2
358 4
358 2
358 3
358 6
358 6
358 3
358 3
358 3
358 4
358 6
358 4
358 3
358 5
358 5
358 4
358 5
358 8
358 6
358 2
358 2
358 1
358 9
358 5
358 4
358 6
358 5
358 5
358 5
358 3
358 6
358 6
358 4
358 3
358 5
358 4
358 4
358 4
358 10
358 3
358 4
358 3
358 5
358 5
358 4
358 4
358 4
358 10
358 5
358 4
358 1
358 6
358 5
358 7
358 2
358 5
358 4
358 5
358 5
358 6
358 2
358 7
358 2
358 3
358 3
358 3
358 3
358 4
358 4
358 4
358 6
358 10
358 8
358 6
358 4
358 4
358 5
358 3
358 4
358 7
358 3
358 3
358 4
358 7
358 5
358 3
358 2
358 2
358 5
358 2
358 4
358 7
358 4
358 4
358 6
358 2
358 8
358 4
358 4
358 1
358 4
358 4
358 4
358 7
358 4
358 2
358 3
358 4
358 5
358 4
358 5
358 2
358 3
358 3
358 4
358 3
358 2
358 3
358 3
358 3
358 5
358 6
358 2
358 3
358 5
358 6
358 3
358 4
358 6
358 2
358 4
358 5
358 2
358 2
358 10
358 4
358 4
358 4
358 4
358 5
358 3
358 4
358 4
358 2
358 7
358 4
358 1
358 4
358 6
358 3
358 5
358 4
358 6
358 4
358 7
358 4
358 3
358 3
358 3
358 5
358 4
358 4
358 8
358 3
358 3
358 5
358 7
358 6
358 3
358 4
358 3
358 3
358 6
358 3
358 3
358 5
358 2
358 5
358 2
358 4
358 4
358 2
358 4
358 9
358 7
358 4
358 5
358 6
358 5
358 3
358 3
358 3
358 3
358 3
358 4
358 2
358 2
358 3
358 4
358 3
358 9
358 4
358 3
358 3
358 4
358 5
358 5
358 3
358 6
358 3
358 4
358 6
358 6
358 3
358 6
358 4
358 6
358 4
358 6
358 5
358 4
358 5
358 6
358 2
358 5
358 3
358 6
358 3
358 2
358 5
358 4
358 4
358 6
358 6
358 8
358 3
358 7
358 4
358 6
358 5
358 4
358 9
358 4
358 4
358 7
358 5
358 4
358 5
358 5
358 3
358 6
358 3
358 4
358 3
358 4
358 6
358 7
358 6
358 6
358 5
358 4
358 6
358 5
358 5
358 2
358 3
358 6
358 2
358 3
358 3
358 3
358 3
358 2
358 6
358 3
358 2
358 4
358 7
358 4
358 3
358 2
358 5
358 4
358 3
358 3
358 3
358 6
358 6
358 5
358 3
358 4
358 3
358 3
358 6
358 4
358 4
358 3
358 4
358 7
358 3
358 4
358 4
358 3
358 3
358 8
358 5
358 6
358 6
358 8
358 5
358 3
358 3
358 4
358 4
358 3
358 3
358 4
358 5
358 3
358 4
358 3
358 4
358 7
358 4
358 6
358 2
358 4
358 10
358 5
358 2
358 4
358 3
358 7
358 4
358 5
358 6
358 5
358 4
358 3
358 3
358 6
358 5
358 2
358 8
358 6
358 6
358 2
358 3
358 6
358 5
358 4
358 3
358 2
358 7
358 3
358 5
358 3
358 5
358 2
358 4
358 3
358 3
358 5
358 4
358 8
358 2
358 5
358 7
358 4
358 4
358 4
358 1
358 6
358 3
358 6
358 7
358 3
358 3
358 3
358 6
358 6
358 6
358 3
358 5
358 4
358 3
358 4
358 4
358 4
358 3
358 5
358 5
358 6
358 7
358 4
358 4
358 4
358 3
358 7
358 4
358 4
358 2
358 4
358 4
358 7
358 4
358 8
358 2
358 4
358 3
358 4
358 6
358 2
358 8
358 7
358 4
358 6
358 6
358 2
358 7
358 2
358 6
358 5
358 6
358 2
358 4
358 10
358 4
358 3
358 6
358 4
358 2
358 5
358 5
358 4
358 6
358 5
358 5
358 2
358 9
358 3
358 5
358 4
358 6
358 5
358 7
358 2
358 4
358 4
358 5
358 3
358 5
358 4
358 4
358 4
358 3
358 3
358 6
358 3
358 3
358 4
358 3
358 5
358 4
358 4
358 5
358 4
358 6
358 2
358 7
358 5
358 2
358 4
0
1000 1000
2500 2489 2500 2478
94 6
851 7
560 5
472 3
552 3
121 8
103 5
632 6
655 4
897 5
785 7
369 3
256 6
19 4
410 2
168 3
242 7
939 5
405 7
465 2
486 5
650 5
452 10
258 10
483 6
316 10
133 3
717 8
758 3
448 4
495 2
700 8
368 5
988 3
681 5
774 5
269 5
11 5
849 4
238 3
539 1
186 6
71 4
40 3
790 5
225 7
124 4
93 2
573 8
724 6
795 10
640 2
427 5
570 3
142 6
748 5
366 2
306 5
914 3
784 5
434 4
247 5
290 4
55 6
992 4
912 7
65 3
445 5
576 4
304 6
969 4
725 5
312 8
72 6
229 7
75 9
997 4
244 8
308 6
24 3
284 4
458 4
386 2
441 4
624 4
590 5
221 8
595 6
129 2
942 5
193 8
403 4
29 6
33 7
235 6
873 4
364 4
70 6
464 4
54 7
97 5
637 4
88 8
98 2
298 5
757 8
890 4
317 5
13 7
893 3
582 5
716 7
746 8
642 7
352 7
245 8
741 5
978 3
497 6
891 4
616 5
563 2
534 4
860 4
816 7
149 5
467 4
652 6
276 5
262 3
480 5
760 1
735 7
713 6
165 5
903 5
838 3
343 3
720 8
529 4
895 7
711 3
159 3
224 4
406 5
59 5
138 7
797 5
654 2
927 4
663 4
353 8
943 6
333 4
811 7
283 7
130 2
905 4
380 7
355 6
627 2
555 3
127 4
78 9
491 5
119 6
734 5
636 5
9 4
214 4
90 4
104 9
817 5
16 4
18 4
604 4
653 10
215 5
389 8
321 6
643 9
625 4
740 8
744 4
171 6
921 4
155 4
41 6
358 6
209 10
280 2
521 4
543 7
99 8
938 6
808 9
346 5
440 6
120 5
528 4
292 3
913 3
293 7
131 4
122 4
584 6
798 2
950 2
169 2
514 3
944 6
714 9
899 6
520 6
583 7
907 5
949 3
147 9
786 9
128 5
335 10
512 5
954 5
831 5
932 2
126 5
408 3
451 10
399 4
341 5
780 4
934 4
92 5
43 2
911 5
428 4
252 8
315 3
923 8
273 4
438 4
620 2
338 7
835 6
12 4
170 8
66 4
749 8
334 7
802 8
367 7
266 5
501 4
824 5
212 8
118 4
56 5
667 4
526 8
377 5
572 7
265 5
166 3
850 3
263 1
328 9
846 4
183 5
928 5
678 4
192 6
487 4
216 7
450 7
839 1
589 1
668 3
517 2
309 4
105 5
68 4
782 4
1 4
231 6
732 4
615 2
995 5
815 10
703 5
211 4
657 8
509 6
58 3
854 6
766 5
545 2
646 5
709 3
549 7
150 6
764 3
551 5
896 3
421 4
174 6
715 5
956 4
547 9
80 5
191 6
425 3
455 4
550 4
963 4
704 6
199 4
496 8
76 4
151 9
540 6
429 4
395 5
299 4
993 10
574 6
698 6
69 4
381 6
184 4
251 8
197 4
745 9
44 5
751 4
365 5
513 4
1000 9
5 6
476 6
775 4
730 2
418 3
39 10
7 3
872 1
336 5
708 8
592 3
666 4
559 5
738 4
800 6
57 5
507 6
162 6
919 6
679 5
32 2
502 8
383 4
31 8
393 3
232 4
840 7
554 4
804 3
788 6
432 3
230 5
810 4
685 3
880 3
645 7
152 5
674 3
347 3
586 7
859 8
361 4
874 4
275 4
305 5
729 5
89 2
470 8
601 4
137 4
525 8
270 6
870 6
38 5
792 7
400 7
178 6
853 6
27 5
996 3
516 6
239 4
257 3
743 4
863 4
4 5
964 6
569 2
331 2
179 5
413 7
602 5
469 8
959 5
917 6
200 5
375 3
208 3
145 5
456 7
820 7
970 2
553 1
420 4
477 4
158 6
457 2
113 3
140 5
218 7
618 5
210 8
833 4
885 6
444 7
629 6
648 6
53 3
123 5
182 4
692 7
690 2
310 8
323 4
325 6
311 3
296 4
318 3
634 4
807 5
125 7
500 4
894 4
50 5
46 3
731 7
999 4
21 2
354 2
898 4
953 5
454 2
707 4
789 3
768 4
287 2
376 5
961 5
967 7
228 5
617 7
945 2
462 2
463 3
686 8
289 7
823 4
955 1
535 6
481 7
906 8
47 3
814 2
274 4
144 4
387 5
548 2
473 9
712 7
61 2
474 6
81 4
201 6
419 3
647 4
687 6
971 9
51 4
359 3
8 6
793 3
858 2
503 6
522 3
619 3
384 5
609 2
141 7
608 7
453 4
829 3
471 5
489 4
2 6
665 4
633 7
752 2
74 3
628 5
531 1
979 7
697 5
755 5
300 3
372 4
259 4
822 4
812 5
866 4
965 3
986 3
172 6
519 6
345 3
157 1
661 3
437 5
339 7
112 3
52 8
994 6
706 3
983 7
205 3
297 7
614 9
597 4
363 6
431 8
373 5
877 4
360 6
656 3
394 5
10 3
599 5
684 1
279 5
60 4
63 4
991 8
916 4
676 7
176 4
702 3
699 5
947 4
737 3
213 3
332 7
727 2
836 6
957 5
48 3
688 1
282 7
37 8
25 4
110 3
268 7
488 4
175 5
689 5
612 5
185 8
742 4
918 5
635 5
475 5
23 3
639 2
484 4
106 5
494 3
45 4
842 5
156 5
286 4
622 7
721 4
915 4
577 5
769 5
281 6
641 10
781 3
660 6
532 7
349 2
327 2
879 5
84 8
631 5
322 5
844 4
154 2
326 7
607 9
857 8
869 3
763 2
587 3
350 1
492 10
409 4
188 6
762 4
736 6
362 1
49 10
412 3
22 2
886 2
533 4
313 1
254 7
163 1
83 6
767 7
946 6
91 6
976 3
402 8
370 10
852 7
809 4
250 4
424 6
264 4
132 6
902 7
594 5
847 2
77 3
116 5
675 6
801 6
773 2
855 6
791 4
85 4
407 4
960 3
567 6
882 5
490 6
479 5
101 2
160 4
910 4
701 6
515 5
100 4
718 6
510 5
117 4
433 5
561 7
314 5
177 5
862 3
778 3
672 4
821 5
536 5
73 6
578 5
565 6
301 3
14 6
929 4
750 10
248 10
638 5
987 3
146 5
981 5
705 4
598 9
739 4
414 6
482 9
506 4
95 4
243 2
330 3
975 1
671 3
772 6
977 4
541 4
194 4
271 4
826 8
6 5
189 5
303 8
926 6
447 2
834 5
28 4
683 3
651 9
761 5
669 7
173 5
710 2
102 5
505 8
546 8
459 5
605 5
255 5
285 6
664 5
461 8
930 9
223 7
153 8
558 3
962 10
518 4
82 3
115 7
320 5
982 4
87 5
580 5
837 2
779 7
107 3
67 6
198 5
357 3
351 7
220 3
340 3
825 10
288 9
958 5
542 7
776 7
241 3
998 4
493 4
972 8
446 4
936 2
20 5
673 6
670 5
649 6
951 3
691 7
237 5
164 5
841 3
236 3
219 7
556 8
733 5
871 4
499 7
233 6
538 4
696 4
805 4
562 6
883 2
226 5
390 4
581 7
401 3
948 5
136 4
404 3
593 4
187 6
148 5
449 6
139 3
35 7
388 5
884 4
143 8
830 8
579 6
876 7
272 8
571 6
415 4
544 5
848 4
753 5
603 4
426 2
134 6
374 6
925 9
695 2
759 3
935 6
396 7
96 5
26 5
611 7
756 8
980 6
307 8
436 10
478 7
260 5
498 2
941 8
302 5
600 6
806 5
167 5
865 6
391 3
861 5
968 6
596 2
722 4
864 5
466 4
442 7
889 4
728 7
485 5
222 5
435 5
613 5
843 3
659 1
416 2
524 5
754 7
662 6
356 6
30 3
974 4
530 4
973 6
207 7
267 4
36 2
329 5
439 3
924 3
867 3
904 3
787 7
878 3
537 3
181 1
937 2
813 5
900 3
34 4
803 6
234 4
920 7
621 7
217 3
566 5
62 8
984 3
868 5
443 5
204 4
881 7
682 6
246 5
770 9
908 5
109 1
397 7
557 4
398 4
585 7
630 3
856 4
845 8
644 8
195 4
564 3
588 3
460 4
887 10
511 5
940 8
86 3
161 2
371 8
15 7
726 5
990 2
111 5
504 6
108 5
575 5
206 2
249 7
337 3
291 2
933 8
135 4
747 6
568 5
693 5
253 8
278 7
591 5
901 4
190 3
677 5
888 10
202 2
966 3
294 6
17 3
909 5
796 3
261 4
723 3
771 3
392 5
626 7
832 5
952 4
196 5
985 3
42 5
875 4
610 5
922 4
694 4
892 3
680 4
344 4
422 4
227 2
382 7
319 8
3 3
114 8
828 3
527 6
658 3
324 4
818 2
348 7
719 4
411 3
765 5
417 8
827 5
240 5
931 10
342 6
819 7
430 8
64 7
277 3
79 6
794 6
180 4
523 8
783 10
379 4
295 7
623 7
777 3
385 3
468 4
606 9
989 3
378 9
508 6
799 3
423 6
203 3
0
