8
160 24 27
0.66
32000 53250144 303268396
56302 628847507 641831697
36201 399342015 671712464
99823 50974301 320813715
91517 276908856 346897734
82439 847685774 925945054
73467 953366941 964359068
92663 692399968 885020248
23536 911222602 980476825
16102 276153437 276796029
38390 150591888 183567201
78149 591001055 681836990
97854 844349782 983574027
17396 888597137 897803384
91119 302637614 483436442
30148 381339272 529458153
48365 368007158 672257294
88733 287956280 288033148
64830 475113297 634387748
4705 815375833 841481478
777 145815187 438341555
63569 809895245 813967517
58016 743200836 886377207
96238 39636082 141755379
57632 506611210 739557990
89955 85033030 388844348
28919 519445123 766575027
89699 334545052 485856156
34694 261164838 340179091
58093 621291528 922751509
44904 117255436 352703857
67927 627062283 659650062
25938 75452408 381135034
50442 583471977 686569165
27548 217611384 277447287
47979 608858572 735058800
54047 130283902 290008834
61563 44737981 359651228
93728 394174314 409816616
96224 143777846 394328654
15948 467416574 674560669
88195 341765671 422208770
83717 794621366 801417214
62875 682533733 888835089
32637 806447190 865787401
51627 422211839 504815213
39200 2743529 293751635
16168 394202961 397389786
75447 382615682 384534369
75487 648031106 677045194
94155 456523630 689936440
93844 750574242 784824209
78248 798319138 945885892
46350 687193063 985182282
45122 134223443 296315602
73714 970063118 976526110
79164 828523148 899000624
17550 11839392 231581896
96903 545176916 550695546
56727 713066805 818906762
53161 501671762 519642532
85685 771894429 787253847
53119 362462538 492371321
33535 55219622 134901043
61220 736618731 766975607
25761 583469639 891993565
44339 721832682 828983444
87365 3249588 198039633
91594 811907226 903249812
73330 596114591 669846520
19248 861047449 915679270
81646 428179577 618934159
1817 767600008 992159895
86763 496693307 498279842
12551 398153412 401805674
8415 831571522 958689861
23091 616627544 934535703
88308 271701720 480398386
55277 211478511 212194824
81379 148063159 179002762
8834 972074853 991123402
3674 301707215 493053422
16604 756097216 956112800
63366 464637388 671145098
58478 771319694 961995921
14990 541361004 808566838
11569 102328100 272237572
86876 815873921 981140150
84489 932362127 938616811
5538 14546977 174397500
3500 920539740 937554722
27995 759550877 761160390
95972 37942120 155400246
78255 160572805 424801258
80211 334743019 456236023
69852 344653733 590146609
14295 85934592 125044180
53170 105101939 208938210
5167 515834330 519295474
83422 497355813 702475528
58461 58020640 231721344
49066 185985330 196861373
82925 789574130 859630805
95683 268117697 546822055
13493 685743031 798625544
73020 474746791 477257771
52254 556462346 607930889
89074 154450557 194889045
95298 196015262 468046575
14095 198993458 372321745
90551 593913003 709311449
86899 100583054 172135769
62412 387580616 606954072
19153 344551007 344897584
73938 293533028 408269642
52470 830276709 861613739
15389 308204038 592506245
53936 120374002 123352008
50700 361320931 390208644
15692 590275500 876920449
36837 500580159 514851077
55329 267078640 438843686
76805 131533553 273557108
89068 631585957 674343940
42167 125372537 327152926
27580 85185882 341066296
65315 236100366 529190684
63024 605394967 629021952
86730 433711272 561323323
97309 305921078 371049788
20207 268972559 482346567
36469 763293174 971360575
12888 819941687 848960039
1605 574896931 837702849
29973 205617084 272565349
31487 563409553 726506895
28898 56625930 295295870
11960 536812904 633083424
49481 786432729 888957515
50866 358063820 458251254
66442 47105965 197502409
43197 682003193 925824176
83069 199302347 344137599
12090 415524812 687683396
45655 564173058 745167712
16801 230161719 488480254
31372 411030356 413143497
49284 650082883 731997746
79029 793182695 797152499
86612 730626874 915247470
33075 395785011 591906490
72963 256705837 436382170
74898 561706094 796068705
46794 328190236 565473434
61650 548979905 652332850
15852 879641662 973253266
46146 665138457 847573251
98491 484023325 608461765
4751 698422000 740164227
70458 665342904 843384493
160 25 28
0.33
16491 12102525 318613043
6522 123483966 424776810
37032 214146589 249808439
10471 173660243 498583129
51135 139506391 466643682
87278 835008335 959186939
10090 172261961 394929173
81134 612236762 733571393
41744 664708634 839268390
27593 180239758 470023512
68778 71478561 284729280
58027 226868180 273703572
79107 515973264 809826647
55280 996113452 996809147
6079 57437829 332886430
79175 82518971 330882304
23518 757657840 998457773
36754 527869747 810827840
30849 726033537 914890047
32528 163574560 205520191
76141 660001006 746294555
29405 838637063 990305380
52110 433109875 654495592
12953 354204370 355766474
30654 204636341 250802586
80519 120955289 294348984
583 367713617 372493675
74071 487139950 796498042
52613 874246774 959785802
49478 31456574 314779327
25680 254855695 446589581
4229 592559893 609034011
26617 458218560 493078502
7928 65012168 311379249
88947 204117231 414585192
78273 40871316 256556008
37205 330003025 613172932
24989 636004038 861564312
53822 440690043 540668232
82348 98154774 171355938
91640 962470862 964075713
62391 292771643 487728164
26368 700924022 895006119
63726 664460680 922622788
57413 40044133 160123598
5521 605076334 793519705
58032 747692115 833584762
23089 773022895 939704629
62564 449029199 725247352
54037 167698345 300322429
52806 353881983 406620367
12577 449114531 588844974
13215 34004664 84294568
90324 586607446 840124976
26752 330713872 421858378
43922 205561645 214882377
60166 610174884 730772936
28259 78367794 256543619
63359 471026906 770922796
84250 574426522 808966530
93484 847421890 922369463
68568 414662480 482943122
82663 532357856 665916617
73522 318129921 488765277
53735 304623959 372987578
58641 382106791 441623973
18530 813395389 926714584
23577 766378456 922563936
1972 256672776 266415705
50381 95011385 187583638
50398 404328320 542085545
44337 172350369 366591773
54608 295287010 325351975
14128 707440475 900408029
46826 820104118 826504975
61856 497050465 569296645
47488 465676016 526862922
53764 422577017 693637725
25661 668381198 729553156
74001 732885351 750549572
52746 902952249 917105949
12947 44134438 46869537
86543 615512280 781880542
46992 10173450 126227973
11290 531800149 682803560
57742 564305340 573717942
34910 733548877 739887345
96210 646912893 824258731
75102 759724423 945784178
71785 247725474 532786380
18507 732754216 984180755
41578 754440299 759451527
44170 631436792 780670171
60604 449530070 518113938
96986 279835288 353172179
36533 57852255 244323412
25909 121675456 212436746
12355 219431842 331152056
40374 305634533 307011196
92463 638719847 654740276
10682 358959605 642404559
90399 80607914 160033237
43434 863818179 912295284
79484 653766887 886452309
19864 659415070 908912136
67060 170582947 460415875
97577 280792561 438372392
48416 217131225 270912663
20211 644080184 689288053
9833 463420382 718529968
21927 779234446 860327462
519 640431510 790824565
57136 525751774 731069900
80363 176252405 403555553
57629 390791195 401263650
36254 77916577 219378605
45469 413872257 426319443
53385 114033523 309114158
37097 780335330 945285816
26104 82033442 116871550
38503 636884705 935004744
5689 479562756 676060676
86763 640621140 679936742
79018 631883506 871130335
78145 848258880 858831851
39634 335686932 393577578
20778 454288905 607499384
72911 423486118 474991368
13188 672097019 823846742
15408 416987486 598305313
71085 307196228 617333880
66628 135244861 216525987
98473 567032789 710730110
33172 182413695 374452107
19939 756288142 794753289
89453 621807542 851790188
15473 275320289 491015436
93697 61194599 380344757
98683 16553580 126405387
98991 253398551 497498531
56126 617039434 928450230
54048 259886351 560248321
4556 663420071 784948075
71828 221542943 239594219
78711 155784035 416802164
37885 85648471 190890667
69455 570171844 782334834
21706 506937797 576597287
49288 179509771 506792929
20359 589532077 590918640
15776 207399210 287246238
26564 516062703 715336588
24735 358613716 592033639
4020 867650482 962196819
81536 700836715 855402391
80183 783182223 877319364
39760 617576641 748343025
52603 597000378 851804674
82070 462093433 639010116
42974 628889127 656927989
179 26 24
0.66
13305 469909563 471718912
49164 111485922 336555349
32320 314140821 507895667
79534 700054243 830152805
51334 31870854 158897535
49658 406573192 423017222
56998 129296058 297858571
11415 730080588 739708950
58974 773182448 854450645
83308 229971455 376845301
44661 665250474 828354597
37186 456573530 600938982
23039 39988825 213023639
33159 883161757 939747691
24446 801453948 807103419
83061 504341243 504887849
69483 793959921 841616604
91699 976341937 984691594
50455 751089521 806235205
82234 403451960 598299964
32236 96368335 229357660
33883 295649923 310166405
94711 40317006 76346919
38272 974757782 977154615
5642 360106459 632552863
69328 267402323 334242833
66750 185929923 312005927
20568 225368769 293469610
82135 271415214 329693172
93543 73030578 350195040
43531 35973794 163451319
95960 626236598 826062001
44868 473125147 638580136
87062 559842261 659934151
37124 773436125 961012478
51260 9246209 214671492
71497 836962994 904320762
44859 242610920 328874751
6930 541319023 754276201
32160 380140633 546324176
25601 679925066 857001065
68437 90426008 344792815
41762 157708942 225474619
42503 871625819 958467382
21259 116766052 194071593
75369 577237924 797760995
54469 679385351 702791583
11543 810859235 824278793
47178 564030861 572364378
53630 781880143 957358316
79888 304734460 350842665
82107 450451258 530323429
20966 705711842 760652607
69633 55008448 67350769
18109 538235595 620004701
37120 187363600 368165236
68682 830653608 990150230
2018 90190061 159533467
58121 778035103 993232231
85144 135533449 260229285
88419 150152764 256996297
14485 193017599 460265181
80820 492307186 677114669
73914 349578923 585897098
43079 741580933 955605530
34899 222262009 491933501
82596 718080249 895039403
12863 680987516 751866258
24172 161330994 364701363
65782 111801406 334096051
33154 371377729 510222985
72551 746413371 986827889
54860 157450248 300883857
34976 722800197 812503931
44795 10165098 89783743
81394 27329608 289969059
98888 654324793 818583900
5652 714538959 909026381
81440 604966618 666430573
60200 343144233 500161608
49026 587656910 799010476
53564 645874020 673805943
11750 217973559 321919775
76434 727732529 992889128
9953 406179240 529850442
54594 677317063 770810704
22983 234715801 240984459
79902 591140746 863354431
18737 26693875 69990260
33718 681403756 689736766
83776 231444187 466792111
41022 655955141 866142518
59872 215071586 412865243
11310 455832105 465529194
40785 378020748 539865142
61609 829774144 959467259
58115 41595604 217519727
35137 411277300 570928331
52768 318773686 352744758
88377 135862653 156197163
16303 836719539 837547659
87852 35247495 147282136
69430 613331504 771124541
48748 406406367 569527042
41728 857047939 915589378
10317 565445197 605986978
99264 775063656 848656779
38084 511416401 649566997
36053 229401308 334993480
28267 192673660 381739396
88207 49130357 128735105
74983 778548272 817607654
30225 351131379 610110985
14923 496476260 576244832
15736 711475456 752493513
66175 4170706 261255414
17564 598467901 601836492
16284 890772885 958354300
41237 364937116 443440434
24314 478791617 567865080
16577 461651228 715346717
47085 184396050 272025272
70275 773417861 829298739
28747 633418528 802590652
48174 10072901 15105846
47633 558901851 739608254
74594 302719892 462266499
75783 227089824 436524077
61110 947449835 994057182
60482 283004654 503089063
19992 349455552 412058122
91050 53322088 319557831
53330 630735189 856796171
64891 390927874 449276852
9134 417842563 535967304
16656 703379107 727932250
79867 568399621 625187182
15869 302276004 581556690
79985 111378260 264606155
88028 900192645 970943897
10994 134593010 376280934
17675 172968732 395433934
68146 472257116 606455537
69460 498425021 629472311
35737 831625295 841622740
79566 333628236 448578566
71719 78427097 191397559
95618 624947423 763164127
58392 50058005 195942947
14257 231052865 259786873
39048 75481245 290584607
26133 79077623 262654232
4504 117084014 178417817
28261 86463159 172790690
68882 104122971 105739878
69598 587478416 589197197
29451 605430126 846342609
22751 250213982 506809032
20424 366509667 568780196
96404 571375181 690763371
88162 968116593 984340041
52533 815321765 939678936
46829 367031722 566433514
71152 221422827 271373239
90773 731210113 811836502
57221 640300633 657544662
78699 405140307 615211155
24369 684334349 801630705
59807 99558186 109773084
54351 659298017 831190396
73839 333460269 550175164
3418 693040216 706796327
19424 293353927 399026812
50293 99940286 365747964
14794 325589825 422856055
9295 408210053 410989349
24537 165588439 425501700
7618 523163909 658460730
10130 259238242 259855958
184 25 30
0.55
62057 648001550 930113367
24834 101462224 137632482
38600 881324820 884322345
63294 85960474 299956364
70365 543221545 558133022
34302 701733226 838085229
71428 378175835 652124197
74006 109593850 139200614
2654 347667607 590808507
65484 454123423 747435303
93237 381437364 456724972
88027 619915297 889789555
17699 62682588 325793174
40339 416245976 654149807
68245 539843640 666745258
23267 166721248 290386098
87627 842796846 845037975
79898 357951361 550319516
37857 211690570 465347832
6026 158666362 278392794
39219 843510665 904873497
37775 758159731 771379127
43453 242136196 245257956
26160 280643376 373718642
65633 6221743 146097002
48452 247019685 261181684
55181 225492673 329413759
60407 564581947 741690893
22013 37793489 246988635
35725 343470555 499359591
19613 36155428 71854096
50566 701781489 949090722
1586 555951570 765327009
50275 516054937 625176776
98362 660748886 678661526
17192 336667146 475083776
26642 58820282 77887529
62436 129927459 200176111
24087 837559278 840747263
34318 215162275 268136562
31471 69115487 182385701
46064 713283178 957422154
98761 460608614 533563977
2857 338750267 443893122
15075 57052795 320860759
39502 474571659 487028414
12971 248078857 479108132
64849 814604250 820691919
93609 525719887 791144391
19589 719621650 988900487
81883 122408110 132260056
11745 332864989 449639035
78465 701620962 860659944
6947 822144472 870029275
12443 441610196 476535600
96664 365098498 442533460
55696 911391802 920651619
11962 729076338 879357676
24017 706047505 939634850
10585 263568671 501511862
4414 738235639 896020582
24798 753822292 919842046
99495 692810948 926601243
17228 315344748 342284360
59062 631269980 893154259
88040 467364047 484143280
49676 525642152 526256648
47355 92131751 317054044
80745 123422671 228286911
30166 310247074 555278796
63921 174093877 199733411
54486 338037616 599217476
57963 408556055 507214319
63400 277734985 411308766
21100 553108788 602598003
33071 747791267 749645341
42037 875973146 994248188
76453 603044424 798620066
42008 395373370 627742260
34239 97462861 105310951
10657 887355998 997093516
35860 372903568 597553169
75988 264639294 326273784
32831 105573675 153739175
64625 476238432 582728405
54307 493568092 558350724
89472 342066442 547379239
71056 786300025 993530312
29449 539087792 668361965
91428 319646536 367897939
77699 231482816 292715747
82836 153270674 450172305
1392 721379275 999044239
42123 256660409 276930439
25703 673390787 718877808
67218 296454889 503918759
25747 855079434 922698412
7761 348911727 575663181
32667 921633368 975035461
22997 403349023 557867035
7554 109889039 131439546
69780 313146618 368661305
72592 213730614 226494110
62798 97183856 378593191
62929 96988244 316777774
61749 541638484 541843115
11325 778717304 929182452
90062 761999479 943370125
12569 569834288 629889584
77176 698044616 755667589
30300 756574804 972164854
19405 183387390 339114262
20948 495368036 509139225
31431 577084682 701425835
93034 663855710 824693955
59590 915052664 991110756
96644 307171229 571273274
59024 360979973 584896211
87722 648220168 821267426
38296 580210442 604337816
71468 341025625 342341983
59074 864622980 957837115
50083 257086292 479524502
59430 746156642 992123847
97429 249758190 286323149
52884 333233880 478501393
50910 639050599 815129029
89016 727802381 859754212
96075 268982100 373754926
45535 591556688 873104192
49481 704699815 716499612
58168 703686256 949172570
70014 414685270 654020086
53246 519499172 740519722
93974 682151155 687718637
77142 377760911 570686732
73058 18920768 98559790
49173 585091921 799158773
92444 841313936 965479138
60133 121309874 221416895
81743 633943442 861614615
80168 132328859 376083082
44021 68614421 130191203
96827 261741801 268973143
66241 92225376 173797636
30143 96686052 168756074
67615 598437 95477052
67541 300695781 529089251
4441 614931262 909785309
45192 205518495 327515302
11195 56871587 324255893
67057 372614105 494938009
69914 240138507 254504836
23733 312662865 334177305
12657 393770536 687526738
30065 243063397 368714345
28621 475590339 759002588
13018 72235698 195991664
55434 794797302 805920497
74559 143715225 406360143
52925 671745546 813577478
86000 831368092 833414768
36149 433541464 446856571
98755 264204338 277512776
44124 228136659 301558960
27637 550796727 847340842
86498 933287474 954066845
38127 342075126 449527114
47805 541577296 613321686
22666 432478334 599736800
10346 307164024 420727164
32820 487031159 522353615
26775 58486980 205789033
1363 237587654 350833831
45189 173835406 244791516
55498 195053234 384627988
57864 32059430 253059823
74843 740402892 898377739
24562 702146538 807847846
31020 76475814 349234193
5616 772841462 813230128
24013 831186512 831809304
48947 627868103 635423219
85049 679481048 978065994
190 26 24
0.44
19417 811180966 847286610
98085 542250803 583414562
827 369198110 424215895
81403 259613781 292538345
79985 448215072 553451317
94927 629830591 828210821
18617 522883531 523482370
41598 520807827 765307759
79914 236415794 278637095
39896 49527700 142013249
54197 108434980 281944136
4707 234966091 374147677
6413 235255639 412641831
39807 389306924 467648824
62632 411496775 439557980
14955 299912804 390309302
13542 923689465 994366300
53351 825530717 832504717
88627 347218884 571715920
68409 669322665 696738309
7272 549900735 691377390
29012 577403216 688940909
98359 527842846 671797522
13430 509184308 511998670
37096 271568171 311047609
52306 931028191 940284643
44702 295049221 404821008
49038 946212974 996975838
30654 274219108 283883103
39598 658946808 825811262
53168 666067720 721559402
9649 221174909 268343416
94695 601057154 697038426
50938 629748348 831229787
87007 456932592 466501161
60435 886759198 910300508
36677 105550525 180577796
66157 211739227 221209590
77596 472392175 539760614
59436 442804573 448303887
70013 290385447 505273040
21313 600784819 691454206
55775 86320254 116488922
50168 531916838 549294856
27608 881147083 910410539
64340 245081208 409781490
4867 706251888 888662734
76503 83941248 318272657
92227 184088977 431592540
92327 398607989 595079794
29767 403361832 516639837
21582 663163097 842000673
14479 19476247 266272287
78946 226420304 372937399
69006 662586126 706000249
87749 446096615 450715962
62289 513879352 699034178
60462 425473881 500578989
79872 592220527 840733518
48424 140484973 140908942
65411 863151685 989823720
17497 6943991 246751810
47047 154312052 182255277
84198 318514515 327536236
55265 75199630 274893658
7638 204472893 359978033
85939 112063228 184578009
42485 171509994 190806488
64493 704031950 966790793
73146 545682525 640329325
92886 60802391 232859373
22955 228637540 347764686
63212 300053027 546597971
24672 58945301 276434742
20489 591766069 633860893
16230 644133117 769218907
46183 65689119 131374445
66918 663109344 719527575
29925 820464480 932274535
74342 762073207 869966012
87403 298221415 318831370
29454 82045812 290512354
15307 144583492 188631296
54126 387227022 502089235
9609 822507161 912399225
69310 529171702 654353089
9917 390087758 395868806
86118 21856328 87792103
48374 692567152 705232739
50848 661210356 805129423
22658 174028076 253917421
95292 864514530 928043366
52268 138192946 211440344
53507 741994243 874625373
48998 93602601 274128492
67710 605014642 672625418
79112 120069533 173894584
57368 147754377 169546123
76055 139924859 162684159
40193 396812362 638706535
51690 138089373 316916360
21205 255860869 451535393
15369 28654009 280776501
38142 601096557 750740701
24536 256678666 410023114
13750 104325510 356647510
30835 362313397 520775189
40879 861737798 966750160
29275 292543428 483602390
72567 47152 16539999
34992 96462765 224510902
68247 738542041 922967874
62560 191633939 273134687
15163 49194837 113797611
31904 408183334 424437853
73303 232465230 348756644
22936 42119878 118534943
74632 155182995 304638204
38084 333200762 450002408
55098 411586572 502233121
64376 233964384 395147018
85961 159771590 367798653
49733 217910968 225197580
6154 13668604 141677113
76954 564674167 691665805
19499 267200212 474528778
42093 459513343 700481397
65784 431626715 668811058
31066 139606062 169275215
38816 159025870 231055910
93804 691163900 806274906
39192 46704167 62001537
91995 606033732 613025284
76223 673164066 681287048
7733 605344560 868492336
59234 123602301 178492722
15904 90988791 103967622
79329 637145620 640962020
20894 676626539 678978271
52979 274582955 437504985
42130 392556292 450904503
49926 261183774 283292050
50340 711651026 738197066
79626 543066384 803081968
77184 698172092 699275601
99470 339028410 452137034
63396 484130989 546812858
46251 664473387 778760496
51771 547398019 629450745
72033 726360729 827723937
91299 136080840 165163763
96767 178132263 214945638
98230 142871224 308353116
63624 152233417 354955825
93064 211206899 324396509
48018 302950044 387572099
46668 515727058 621064926
10801 289328084 486980606
55356 663848673 925994694
1236 513133182 625916230
44025 106243046 331062302
40590 328161823 549766354
18769 848117445 852493788
42649 448189754 475836620
41728 789572618 909590560
87479 244153441 401128702
59640 19716064 91359237
47321 752092048 835128510
48612 221056021 302408039
33411 171086457 429223043
1513 101518736 206086724
27472 486069895 507792442
77039 328181423 376054058
74035 116145542 154229657
38751 648547023 890106235
27679 380733480 497912713
73230 929206438 932906259
99816 334032497 356237637
66425 342033670 461237381
15017 213180194 395836670
49458 92963205 153929233
41288 567061235 766163331
14747 415690262 643453297
90551 193921330 281529243
90064 747778528 750588425
11325 398955662 552042387
53867 499097374 620764222
9813 747294506 771022432
4386 437035607 694844501
3829 914499681 921945282
164 28 27
0.69
75626 508599417 509612840
93289 508381835 685821181
86798 595880660 643806960
70651 870874797 934540488
37417 551530227 558445820
55472 264251792 554845886
84683 265285379 284761803
8710 180253159 338430077
83713 639745234 856114433
78337 112701493 248365595
10421 568653576 619432364
79596 583013248 671427390
84851 16684630 113569486
33725 229028149 519590321
6352 536133688 656813467
76893 947463182 950286612
19431 433911604 710342868
23686 905096471 979069041
72549 289566674 419912795
14318 238144977 458567914
10375 671435150 880990630
72100 61213370 181893334
53792 411376934 498918790
66073 513353200 718726081
89919 616288113 883970566
28641 880813004 954141508
77329 12088106 155804004
22394 184257016 357456813
91459 536743442 848861416
3149 225935731 442584611
28588 108128455 379360875
52243 137009556 142431681
9001 775128250 911970285
75098 143539140 248938721
94569 96356 64997333
90537 820949132 880221748
39562 550670247 608092608
83232 451733375 480793077
13220 49714151 259776650
64260 14221631 348717040
73862 336934237 640419184
79259 836135752 979885665
92670 84984693 223765841
36787 375063639 474209874
69213 2692387 24334922
4104 547580486 876597466
69242 457867606 646915913
65126 118270228 118926647
53142 563751481 884918644
98092 545576525 862202917
45825 587819483 595891340
72658 63978349 100937460
64060 462764234 636891504
56461 706957045 851339723
98654 97085681 176049580
47409 397748278 480032382
27643 29345127 224489652
11766 34819537 166205415
36835 242753831 554435754
48223 372351965 405442865
83176 376890313 566658011
58008 17226949 312068766
14819 730599034 891532018
71102 556276062 874494898
51927 383952988 393864490
37604 601249435 723198465
67829 677767852 993465910
35091 158781580 436164267
92162 139328222 192162719
71249 871498554 892909227
4503 426820557 760069795
30598 202427858 206260328
26985 706064124 788919819
54780 1207104 322628999
15081 220336035 455599472
68422 621334007 621510706
43884 674789983 741932727
52355 196638229 507942748
66414 34564714 164149073
27971 537879987 630159322
47091 292399481 375725315
67657 272450996 476894108
97935 379131547 566196070
57618 392406492 670864526
63975 869524504 882322508
62486 583340996 624219335
2839 92976924 269630473
39117 654738864 963062593
19574 341421155 589057957
44820 558030114 697828556
2583 209669644 471898266
32720 589627952 684141300
7826 254935722 403694176
55923 393444848 703282722
86628 795940052 798759687
16605 217375170 284336948
50259 567741463 829067797
4805 425107503 579722168
37012 814406844 945653586
58745 461696975 602511964
22737 71009908 297203997
43299 880964221 952377061
17989 217448977 409156599
78669 180205850 200414427
98698 411329721 471605247
91110 808364537 954749521
66774 446321684 679225189
94149 165248052 165587225
30466 228800814 349398431
49454 289078127 524987122
59244 313401084 575813525
84692 681996802 740746383
3006 491890894 535910594
28351 637349414 721798894
53039 534102838 617165711
70735 44224527 133625691
36104 15932847 135022472
27743 532469826 731681861
9258 526854111 592255261
3597 136883610 205488417
27822 910803638 951111830
59450 357227890 564304169
48590 29169495 235083719
96590 562090905 667251577
92067 779521563 976486707
27070 247627366 403243558
25679 228757681 401545247
49169 313141100 586259001
29341 620683336 662602940
2143 145005032 179427473
55014 235647756 336814701
67644 187712903 198703541
94261 672151130 814077742
13812 462779113 646259499
77293 834218175 835925072
65783 748019116 865029676
35018 602083364 906985519
69336 771432199 782271946
93574 611229253 638827614
35089 147777685 304597927
56222 345133912 462191026
90314 622789289 710703597
55957 532216527 586687566
17786 219773439 461365154
14199 346044089 434063385
67853 33829576 36996870
12417 502266901 519159768
52071 490249885 537915875
98400 102147555 160913762
16841 179311461 194268312
38871 852123467 980179391
42642 180067547 184093771
44837 257624832 425253439
52296 715511041 924326678
9735 733396597 976492737
88471 637464568 817275929
96603 102698304 373203397
69978 727448726 968491432
69573 165806351 203036552
45400 351378502 424016382
8853 12689364 212547795
33201 586082371 795431313
25673 104803911 425357849
26490 722864658 994630623
191 25 30
0.3
99906 30707557 82053649
85387 145523328 324785412
5657 186076748 442696792
6980 544720414 595919973
63315 742932764 907776357
91466 558407314 710616896
2528 320108736 503144064
20996 893508836 949966103
68995 496449114 522127191
51781 838788298 963195927
68633 689689463 837991672
85042 18828447 288957283
51002 499975948 506121704
65863 289002854 296519335
20766 153776950 342084859
35611 59517745 252921947
68738 216398450 360455274
60866 658508363 724239545
61131 578137202 803844182
72882 179331308 316194030
45643 430440651 504739374
43784 12219016 111069428
54050 82727883 280627410
45132 403721963 651781690
80327 371822130 624031471
78067 278829329 397734844
81352 473068941 743134823
26084 343996450 442776098
55566 312720174 594158983
48734 59206998 140703535
2533 383223025 508164276
80760 724090296 921121560
75516 75109107 99209403
69609 672732671 818075414
54600 71267057 71441123
9961 526519083 570570432
92686 70206920 71917983
71737 501433354 660366719
64833 19072877 263800030
47199 925663290 946195362
69577 423685618 447058397
66805 417410436 638195011
46150 726673960 914781467
88387 303881819 466722891
3379 800608110 836256922
27626 268590931 395669735
34894 532724382 644357969
86468 282139240 554641686
73560 863993910 998733156
95048 678301221 803766945
79353 362124736 519276125
23091 792613536 893366560
17254 371113037 610013602
20772 509689724 618715195
10470 619976050 660946293
75430 554013235 677732242
18353 534301514 719735992
19796 443274835 493556370
11898 320091887 370679781
18808 839816944 896936489
78256 78193742 137543911
85590 729792045 869053155
77056 806317289 809599998
5831 126169781 302079959
4862 293860667 343399637
3561 621013857 903929679
35972 575333727 590609377
45173 551468418 713863941
70266 165375871 199403548
10769 599202901 663605611
63415 489359180 738362164
45513 43511352 162822474
91271 18574493 32327949
79223 60252526 213083551
52238 801898556 837905671
40011 688358052 690597391
11341 860985550 996507506
73383 664243845 828174969
69923 689257494 893462862
4651 153791258 373274250
99414 906389985 912069966
78609 652743471 939583936
90706 389893070 391112758
59258 455908801 686308871
94258 900884033 907411693
74409 260157846 260557112
43677 532190813 549926594
57263 562595941 722844708
4819 705193171 724614789
63623 574051227 813003019
61193 614770615 637788867
3171 128806731 208036072
91538 904667968 986131480
19176 93612594 348392756
43743 655806445 658989198
49301 785499023 948436780
36776 233412323 402499184
26891 375294758 463047594
55308 296331112 397437731
64360 499969208 548393535
64790 750880434 916644626
49364 93829733 376586501
91265 613310835 655000877
95968 598648861 615293339
11869 302255892 312872434
60396 70563674 341888242
16787 77767093 196427189
77065 792366144 877876564
49991 342122620 438717401
90431 540135054 699448989
34716 435111800 618545848
17328 498106477 587292834
47068 392649288 486826161
41660 729120748 809925941
18648 626183215 637232120
9703 290318132 369023636
60974 830681840 852706840
96345 824827135 955297665
20617 560871848 776480750
70469 364819312 366244600
70062 314506546 409624977
16013 456038781 462679262
93236 710826359 968352198
47012 667870646 750960954
55316 79531127 87375701
66036 349715615 571485401
93794 425094889 500875256
48962 648833835 820001850
5786 87428790 265041375
93295 273460050 287240982
14144 1943791 264645740
80384 839325586 919718896
70082 73409160 84270266
2753 43352088 48310429
74495 18579067 132431535
62950 611658387 614084427
63052 708835276 810741064
94515 402461724 508158177
30452 524913505 550229157
41309 328620268 558903878
92321 57706895 280027835
29968 370641869 425235382
44537 420054201 473242555
58803 532568559 536803153
84683 800315578 872102678
75466 284966540 476107638
32587 390271642 545986027
58459 865442488 970929533
1338 189759259 191436063
84435 397331791 459151190
6122 289109270 568388144
60074 474767437 602550462
27360 675880484 804225868
67493 140598765 141167880
73852 578423559 621234017
54651 912772759 969250201
14454 689296809 692666587
29659 378095442 477558028
99369 6585166 146077290
10572 134538774 312561387
7029 229545763 474872575
1077 717408313 873181345
81728 712420859 783420152
14111 85186895 251934360
51998 496439037 572128649
75640 957584339 962227915
49105 79642164 354836427
56730 29931215 282797369
48179 264810836 267748195
28332 138894831 181410176
66674 517314410 537781387
48391 823352783 860349284
90299 762565372 997747304
13724 172360550 221242635
39931 279394882 345513489
57845 608877382 776032142
57826 558990552 657497478
3546 386771393 449847725
74409 848024244 920610233
86581 649171350 887950448
94902 315101124 355068488
38840 137795602 140572690
55102 325310104 401727317
44285 437461352 688693048
6699 320460908 438023439
57231 591783622 623952542
32543 441296949 457001928
39273 58276463 61311996
29304 787999346 819553019
62780 837280448 846177845
38101 470631680 598100079
197 24 26
0.9
75597 239011154 390601975
3306 526479095 731814917
30413 397930672 403644303
3892 392243455 524104199
65178 869304650 959989113
72769 385990636 628558578
55438 246696749 420810598
51221 447564828 644763752
51926 693421704 860878414
32336 411185188 493770759
33848 46381465 255912422
5012 545102391 552405298
98736 680946736 737851404
26308 105191255 158141715
86716 620707673 839532679
38765 705603390 881215705
43289 370968192 383421664
30313 982284594 983464469
42702 727197112 801228390
49186 724821542 868610685
7016 206340892 297471255
83413 212756647 215953247
95174 394979007 471859120
28472 65887057 96583288
62422 262331500 362122422
99229 183250346 372929198
52960 58134353 166287302
82584 338802292 591480293
96771 503338794 614143858
54622 579008527 581018670
67261 689286227 809589450
36175 692132313 858134998
58223 182839167 409036816
51733 567653736 704237745
92160 365841598 370304575
71918 30959407 147713635
61538 457692205 459851718
57415 512359652 667829294
20306 19754502 20572587
53002 663971458 670159844
65572 22653534 72107479
7066 122944209 201038924
48127 823065299 833906512
74205 595775653 805310365
82469 186986585 190011829
94970 631961031 650460957
86871 225367379 431667066
34691 739246257 939046813
25847 792206135 796154048
43989 148006452 371648681
36622 74605271 318371512
41630 602579455 779678456
48911 465959520 609709592
84415 191717902 369062088
99995 826044093 832286944
19923 606086336 727581709
56743 399826598 532477240
49199 166060598 192744758
85469 765289160 889697051
48779 217936344 468330511
82655 155598044 306057113
80800 191532988 297233734
32209 702144426 702456693
52211 17589944 109024721
31256 472080952 552122548
23857 628017663 650970843
42365 573376253 660937900
47644 485767568 723537104
89975 246752468 425441855
51622 213772322 265475297
50761 443939297 567754782
44827 699491347 949012082
70440 420945797 428756783
75556 459149263 532730512
17249 480162301 639429631
83178 710621749 860723401
36889 202798921 217824860
58745 438051155 661668636
9460 391084829 632930306
16421 624552752 755757612
4666 343051411 354923603
92433 326388360 410965584
51768 203102758 358453781
60174 345859761 348027221
98532 261843162 371445723
57890 174535895 287042793
96131 697993335 875808565
71050 536488052 780894247
99087 868189343 885198318
10018 610074575 818685861
62067 218819314 224114368
83138 309916281 311082763
62042 232087142 244455170
7179 527943947 607121349
32936 656934152 658116650
2723 302587060 366344213
85894 131342357 269294714
93726 478664628 521101976
45349 510034184 714094063
65886 454685428 586162147
90843 557691351 761783231
95261 145570809 326601266
52434 119555121 198612345
89097 563745915 591577768
39139 755958036 756608681
43887 20804498 152625738
67261 497242052 674594410
28955 652294314 756973286
25514 198224450 428606239
20575 667895294 709666792
83956 538022011 555370334
79956 320903637 478566954
41828 258413261 412172850
87550 381000529 397460067
9356 525194034 675504167
95475 780364767 833403502
18247 694052627 697358458
29085 316161093 341411158
67262 617194519 618885214
13054 646133282 812781970
82188 370087429 371215298
14644 102144824 204276740
77060 450021502 466584125
61982 742746284 886106294
21138 727479100 957838810
62814 562223214 566479880
33377 137649493 138081598
42368 347700550 405830444
68859 279247531 406752080
81882 468606878 522800583
23702 16529013 143792971
7413 757802161 808812562
1070 383682618 509968735
63564 857124033 954132335
85582 187867693 372555783
47666 600379462 830493229
93683 390893269 405138991
63801 548126345 796240581
15027 573097988 583302976
55889 562173352 631574990
26618 434869019 680226570
84399 199675702 393143590
69910 34622849 66646043
16463 762729365 999561519
42740 42293552 55718072
96699 20587127 226548150
76683 862574372 969037680
52140 880207465 960694098
92120 462465833 655764043
74672 9048227 43562986
93674 49611889 242377475
18446 642946960 891959487
5824 925503605 958227703
94791 181632171 339591585
67760 380604452 611437408
62398 909593358 930056641
16297 133277412 290075835
3513 178032969 280912546
63964 513045071 579579339
12553 525813404 770162758
63543 592940073 694602780
56455 260320704 500823042
40402 441383113 444560593
95648 288938705 540057448
56046 152647389 177746675
69715 704216647 766259962
73115 726709983 733338661
11128 879519632 897886104
44026 634624049 728654859
45860 474303429 602142657
98563 439805654 566303304
30955 282951956 339678773
37256 127983937 177115030
66342 452157340 568644355
30426 194481314 392711093
65526 685600563 810780335
1163 22163284 85128147
95527 780393567 966088768
89780 305968347 324093949
25945 798305022 934052139
344 388126769 488476993
2364 356873884 419589659
60585 138930708 358311878
63770 206402307 409011327
38474 451315092 506040201
81530 243432479 414000073
94293 125988765 134763240
83042 25303789 188273533
42079 610534480 770031168
43965 314371954 337157370
20185 128090338 350804916
93854 344453457 533617231
18360 506137134 678232773
5156 242856925 288093514
9272 102876269 184278600
49183 401428961 466866618
6557 536438276 753924587
