8
163 30 29
0.93
56579 299674080 621836536
81818 525623945 880161315
19826 203579705 445019837
9444 189268907 346442983
88527 69515813 415635092
69958 202828440 531111970
85355 540908524 669790999
38979 858714758 955147085
75309 738212468 860149592
14400 137667313 336093018
64217 451874204 642575614
54598 391263662 705622948
41775 25427276 34766598
30982 491982162 828083281
78576 407573314 657836023
54973 403262672 594004179
64679 872333985 872984338
45241 645986719 890957806
24966 52166184 87254451
37883 221210350 386833669
47567 925463856 928942743
81054 468543829 513247374
3509 123032381 376814676
59031 873809285 875754787
82050 561690871 760347460
31037 153051880 426735859
92698 745943758 926081436
66668 415373875 550553570
66624 746525998 994174387
41125 26898036 191886892
86457 167128245 208179722
184 954867013 964334824
76046 506339995 612641743
74310 44555031 144634372
27510 534673887 782253381
57921 287877616 612193640
36916 273289331 489212274
78133 818549651 986376816
78493 655431361 869299382
21675 14676715 329145956
71037 583315575 664655214
94443 463110281 635646881
38523 469364602 471710165
45667 412915401 518451916
85690 454152310 505917102
72999 629402225 794689618
20962 622213337 627794363
25368 627037439 801343304
53631 522750155 839487217
75623 136054951 326103644
44745 172006880 333044711
26300 682124506 682521476
54117 312071322 624621447
54035 376388930 475780621
6538 588949960 606269584
98727 382708893 384886287
49767 653886366 808070692
66291 418959988 581332686
57251 475159741 512875261
50260 72438237 146135560
52165 219367547 382875921
40403 285985758 358622453
44661 427630807 440872072
84931 234061841 447971455
76419 623148239 963991719
35366 336550155 427844651
20680 495419133 770461528
46965 560075825 760129454
96107 486643000 489656099
5824 45327115 315599808
4165 826121872 910744455
42131 809636507 894746290
25255 583130565 877820297
52795 419551491 459982246
85050 107735798 370296403
41832 696948228 957288617
86856 625068232 859593741
61683 293277853 409147343
7098 298641671 541893901
84802 559032985 560533694
28898 515055138 705895739
33706 487016971 633068016
85434 411198006 704729914
60853 559914556 804877913
54733 135631831 416379382
23333 848335908 981653492
25110 470277762 777898738
41592 162767495 494740303
25606 733828349 857612076
68332 255464374 552579777
5289 751801488 831309451
29349 219431643 515869977
90283 86025162 227654569
31086 687895607 688183268
5752 549428222 765684498
37853 209409574 545314690
86051 460088047 565403966
66747 29869521 33882532
93064 422166116 462188013
73666 579857757 874448304
65972 535934177 837385040
67624 657755329 721831668
83236 558524790 914821881
31804 923990636 956123615
48779 432911755 606923609
34191 287679813 460742826
59608 529694673 589411536
97749 52471385 81195521
18200 98177579 211652757
28108 29175564 128741454
64952 31467913 87861815
9277 309647155 614575169
28463 835919503 849557540
84289 706381527 886547200
90874 379206507 605829351
55366 93471112 342568265
41704 581514231 598552382
46098 21507369 127133154
5303 446937000 656278725
83816 369983295 642583764
76063 186161550 238279030
47914 234499111 347945216
75726 284128155 334439282
80927 368331455 375251441
63125 216633048 251784489
95893 759153134 938462262
994 739751729 929339208
64840 750116453 844225977
35213 570628782 791066753
22148 877242584 976503223
88663 146067287 272337586
85608 311417044 504223787
49936 279844180 549437758
68460 673655301 851013220
28248 299161058 502609959
45285 848901549 904334906
59241 395594590 443691821
71687 470213869 564422191
62036 52099462 352368523
79338 806753086 807873854
32010 14046644 178486122
95313 51302718 77695224
17501 560881735 600507746
19495 322015881 328988284
55974 513075881 768053888
62348 191494769 428513509
28648 308267718 574043283
78991 116155511 340024687
60148 60323928 61474282
71356 373095689 526720215
87791 192186247 218092860
98105 727086614 890006147
58130 658958041 894129340
90764 588679872 883110469
402 911395958 924950530
21408 417964673 425461757
32224 585117927 666469310
55272 795136338 866829237
4017 637990787 795792815
23459 823655798 828993417
34657 567227073 671870942
27009 590519304 946141783
77076 229465315 289143042
180 25 28
0.77
51156 152541888 421994867
12302 366720999 486598503
19145 35815470 257801152
39587 745093087 905756797
68136 767831308 967396858
49614 640840439 807607034
32584 586013569 867792008
25900 374207902 534223876
31069 379857084 650087056
40704 195409429 380101332
41117 317887374 456925210
57597 120837229 144795012
36678 360441946 413511402
51747 89834548 333636955
90013 735869211 959752314
75945 251171663 327951196
25466 508917345 703774763
26781 566713997 837770246
484 444959655 609196655
39529 643009431 826878115
11703 467092813 481311117
15095 404794819 468837651
28526 617983983 896025390
53847 313770150 335505237
1117 71428295 287109615
75454 694012944 814058038
83742 705219403 968752133
81585 243705714 396092623
73807 252585001 282584182
47843 104269490 362041223
38650 508990366 516498464
56892 260354699 465489038
48694 76866510 311741539
37372 173093453 427253527
79788 151171212 191477198
33887 192964643 220444123
71549 623271668 638230132
59137 532141402 615389052
16003 496140021 638959773
15780 952065568 953029019
77654 907268568 911461165
98735 186202764 441552259
1040 689702207 814919167
30202 489469802 536370627
76723 91956599 341423005
89833 635176062 677844854
43338 598823612 699074374
19349 330909003 343516730
24814 52577946 268105835
338 631972988 739797023
85770 536911492 734816253
81292 270717762 338572887
25153 58357932 233294374
85396 895483322 902345530
10191 136290214 211167424
28379 538546864 721645380
86927 409675857 475174698
44284 291819414 307726826
37340 147433374 304649081
36319 464236095 684085876
74746 319404016 392540197
14747 736701593 816671576
15733 400114371 424235105
35612 80793391 99564714
58314 763037033 930830152
54631 157829834 272291193
99078 650533748 832687979
77946 785148686 806538716
90636 673101085 925940850
66616 225525623 490182744
16636 23016865 24850600
54660 759099383 834260663
60784 513175441 755385342
52491 450426289 548885236
36137 190171612 410908098
83080 611939881 850031142
6027 405573093 589125680
10339 25177335 316297685
14084 295836466 490887854
45081 746730817 792401761
34067 55523324 134549745
21219 488116225 611493386
90663 266495770 481439504
21744 243976185 448576178
42790 599171839 674241857
38421 965836234 970087484
66031 343582334 502079408
97479 661202622 678098154
55747 285494121 525716747
90438 292244415 539188183
59296 462121365 727587163
87645 538407528 635282977
61614 119291358 251946500
3527 280162612 551792075
22687 682831477 877356535
3029 292674939 310186542
90641 228945915 434073959
77838 541320728 568216208
99638 520684553 579855492
78326 519088372 721980936
84822 641972012 647928948
71667 223441386 461650756
90867 669500113 717548201
78156 707591669 909338381
61358 551941476 556765080
31283 591847963 874583746
34377 598100036 827551793
74886 633372197 636530737
71213 55128143 185197345
42609 378286221 619955407
48461 993356214 995382001
86902 484811930 663413128
44011 385741944 526322314
89488 228860342 488420050
71546 118451969 300895283
28500 499748515 522526090
73316 29856000 141678117
91418 75642606 364538556
23694 259485132 285184694
43771 198130706 361179070
35993 106686987 335509768
32124 685863618 708116901
64363 396927303 397633716
52075 286653911 580228248
86125 665341123 898230893
3079 56628942 66540996
2359 670177972 855537164
80709 746658311 753173900
99433 444633743 535026722
5297 714492288 991983821
6812 453670755 455571954
84338 76975038 101991265
69593 143332830 276901542
89202 676771907 680009680
83144 658681540 950604125
38941 620456777 831576229
94509 171763934 284295192
47464 144631509 380520614
9806 13516009 30879448
8116 409566695 702361655
19801 208268969 481867375
82419 593914079 843945982
15076 134521789 370687526
77227 193168193 426472066
33717 422380429 610776374
51225 874582637 883673301
76451 462508428 468609212
55736 162222801 368526650
50493 390415018 580897003
23907 417088141 564912065
49322 4624805 47661109
39352 55219467 108473358
39186 513913059 582378093
99774 620221369 644035109
26747 648945878 747272854
34569 151446475 245543765
99671 312506297 534412593
11548 50149758 164938175
55549 902372291 937568805
31662 820683031 917968577
66069 588768490 830860636
60944 933335280 994193880
46232 973500624 977928078
51951 63250225 249799933
61111 594453112 772656252
60725 60840692 124042970
63196 164616337 188271396
25430 216665733 317949673
66383 540391391 596453461
48104 48825051 195371912
3450 210763175 489324478
22834 182740868 184628296
13711 723196976 734824333
1737 58225587 209609263
27273 679884516 881310037
53688 192054750 270395115
65137 166950521 310070403
11999 566003712 731399628
29731 378285805 641234925
35389 63678144 93095981
174 24 28
0.24
67348 563655827 566437155
14588 486034193 655883042
20905 161392120 264599075
57870 457561476 698093943
21768 557185285 597499304
17954 898358150 927927340
41903 563322606 714228648
54399 302752495 390015019
41861 792126191 818783519
36491 726948631 949066170
15582 415169438 658215064
59832 788513085 832074189
52636 683086265 931416345
40860 653293921 830748450
64408 328834300 556861414
96705 746514115 820533134
7682 726678516 901355635
92608 540985608 683647125
16359 81638631 163510760
40263 90303471 232742195
68785 774627913 889988197
36515 778408280 781342254
59763 630826080 834332265
86651 142346225 350353233
64966 634382762 872321100
20345 711777643 974050085
88238 473575998 496222032
96623 620528570 786527462
31265 311295898 424306133
81560 887234025 914116574
4713 311252064 389107128
69852 611395242 625278510
89864 813709090 824772074
36537 792418818 908957135
34748 17024759 142430727
66975 575902852 613230902
69284 466460253 735373897
10971 69350564 147909601
89058 253535779 334770969
75255 727541782 843920383
50082 25406763 200646558
11328 29636848 100028102
71514 890186718 964306614
65993 394930458 517128231
42323 360614558 436655690
39087 692508780 722449080
16903 296237512 414546287
27868 455116282 663553125
19884 99193690 226261756
65712 806968872 977391755
32913 176066023 424186529
62302 580134119 627615611
88871 747328597 756020621
59507 548887955 572353773
81410 377407610 411634798
86397 372975657 476907540
28769 458216861 731882659
76009 50270053 53093677
72426 612880937 750609172
96878 949826209 953642111
93882 58506427 95793867
54889 307957475 412348758
71964 93820636 220665677
1865 727828193 922187620
120 534368163 712609857
47405 250927639 351859990
73743 62556758 120178962
53034 321981837 346133143
79268 180392444 442487505
12498 232790976 270774453
13245 822558205 845615806
93938 95729410 365605731
14218 688049184 955688866
76924 247191043 492904630
94503 76038753 163111669
85605 787785382 929912454
54206 54364302 296291058
35311 459279569 605750334
29807 432391992 587819184
54570 258350705 537116881
86738 813141035 905532635
93815 731969370 747087007
38940 337396956 619189975
5614 815595596 941168387
20705 169290310 255916490
24129 239498330 255829233
66138 696316128 870864894
21089 984132221 990882383
17448 591469065 762236793
28640 542140970 712810291
28503 253665262 463661984
43511 103296175 273047464
20071 508167347 799750526
75817 916856788 920198489
81895 103161288 120492748
76040 100623098 255650530
60452 432454053 610106589
63927 103586449 373116255
70210 902623739 959292837
94480 816923738 949503925
23080 778452658 818689692
61127 860102590 887918446
82881 398505863 424695590
82352 814899354 987445396
73440 529506487 810580543
10237 964071155 990063185
46788 829960073 989331272
47083 855213672 857768828
52381 113800999 193692915
11262 688813780 879638798
82510 252528870 322495178
18538 435492175 446764213
28180 144662260 174103171
30932 475293730 721895119
87079 802529095 953103623
13561 226960839 502153408
10303 25738823 74259773
44781 367731632 571360954
12057 278734608 293970348
34119 117917765 312701533
65723 993266694 996931361
14972 647525987 851441593
66452 464873115 683428197
73226 757086905 947830485
12296 528148932 622168360
98423 747535603 940399204
16427 499738741 627756447
94329 250539211 395226736
34028 69480484 129332370
62487 219365791 235087077
60309 841593044 843565946
49776 535660363 755392204
68240 72387076 201058912
92379 499715761 552266419
55052 712450427 957702933
36975 91756628 287892073
17249 149826742 292171803
49893 480827059 772532676
24081 368892177 546796158
7579 570795490 776724373
52912 591960286 646880416
34555 634378936 828745918
3558 848293579 897664031
34524 477857585 575156988
38451 156697524 276150877
61703 358920242 364523016
52338 186670858 432647641
64669 295844324 391499861
28706 436232363 501013467
65432 10835087 210373624
2817 389885137 526853453
34128 698128430 896791332
32282 716021889 842681320
1951 256077014 291794965
36994 752260425 950823891
23943 77256993 371672565
84286 751349261 909950503
32595 766913945 935911345
36839 706340405 953998177
25436 356276166 467660990
55921 812665139 922580573
49453 194354064 304575142
27656 855735255 973624493
78346 339283555 489049407
82845 638428809 934704375
53965 215951984 324145608
39552 498384372 529599416
94513 412283754 471562496
97551 756807794 843989839
55027 777508561 983583036
17327 696047053 923731160
56598 113584375 250409038
22904 991939434 995790037
7462 770261460 783980078
186 27 27
0.35
93397 192229626 226381532
20159 153064834 169802766
94705 453690451 558055193
44029 393045896 496491111
94963 772875036 779950793
99109 450865215 598161977
57706 586849277 668772249
70164 330835826 453785393
7993 255181385 324248281
44079 151653575 411494448
37815 459608459 696105961
23054 636617386 858393197
2671 725519115 848852578
15895 620477684 835472922
52206 85126639 349067139
53001 446944247 520566025
23837 798475723 893052670
11131 107672310 163487766
14027 505366956 532356757
22084 569297835 601467653
28848 130856282 347081202
41885 811001874 856233072
71598 187634198 362144438
16196 336534586 509275711
52569 733238194 927264416
8835 827123251 906303314
7128 337246837 532310646
68177 215124978 474455202
11053 518592388 761381478
32887 743318942 888218220
69075 4121190 100206088
74518 83914646 355591837
66726 800692589 899827356
57863 705889050 784082239
61063 196438665 395782011
15268 233521820 263605135
90784 239786802 357841663
50918 192346735 280289876
85061 452535185 728312990
98383 257928606 515854855
10397 21865544 138123402
62986 617373462 835950372
39968 10199218 134024726
55599 362480397 362600662
52962 617820685 887310183
27212 142737170 182366833
23983 275810658 515056062
64961 185642570 264713828
96824 512472553 767378133
54187 61851838 119326880
63501 426540055 428952666
1572 75431939 360426057
59787 464886782 732441813
43721 642449671 732052062
48697 328655394 458813349
60221 76151029 363309833
57582 525762499 622310866
23436 224544958 257473259
85463 691317171 874058814
17331 797884646 799633400
79446 645528887 697512020
5470 95930613 211865876
73516 453429616 525598441
14419 960568611 986629741
31098 248171698 279459904
82990 305369623 423550091
48837 66143241 66970719
48173 397968734 542536212
80378 584378017 676115908
49165 855860029 954376163
849 93563727 334274704
75093 792697072 853837093
19509 633084177 905293832
28242 427998416 491768601
96131 792787535 953347961
87491 204375526 260143340
43249 245030394 385252486
98583 580819123 647887844
36113 480522725 552795210
95187 516140508 581262746
81366 324437039 562032191
94233 213088749 444658705
51735 535376941 535532808
71238 550876098 793711354
32947 459327243 595791340
70875 591620622 841853679
80885 126762095 311352250
73215 613568399 750936777
42328 59916894 153975693
51748 183696417 426009455
94285 223323599 279195586
75751 515782837 650342129
31771 796700742 906416897
22908 873241831 936324274
96550 832426370 845124406
84330 236091343 257868391
63891 606750934 748963225
16883 819748019 886303986
8940 89052694 151255300
33688 299521600 544773812
66336 463680228 581545170
60539 6126094 240540022
72845 552218308 759601522
12645 50573251 340210171
77281 105965078 125800177
49289 668504135 792438506
10301 365642162 648481208
24841 888786707 900057058
90460 520590176 732322417
25688 375776483 488621150
34675 516796010 518574530
23520 125322848 289690724
92890 194001349 227713975
43141 952791513 985550717
98154 677635013 826224049
32138 53899588 55362787
48615 170091630 313445772
9492 358691082 501265855
47489 646285166 726307664
9005 416867543 638344549
64982 165946944 229483785
10762 464817068 737924999
3163 251560746 321937437
7022 359256147 528503391
51644 111322825 340785451
66864 531199422 763883346
61568 524705538 725056972
14588 735690359 742184854
63537 446429404 586040554
57687 111406653 276340916
17434 707349920 761013644
72773 217838272 454091725
77650 271320670 396711277
24142 859340543 876522743
72697 591546379 864830533
28735 80275372 347135306
54849 894346978 961734714
6894 264923600 268117270
78960 712045662 920587328
36385 140702081 206562281
10435 413671842 656163308
20367 309356758 465555741
54965 415052108 563568122
88295 70447787 197268611
52289 271880844 494461951
19056 765279466 877910235
1381 701255992 884449960
25681 184827798 255394577
46344 221612627 376711097
96339 427172116 552293863
45501 790439274 985341933
9860 317744380 451408481
9769 413229851 692254153
19230 387902941 528355161
14498 446734127 669986619
8999 686593915 775233024
33913 759445164 893919376
73659 733009716 848902443
92762 207751293 461182144
93288 113348265 129825005
37202 180782655 460272225
93752 642603212 707290968
66641 902862988 986677694
8565 469007799 625486765
51025 460105667 604295484
58056 737030612 927746539
22198 787712758 829736568
59907 321438506 349001791
31862 143453598 300870207
28065 820268627 826667554
83451 149045176 174784126
60939 454881281 457357027
83719 146406981 278933532
51228 244976250 377713997
53912 395790702 440656439
70952 508945742 511613021
61420 601806106 732494925
47225 776054778 897886582
57736 627760344 790469378
38490 726080053 944016139
15924 627896684 670443102
99576 691356974 761032395
266 576053130 730292576
19333 479292273 677454732
54672 442319680 520506231
56448 219227078 331265369
183 27 27
0.43
46814 307349511 541083206
3558 462878637 475718327
15214 101632458 208704483
94845 303300010 427847941
21935 528056057 740250758
7937 289792303 459980060
48092 343930740 597414049
2728 471231533 664188404
25941 338909925 546525509
49303 584948726 782650159
86886 176711198 365090488
35176 479086869 612672397
44104 895796660 971640600
5357 210676225 496109580
70599 361177540 483050583
33620 208548236 209533295
13252 390951702 591618128
40779 95844322 232771621
13501 151375610 436829163
92550 475899044 613027670
56906 121891720 239447601
46240 258070753 367223152
26121 61617309 157119326
95967 702421396 959541499
74781 600599710 881827591
28572 774054420 998850025
51795 492112188 703730011
98049 870588389 888039370
78406 524789833 797924316
95892 28833118 54816940
57444 377603983 501829967
44500 173623112 277341926
87601 369287970 499393887
39393 83766856 235290582
91115 207144703 272042084
5121 522060710 701866110
55854 184338889 340390700
10113 13665255 18787241
20217 439987067 533830296
85818 564992391 824488250
52241 325331445 567166540
94037 249336115 252425889
62948 293830579 503342984
29136 541527590 680999524
28049 105659771 213684712
51170 165130018 273047933
33896 878482639 980682782
90171 765772071 785685009
6541 333465897 564945187
97840 165352054 302497673
21953 383585903 506915777
62359 314244229 586020011
8418 635755257 760768405
49038 676707067 958216283
12850 212383583 226291436
74113 421573396 457018693
54582 276023492 298283612
98668 115451251 119589332
57153 588478425 731587327
61245 401685701 659504773
29329 224649592 226419186
60095 353858722 363554523
57560 96482835 131593768
70003 217755386 478400040
13247 633966637 906708416
41984 134358219 289785870
3878 500643561 700062525
94638 44886283 50401522
11567 240772971 469982400
14253 212912035 349511590
59324 116123031 158678504
50556 686982275 924778479
71190 211154872 236946057
31399 449135152 625964216
53233 611564238 660336665
59857 248720054 434602998
8973 644839855 841386074
7603 275860095 350898669
51807 170900528 220333303
62083 151347504 153059707
82863 34928147 46079250
19865 558754677 734428043
24259 222353322 232473178
64687 97153167 154694869
88668 711602235 946421284
60680 127196447 278290525
77056 143097425 289817899
13619 500679101 515889758
56985 99372096 243980791
5680 707984108 866832978
3133 874460527 901808758
84786 18607154 121040067
63022 389988412 553124071
28710 436498609 623078111
90562 167866668 236395450
19411 121403595 376768795
41830 392273072 583718299
57731 266171321 336187033
42303 440637341 614677977
42146 791651345 886007837
40050 291403071 562023964
63590 766089446 928722481
39334 192414280 408447201
65966 650958240 823551424
93895 719720347 922738219
2573 49603523 103701741
41004 25820197 27614766
72649 21742086 204939642
17883 277788762 547901668
53344 218442719 225215710
91308 382465654 539800636
88204 7392883 291974044
85804 93005349 139361648
72007 695672822 912750813
24867 31555650 111433761
80496 6793094 107135493
313 464495978 639910815
97006 550320510 648998280
20533 377410444 632554944
18165 331897308 463967456
7111 345967806 448611694
62504 686023073 875445064
96935 393045597 629919811
84575 659736246 867979330
33981 70684734 165251389
28425 280244728 430324424
78275 854557480 863450973
49012 476872428 492214360
73320 251345872 390051319
14411 206312603 442291123
37847 501332778 662132861
3519 297995368 509041557
35096 481080419 481499385
39306 739678715 986968669
98614 123897377 210921000
99792 33055244 308289876
88289 112197341 229145995
2952 903821549 978013460
25301 522148033 665157770
75898 597305543 701925001
24827 654289209 710532349
82922 656680722 727874008
96687 417192899 694890971
1300 335818648 451827012
82115 930409705 933981894
28024 488803986 546783960
57922 57458403 61707514
44569 426436946 544605538
72952 867420649 870984091
76641 313596959 345336395
36240 550571631 551232314
86088 206938310 361783745
73918 884968865 967888363
97301 398571716 607676026
94367 160992010 422700316
8580 537947362 594956752
30590 381492364 584612844
92841 225995368 420509273
23705 233571858 372216648
25844 474725410 555265242
77124 864910578 865397669
52183 265909962 399830561
8141 779319579 786870886
48868 112959725 388244957
19392 24646667 94280065
12443 640932396 728121117
11244 291766370 296052168
42307 65955943 208022742
50342 470176035 656469132
33335 465404108 706547749
24301 63459713 184950878
38947 361935577 494978798
32622 816647111 976873277
74063 7252314 220252501
2825 740375059 944205470
59229 434332018 484965543
67764 392893668 539199237
28846 533323917 556104551
35615 447528169 698123337
2378 498016759 768518026
33081 729153410 884892411
65056 350213148 512997240
39569 407627333 452095591
173 27 29
0.13
41238 429560556 636430169
33487 369191880 434105537
64232 779477138 891002107
3798 608634900 891663084
34392 188914646 301916620
41426 560951506 627645127
12601 200938060 345475907
47576 633704762 737627029
40437 4547929 189082381
17696 439423695 589609206
9841 862080862 888463893
5283 121345536 201766522
26606 176926073 244561813
38438 310437344 371207940
55954 455376624 701964138
27959 899729880 950102351
58407 55697692 92156362
28309 424032754 609874591
94114 104319424 138939796
99061 630011351 631222958
59399 674068701 916700483
55747 158101046 439069485
97035 169317727 484717866
55142 653138348 788246213
26 707877576 712481872
22376 755832110 756785768
76059 261044793 426907429
64597 517401213 788500286
6834 883736917 986801482
40738 570174667 594458456
85029 167573197 317615191
60944 673605264 914322782
22754 298989105 388716549
97361 104155272 197564925
27391 661373152 944669616
40747 398183238 572922429
94018 75371771 103309817
34779 591074087 635989176
5250 28045409 242637081
40284 695592285 865957665
65998 122193975 338646201
36905 872929798 998138470
39981 457882945 462269384
71808 605945860 791448504
48743 295987620 580467144
37896 390668601 403131776
8419 277301876 530839631
42069 316766351 482653383
73168 485066622 571919868
30858 598453249 876834022
53416 429739047 432950875
67038 205476024 481238506
5746 414573325 416272770
59170 551851476 626149439
36551 345884126 542999296
18627 248024063 302192404
22808 744139538 764684983
36651 373234786 629981996
48207 256057189 388637073
16014 317786162 415235091
66772 630456277 731607136
45730 567629098 839385537
34993 417823918 726602172
43694 607639013 715429789
28248 573451406 793685484
67879 598304412 701336968
93636 543201828 828032238
88952 738283857 892901148
62686 803106860 964181800
41505 710167055 754197121
63650 711052143 711549033
87009 131297328 269583991
88609 212863697 343717530
62807 139505149 153768429
91208 573293366 748524185
30501 150063804 293442735
31489 324870858 514782168
91447 763118370 890496760
50746 542069159 688444316
48804 640122717 798992728
74179 32211274 301124068
70930 870162503 906103413
80284 653449830 890067464
34783 276911517 455162393
78639 273961727 561973276
17822 62810156 196268141
71994 676030667 755017512
2783 369722608 546177467
15824 783106733 937652087
34739 136764073 291792909
33121 723863029 876397868
33327 477915298 692446077
92568 532348318 533736500
69135 136501460 156207026
95075 298338065 348075251
33853 584656928 855092732
43545 346811035 557078911
6610 504961605 535790762
46680 219109752 411925904
68541 281576767 494417965
5197 484006114 486111657
86658 162935237 164287670
3127 116955259 147892909
66310 458215331 680161492
9006 235810093 454790302
96905 154896873 160371638
90817 807187577 814204020
9714 569455311 723927920
25950 333785524 440064544
98738 896085633 940289031
14583 887442680 978143408
49922 676121570 810622507
97857 192919361 197687709
67567 45009551 156727903
59647 84114469 375571954
73176 627977085 799111912
94591 43789802 49491869
12662 751714908 897696555
50115 900371013 928811852
78428 586879837 841156868
5411 102941259 319320494
84351 236222292 433557954
84081 690164917 696384884
66968 516115067 682005264
98686 251528284 358274181
63304 579960404 677667621
10812 707430743 783256474
63804 82408507 134517424
52420 832748513 952118046
22321 623478920 726517083
35961 286517504 581471903
4634 468281504 747047415
20333 885807261 983867644
77345 905543040 930029829
26883 744940324 914574160
99083 868748405 918274991
7062 681010661 941819577
41311 675931532 944930244
36568 186986620 317926018
26504 99631741 310649110
50398 42067157 102133217
18521 312805632 324043212
97498 540275506 627150968
85489 578064231 620440121
32713 101574643 329764252
6528 130916100 301329646
66319 127177422 141553672
51914 109107243 187798069
74048 895178045 992894709
17482 68870138 215798283
61666 358402363 532088727
48761 564607966 808195765
68527 944211831 987282645
50255 88607235 112175490
81535 753542146 819665038
85130 764865551 782813030
54598 238512353 481550606
1869 513298231 638461473
17083 598331056 617893546
79787 365887948 415869499
9209 409467500 705723552
31557 746433807 820222638
14825 78384351 177910087
83408 412530927 568690455
79680 987614131 988795669
60155 206030677 406692979
47718 218961005 341567612
98960 18582824 187605447
64376 357814258 504805019
77401 573441475 680899735
38734 202804579 383219012
9926 829727445 972557870
86623 13923821 114185344
196 28 28
0.97
34221 70012716 349522148
48297 571329279 660505503
72190 282123351 285559165
80400 744179600 812202193
60848 229382578 309321354
93443 303051868 561884663
47643 729248170 780580940
90342 521777664 777250630
55843 370763434 411937687
29464 423973229 476975013
46369 760623551 901764515
21715 326075675 420732844
72706 539049714 773490863
46769 110757522 215300587
8687 394362255 529661785
90418 445285585 690721429
98670 342522055 546424717
90139 409433588 508015171
74311 691531789 834278963
38434 37699818 247527033
76042 105533795 243115089
8264 43809773 100256082
55376 202631308 339138397
70406 885624249 920375424
2271 722877376 738222225
79115 589845654 638711429
59922 542846015 723201064
44901 87069758 201445190
17209 375525158 403332934
63008 40819447 149716537
84733 211748966 404687849
89259 645611680 742324839
47207 589704309 870962256
81089 643731773 724938606
69154 648262490 699452579
25415 630515405 864776708
60607 148163155 172226421
19346 202129796 425094405
45720 512648995 527040707
98507 710753177 847619997
58519 781429913 912087035
82742 578711365 780315856
70521 267352888 286660616
66927 586801919 720164150
3853 94065276 229044358
82199 377818176 386618673
99362 210700970 470102380
50959 685585603 687098135
36161 628408890 837248211
81442 43169805 269498171
84470 325700994 555224424
5224 631250767 759965325
49206 329447450 422918412
8008 440576090 443967134
35388 15811391 194651799
60031 204425349 260520582
96564 66175707 292317770
55999 860142672 917535629
33629 571227524 768481823
88026 596588276 651562791
12137 218403893 284619912
88767 161710033 317759462
55015 693852654 974760147
46084 605773124 855345377
85571 807084695 909245927
24806 78219391 359015193
80684 731538338 892873924
15501 307175147 543251879
58231 141943794 257290011
84436 566237479 669771591
86211 624199748 853811698
43112 960195154 982115657
28702 436645772 505914797
96272 674944597 798028713
48390 132891003 267111478
78572 274853860 285631218
45843 360420689 536669780
69121 140902416 185473212
36115 675368652 697035669
67316 376434438 421660753
72598 633702219 809980971
52085 538404424 541662479
45516 345225128 630057876
24927 428985217 567181316
47692 517091245 654731321
72509 728540605 829158819
12726 192211146 410216830
2000 137254385 246610260
39900 641999513 890571563
84783 32766700 186792322
55262 308836550 324744640
45231 135926551 392071231
7731 143505994 386473187
31363 801829518 968756929
98735 567856761 575582364
7910 305072174 526525676
44129 400046778 495171459
9335 273027439 291113064
56765 273177971 454959702
35140 458996313 674664025
14618 362800035 646551409
90603 343570522 552048389
84605 616481662 622014403
31998 111545268 282103710
56983 235689348 334042865
60134 586509067 771953348
41994 16440149 259238489
91785 351257300 587072883
90130 225158143 255120542
49743 645084295 668015280
96610 473501452 648278875
79969 482363763 635542666
25261 675468429 941698136
85812 440713914 709966450
80551 550426792 561506809
30694 139367841 331315641
81388 619768889 767475521
44103 664524101 896317120
44703 743657438 925354132
85466 633495293 659189315
30486 683521467 754388372
72923 678473005 906782160
89013 463653212 739637208
59268 665067162 909354195
76120 473560246 588252844
59659 565432769 817725510
59989 290653611 481214336
8207 296785489 433279994
63522 183370964 240805495
62228 537913245 588719908
92307 780039142 957122285
588 707679524 732880253
6087 341725405 469189699
44151 690902847 734456278
38181 727340612 914942175
47404 798442112 959007131
52962 623098639 756107156
34744 74900264 192812036
27461 841157921 929424862
30214 72096152 345360684
47180 83609565 321929237
36897 696778906 949089124
77040 768472956 848375453
10935 331397966 429765501
9255 285745549 295065653
56799 194529657 479417332
99977 506740710 565207207
76573 209505795 302302546
69590 545118718 550278063
24324 428393238 481793980
47254 774067247 952667960
4795 683950852 951298318
41410 202287160 378559067
98308 692496501 805361109
49730 308611582 474364912
27513 206319374 230999528
13303 866237475 868697933
60376 516906620 538011745
69594 502488269 562171647
90209 539930628 613591879
48036 351197151 553069716
62270 203622870 205818504
71856 942280255 945881454
61699 817416570 979211137
13695 240030471 344496342
46646 235582094 343012097
36443 570018495 812890869
369 237034850 339121541
79167 210304570 251566874
30823 725791903 827930920
13909 115036040 251918686
81540 478389222 723592498
25792 436741386 662755989
8440 716050720 716977192
53340 353246006 428829753
99189 22239164 206449016
21186 267226471 303252868
6583 169429427 295777472
40465 134594084 358874411
96197 566657145 636906357
49098 225423369 379066419
56214 596698656 619931599
96444 186695964 441024500
26934 115662457 180096969
13088 57333198 282746940
9608 158832367 170322060
76358 106970034 208085738
48943 165038415 441244466
30096 306259893 387030227
93289 28781266 113840256
86141 585538746 773259955
42843 385226331 575959470
38441 101631261 205012907
88692 644657417 909264640
37619 759812523 896396165
4235 227196644 379952081
177 27 25
0.01
90371 948912299 950033396
10509 184010249 395027100
62469 301254347 517153676
38840 345716526 382711954
18816 239081255 386082634
36264 27491919 308124011
81185 873305386 878367341
7481 928912497 930322914
29947 192009733 397804434
21797 388766192 485008160
41194 448214093 457508534
92072 683805841 683902826
85557 325059384 491873185
40167 246188555 398929938
57138 232215016 289540109
66765 492599585 696214167
27087 570156539 764850132
22999 69988494 93092963
65487 677650193 830060046
62033 237730035 424188862
19346 750218162 927563801
14208 897246600 944295413
55898 543968565 630405210
53218 537686683 543419122
93673 316191458 501328169
6291 728249353 862784460
57038 168589623 204220747
8275 222419678 473688803
23202 986486267 987713945
7461 517221787 805236846
50927 346722475 355005599
5497 139226073 251127698
59953 731677825 984147293
89485 475784363 679634973
40768 190516246 416960134
79951 701308814 791675868
70605 485823586 490511499
58630 510275735 546846975
267 774598461 775145687
93971 363232461 368996006
33073 49533916 148678428
69075 405235703 475488754
5054 79849631 100520546
84551 624646520 845541411
87484 260548402 417800375
49462 549324620 582243142
77224 698961360 925515440
41073 177208674 177848331
7314 742639483 976152828
95895 486800804 526253750
21376 318939299 365292337
46939 199933926 407337498
86392 651209740 911929735
92387 562903000 573195845
9630 612674477 811512390
40467 139023220 183706408
89243 750181702 874519489
49323 249586957 344311111
76800 694418159 985119835
38604 443462882 599196835
21514 540918018 610751099
44577 424025773 658418513
97575 240973907 406431303
41084 627977599 664495215
37624 796674415 908446197
18526 208904158 487525364
18263 792057635 938635054
91548 242121855 349978690
84315 371631733 633554711
85343 325321499 607604535
91547 641639526 860100689
1131 37868440 205536421
70192 581599646 868486260
25891 221455062 346472738
6526 380405886 441920213
77803 491142751 564589521
18292 686192097 741342435
66639 154585210 308467777
38227 73276585 158715478
60962 128584122 319691900
49132 707551759 708775128
34506 690035173 907964569
19981 718062478 978847616
35771 947802581 948565638
55806 244006667 459752924
84321 530867092 549353647
9448 680113812 810600636
35171 591470240 861776818
5846 371603091 608056091
58564 228605501 408629107
95455 790258031 972458878
98604 569295387 648452162
40770 591080996 661874997
50375 363146943 435592439
72083 515245585 609332109
44109 500957271 674393382
39959 791778918 866660694
66754 364761127 532692420
3147 358053774 433603127
15583 556375497 831072299
67306 215798361 341265359
71826 416584679 543886868
13966 605911637 835293093
3650 91950533 227152311
25815 352022541 585664389
2326 596906209 881097115
46986 756477007 874183257
8886 72836705 76673602
32093 529247118 656696287
24434 397710616 417632884
47921 348746307 425427745
30883 614166475 678888324
9759 35592371 271131178
76655 535782636 539182493
14391 662275127 688108918
84241 526408554 549277551
41157 612189182 705157986
48729 839890991 876788392
99861 10697436 17991723
93008 194813374 344647074
80121 553203177 723401293
40896 529808471 541371917
27209 472276206 738665444
38546 733396640 850627090
95787 604239375 636281464
1143 57388874 71045303
51892 676787525 784263073
33804 108208492 302422077
1357 299585467 571554840
6200 143221597 398678846
53594 816817869 995541391
36505 29731233 50391806
73336 696815909 697646516
18943 225118378 342760611
34950 796944356 921996728
27190 190448619 213320343
47398 126693483 337412618
65162 175041438 268164951
10371 686559296 880153717
70727 868267665 927048282
9237 370526123 628239611
22720 458079267 510107168
11172 848149717 851296513
39441 216133108 496497018
88074 470651281 625098333
87238 136036956 157098060
34845 286706390 422842641
34142 264669735 483966246
66283 230472540 243682762
43211 447331579 619973786
42759 75764296 254190738
34012 473346293 669593448
16836 515930330 742888363
10622 585563436 790118982
8864 174227456 216401352
45214 84963623 157033217
86308 487582535 555259496
76658 412308211 651137567
9641 158140307 332010002
30169 203042788 229252663
701 616765830 640189599
53377 788857072 949239945
15814 822889826 884951545
19112 711652250 728112582
72647 162844079 293060460
550 314277223 591396838
56641 457613446 463703020
34185 603081570 615810245
82365 12782876 301363862
52833 612018399 659931212
90056 109716072 227289347
50014 211005270 452883563
45662 93719701 216514423
25655 251711196 356897067
84875 280130661 474349997
80045 590036909 592410177
8845 72849491 160206411
