8
45 8 10
0.98
15 20 50
15 93 95
17 49 88
8 13 39
15 44 52
33 59 60
2 50 68
42 15 39
4 9 11
10 31 47
5 33 38
35 9 40
26 59 87
48 75 95
3 31 56
39 95 100
25 94 99
29 47 50
25 68 74
1 38 46
18 21 41
15 20 54
26 12 13
9 90 92
30 28 31
9 70 74
4 58 72
44 41 45
22 17 49
38 46 47
4 67 79
50 68 69
18 16 19
48 40 70
39 78 83
25 59 85
31 51 71
45 58 90
34 73 97
48 8 36
22 6 14
18 75 83
31 40 73
44 44 48
33 33 68
43 9 9
0.5
14 7 34
27 72 87
23 56 58
45 6 18
20 64 93
15 40 60
19 46 63
16 46 79
29 72 79
10 3 7
38 69 71
7 89 91
24 30 38
38 31 38
14 40 71
46 36 52
37 91 96
15 78 82
22 1 42
4 57 58
25 22 49
25 16 36
5 5 29
22 71 91
44 45 71
37 48 51
26 45 65
17 47 78
12 6 15
14 16 47
50 5 6
40 40 71
24 75 95
30 55 76
36 7 19
16 21 48
8 64 74
24 71 96
38 48 68
42 8 10
22 81 87
47 58 83
47 77 84
41 9 8
0.02
15 50 55
18 43 74
17 30 60
46 60 88
11 81 92
26 8 16
2 36 67
1 4 43
45 19 43
41 30 68
25 3 19
20 42 61
44 45 53
15 51 65
28 9 26
15 40 62
47 31 60
48 6 17
23 28 34
4 32 72
3 5 27
2 30 31
38 45 52
14 66 69
36 22 37
47 32 36
40 10 17
37 69 79
11 31 48
18 75 76
50 17 37
22 44 72
36 76 82
24 3 37
42 53 80
42 27 57
17 90 92
21 9 12
27 86 88
3 54 64
10 75 76
43 9 10
0.59
49 78 95
43 60 66
35 40 58
20 26 36
41 15 41
24 77 84
1 23 36
22 30 36
25 44 47
45 58 60
10 5 26
7 79 94
2 62 86
10 51 63
27 12 14
19 74 85
9 27 34
50 30 50
35 72 87
21 36 72
48 20 23
15 31 73
36 73 74
13 32 68
14 48 77
3 35 40
50 45 80
43 49 81
1 11 12
45 29 66
13 56 57
15 5 44
7 19 58
30 64 88
37 2 30
34 98 99
6 3 24
6 7 35
29 43 52
44 89 100
36 38 61
32 17 18
47 35 43
49 10 10
0.13
6 29 32
15 48 72
35 55 84
35 39 48
33 81 96
10 37 74
50 5 20
22 40 67
15 35 59
41 32 71
38 38 40
9 17 27
24 57 87
2 93 94
32 21 45
26 30 63
20 2 40
22 68 69
5 53 77
34 38 52
20 38 41
27 14 50
11 67 77
31 77 87
37 35 53
37 48 49
21 17 57
6 92 98
43 61 62
4 16 25
3 38 39
44 59 84
21 39 73
19 55 57
17 75 87
13 17 56
38 19 56
24 13 51
34 30 41
47 52 56
2 44 82
25 14 43
38 18 47
40 45 68
35 61 77
11 16 17
28 5 31
48 29 40
38 49 51
44 8 9
0.36
38 12 40
50 1 39
36 44 66
5 63 79
13 45 50
48 29 44
26 59 71
13 2 5
38 52 67
19 34 36
37 35 62
18 43 53
46 15 21
48 40 44
17 49 51
19 2 13
1 70 72
48 23 30
37 91 92
11 12 14
17 71 74
11 5 27
37 13 49
33 34 48
48 59 60
38 53 86
49 33 38
43 3 4
22 75 82
15 58 72
26 20 46
14 54 56
6 17 50
10 47 75
20 72 75
47 21 23
7 27 57
8 57 82
29 6 41
16 34 56
43 88 95
41 20 45
49 39 55
43 45 68
44 9 9
0.99
18 92 93
5 32 38
11 10 31
1 10 11
11 26 45
13 12 42
2 46 57
4 52 57
2 64 80
48 39 51
32 6 32
49 65 78
37 40 66
8 16 30
26 24 59
20 76 95
32 9 26
4 6 8
15 63 74
12 16 30
5 92 100
3 70 87
39 30 34
33 76 80
17 76 83
37 7 17
10 11 33
7 19 20
9 30 70
1 65 67
17 15 25
25 17 23
8 58 62
1 43 50
15 60 62
36 56 57
22 95 98
29 76 78
9 62 73
9 32 38
36 41 52
48 9 19
13 11 48
37 39 54
48 8 8
0.08
38 59 76
49 20 52
5 62 64
17 11 15
16 45 78
19 16 38
33 89 92
21 1 15
33 78 85
30 62 85
25 40 57
7 34 41
26 11 14
14 25 40
10 60 61
13 26 27
12 33 37
3 22 55
47 91 92
4 6 28
43 81 82
27 65 67
42 3 15
8 25 54
38 40 48
7 78 85
32 35 66
37 36 50
44 72 98
17 34 60
28 87 100
50 28 29
17 52 74
42 54 69
40 12 20
26 67 87
25 43 44
13 39 72
21 34 64
10 49 81
8 94 99
40 20 49
20 22 43
29 71 96
15 36 37
40 92 96
28 14 23
6 8 32
