8
191 24 28
0.58
99141 515959680 667695192
98586 867847416 897056893
54166 877182943 949241079
27835 104710439 262159765
92377 103395751 134151075
73021 781525641 983698928
23325 341717400 350250583
72078 271449162 440181934
55709 158066584 163988586
12235 647800198 773160356
93846 28705442 38724565
91189 581935972 722291186
99769 607964776 755162734
94533 652792506 911562999
68098 352630659 465086114
70685 373666994 603301677
7497 15056972 75597217
39136 733075999 955461462
87895 106273526 298827195
44771 38195650 118625279
49020 12570309 124820896
19140 970294267 979277676
37247 462320190 558343856
14362 193808557 369880407
14838 162817639 251113603
30446 810210420 837882807
68951 297953734 469532300
27145 812496410 888288979
62254 800101653 949183579
26414 786599352 877363253
49681 569210665 631413679
76746 601665870 602914370
55889 434202790 443643479
16330 168256517 431071940
58130 356703439 397798244
41581 395156706 573952446
16445 582417144 697158013
35706 198922467 206569336
51092 811821338 953529739
4435 391247087 514322798
11655 577344578 823667420
47593 581450483 582699653
14949 796576911 849610889
11731 612816474 620571804
16501 573994042 699668601
29402 109477788 346266859
82631 572072283 686706746
21336 278507460 532284305
87365 180109303 246365727
79009 172223129 192464108
35886 235936864 344414179
70176 149738939 418762719
98788 88565635 349135885
63622 647444964 901906303
62373 443071229 548868862
15455 461372025 715829447
60184 795735098 879573945
73638 186933735 377679203
35145 532644770 730487673
30298 760682723 822817819
63799 517565593 555744648
75953 606282546 756654835
40076 360785341 483488941
61389 97249477 102425616
32429 335547823 347265830
56365 706224117 757213739
16083 215824197 291019418
84230 521683368 655419069
31642 560547539 709039244
98481 59898447 108984839
82521 658773175 785973247
96103 671805296 753560073
39378 290294844 379574503
42475 548275572 638876738
65322 470127731 607160337
57063 116531214 208426977
99611 780708771 839408822
62011 530199640 553756422
95176 652002874 749147907
7506 598437860 704576843
83314 858487090 881739500
90518 104433795 115333567
41130 433495670 598246483
84773 503356468 572651490
65863 506689008 553674126
17124 703984282 791006977
29368 669511621 871773417
65843 42093066 259928267
95580 743672858 865430724
24801 800841907 815672623
56208 88686857 229729901
50530 463935330 468383372
97449 692515514 860323866
28832 170129998 239957136
83524 449787832 461912953
21390 52276368 202533439
51291 765218311 768794245
2659 376465725 428775919
98234 37346094 222386005
15366 685087410 689081959
17201 507872277 675806851
80645 424585049 608491662
48555 384798874 602677205
29706 440520774 577656189
60158 746566894 874691720
33520 309180678 546848305
3268 439180389 445610434
42131 139844109 395197669
37130 424295040 609786826
73703 610403727 757148966
99848 24847972 29428846
92203 733589488 800931819
35217 231071166 498077094
73342 278545199 512149060
84331 92940602 221788956
17616 805418923 811995767
60290 60634367 294205650
6460 148972174 408595824
54360 334750863 478706433
85206 766655683 815588772
65761 298396221 530699423
16000 609907214 876834608
18029 576512897 735590407
94210 695495959 747338668
61317 167928853 373695321
88025 860830725 966966115
27994 924753465 952443431
3407 623798206 683478517
64347 743002962 755664884
10925 654300183 918079380
39622 844536525 869394844
48877 192037525 193674176
64801 714946995 726428605
81427 183474710 222800772
25962 355114139 471234007
72413 679736812 745323568
85324 561929095 564231787
39033 285056486 519775608
62803 72230679 125282336
32310 275213324 539582851
86754 395926452 539544000
90366 627896621 693370599
72292 490262645 655278129
82883 340884671 598751113
30881 596849971 824072411
41209 581703790 715647249
98994 327530665 511592083
93475 37971252 307289830
92214 216842165 284233071
528 83792617 351147886
31590 740483186 985578489
67784 180622375 437331180
10119 344577450 558369961
56834 711536851 859306443
88031 228934784 419012095
95993 635639409 647879312
5514 205426199 352814094
76638 502908916 628689082
97421 103226239 274000420
50543 364683213 596451299
6795 306476332 532515560
12233 12355909 22074509
32311 696052443 922473369
7899 711325885 857867140
80522 770131583 878230450
30620 997103121 997333923
61654 361539896 379389763
74815 656734405 823331231
67418 501290944 582468711
6212 824476203 972116499
21272 416659152 593451114
85841 96716680 330254428
62436 662855414 760273644
94785 876355242 946416209
53054 826785385 870346993
77723 67416118 175998045
27138 633970579 669265123
76775 170651005 331006512
68542 381023547 638809106
74813 257058626 332053746
16740 170548935 286717762
3839 513482327 515658169
21665 662367689 761936715
58442 504555814 634647327
90990 431590223 474713653
29127 521798140 685746777
62982 807027929 935687327
42790 521433800 758907004
76632 751543562 778149193
83406 482409255 656148338
24190 720518126 722229271
166 25 24
0.21
90995 808872463 868828425
68923 504126059 694760130
97845 409201249 558119415
66129 274545098 561607756
65018 497466878 753355738
23848 148979786 406972815
95127 973686545 975406572
21617 300097759 548803397
5857 57951161 306645224
12813 125126030 130589401
97366 355178543 499615585
52028 924929073 926013100
27230 3007738 8420110
81236 931554820 978739009
53714 463599530 628359695
99411 382944132 406038516
71547 185507378 415297188
95543 104920207 349788613
24672 455166816 486560813
71181 321181510 567865870
13625 218446384 471529333
63783 316570711 441160916
44936 811669798 953393330
40785 129077718 160156609
81032 781131819 913267967
97958 804485952 869426643
44838 177836374 180312406
20543 650209509 654176430
96240 158623973 212447017
63981 59753497 160041654
11405 608797097 707486445
74184 359151273 506794137
37324 841664270 851978255
65159 557006486 780656772
44639 32820693 33699091
22033 290720628 383309854
95946 385380998 602260555
82772 158328612 159264770
42006 243895554 282438889
85717 155357814 159478465
41484 54132061 282774106
86055 361380601 418412498
62015 199934215 381845822
79296 476511311 572868686
31977 411870596 425351075
62536 668519889 912219544
45082 44671115 245989505
68884 514346184 655523093
94636 425706240 475527966
4243 50008508 55089504
35867 754601782 940051133
58536 348754155 439978460
67444 56614893 177764057
85400 163366939 346543751
27340 307185159 554153057
18660 468576750 653866144
74163 639552001 644905968
1241 447859685 459705228
75689 713638164 752379410
55430 9280467 26858939
54896 266323578 331737129
25230 871692782 872592391
89122 859834164 862900357
27424 411060173 544124392
22437 384248918 584693881
87684 493436837 765141645
52668 639796784 668944688
28567 400324302 678412120
96609 432382105 434721325
83354 105626979 112060072
93360 529060 115669578
42662 359073970 618043358
85926 498559342 542997982
88579 671842816 924185127
11851 470894520 492937894
97529 530375069 719859133
59724 481898974 681934718
38502 677091294 923510760
89005 557363048 776656996
71666 706220843 773263560
1309 304643038 488550702
25281 145372653 386518665
32874 479216463 763238053
18280 544928567 595268627
32439 842087730 845042342
59554 389889935 650138864
45324 750855985 869710440
52163 519356062 607400774
49453 517085769 736816689
12749 150410359 151247822
57422 414927991 427669882
62369 446787363 496176576
51206 820615812 869172426
90457 712376333 936839311
60098 475751496 651803250
9972 901288514 931676802
61468 784426643 807377164
57906 81724414 245667800
79661 7741613 280720264
32834 245529956 523153329
28671 726007 196720585
79384 677341698 678927542
17670 197844426 275307988
37668 261747525 264561825
68912 132482858 209091801
85919 120433510 241202226
14234 243878613 286052113
79431 488811736 615963637
57958 449267576 463008194
1230 316234 50006728
95019 160666284 414379238
92494 489890392 740077494
86060 389137720 502302728
22592 77644601 248756097
1996 196510502 367095926
87437 609862486 792411329
65249 452795875 638375721
54757 659512854 752958763
3943 310051226 321682616
84144 529930999 616375833
97270 816922624 937762306
38626 595835054 669620213
74519 98026306 129264940
27858 802398036 888654017
69300 666741149 939178801
46925 531949294 547482342
94094 595966632 603624802
8423 62806174 66199631
91540 110395489 303272165
34578 977973668 998860544
43632 505026403 520963160
68914 58028226 58899189
53700 739642677 785806260
47953 843715919 921944030
85942 857189119 907410093
72271 544700561 758506566
6985 342000342 396357610
17245 498279766 753684406
89421 730399402 753054640
64139 314440790 338432728
73687 211198012 216870552
56350 211319559 376192152
85204 23044670 252733822
53862 739546716 986447700
59163 459958412 708657411
23184 253896254 336928023
67233 223640220 310189728
83768 117410331 202104100
3122 32286221 37702153
3298 258482295 289135605
58077 677584400 858946911
50346 562248015 585877821
38831 340915072 429251628
39352 517218595 761225415
21571 51414716 53574538
7384 201429386 456062534
53785 547905732 719720826
88298 338878513 477285834
12101 231933575 380092427
44662 648893931 892320756
76842 704540427 866226246
51779 493760835 615838962
3495 786367793 802998708
87176 773420541 799792250
12785 738836324 787860619
10690 982053960 986776789
163 24 30
0.61
36981 502947105 798889349
50614 317354670 521116189
80379 468863835 719780844
92378 96360409 422222982
48290 831147629 842929781
44569 41508233 258662423
29783 434250253 628940660
47366 134603192 234755567
49073 838939653 984933571
53794 410030595 637571210
95557 601198243 800318335
44939 333201231 386536920
53337 668088016 978691535
18641 307093663 617407180
57910 454442319 477224416
25199 188368611 245502611
65666 580492871 602457766
7288 624934217 828867658
36077 188500930 193443816
67185 344301866 369975884
63306 897890499 980239457
75486 340486108 397311203
57633 771957777 980877126
91136 614726790 766702900
34435 175007509 206126305
12318 485830057 759078196
76318 522830225 810820195
88225 199611707 235501644
57042 227864107 430939030
78885 705696261 770739508
71268 422973769 516562571
99053 184240340 372771234
78994 13446847 323604519
93143 734053253 742286994
95815 591458953 669278814
65744 299722048 486695992
59663 63381309 376986141
20554 762447972 965641435
99117 84313268 330286340
1356 569684340 770208097
33068 394550668 650024298
2249 79240626 297989503
3187 532343850 736961259
60372 740317168 751303009
31677 613071113 671554259
57938 579513361 581732170
27817 504371200 787906991
39473 787609959 917814054
32909 541482663 814107452
88985 798010345 882472296
3153 389184220 453736256
25088 221489346 253542275
93722 560651409 866356472
23331 143387398 436644351
21092 488791185 580656695
86898 93322709 141784927
45108 117783593 125481044
2860 773658897 787788745
61357 595967279 737013921
66763 746903195 881331397
55265 654523023 746880581
65409 471337289 738018059
1579 630166875 630748619
9540 491391119 555936396
14876 504671447 807067439
22567 928122920 930382622
54227 43292392 193284467
46794 81094579 306321257
19666 590404275 600868499
27026 399963585 473840057
16652 66191572 68584319
21948 477056059 534016128
24515 212172600 296024433
48590 213305360 348125075
32530 442210156 710550771
85680 425536572 615234476
50791 97268457 251532391
60250 595080936 736608049
91188 384465781 645633963
24398 118917040 302383757
44998 162592849 352293185
12584 114564296 423938302
7638 208957181 331336321
50900 349918759 513462428
98175 246768549 340756169
65855 273016014 459042441
13616 730970817 981060776
71920 214531043 339308822
22626 595570245 907854204
48825 165816301 373862075
54060 798336616 936521018
51913 18641087 272917471
53078 623040803 647357850
10565 244191499 476691038
8140 108515260 418563919
73655 86576712 294717790
69044 119047170 226844526
68678 820429575 952822998
16673 343876126 669558111
13318 949326590 950705579
84905 487010314 548055639
99346 458897851 572922447
92149 22864971 197831194
81720 459665470 715678099
16504 227327311 332653518
93043 234394765 352329016
58115 622749640 864515860
44000 675450363 980379518
17974 371714311 401444178
95434 658378517 847090622
6969 600841197 745947434
2183 524129776 781897899
62764 182201270 378848169
79399 666561142 729788940
51261 774579059 982413599
65642 238423005 549435235
18969 525927519 724952352
67762 252997362 558717923
11621 94894988 135024553
38874 552377991 782219999
35758 394368247 409579894
58374 95396905 333614062
12381 456651304 497444661
82843 680903052 851613878
4496 90157514 104059077
27760 974138773 989096604
42309 397545394 518517452
99525 756549166 770217183
93529 18475897 20597041
65076 229943324 499069006
47633 313496205 483107457
45190 646243818 666014151
65686 125551284 160167608
16393 410824370 636327185
64967 27732549 71481253
38591 212599244 436435746
96234 373539363 492852728
66904 43412836 255327396
1892 143551149 270625954
35842 53686845 267073483
8490 339938139 362413855
26144 98550535 359645469
9016 458237290 751355739
85147 276882272 426930661
89632 137298875 318114285
95797 691280569 732587255
13413 184240799 487288236
16132 561768844 775202193
30793 140255071 318622299
29213 791754243 986162365
9572 427720404 642696028
42190 676143444 753612166
81174 408081949 424242017
46418 744542811 755662637
36160 143017422 368678644
79455 8402184 8999098
93295 38729595 243323094
23618 69912125 179468373
51160 388056754 538061109
36719 354431169 472528353
37835 22890253 279263087
12274 360174161 366619751
545 113339376 207109974
162 29 28
0.28
51889 292836849 344212358
60840 745127445 791148182
3309 96378975 105852449
58983 545889375 788704594
68812 356345121 516345290
26177 491372182 843021412
82051 377384664 387421316
39633 445734670 739860080
74146 158798818 175954360
79313 727580376 736074812
36201 162227356 369022047
73743 157899418 341392436
83617 181305997 239840126
30720 379079652 597406087
44904 354160234 642838795
17492 386515109 689546438
61612 445480344 571021399
8011 372247043 572632628
78332 45889132 46114336
47655 976160001 977874909
73212 411204185 494823388
82755 801811217 875715403
40153 3458135 336815526
35651 269749589 531199788
83965 481369697 812749659
8940 546608170 644585455
33315 516324934 585514089
32693 697331503 922273228
97037 106589067 408272118
47711 671734283 855893821
42004 732168141 986436880
67073 674650428 885199584
29248 670080585 971098831
10376 165079308 413937513
68826 795433695 890593588
52414 213072542 271559093
14782 71251337 192946994
20616 488244555 636636401
22582 440758267 538229097
10165 489349270 583611281
57059 541534726 783978876
61204 356442887 428677489
28222 590517666 692064498
24262 262147897 462066448
159 813166425 973407306
79636 165105356 283173379
29371 794790014 884288737
78018 277970899 528120478
73076 44913499 374734659
70085 635685299 760673817
49612 334172926 409006630
34514 301838884 546752660
76667 877003690 880467162
83575 478202464 722851193
63618 876610101 915337162
48303 299934773 400403911
65759 233048025 237488323
59856 128398259 206398354
96482 124759466 393268973
21768 497713266 698700053
73055 299980608 651387418
14728 777225041 801483644
34278 710611593 825927870
2175 78516069 322119956
76561 307294110 546190427
24555 244463785 491992965
74716 424141142 709082080
98732 427541672 744385823
99194 542893158 584775503
65978 221302254 284301581
78885 417237380 727572835
57400 454163778 490619319
3030 559933522 790964177
75146 875771539 902898611
3895 9115016 141371926
79492 172171380 212593667
70166 325217140 430220659
23267 745627616 801946880
32764 607046460 768880988
79712 517860179 855145036
76829 877217438 959926694
40194 262698851 474375555
33297 451577889 476281286
44852 221957836 479540807
83043 697395738 872850540
21047 118488261 295851116
34664 664856511 970045290
43962 542801330 889595852
21874 839704655 969470411
75144 32185552 43962942
80390 743622624 934890151
29185 591402457 674785191
98028 88977502 209357530
94252 400718261 639731935
44869 358389514 554890617
9996 776916113 994331354
71970 188319474 263223604
48177 775003447 975819976
25619 732099617 909345532
64657 494195429 669862681
77502 892589889 929682233
83607 648030191 730212994
86258 693328541 911177486
28955 33142301 245790730
33946 502281286 637805121
83283 54650202 247229040
53558 676908453 936084692
57449 491705687 603755285
55335 631565745 638615665
81005 802503686 856684775
58730 462132134 589849163
76 485182369 729469597
89896 596054553 805942622
51906 795503602 864307398
79883 83087271 86227223
55181 453240744 581406140
82548 1377203 5524868
66178 465807548 704395584
49483 768991479 856392587
89860 132892320 392539361
4439 665465104 684836629
72435 156024200 447887584
81615 127373578 197478689
35010 442711136 485788029
39377 591628322 717810388
44012 385192947 679338617
53202 222176421 314308669
53288 442755362 740254577
12981 292104073 601798882
52187 315216561 418124736
4192 30818730 304998455
88910 108411556 318522536
54380 648835076 918736029
34592 790898445 985816368
48540 30994226 116462564
19453 150310073 239195798
97680 455303426 636519877
10416 660062796 662765247
43418 464195496 521169652
19317 89491499 172330522
8721 399348950 409455958
18546 131486663 324877538
85445 755623201 793373709
22056 311659250 570069056
7635 664010544 937921092
1925 153805149 214899473
96442 868392296 876394840
95421 879235980 932142200
16014 292497338 538907150
17369 680798834 866800849
8364 792122709 840165402
41998 60855860 363674422
1581 445100927 583006492
97041 574057987 742315291
65086 850252380 940221916
64266 384691479 678159721
48208 416194914 765166569
84103 690343101 803526191
67980 448071181 577807024
98868 820631752 931214413
3786 690322044 851970111
3272 152714032 292157743
190 25 24
0.25
38484 596936005 671745703
25483 386043059 416159968
51943 432594233 636654800
34573 797972535 976961719
75640 258986049 489245766
20643 627596487 800758132
62808 792560291 855878467
29936 186059046 238663164
88163 743748532 998068695
91256 773063678 827201081
14615 207601556 417693910
8590 539099697 596984049
7715 395290703 475728699
67019 516598105 589979878
35198 842766326 975318737
50721 580012804 580445673
7642 92161348 151232547
48303 29544924 30618584
83258 390888160 583431761
77526 147960412 282436273
60448 409997359 493420839
73260 341054712 342958580
90794 415649971 611459312
81456 500546748 681569328
58463 917357370 924545449
99934 667339618 698851091
54853 543753727 545105762
84804 345399759 550667446
13781 438904807 664092375
83317 260095466 267938639
80497 692362456 836449390
26908 596100258 597993666
85205 271727678 422465065
80723 183396587 397735547
77581 476147255 685018250
6805 694907986 894551122
21446 382360530 384478504
32145 924550675 967464371
7848 795718998 907646907
73152 386111793 478643576
8642 501124400 727850327
86745 423535260 644046855
75239 917097147 922497101
28996 72027324 325245317
39833 49525987 112783403
12557 500924122 670644758
7779 88886333 173695776
61818 378350385 455260064
61004 769338654 783737727
56639 44035137 289335639
23624 426124699 632557446
13328 288117952 496777620
34386 514981011 519389188
31383 832086844 959884143
13976 656936960 672478809
70919 610248925 803240324
31446 903662775 965784941
81777 295822172 365051597
85414 67613360 187612779
25013 315041644 387895826
20566 617466798 712100475
44700 182713919 208780747
84476 297396636 368448026
95044 501805633 740406582
25926 288245847 290699965
80924 149537844 170510664
43093 296123836 487699085
5809 964762032 968115633
94955 623985656 781329452
27336 498210738 502627665
57219 780928103 947810366
22030 735187254 959027111
97 513904753 699952801
22636 758701818 887288836
23690 760445790 827965084
60576 594896821 595956662
65622 625039341 765378586
36361 521126458 549288545
50883 828586452 996822572
39905 277238739 389837817
87372 351845724 368658977
41584 127212428 367609597
72506 498912535 615486831
90015 593366723 794292964
42555 696525078 907273644
95883 375372627 486971457
86033 578321395 719901388
57787 671526472 734879660
47084 590116329 643896432
81748 516226529 673889881
94683 672073573 688487082
74508 582721133 666889753
80479 794427303 822790904
87996 21353138 42461105
21345 675847089 799745978
10778 34902220 67385190
76934 842303056 985316271
4102 592220497 772621918
13729 326791731 333740639
64163 723812017 779831103
42984 523984332 731403482
26377 594258692 715402725
3497 757206192 957253888
39096 358939249 583505832
15839 51651905 169408925
11121 567821587 734890294
52001 224322061 393805954
14209 252290953 422366351
22106 495900674 680772449
10686 686954608 803528119
73086 59378218 97536446
74069 404363395 489293104
44252 644869295 882820078
66307 331767540 369049107
81552 46567896 262284623
85539 34024362 166348194
22043 21323009 226911250
49000 531120277 656397974
27445 131801339 164551092
7789 144938174 193227100
84898 57699631 140943639
24969 555073397 555484052
32515 250990738 406189908
36135 107634062 109077217
76111 395507066 515723086
34998 549173036 743591034
7234 535756344 748355931
49052 772282940 985225079
69333 99681252 318981861
69745 71938169 140619442
96335 349275721 402968160
20969 484604851 508386069
18523 259234418 382475861
45042 663177385 737323800
56763 336202585 580654801
18849 602456310 709371062
38172 206337947 353440413
87046 437512583 461826440
76746 222422775 443457295
80583 194092401 447489977
25158 558424271 660318837
91180 471644800 478024349
88437 66396760 96211719
32183 838324756 888105808
48443 83855883 127559768
46775 622050874 709773961
13416 513932118 595892573
79197 543062748 563328924
20082 412164380 412385312
86959 597829545 627676119
3972 698758970 707965246
23548 738837092 926483691
84214 428221426 656482383
92655 110056360 173271529
55998 853207352 905204033
1608 439085822 573260530
84582 92866501 343800633
71080 314857870 317630993
29790 536990262 551978673
70860 270250974 414952577
44724 266864801 442903857
52189 398877094 409932153
47458 239579470 339968272
6950 44850972 240958058
75942 239376278 264963811
84037 851061292 862514572
36184 796790816 941645695
31430 637577346 658836592
49976 56302305 250694973
53229 255718504 478259111
49511 94266653 309460019
52498 48189856 116705933
96792 400305409 628091816
8659 94353747 277050958
64327 904653856 911979984
60709 685275426 691298567
56649 535258331 537160393
30348 172522995 215990836
72740 312629066 390801470
68428 296680491 334196420
80769 738052482 767777800
16095 2569895 216375714
17727 435018595 577012095
29831 926545776 934747089
62698 767679064 830352607
28711 657582585 896278485
79437 604341006 791769403
48142 644175847 794952898
10468 765049896 786879506
44916 606760519 813220354
163 25 29
0.31
25048 802132913 928456648
13147 20334554 140499696
1677 73506692 164508907
78140 151531134 332910059
7444 645696437 759482639
49937 440672843 666232766
20516 482504263 591918802
19347 50466225 168373494
82908 730446919 883729136
34511 432613131 574980615
52590 452507587 648204205
11868 346178694 381496139
82171 77345034 260617694
31119 229196093 516674595
16768 389443159 612497815
50093 667472339 685066531
61743 176888636 400181793
29921 20573721 266548872
6306 240861181 245681048
48975 452043577 455109845
15532 288774781 599629056
42857 195948657 263116327
2961 618981200 709718948
15361 477968248 613803614
47031 258511440 587429234
12191 733774155 838371904
66461 839367010 960500400
52307 724988265 789654482
96908 818036209 836744271
43277 370183052 393920199
40236 730810207 875913527
82956 506189444 643054284
13369 629598482 674934587
64917 235024999 545245365
16278 659969680 773195833
25669 589803688 708465189
35680 5744308 234606599
31401 406948857 665434636
15782 120208027 139638786
48204 246304050 249396399
54745 328155327 655258027
95473 586891588 587313263
5087 760290259 971412912
75298 220310860 289992570
99373 884909835 887856757
43305 939075228 969826567
88693 530651779 563012734
57501 812692846 844152500
69628 166006437 400229286
27807 216534799 247403090
97040 495011741 756305588
8167 166023254 296289351
66584 812017676 968533339
78393 605314830 853971339
45901 348676980 630968233
27389 425137862 447153367
42088 663910468 790064451
65294 226067863 259819437
65180 21701626 305919700
80944 812397027 826346210
7366 205110702 348975942
79400 423966622 623898409
71203 488182812 706192681
99496 660320161 663058426
87585 228837797 283194702
70312 510145692 731060211
95353 637676633 932631596
15708 279612464 299426943
31996 85234814 259993909
1954 60955896 314784232
33708 854157034 858675646
27163 420246660 738585016
53933 270376263 493069234
93596 841344327 949219898
96380 110780291 271619545
95718 14790913 108776343
16159 329063102 548794937
73908 134214046 383265211
34429 511682280 648362404
56883 551253102 603054632
35376 195007299 448930792
1431 672344375 748067307
41689 516122156 809731573
21388 597186938 924050330
5780 573400482 615727220
27499 51482902 315540701
27180 634766707 964861864
8622 287635283 358989469
176 378460139 527118431
73126 488332387 813172678
5222 177001188 236039786
64587 633525064 815783734
92384 246744883 442003911
76596 405961684 662964371
21325 258001235 470402023
12968 324833111 342384489
62385 330189163 532242350
87637 668575697 837594890
50680 758727070 956065934
64063 74464822 189700697
62919 569607522 633948846
81404 542673486 595949439
95605 729472971 862569802
20606 514477658 673086372
94713 592747051 899224035
81745 131740353 136823561
38243 107597860 107604120
21095 247120010 323524930
48880 300973229 626455078
65232 259357816 543660616
28057 569825845 791671472
39054 682515937 695607655
37356 28755100 227633468
43688 757338874 920539997
88094 338300822 370107207
39230 388484424 416884257
16639 607320604 655616178
1949 788643606 861076979
98382 618701674 918929886
57556 266558965 389558084
60399 544140541 787454436
95463 446992711 472559633
36635 44455987 338567518
24386 537109895 599807934
88152 727618782 895940174
70193 431244172 438987669
57834 620782780 855806783
41006 634396185 931801289
56072 71687714 108972284
62234 687817481 953483532
35058 800555305 965615207
82928 329797351 347527491
22434 659023710 896526025
4631 102779336 340808248
93825 340952491 446269648
45335 161099219 408481613
15868 340184216 437945279
69231 886285986 999738277
88182 212750416 462421462
19333 539367901 754480022
39456 633436297 754209101
34718 35719584 38225958
11752 667022563 906668495
82319 3349260 239548585
18702 135159054 213143591
61139 125274876 341526160
76349 353599107 354168849
12862 678608099 681066925
74905 726393283 857145567
3921 306561591 360970466
40052 461403160 729030532
36880 487280892 693054498
93862 257283878 367717397
98994 681779833 855694925
75100 772858660 804092301
14263 975119169 985623298
12496 435526136 449896684
1215 724769346 823017210
81978 420393008 527680314
15129 838726651 844594792
40390 903902484 985280321
21913 195765612 399794175
79463 651118884 844911689
188 28 29
0.87
49552 527022127 570584196
45036 476307704 683251454
5131 727865014 735464939
4375 204032664 363935987
33599 62145808 182665462
84494 183893349 329336742
25165 243552985 531035131
71570 413102003 686018319
14272 874100194 919370234
39845 810730618 904316614
46530 361969137 527177780
50712 559686560 781749813
1265 557122628 604709318
5954 649385090 796435734
55730 672873508 851208893
9778 380793604 502895227
75973 474406105 704607160
20007 482977694 632145709
47130 788300076 840970143
73151 471809062 621695833
84419 55221804 344306641
59693 61168317 238323946
7307 146764411 149083002
7631 179490066 440347905
63045 341238215 394565223
60511 332236029 607235850
86152 783901419 815169700
58377 360424752 635949987
50139 675572784 835574993
59389 338954275 546891232
67660 731840274 810007124
98406 318206579 367920253
8870 366844118 441297933
91034 440504380 701066485
83778 91306757 326202534
12211 733103503 736905545
45981 442108632 453069743
61951 796115489 946388223
32427 354913395 385853589
33747 43256414 151982634
23115 630439300 639713705
49638 747595266 893309288
10876 29915988 318534669
81115 445412082 451187007
85935 731778059 818539190
26399 144299670 203009065
22333 812696799 919999643
39445 760994965 895546226
38234 351134145 440543828
91598 251206591 252479833
75531 325372918 500676966
53853 580376074 593489653
62581 764242951 799336062
27563 219686466 447277790
26038 371558475 423154569
99207 207985536 449584071
79928 344334416 575287607
74720 362500707 590107911
71492 334057449 479035765
83767 658834574 927399188
39636 211487221 486227140
25743 960492852 964420796
26028 181444715 244399825
60999 308179026 568666896
3210 674870117 696767960
69962 838765535 948866270
36092 576128908 637219541
13413 254503956 341610435
98162 61047874 103543320
3353 684702597 685347005
64596 357972798 658423231
99794 502367644 579100468
18645 802187206 972878246
27224 150170215 442448098
95593 500903558 738551145
66308 605873255 623812861
52755 261879046 563615948
75125 614477946 662320037
35299 604085905 807777128
71364 33145395 244087638
41182 591996468 891370140
32022 242040968 470056426
92158 312370970 408260554
92721 662588167 711352253
78077 77793006 183992060
3249 185750359 190308454
74477 477214603 564019568
3036 235687073 457318495
7562 653624873 894755821
10131 805323846 860333772
59538 112687865 362116287
75946 554539426 724792430
35477 61337671 307591322
94362 289419397 311487230
29256 300701450 593496692
63701 491359901 752108725
28958 940802300 964814049
72539 455609908 458244244
98074 741551478 946543833
31467 251947645 467751277
88926 198855145 317019489
65500 594434802 821675999
14888 398302408 641469370
24077 585049249 876398220
96287 986455221 989880409
4155 203160502 212415446
74985 368685661 374036998
21586 596621768 711161515
82144 470670368 756674909
51429 700442983 820410254
36324 223785290 403330007
40353 685633973 723490544
79058 791667524 880971216
75680 453734466 486563064
68726 229379705 263349092
16538 404821470 650867526
82877 690833813 870078739
46690 413587895 492337787
46767 363096236 483478868
13390 285949229 465551279
76540 381364790 450525271
59703 462064287 509338504
84756 397072596 505975996
42146 225122242 283317920
79740 567600978 858636764
65567 582185313 596868525
90943 521057307 690910552
73297 138588282 161125393
47394 189909600 353247924
82125 459831159 680992746
75642 21213219 146613821
90087 25266913 30243906
34786 337139736 387475781
81097 188557570 330841834
65992 3804689 96218543
40806 593282138 883951799
968 204133404 400301979
54127 201985799 463646064
4413 30376383 264393828
55365 467195748 529614881
92499 519980674 814407010
78638 175546003 347074817
21120 146668351 343874194
7628 631949380 705020213
77301 426744183 693099996
4746 574069759 692197239
48080 235127819 381362650
71225 305639376 352802496
46516 549820731 561355243
23739 38126968 286040471
73820 262905389 517690548
542 357144007 359941283
45676 105647062 399056223
50124 383104866 536521967
71498 330679722 554451000
38944 504291792 532582424
50027 428000673 561415048
22460 102393272 105142100
95793 805645380 986954187
65082 679203035 966771139
54420 809089905 977666308
41664 771556326 789120439
36766 175588542 205151260
39704 208069252 403546075
1373 722545199 987700589
71359 134261613 357106718
58675 638457196 750585334
80157 749539608 972112344
72368 744329983 875217640
21717 691747158 983010860
40099 676499215 955615009
84349 191471923 324341955
2126 735925771 816600154
57008 3447035 90642078
27608 563990362 574241381
611 75532057 229923591
66951 626070067 838747200
48054 458631117 539223230
43310 483098100 503772608
98092 347468999 432891849
15683 819644194 874299891
67198 900203874 970025354
23893 359030695 446063484
56011 433151493 703414603
28540 650811690 763468999
85714 14414915 18570465
5778 859651655 997805119
89603 28496772 292309735
200 24 25
0.11
36297 156677389 207159467
77855 121108867 249089529
29497 393998823 459769818
65889 653467975 714532582
39150 389567790 546492027
77437 163336405 286919501
44115 621172290 670808626
92383 357407910 530893774
90011 73976366 239404384
88328 618318077 640931366
89805 959664802 999685111
56324 678335560 739947405
828 210212309 449439501
82234 296337431 395061160
53979 461739565 685517375
42469 375812358 451256857
53232 42214291 268379926
5572 507302590 668303376
89927 123933800 247943788
16750 99899444 158117360
98569 412942848 565367832
50568 114387331 199036212
17676 480062042 490634809
53434 458096656 533329530
92589 123382761 132014922
62080 902794260 914827009
71581 106196449 237539274
20957 814572471 952078976
41528 317521139 532921412
69749 587560622 640366200
84956 241464586 394956117
51579 570038373 576488490
69176 712806862 928161285
84872 693608454 769114818
47587 50438983 160530655
39438 23964768 96876183
75119 164121799 227550722
3244 164467090 312559329
80351 168394968 323163810
7683 902269188 930858779
12949 257125015 498975091
30153 268372048 452271474
81263 8436894 227684381
90717 593660666 638063894
92468 960498609 966968223
31739 293198430 304745604
92874 822395880 877459733
5585 822903548 886311476
2890 534577354 726431321
2162 388420324 418114705
62326 478736874 484874482
57065 74083002 106044663
50698 431514603 513899282
45872 659297114 662897408
68306 96380082 100948095
81282 590252156 758941928
3739 810609387 869363442
4494 156504315 157493842
82157 810523601 901625741
65357 820198682 837730723
2295 516141996 706588883
15382 765936193 787050417
6572 258469440 429514280
61713 829461736 922122902
96430 63893295 277546031
70538 152262465 164911721
46824 18608178 105183047
84807 222249895 456660178
8865 654677480 763662729
47260 723856597 842545081
80525 749613174 787494326
63357 645471969 818397148
76775 298683583 306385511
3572 650252867 656090133
57533 849683084 940656504
42612 153720723 382873014
36011 883244941 947520466
49166 293883391 503822354
66731 298302068 534377977
52738 190868329 317530026
46379 527155704 664410916
17977 525198593 593565293
34017 567732274 788144334
77521 462134347 539878974
62779 469513040 583998859
26329 713759746 859241159
24570 449223293 673419851
66046 99662385 118968778
79520 243184923 382673972
26469 589084487 638164917
11688 322895845 391239061
84667 19842 204382698
99254 653677137 864524559
95273 337454528 362648137
75823 265098361 431404031
96877 676441681 810381005
28619 156432783 318676559
14470 252590828 279381081
20264 400999443 405883137
65774 288704568 349671337
37409 333244822 342333195
31181 821693521 825291339
16063 919448834 934123464
62700 806779505 874309227
21680 946921838 948584737
19464 78847021 269543326
20982 59455598 173995982
23496 742288751 935474250
13441 157766104 216603893
10385 373340727 468348225
58752 584897187 821672378
9497 441370608 643391702
57204 711766533 908976450
13273 183373070 271749070
50470 911053790 960897558
5479 415722219 646706735
63963 283827535 379020064
68963 700269109 828998587
50886 55480233 277735227
30416 776680880 821805467
15741 810279034 966568021
93862 257623857 338365293
94670 288467708 453963566
31173 816127593 883850825
70292 54858013 297132292
41262 815165478 918558281
17798 726399829 748538253
80046 397716704 397922277
43087 115290039 223169433
49435 366755569 481276927
35267 919709989 924250871
53858 232179853 275610247
94161 537384438 643890544
25216 146077339 147424578
72853 42610767 51508312
10736 603831826 727689425
12464 227720512 310310699
79205 681603043 791480747
78138 706032976 855138104
65530 772343039 840972330
23127 618331151 857031131
24550 496652857 505957569
14888 336780297 427571725
53460 739827713 960520960
48740 160724362 247841119
26771 419858030 561629146
42471 138988334 364080352
67977 633119084 778914165
93482 626829105 797536139
13614 559202134 734166118
75572 285769851 488668869
59958 803168863 805424489
60880 619107158 831493082
37167 618919222 733553225
31488 93731891 320139652
40750 764344241 768760142
79601 38262078 117123064
90819 736679241 886411500
35631 486086362 567918014
99828 195074726 196453527
66011 689119780 891127729
64553 439220808 449288532
85466 52483725 174282334
45700 475801184 599022282
49520 560804129 755737483
756 134618230 341793259
99949 355778957 480872341
46538 50410976 108500546
1223 822597022 936476434
65292 409119723 617667797
10121 788476884 835623293
77257 404902191 528336961
48779 581527105 581753580
65964 309295040 432897481
69411 600845224 646176607
44309 821521900 880739563
923 426261629 661726195
45093 589345327 766663934
10979 589829206 716019915
76601 311543270 440896211
14313 535635323 673564425
61594 436929492 510382387
87047 741033725 868548001
16723 832637302 883644656
63291 508144447 746824928
18306 117887148 193877154
74717 314076360 403058772
64243 708823308 793722245
12205 645728610 737049025
91946 123459260 205512756
86540 172199857 281450627
91935 32102919 66830247
87149 760944255 793428520
34128 96218555 320656904
43532 495452686 677069858
85330 957796400 960107881
70686 939168067 988242680
84777 332221132 448440888
5417 135656214 211734695
63257 554959652 777543295
