8
48 8 10
0.71
39 39 66
22 34 37
6 1 2
39 33 50
39 59 90
24 75 93
49 7 26
40 55 60
49 37 40
27 38 40
50 61 82
40 32 51
16 48 54
9 7 40
1 9 18
40 79 85
18 72 92
4 44 53
43 83 89
15 66 91
4 23 25
38 30 55
15 32 49
19 83 85
32 10 11
27 36 39
49 7 34
11 30 47
44 65 80
37 29 52
17 69 95
40 60 82
4 95 97
43 47 66
37 6 35
1 45 46
36 68 99
9 28 62
39 28 31
41 61 79
4 72 91
24 11 34
37 63 72
34 14 16
4 8 44
18 69 93
9 28 52
3 82 83
46 10 8
0.29
8 47 85
26 25 38
3 32 70
10 67 84
33 45 61
45 80 85
20 69 89
16 41 53
42 73 86
4 74 77
32 82 92
15 12 23
35 48 49
9 36 43
3 12 16
7 7 9
44 16 52
19 50 89
20 48 51
1 40 45
16 67 81
34 3 26
25 28 62
15 37 59
20 64 70
38 94 100
43 3 4
9 40 76
43 11 13
29 24 33
37 27 28
31 2 38
38 14 49
6 19 36
5 34 35
9 80 97
22 87 99
40 76 82
6 36 67
47 71 75
42 31 59
16 49 50
33 73 83
48 46 83
37 64 97
6 4 10
43 8 8
0.51
35 40 41
11 21 26
4 50 53
29 80 94
18 33 37
1 84 94
7 89 91
23 16 17
30 32 56
16 94 100
29 75 84
36 69 79
4 79 81
3 27 58
35 38 40
31 67 90
9 31 57
22 55 66
20 91 95
40 24 33
43 54 73
17 26 28
47 46 82
27 2 36
20 42 58
10 60 61
28 31 32
20 22 29
27 75 82
46 44 55
26 58 70
15 8 39
44 48 71
37 8 38
23 34 37
49 32 43
44 81 97
13 57 78
12 48 80
39 14 33
30 36 64
10 10 30
29 34 36
49 9 8
0.25
4 93 98
24 58 62
19 18 46
26 80 94
9 79 86
46 46 69
49 61 66
16 32 34
27 13 33
46 13 42
47 35 36
9 68 78
23 64 87
17 9 11
14 5 7
5 17 25
28 24 51
2 47 70
32 63 81
39 63 89
1 52 85
47 4 26
21 26 54
24 58 69
38 3 35
16 19 23
47 56 79
39 42 75
7 6 24
27 9 39
9 57 59
23 55 84
9 12 46
10 13 14
37 76 79
50 48 58
43 13 36
28 7 14
21 59 62
46 52 54
14 25 47
48 22 42
20 47 59
28 45 72
13 59 78
39 43 61
45 81 88
33 22 28
14 24 51
45 8 8
0.68
6 32 55
9 23 58
43 40 41
12 9 11
43 51 69
12 27 47
19 20 46
43 73 86
4 6 12
36 32 43
20 19 25
26 9 31
17 55 85
32 21 29
50 48 73
32 68 69
22 64 81
24 36 42
44 58 90
47 47 57
25 23 25
8 14 18
36 2 13
23 34 35
19 41 47
38 55 58
5 14 39
16 22 43
40 35 65
37 62 92
18 2 9
48 48 65
28 68 72
18 67 96
28 61 88
23 4 34
8 72 94
6 11 12
17 83 84
25 34 58
40 31 51
20 21 47
25 57 81
45 21 23
48 8 9
47 8 10
0.38
30 47 66
7 26 62
3 63 73
6 99 100
10 33 70
50 17 19
31 13 42
41 35 59
33 15 44
21 16 21
30 61 85
6 17 33
25 14 39
43 40 48
1 49 72
33 86 97
50 34 37
5 65 100
25 63 91
18 23 25
18 41 60
28 16 49
44 61 66
2 82 89
29 75 100
7 3 4
17 85 87
28 71 95
24 37 39
14 2 39
31 79 99
20 39 62
43 20 24
21 25 30
31 39 42
15 6 8
8 33 64
9 43 67
35 35 36
24 63 68
21 75 92
4 15 31
40 61 67
24 33 40
42 29 67
49 49 56
40 24 60
48 8 10
0.8
3 54 73
43 26 40
6 64 65
8 26 28
42 44 53
38 24 38
17 82 97
1 43 50
27 67 72
47 69 75
43 2 18
34 18 31
50 29 31
43 47 67
9 13 35
45 9 25
38 44 62
34 74 75
8 61 69
1 6 36
36 30 67
42 61 62
35 48 80
32 49 75
42 26 43
21 18 42
48 59 83
49 40 54
6 46 74
40 49 66
35 49 55
19 54 55
24 48 78
24 13 32
5 53 57
43 21 30
37 35 57
4 31 40
27 12 13
18 28 29
19 32 63
50 4 28
22 55 65
25 37 44
45 72 77
47 26 37
31 1 30
20 32 48
49 10 9
0.99
36 44 46
33 78 99
35 31 34
49 88 89
14 17 25
49 3 8
47 26 28
12 39 74
34 32 33
44 78 85
13 54 69
24 59 62
29 68 84
27 22 42
44 4 42
23 5 6
4 2 6
8 23 47
27 23 60
4 43 44
48 70 88
46 24 32
1 11 24
30 40 73
17 28 52
29 7 43
5 30 33
41 5 14
24 14 23
39 27 36
36 17 33
28 35 69
45 30 68
40 19 26
35 50 82
41 53 62
24 31 32
7 62 72
48 95 97
24 19 56
25 44 50
15 59 90
4 22 30
5 2 29
4 22 23
20 10 11
1 37 53
44 45 66
12 7 8
