8
178 26 24
0.1
96436 500785787 584239663
73778 483470411 654109311
96078 497094240 541192822
87451 181262222 428128357
16100 566775900 810114203
89696 343547401 562315476
12379 683003681 896716398
8481 653176445 828587421
49733 179853141 182437590
46945 812309878 897667230
69882 935148785 988113834
47287 311949438 340265308
87464 197603248 336505630
73030 298979812 411567830
63495 526776098 677444828
22635 250702596 404508023
6705 786795510 788334706
70422 76563549 143833038
66160 323897702 567943541
80636 151844710 391611779
19480 245397215 461190259
28682 846803845 983593808
52920 78794748 290558292
81661 198403377 386491082
14219 966014974 991293352
46800 160437519 395538481
8756 535544227 797585872
17366 633912782 866598284
61930 681601836 826887162
2826 825456716 967556779
15281 144845767 185169063
59619 722234051 854009210
40906 328056076 328539912
3564 772180177 964427107
43020 361672203 600255748
32147 729216753 909997764
57619 260510021 451683302
77984 174611692 311525875
3992 603455864 838079992
24842 590373847 609366031
71714 287410025 494830374
67589 481336044 656229262
91260 37022597 143006712
7135 578680055 706851116
86984 141834308 339143129
84460 254788644 286765640
84114 719700391 758723096
11199 610096952 629192414
8008 697599143 735995889
41210 706767846 982856073
6762 1111664 247156454
15144 799267182 918511993
78973 708981963 812006730
7210 387892417 653483228
8357 254647036 394960109
78799 2460192 4914112
87986 941537762 973960959
15464 680620525 740814153
15930 66476222 162829831
23259 191928435 355228752
65256 1565409 217539012
6614 225295729 416191378
52404 123069576 123641016
4423 377529168 573558218
38932 252633399 262803718
11531 936044389 962747384
82097 776837888 938422548
37124 428792295 670844214
17757 253051933 390504085
11278 12695536 274231327
23077 374775983 587170632
75220 593117845 846734546
73698 716152948 725813476
55104 115748313 141363477
55349 430727644 463989011
24432 540943280 599732951
49747 909735876 919134400
44496 340150164 376373525
43005 821474948 978372206
41636 384074381 426875817
21139 866275840 992500390
66084 214664337 372883675
37226 673035041 737718329
77934 370510746 379024166
57213 591470311 836109378
81046 164470041 363491895
33985 214052141 387119853
84034 554406257 710129721
62140 130296624 265423072
64277 153867196 311850960
59222 729350884 956321934
74760 731796465 898155213
2801 202622417 464284399
92032 145942633 213268244
90998 488787014 726113771
8092 308478064 345908037
13648 858140107 960695861
91727 612402500 784599281
31006 912428642 941503095
31278 397832909 434870148
14787 518052596 556727300
70314 414648685 606868988
48193 585224215 749937826
12160 875698804 954666313
25158 727113728 739030710
27887 429223760 437224966
90853 772404473 811535171
70027 303333098 323955735
89417 98378404 264371637
92592 235380829 290898441
73926 447251383 547012443
13434 737135986 746158984
16466 817708651 939926851
65075 223575347 485682406
76754 611184393 801626916
908 19556970 223921899
45624 692675807 829694299
62640 696661948 736381730
81676 288925184 479794606
80726 708673317 807725047
70697 242246866 432354544
46807 152747727 164487734
97898 13005133 15958581
38207 219738065 276819390
34532 645538171 775498334
67687 886757085 940181750
88919 199582037 224374793
72355 495173981 759262315
14400 607636864 849500298
69816 191522234 379194839
67601 327675736 600220498
80273 610712843 644272730
39364 247106336 389755991
15634 822535793 978543919
87244 832906793 844455984
61965 563660475 648410591
13132 316024077 454588539
98324 753742964 940053849
82093 318220316 526141388
97742 271880458 377013446
67563 711238188 954229080
10862 381611426 553737772
54383 940143096 968362802
13473 699730856 841162202
35587 503158915 694272275
84007 53841641 318955445
47362 802019848 802843116
1604 408463781 659789938
4270 501456332 635169263
75959 758446336 838574985
3495 47867514 71101443
14124 47369028 297782177
55481 197872670 319515470
8302 35110233 192972030
80949 752457067 935130771
18591 190948102 382416089
97316 665854277 739665946
97772 39467704 152075305
3447 482010124 713715503
6971 769294649 866775439
26371 119700512 238291451
88615 401682502 491750621
68268 600093790 670384748
79949 277190264 278469408
4416 303990635 478672457
71048 741132369 853785480
38342 134874008 412625338
95291 407587136 515942730
5078 872516613 895691855
81421 504479432 685392148
27467 192909328 372892614
92251 210527983 388259624
19831 631251500 800343324
23625 742084836 891935507
96279 90485558 355350056
21785 576582711 676745068
23496 461915607 492659357
58720 545218042 585727885
182 28 30
0.11
48337 832352764 994959793
51471 485438611 551184279
95975 775082304 933034558
54061 88985211 137908633
57669 770432214 972674360
69709 816443382 967724374
76142 643144492 818800485
19272 126921896 127401304
81873 839767898 978532404
91076 172901676 253715759
13558 370910595 531301646
67749 232172563 518208123
77082 689492514 758794475
63938 408952163 708860792
74398 299126946 475191140
64987 301707586 399686837
19291 867577646 946709271
14026 776508945 815347939
45145 296969330 308936102
28600 72473725 350103678
96960 185414963 346591098
24242 732704093 897662539
39119 85245042 278086581
56443 21869477 229719711
76235 603308426 741096824
4676 76547851 273388413
62203 76205633 342650883
53115 461523249 611259710
57779 370460489 560946543
65824 232863987 454747720
80238 453619104 480520101
21918 97706553 321317624
84544 246945603 364864085
9017 106929717 111795974
22699 507304605 762558104
81891 785559314 967989502
81200 415626169 705819751
24308 524511385 537420678
57513 635820225 672695705
38329 494662832 706169940
88086 255065518 524550090
60012 162476224 164934245
7316 609186180 728549161
33093 444810039 555009332
51669 369727220 669135053
94544 204907923 220100988
89613 195306463 306032379
82272 185636023 370433120
6889 674783815 700409333
81571 370810853 371122823
30885 607473202 758870772
77559 159145339 458631434
90942 421165063 580300492
10332 20574460 30263019
67686 652515397 836637856
41929 485690324 783907888
31479 620477797 791407140
72708 112015387 423480011
58090 254825231 461779392
92589 291765600 553999045
77033 780925839 961618251
44506 512976023 790977082
97473 852821097 976760793
46025 259146403 403848618
3133 376445707 442618930
79858 553237759 794655661
45712 928167523 982576427
8988 991881238 998881178
69969 12033076 120942086
96049 618194377 767878738
69805 224730092 493448256
79701 511214548 544658212
37112 555312429 567090325
26323 131829380 184239251
63012 680974909 918228358
55513 169131459 426847958
33397 563482633 600895720
92134 151314020 167706339
74805 572573846 730760724
78721 551117119 659073506
33380 365430594 560222094
24524 606316491 723703665
54931 317780650 548522817
57529 604851610 618849366
19026 441413794 620026151
1885 702525436 718344869
69894 541773259 615309449
75267 677416352 692054310
17600 24186028 54897939
52706 500652097 718575675
80618 247041617 536531722
5170 702875747 839273331
48579 235051973 366252916
30555 362182449 363139055
81134 861323556 903878850
63727 199241526 215473169
81511 192913124 397409132
62010 851900800 861794306
39798 249268272 358414356
35544 290307757 598984349
17895 75275417 363997674
43878 38120575 306048684
73434 302058042 508892018
36156 776977945 943683012
56023 765306678 785846370
85657 744075751 833897429
69701 702813162 889373719
19424 395304082 563958947
42907 975682986 979394217
74979 882494376 949809403
25302 309005952 465869282
54269 211227601 413304580
2829 280959568 535286258
86468 131704495 204956158
26306 866652082 964177523
54943 247309268 261147073
96474 414343076 523837120
58390 642326232 771218785
96848 168382787 286076776
44424 407243587 519507355
10821 594846738 907394555
67040 358232704 667674237
48411 225168199 388801607
22315 755593496 755695101
23427 859817677 998074946
56100 196344055 290040249
48052 870794213 902652644
71889 98893860 125268602
71646 143304101 403802883
17010 725283373 856978938
95870 27023082 166842699
11255 266476492 364647640
83155 977308806 980774110
29395 410639952 698859297
22032 584825275 725364734
32814 749247605 749961438
49939 614269925 925127893
64191 189667639 451855143
62647 596055995 903948433
85850 479131871 514428349
87429 290475526 352181396
551 263750611 335506899
19441 588100207 906228954
96980 121642889 137693154
14179 279949335 447135493
56268 286272599 292666516
96466 529864324 808129059
44552 152042847 155931492
42456 172363857 387657196
10501 268162642 519648573
34723 478211191 532774010
88663 453052197 680964480
65065 215571791 519170117
96670 267834544 363088414
74718 838588683 972913623
79606 461261587 630601084
85737 731686234 935169364
18003 534023633 684430549
36500 259191951 283335374
43150 46929060 179018274
4483 411310386 587990386
35257 730697753 802033855
5895 972899877 974670683
17242 566196131 580922999
53875 791120301 856866047
18038 255491461 498743038
36720 159915101 386704275
96748 868321695 873968164
89997 808413747 942783177
388 263279785 290739314
88570 495120574 495331584
67272 779065549 939007486
83797 743858894 957355309
93042 539900518 659791404
80709 435441067 622150020
12486 368135670 374098943
31910 694471100 763847016
56547 628950552 813553797
66724 184191149 303364716
77236 124957439 163462476
54060 685734658 878108416
99948 575077646 880284212
160 30 28
0.23
93992 676814546 864295641
46268 269675959 437979446
37000 504028323 713931906
13072 471861307 706704232
32104 257127440 515385854
66587 118546064 264170066
21669 608248793 635517656
4266 333942210 517102387
87471 104401796 157530914
9224 687445979 758520521
35060 49885255 402307443
344 402858625 404776663
71934 565231572 710737668
22916 151297177 491328959
42974 199630682 510090286
65205 30951477 276862806
56137 733245325 987729888
34085 201687304 426011170
77443 228716001 358111093
40050 593282899 920822395
67290 503013175 784728364
17141 132129776 144427386
10101 697733364 821258855
11346 338679662 476960356
55085 341724838 687961518
112 445740899 685049171
24539 59464671 69755936
31820 291824686 458782523
41298 379512645 485355493
71658 278573798 298054423
72975 874012080 940963855
64429 438203627 439980581
22287 83969637 421620564
82311 118106215 445082043
91329 45942429 93859344
54099 279565667 423686143
43035 31936201 359077779
95521 41950677 392716039
90321 118713712 369712971
66098 266061322 379291322
49604 836192615 890470319
96454 545643600 894545487
60440 564648731 643228597
16819 447127158 452807926
81866 597844060 655648437
97496 321873026 604017519
8320 616600297 645712292
7216 831910916 858838454
63233 96490091 419075167
74635 186411270 507701428
59816 133473353 398560927
36378 452039492 721949828
50387 188997843 402181284
82538 274155427 276046023
23585 180538670 387770755
40723 869457517 973696965
35132 549189515 738466517
77906 545367953 585154765
82771 601873978 607194067
85204 206105328 395060314
98124 818198806 967797944
6356 804580095 941494589
98201 421066699 489428665
41736 477952677 776604226
59337 247026247 479235740
52280 665180156 707878660
34304 843841805 996088221
41999 561962258 742715076
89386 630884180 694515641
78101 928351968 954254527
4173 164352697 413531106
3069 368181352 507462851
70653 171135479 191589121
20410 51483330 183760388
98612 782239986 969117256
81048 412186463 652158320
20770 189958224 265145363
15593 360308999 397733939
70625 567193294 758215247
38621 800931911 985205829
7885 225126618 243636208
31734 361409740 628877545
66899 746912306 750078306
79579 403410151 447273359
41384 139599636 140103900
76108 423498062 590067512
79004 724158107 990814750
75734 512283463 829877973
19566 220574142 455072919
392 620547195 852465080
95650 272945551 613931337
67462 543474476 602783696
79026 113076068 470094977
47420 257796786 558524613
14721 879895440 892837248
75061 460721229 580280233
25942 657291934 814790419
25549 691459835 928037688
56391 799030046 834059994
31141 635771866 961851291
88052 130545927 161542429
55830 48612491 361075200
46871 368391772 393351150
6184 609396234 648141508
57625 636225889 650607412
63715 466549431 784622481
20423 356164667 545268278
77766 452073670 587818868
84645 404375254 490140535
77079 330548879 334580122
87649 578994648 796453731
35962 473202501 698685749
42604 573400492 689385893
51302 687136822 933968362
90694 296808745 361841729
78325 717028949 782394043
99896 484591486 671201678
58107 431023649 503373041
28870 716930171 922576082
98042 340272870 548602598
24420 543199173 647865993
68852 605537555 720395922
13737 769044355 785018902
36096 709333215 937681436
86050 653877285 728206571
60513 802616003 971539788
2249 416085351 503974734
36660 114718142 286474852
16695 512520359 580504846
63464 426395941 617752671
77206 26566324 65568249
28852 786992667 791357674
8474 410615026 415613218
900 290290546 361418409
39025 117825157 213198501
32436 307241758 491660586
19928 850261982 972514921
94977 445928675 546620470
94577 314756218 458231553
88957 372822454 444030233
55603 551458812 558709029
86210 646003651 708248824
33249 585189732 803565078
69161 571052170 715603822
71614 827450819 847603051
22236 529160115 841607823
86111 538720840 611720661
41161 727825970 744975451
24898 575419586 681724186
46008 2880245 144905949
20831 407696894 571007028
21215 36195608 302757017
86205 711231624 982705399
42645 486153121 519726917
26343 318885170 561055439
80292 133244509 242610034
98942 525660906 817133094
41155 840384893 855296188
12304 542252462 611207477
26691 708885661 956482629
183 28 30
0.66
49442 643992505 914728096
48353 313761062 353799792
15936 97348838 403397125
92766 198956715 325198586
82970 761800376 834730743
56316 685781274 817863226
59 440967892 552662730
85690 460174201 736950745
61997 668028743 730651698
38954 399703284 517808831
44014 711693714 716001060
74019 87177341 197642984
74307 613494074 685251418
9109 698325785 848793222
26477 127795065 349206732
72381 168404401 357963631
89402 588981261 829140249
42265 534322666 551619596
7517 488044364 741113081
38623 546914408 586801499
4097 690865024 901888082
68746 670144847 851472385
57850 268753374 538084074
24661 27336838 321870418
21597 628979000 833008684
18476 312941040 323818005
50801 526720369 564498464
62623 233592117 262945357
71942 90990249 317697133
94745 413182680 475104089
65574 719911481 930691785
30801 782711872 792997731
90315 370915908 436476653
40831 268698227 398638054
91888 636360136 810293000
63377 269884390 507715553
27018 475306334 787337820
15455 381794453 540127217
85944 639124862 850894624
12605 150376666 405033649
94905 342426642 555709400
40655 635068306 862700838
56798 335058989 491938173
50658 266939209 553916632
89632 334553236 463411246
26137 957746405 997777010
87092 275198360 366724320
16261 715501466 936585867
78652 428985447 547738962
59514 653018015 961090668
91936 496575019 506825437
97342 826628422 922873980
30494 267843251 361627298
28772 565784204 621367196
4766 122338442 372397137
96344 661670952 670861449
12618 758572243 776955007
48348 387655762 564940741
53884 889471184 999797925
10195 206310882 281470126
72409 334732488 339650205
2268 183940505 262395536
62845 71693418 230785824
78658 342733855 635227815
6871 654944531 916123502
64210 196080968 384210173
26359 588344466 885480197
24142 788681377 992443220
92197 101664981 219517109
16384 146777777 252590462
94037 753535968 795404890
34160 721159400 863175659
60728 566117015 842939507
66138 163838289 232975902
66037 741682076 881562088
36923 853734850 913149057
65912 351495628 353586972
3915 460413269 463178361
73546 653486711 862932512
70928 120274370 269333260
53442 811354664 935631126
17200 668382333 727801479
18587 575540532 762601248
3591 450582270 697957756
11015 512821062 531595507
61787 45178120 269834340
63203 415343063 486149541
13517 314907433 419352312
76235 71104482 115471274
22001 204410735 435136965
40975 121176630 170482283
90368 135856046 185561681
59846 922866119 972677539
86605 191465312 230408695
15651 532855661 595913461
54133 477084797 577095645
48006 82256839 392105662
80059 110609511 115208457
76469 819001561 882404037
37747 329671569 512330967
99052 66145271 259600013
67229 665673657 836503392
62576 768041200 850913788
24246 336833330 337231725
65994 86299376 397618333
99754 69271998 71002844
88211 103018426 371229407
37612 696050628 740704122
94187 98881843 140580581
27178 643240282 675964415
39664 498973846 714733625
21979 71274212 308240284
13355 240125307 295977950
1435 653521669 856917895
81325 293558565 517912928
23897 164617968 241869453
29659 888552781 919965074
78799 615090697 779436916
31846 64191253 95218260
33651 681251661 953197602
91903 756849605 963601285
9228 435099518 705334525
92521 806004433 867885686
69639 477685524 755642997
55631 111912840 124238732
39018 852700012 957037739
20248 232908547 431920754
27433 60705817 102028586
41209 317668944 524092673
88409 583450736 765600533
31531 498885155 673105382
86818 650227127 950616387
88797 390885268 486797548
2392 324001139 378627867
78731 765000965 811731490
68300 621988774 727061945
61488 951032665 954771192
66591 462842400 741167993
86104 245595922 356538232
50103 296895355 342909738
83354 786138155 792176569
97078 69812640 185893649
67268 528677787 661010888
82120 138580983 220387648
93336 9550554 150272218
93531 89769715 173465400
6038 788214926 951106958
99317 600005943 698022573
36506 154177981 196996064
34209 469205858 545395007
89353 330548281 638747954
8682 814351288 819134029
80422 155991294 265814826
33131 161681302 271979326
92938 372140538 390157369
48646 30593575 297719743
43667 454640735 476476819
80661 342915335 655290392
10941 298313656 400661196
9023 247677645 334812344
48751 433802629 679163074
86796 60628122 374101723
32696 556871732 791844087
75962 147492622 313680923
18970 556946407 640081092
27600 934334392 938021418
39270 755722209 833498904
21204 248082220 271969992
41097 431348388 730779784
90745 665239640 876507880
15589 31145905 223679664
70908 67091123 331199405
4292 23245097 129475673
70991 371838767 628074798
94505 150279836 320873366
56246 372335322 410376139
36551 733156016 898709626
95985 549399950 654936354
57271 145575770 160364573
58489 70350398 129905015
6533 173325763 274683539
68463 520832845 609303813
47338 462744771 607288191
167 25 26
0.51
38950 798878114 969000849
70039 333661523 543842483
94665 198888483 235103589
87706 252645001 285207413
2819 110863586 289758094
96148 45850862 179956147
98965 532273813 648242505
27590 526882731 599058115
88303 22584629 118312693
64257 245638581 505079576
10272 191471057 479256582
7387 584638804 865942663
36815 693167724 869611308
66016 333548527 420961778
71787 493640522 716097904
29446 653127180 677773618
91872 83406297 293055966
58532 252611992 531123775
22156 68870499 229452031
83524 684377920 917203882
97745 248539347 422489094
19190 692140509 787055943
34924 318631658 374410246
41480 174536372 254787353
30374 22813910 294060606
9588 653324876 733257376
64490 666247529 698355088
80793 487911735 502051661
43703 872630044 922551949
65805 116709921 118102416
50166 574976517 579565914
74321 250769466 388438278
43790 870405529 913167458
78118 248977977 330868040
88791 287070263 459003408
39167 206323318 406475648
62125 562659650 580166876
41752 170689379 301058577
59814 46287673 176959598
38278 251224284 534857228
19302 153303681 350999680
65519 189074415 193263501
96305 635916134 874913302
4508 522061089 606676511
83649 559870867 757385196
7788 474405297 679367543
22777 57888432 352169772
33324 20340335 276016861
17913 914696565 917721297
66020 622445266 741241473
33204 50246916 295546268
28436 683860598 766665804
24255 77677993 86260943
99936 401312693 598149607
54443 452879238 620176499
36744 220415883 352394667
15606 376061118 537042143
3899 213580085 276652003
21405 675487410 903360506
93645 284478046 540541067
81685 205268509 483365973
16487 41444661 205061739
47163 499824682 652753932
32351 331186539 331703241
1096 818328529 956691636
10088 267696971 337827612
50634 330372770 358402473
14571 109954377 204095297
89103 90117441 123950047
27063 7899817 286920863
88516 391106056 528568854
57557 456585906 542255365
83262 915484190 918694134
38304 339650986 342237617
93559 654532239 717112765
30420 262622744 516623757
93276 725096748 868830817
36452 6956698 52459400
75460 158688183 377473388
94609 468965408 596647032
93124 411385140 579417845
4856 705208517 791927369
8641 350651326 636311909
13292 95397650 354458029
16422 261989808 392973304
45157 642767006 923564893
36280 616431306 779648635
15319 730285570 966491084
28455 176016076 427466880
47846 611013429 755981371
60614 751904158 867450071
4120 691998672 810948463
74300 316816686 411700481
88045 807001732 851353518
38396 81762702 267565165
21995 771949282 868144481
1652 34778562 43592607
2781 416895966 558107227
39074 430667573 700998713
96510 305441830 497321345
62699 158341500 199356069
19633 349261746 606186757
77871 763343077 991876492
13172 142082343 165644712
94488 226614620 304200732
67764 296879355 587441795
90674 390492100 431662598
8611 776397426 839812752
39136 21375626 176953119
32839 484684796 634766507
7660 25274883 313866105
50294 753286929 795995326
2528 710971451 750996718
51103 906735481 977076547
67700 763221720 828794103
24875 563816712 640942693
33511 528741583 819539706
96293 90588525 338089019
3025 809363013 811685058
98069 668177445 819328070
94649 47614163 126383972
44948 824637501 902495293
94499 789380343 847891747
37147 47494248 283829001
38221 846866747 857924229
52669 526244048 809205478
41019 646872712 832155067
95255 594363238 598512317
41296 407789069 524600052
79046 584543722 658597660
24991 784451236 877494067
32633 212449850 370109509
99008 707806762 990804937
93159 428957959 598085762
75751 424245810 436275014
79746 506598947 802573741
58194 142036 154880834
41164 243648969 532428997
69474 610180725 652080360
87593 383448210 686337012
52717 257279128 435183545
40918 666407769 878453413
38514 745411366 748097768
62617 121191444 126692495
66733 484511751 507293163
34714 38744907 292435345
50187 749261158 756581376
99025 880605821 971371634
17057 110489056 169784520
54208 328044372 524879077
76952 345835677 484542282
94403 11193612 157456202
55660 378728895 509730916
52837 21368304 75405534
59639 466791774 770655082
47221 313359885 572863877
43943 223895929 365153690
96729 2836616 63744094
67064 262275703 360674020
62115 740905929 741756338
61758 429406370 712523219
11330 294267033 555615692
84801 204101841 204935824
17531 30577583 326691240
24143 914702992 935874366
59288 301093195 581164060
12717 163572766 174788303
183 29 27
0.12
8168 742758957 895724497
15228 733614814 735814360
97405 338880917 488585027
15495 362540682 488521624
31525 738779318 976564258
94874 237325009 397362443
20628 309045844 516887217
66969 385278963 419201782
19308 920591210 976184735
24088 18971904 95821684
47726 482235177 579280043
62766 619475035 625865381
73268 822395706 884291689
67080 425654204 731616354
98877 357274803 631622549
21152 198841015 368747061
32105 378628508 380073536
62735 680895946 886125250
73031 409704742 550382869
45695 718490369 772713608
23243 134710668 235822966
29124 946419217 977255081
66725 78619633 79172338
12300 183920281 316207547
4302 145077645 354011986
75348 494400964 681346627
66276 737793808 821951431
33822 492390758 555103863
92473 179450793 243522201
90945 76978347 173364363
37607 345548563 614234232
192 155663806 344169213
551 231109271 240941152
39742 854194312 976383112
30306 438138403 443024337
21489 8291131 283081389
72936 282313597 485987012
17141 669162408 967413007
55873 100489853 132122751
45474 301753184 444803920
93793 419307969 639790898
10273 370649665 569206847
77151 212269716 418571444
2940 646624852 944518935
57672 601706439 613797569
3892 504964618 505897654
57551 479717468 596987475
66583 630808570 718151862
7881 795355678 886431711
45586 842480466 862306893
73623 116899264 414465032
78308 186563421 254586504
48932 588297924 701084572
82772 382811639 466625835
7248 269743440 546203816
82405 499103838 782311556
62604 689125789 941311951
63271 65804222 368187480
39016 509299931 691426011
17935 418733516 703208614
89801 748600729 993474620
51242 357208251 445033677
63999 564603245 810811597
72815 541751221 840874863
18231 704113391 912633863
64435 187694673 217975213
57101 379069154 674907027
16994 58492710 77582706
50437 65299839 176531763
85611 332146382 606147764
52955 93658676 358798149
42619 670369620 884073509
20887 149943503 198058619
4077 355255051 447172838
64741 509710080 588666791
80641 252262793 481051236
30853 218908389 220984773
89035 548960539 727651579
6975 215339750 496201590
558 375396376 388307720
91161 187515942 190043470
36073 441345390 667995315
12621 591899485 725464185
69777 685503072 715271116
86197 26702539 228049888
67968 293846478 466950439
20361 327542416 367720446
49741 432293727 693046420
58411 25811266 31344200
46652 532210624 649395287
87136 385924011 441582687
52216 780054487 950728269
74371 188653906 251989891
7679 482807260 500304642
15125 659447792 665138623
43613 458676146 494471221
15704 278878554 529635544
49052 590191160 595872586
10877 247333878 332603598
37562 292759825 378328463
58491 297670994 429732968
92988 146937891 363931048
87714 526811291 586283039
5443 619900772 826652655
19087 84603421 167789727
72477 491514531 497578060
76737 535734758 594248562
92829 277581844 303601266
49355 429180843 507509747
40493 548378548 551227636
21675 544595440 553774498
1603 861841811 940249457
60699 518636680 674658726
94323 733191280 978056170
22407 31255573 248873830
18789 332517511 416560259
43616 91858425 160463090
22951 733616495 811116770
81966 483894927 556526332
23876 727314638 784395215
11627 174915233 319273977
55637 18858222 260997533
20430 659989771 870416763
98712 139431550 440687919
50054 663484780 735590465
58079 364381041 614884395
69288 278844116 449849215
41386 420639567 544909266
91915 581000260 640782960
49368 723721226 857699309
11475 517121568 703362986
25818 288567225 305543929
75114 533921698 646813134
50473 656323919 733163533
97494 468935222 746669155
92698 224862708 467650705
59656 455911800 693852126
19567 70581616 205868191
2417 499705871 694140222
16688 124719567 346377613
70011 828513088 860992913
61755 655101354 804337106
86741 474469576 493594031
59224 796099693 865639982
34223 698577408 706191460
8849 412180749 592473434
52231 552994309 858243198
70368 930967950 935934867
60675 279206996 564572396
9226 535493036 655465174
57794 218256978 260287299
40747 746940533 844448631
60205 235697197 280428565
850 388247288 661880947
37106 49654898 329604990
95023 459757834 555106763
55890 279406905 491792669
38410 759069907 906542358
13145 302271835 562513786
48502 552094461 722324541
96367 514557785 589967338
12263 548755666 770615023
47085 159601390 192429664
17249 117984122 296068512
87987 13963682 156742664
6993 770773178 828810361
31736 646101853 697059643
6944 667598567 768063742
91682 93095371 329925848
75109 420849218 709438820
80151 427537810 510189818
67131 165052476 216678424
96627 527974012 732297864
74772 81039346 295311134
9660 24481961 56695755
652 805000527 827697017
83507 455565476 560375264
15298 388356586 427164742
89324 615147946 754042220
79715 660425624 855922958
87745 21408272 231931410
67463 578675224 696291688
79714 453803281 467608259
163 30 24
0.2
79896 226444523 241375300
55400 879497057 902831709
11100 580844720 834042677
81189 409363589 618078779
57237 28588776 311977202
27221 723935274 833120318
59937 276196574 288726807
41715 425076240 554563228
33023 96695784 393167075
60273 266698490 566618142
91433 432848693 502171092
7500 314755787 329019486
16578 490252498 544933190
36634 153657952 367789897
73323 712186026 865806120
72742 258138533 469637531
54043 745622821 777049630
94430 920746860 923890352
49422 603971060 616999218
35018 648736694 831717372
87709 571575097 790890350
7040 469464588 787823231
10478 169435514 223124089
84119 538910530 625427503
39086 452468227 712147370
94298 234914111 327295283
6974 86388154 96681579
61757 108331467 173802672
99306 580823013 582093645
22997 624971926 816249693
36128 402873487 626266614
75235 229844651 294079322
85791 548433176 735546143
17906 484549797 733326734
35566 97896038 368671355
90338 657717143 879101813
63056 400008209 666941080
79876 224265558 231883635
65781 132454637 339304194
86696 276158169 540685193
84403 562911945 835701401
95540 72900498 101489126
74997 784892633 943245527
58742 200303262 248725324
28307 392943125 664026741
69308 282373760 295283618
60290 465924914 717269387
85538 441011487 449650628
9934 399773645 510087102
68396 137186422 418088931
74374 311469234 482785904
65302 231330445 373706105
30679 383779644 631044080
10249 836828288 931212640
13469 724989921 818131473
49775 29928508 347813205
14485 133293656 367303118
85673 210780038 216678119
29143 196089792 328761659
4767 464262453 664585726
47683 525706452 817766085
18040 615594522 796539241
81177 834682387 836535304
73675 331097439 606465481
39150 531139172 716222416
98421 680827846 849610999
99036 809384930 934806959
36397 49135813 217634056
68954 645386148 932859833
53 503689169 606004078
94605 932209319 945607678
50515 87937253 376304406
69341 545274213 557063510
25504 171120939 175000707
19212 287149703 409662853
38718 157204068 180151399
19203 536907929 746210833
8751 663314213 694610282
80877 12436476 167323371
90021 704381178 773982828
74440 6587892 286139214
77972 218961762 279098647
61529 776094758 831252651
57999 639444624 649233329
94625 144389899 380754102
96050 600110273 676519797
57582 187528713 337215755
69148 2818192 83612936
21587 200838493 287933329
75905 242799577 532039724
63547 859454585 911931193
60861 190414080 411972861
91898 911020800 970453717
71404 428738629 519802552
85669 868628555 952145195
86168 592769303 682448902
14468 617963687 901650209
18898 727661311 757849806
46405 668021678 931235498
40037 320750172 335369751
90388 546131600 758019853
30248 237859584 537607991
89608 497943457 785918267
883 502476362 755787322
54111 557148194 757741991
78677 764823910 987965287
81165 275330779 293549685
75779 652516206 799055653
5266 33802781 341973508
93844 412337913 597774215
95083 593962873 766649372
17324 155673713 314357807
87402 346565080 373289260
20566 602011308 622329960
82312 310575399 358103654
46166 783689838 977932408
95578 154811198 399112462
17149 710715368 921274049
69059 99408039 206169162
1023 677180329 712400670
34121 747573412 809779362
94083 110286709 231584659
18635 47978219 316012589
3513 833550106 942488912
13393 125211950 291723817
98737 305913302 373933900
47333 412933165 692630025
48745 283008176 579391073
11009 845292779 959882798
21608 608312780 849026341
72362 546515054 559474912
61002 825502184 954723424
14044 592804138 595412903
67131 132869625 137661537
72166 725006169 923925659
35304 494165857 823522330
13496 611185166 684525447
76851 799987131 888900243
11867 679864791 688153422
9862 352884998 428775545
14240 475690706 579809415
93578 162711619 453539949
31772 2340197 270063352
4600 468314910 685899370
86035 797576644 800550836
53872 310461223 336725476
79826 522266375 715960040
72042 249672044 417420321
21218 642883309 964614054
67626 387409909 390003421
15866 426057734 582247034
43191 763185776 821557344
76502 702290963 744552866
77069 877190716 921272890
80325 755762324 805824461
9138 360990845 670775226
53031 333587339 474694104
34311 583809147 592441657
41911 846481647 868609819
18881 62197241 113867469
78662 458724189 463109377
23415 392465514 511864556
38217 704131875 808885019
200 27 27
0.88
89529 573295904 809777106
31956 250525051 389877415
75817 230189486 427048900
55401 440967712 604775169
20984 432329056 520803181
66718 828076520 837213221
9175 264692746 280612260
72154 110929279 121584497
90186 167632917 435110661
74602 25629258 34546979
67738 190639331 447496560
37429 941033099 969441792
70767 625973387 829330330
56397 820386554 894992474
30 176473088 426548780
21511 235186645 299750374
49472 695863747 831371285
31918 629531195 675907526
94725 302748198 534433354
56307 896533027 969238339
14631 123595330 365915549
40488 570416983 632466074
79329 643465698 761403293
93614 231136959 236466000
21858 209854525 312904448
10444 210753408 218121629
60126 740958593 931781247
16642 385077996 397112887
73860 121825705 281841230
76669 325102248 331352106
57590 80567236 302484816
13419 267959451 518548716
36021 609538938 843667175
9330 475713293 704716066
26875 341905514 378598790
73885 524759654 715777159
35917 65488332 216652696
79159 761200943 931185816
56912 796757161 844682761
45948 717992113 893017824
89373 879847272 937166570
82572 11556361 99584187
87088 392898750 646125324
44482 299175039 301471010
25766 158266830 367003661
71908 567722761 741075200
80806 502037263 691337215
6972 18075121 212298975
15615 121578636 199842587
39464 690556752 905571353
86131 353033328 609072734
10606 253494467 515111396
65651 381846783 567947382
46482 694081104 875446962
81260 686611481 687203243
37227 501824913 667444143
50273 824067454 902810667
12626 307152130 367710787
84665 346647426 547236332
7613 2777554 110583584
19387 850149912 955385618
76908 565406016 806062356
36536 534719357 646927646
5635 146070585 226725846
74535 594655635 675624629
71608 302613243 518632721
47543 502919246 748476899
86542 122412667 345696350
51809 576873596 634426370
81729 833316899 968372928
58269 766018804 886004543
91811 209107324 225633614
59383 251411622 319374528
8423 328148623 334134622
57506 3662703 9860584
44668 454103157 629336155
67083 582613476 600488304
1437 201913294 242000865
21458 191718980 199213649
84967 30796599 165504061
43189 827286849 966552952
20715 565749545 610240904
88238 247277308 267569632
18725 467869702 623329142
70943 684098169 873746295
81133 65432673 220698281
88042 855349164 878121591
31820 261040869 454221622
72583 598924374 603024562
26066 712919982 914437371
36880 354588954 386305091
18438 724018910 812593923
36608 680201194 943410944
34654 155946172 197112079
40508 732874185 756701867
93104 137906491 406541729
76177 310306955 478244938
92552 219681854 472324660
69375 229524755 431203265
37596 786798333 797735008
59668 125577544 270022998
87549 902828963 993196020
80125 720861636 829666077
62223 842727055 988652410
80440 519729401 592111846
1979 228204292 402285970
4750 334487068 570416558
93379 332994020 407333062
92928 126810991 294354618
63415 199425683 413649021
47072 39303087 308647546
41446 270654749 297978008
40642 902108504 968237391
83543 96415903 347789236
72499 467834372 659914143
56794 506972463 737619168
9161 423971882 561139931
26585 569971508 804881170
84636 771317277 779323377
44467 433051132 620292110
40980 372502216 554273122
91307 346788299 420814889
9731 599726541 616650932
66556 86812034 92476568
50548 229778650 461999808
55344 315471874 562269337
32165 34854146 97114550
18578 73441940 111834454
60786 51598526 105774914
3105 736932509 944788612
10994 375983645 548236471
54119 536519463 722206574
23750 187144314 230047107
45385 716611243 978210612
68624 599008393 747867319
45216 75147137 313817262
28513 83391418 206745543
63240 85052578 246477450
726 634116759 693424381
28888 631111731 791994517
81444 642126021 861385244
62578 795694759 967475089
17682 231771922 300355903
19547 377802619 525194195
11879 404289824 426007585
78861 120052346 328768066
11076 101820898 268165985
52972 706901584 713656524
88211 515384360 518715927
63190 89820899 157443390
92064 328533699 439273899
61343 46462584 139927704
69160 161786237 245795866
68669 139944208 389487585
56400 145010184 267516921
32159 687336522 756171352
85656 348519187 354628900
87268 156505643 390339266
78640 27801684 248827522
15945 104391970 177714089
874 262515420 339281093
68420 132402349 243446141
29104 259751974 523271417
92943 165298225 407457536
72696 151828287 201421423
95463 161900013 342665970
94486 40214503 100425944
52311 251567717 343321364
77457 706959786 710676479
47567 380154487 457661878
14585 445158537 631448757
70490 15764555 73525919
60600 208574854 322771093
89838 527212199 529253084
55687 592706183 671770481
65381 757072903 816071299
92547 902395671 955780433
940 242231018 469185897
70592 125382414 362617174
763 11649707 75145643
74013 539767880 804367046
773 427344995 428230557
36408 638085216 794897541
54352 117486874 291581280
32612 154153473 185144279
46312 323989290 527141021
2265 883467074 913341770
90032 645084824 646031456
87499 771121043 977505163
88537 93334417 231646298
55935 485340239 735868509
87990 66589004 139436544
11065 433885202 436936360
20911 42027666 137955510
57434 740752034 792272322
9557 402435145 578411853
7145 765323545 989761331
119 614108734 623259398
80015 426639159 430101915
59635 589824078 753391384
