8
195 26 30
0.79
51074 352555226 529044914
85826 23913190 41206737
1981 277483934 540255908
5865 833990009 864270937
93179 312103472 506400955
48877 383520421 664908716
37931 410789370 497027466
15397 967938041 974017159
38815 82892594 194019937
61688 584185263 809311619
58491 887569407 955161464
97172 84980945 340069399
46152 570546842 626074790
63613 379235379 444379484
85871 627319019 908962256
43977 232782636 242801398
76163 178747589 224307952
84074 925469279 996211680
56382 584155903 814958661
94796 47149803 151984287
60048 435977002 667936755
73569 353480660 492350702
93939 92070592 188915548
45081 711325668 767917459
11619 340319499 364677814
53334 448558741 701703400
15661 555531491 556489045
35327 189822925 424592413
5734 870743430 881001665
89012 836491096 845059749
48574 266560725 546680714
10018 258139623 434643736
80501 610250420 811926290
50072 29969765 200232580
18125 577267932 815954666
50586 370783382 381697463
92448 368385016 445479375
23956 7364143 144003270
18260 656372488 939925998
1202 598282236 798454925
85612 283788860 309268624
13966 29036262 186134521
23106 420092984 618550029
63305 109364116 390446004
84243 207508658 410158372
1214 63091765 140033573
21689 9198361 152713042
71124 390782273 409238636
10719 652979345 654533939
54867 524278944 778658127
97297 44123730 227357374
41658 350197317 371747705
82323 835689926 839929864
23695 781239324 804030195
90900 270158834 343360617
37335 190705028 320208499
52322 379519462 620280654
42374 25918320 204510122
78016 641805537 905420798
63065 210967066 437761708
30230 79624806 317363650
19268 853361617 869238602
79048 510215965 511822349
54086 300702913 585754340
746 745876482 900103855
46820 337608838 354439593
40467 1183023 54153083
31668 45423830 126083218
89616 189892422 206387325
39481 464068383 568689101
37660 561175535 737710406
25200 320236447 563364467
15245 303503311 309521969
1129 841065380 925922971
90896 782811970 860257264
20024 297634374 564948129
5752 35640880 177690633
3564 181530800 451450287
23859 618787771 673185427
33889 311748686 397379918
63998 694469971 945910757
46066 320036008 340057764
45787 683562793 761397579
24689 641085194 695053099
3777 200721323 369144140
84666 615946854 845678750
70227 366480932 611862251
33605 337797396 406358300
83860 260107946 288181915
30396 470342957 661000404
99930 541680512 763606189
58509 541276656 633300101
32129 690109515 750931363
17440 157970210 343213392
44161 484165733 724406694
83147 25569009 115552372
91331 113237354 117022906
10981 920010517 922837417
46257 649978645 801826891
60696 352418873 394476831
48588 646059182 803681015
24923 479404146 530537399
88547 616987947 731066651
56927 619832806 737044102
97984 624263127 631939831
74825 617783687 741949006
45477 211474758 219000251
13536 396662364 428405517
5144 130066674 361952455
776 933425443 976762468
22140 1745058 196191291
92910 158792735 164743959
89921 205532610 384190448
26629 742513361 748051985
7004 469870660 651060432
2770 130551474 294836830
34650 653421463 871994394
97987 697907889 699267304
64402 606987739 624911712
14406 719898212 821747840
88410 327688718 351118694
16567 312985447 360862003
95867 45502405 104913228
61850 465304084 527172106
71335 660699469 926927110
40618 273109842 383416025
20682 800151641 851930763
45906 548186982 553546783
89663 414358478 526720036
57659 275562850 317501615
62054 527918228 781658196
16741 363291386 462943322
27923 515510307 690557355
31514 482167289 738914890
38185 956135471 974300331
96672 333433393 439243036
22087 70539673 315367452
20814 696164431 892146761
94370 5857112 279636027
87970 309108635 448585396
69780 22437908 277292671
59888 456221944 583313670
8372 53229802 125146557
5758 139449500 341902228
92423 587053743 699283080
67758 275405189 459338817
48085 587624570 595400442
20283 491153574 648820273
79135 587611700 804849698
34889 826332659 852622586
9328 276832519 472917300
27319 47755189 308446190
26162 189148841 259111780
81239 435378979 623479112
70339 42926956 305909611
56608 274059437 441413028
78792 222353173 422561759
23362 499766258 584426304
74498 649284724 788457334
6714 271489512 465579480
56479 621086068 756147272
28710 331523920 516969594
81458 108968390 209565448
79580 172508984 230636176
82918 296317262 487132015
6583 635983402 914291080
21167 88398398 143201291
14642 558398525 820541546
84642 424142115 516895694
86233 459266343 702795607
73414 672185331 876617251
40668 349399173 410022659
25899 568527418 721015259
5702 918813641 929844257
89723 149604446 152999508
94254 535009638 795311783
48560 618454477 696153322
76396 515106293 783651172
30501 705763130 761305000
26350 537613341 788905352
67119 865968820 875274871
9228 22912918 285410825
80909 458620420 583097951
15578 773946656 832654931
31102 482485794 634033844
99068 106533765 187955820
67539 506639958 636228358
24415 241220778 337518217
67909 183219013 440817476
48870 318380929 342180672
98953 568899614 713348832
84962 475860795 480082283
29025 305922402 539747557
52359 657615735 905016803
66837 580715090 585336658
192 30 30
0.24
16504 274736960 565783708
24878 585243302 768435392
94366 404242610 434852988
93818 121761907 241117740
2498 115857099 208071582
46923 688117422 983615662
17895 688248236 918612832
60852 373325263 584099838
69744 234298449 408507576
54091 325416406 392740956
71187 861017771 953090677
31519 218042832 235723672
69074 315811240 503838826
44776 350606567 563172805
83659 840676698 955870539
50336 55069130 276922795
96974 2759719 132878361
7666 437366998 682342625
39408 640490838 823111867
38064 667895337 704637911
7295 462946307 490504216
51178 105988160 391909875
694 411723697 699673450
5084 848663022 993874646
86449 470058484 572006067
36487 343505984 448080245
28419 511046165 564173149
62723 403489935 426572432
7111 699338474 839569552
53460 550898869 552824480
42069 308946169 555824531
21500 411507412 668799324
93430 426766847 601992081
55472 168133407 300423307
95161 574024918 643788485
20301 712994050 991744600
73127 542254715 577014145
42476 675538350 901798464
82485 716480898 939917035
79509 195482392 501076514
27352 328060639 375976420
76433 682338997 865135830
52830 402705817 699025371
78339 583939583 615868013
56604 438319413 576548391
10712 141536048 154753175
85795 454394976 556757813
9404 483719605 612664898
77814 591945459 602049455
91343 164825894 325613235
84384 269109439 380605157
1369 713997296 946306526
84578 645774244 856249205
3451 406666641 537503863
26188 497231117 684876112
55366 629958484 845857335
141 271630630 331007690
54544 317350730 543813405
55212 442257966 708377239
76165 757321227 854781531
83864 746236784 771601019
78747 3858960 300585285
31293 436238274 438869007
65065 325790764 416913876
93433 656431325 880919447
53817 153313636 311073331
54574 247463778 462592920
71771 131335887 386976341
34233 760196144 953021946
41885 440390705 548418791
70851 456805278 751126488
94745 129923074 422836574
77751 452176779 653090864
64398 80421474 189187552
34996 529993663 757043405
1714 322417050 339847783
57923 180774930 460387762
87878 893163739 992174534
66187 87899061 150885304
24363 681321788 737667513
39652 551746293 596401554
47924 726656664 731238165
10026 819559033 888615704
16157 780367090 807807748
77171 600205743 765650084
84731 323069666 582328021
76483 596687002 696168897
43732 327324042 343806175
6174 309753810 456183249
64497 176499635 481067148
99294 614007764 923080298
24337 477762487 535074309
26342 160764268 394522031
90849 96328280 392787447
91990 27696210 280857898
4105 556412130 832444102
99457 252884282 324920722
4393 233513682 270868271
3036 646672472 845571327
76165 59558870 215414354
34360 599959215 840846862
56157 834916270 911682205
50675 683062858 782954470
75872 754808729 789378507
19018 514704205 655559754
82562 561846884 592801855
42258 36385231 217578646
39308 977455065 981758693
51336 331402459 442209656
51956 126378367 365609494
96101 18783965 186385067
74189 499221167 500420794
97015 579818260 760914925
10304 751422519 976504417
93868 668120336 821314100
12028 799071303 982505371
32785 46731046 82570600
34442 444215638 507821793
30491 83156505 241290151
80773 614258806 663098915
25508 142069856 152135945
33449 523303361 682647469
86521 842010496 904566099
14121 36880621 70852188
43313 421881356 533221726
82150 142860348 386304722
58145 612342396 906201979
84189 206899815 408743884
96046 454802272 679115181
12417 195177169 458328776
99171 241562108 262053986
27306 369457679 550376896
293 431008578 684256074
3308 837507617 839203532
32740 532458262 552301915
63083 217156397 405158189
68755 133079032 326935829
76141 151160788 411652617
14009 58860150 308595287
93042 74032349 128644218
80425 134216781 140470183
5696 785297560 960292775
44753 489933848 779927841
64866 573854552 637281936
43183 775117731 951834423
68147 428943931 453672320
34152 128286531 346252921
24374 168049486 266402801
93404 502877384 659109474
70025 53881155 167625847
35637 633017714 733329501
85881 297022333 491409560
49663 453522686 645153050
31512 738224023 884843572
57693 732254933 992350363
7116 292476456 541674285
7961 349452155 391420843
94155 559941504 722390140
64765 781911636 787148043
70308 554779954 805355815
41089 585522802 844458770
29504 631819460 635010920
22948 449646680 542943737
14538 649619633 871031013
41310 331901098 534371036
34634 377640080 438179217
26646 188937421 310827209
42041 562757870 693402321
63504 757755334 905114623
10544 808588913 809539825
66122 116715061 174838988
89314 395556283 689371357
24136 250160312 250806375
39340 404161067 555332301
79245 377503098 380731157
56075 263295635 487866076
46956 251569386 434486028
31566 824662584 982913863
21661 503151105 700886119
11212 43486557 221616532
8244 528184984 751229808
19703 825629412 870226323
36879 95058043 248802694
53521 645244172 821590017
35375 162018390 267403784
74238 313338885 551879727
77066 146067671 256683057
55643 45368438 209909396
23039 120055706 394156478
7950 791764593 986841391
62986 126501 6583128
95679 690873677 788111326
181 30 30
0.58
30264 533619963 683658792
69839 400084778 510095164
25100 297655073 529963304
74030 47311122 255330259
42866 246881838 385679331
70372 454030130 460107932
63858 594397492 693997067
59031 492581639 782144504
27209 611279085 874781845
44665 203754346 318346346
30402 275219328 329705319
67993 691509241 957271445
47747 176814811 452199862
63733 64959416 121049795
14921 317741027 478186349
95283 376857162 519692247
14488 372626449 619213550
15601 692230580 930359510
56172 236437316 507599741
53114 337416394 564401119
88372 25330111 101925924
5915 217840496 337219857
63871 738113521 930033743
82517 846531590 873853685
39191 386696495 637271008
35060 728932290 807688457
91695 22114465 153710779
65728 293735231 493398154
62744 772201387 815442349
29170 166770314 292663814
58073 361256799 651993637
44938 543158280 756875872
4926 279632264 339319389
11167 110479632 258365420
77744 490410429 604478579
38039 361803523 409173830
62374 377682228 694303011
17112 614946914 786804869
94875 706400620 749286816
58654 130062949 220149463
55552 604251715 901502035
59054 824056520 827418600
51476 667982299 771139362
92555 366863622 434445387
71154 457808211 642286183
68936 150418347 232490684
17066 245082699 428382163
72095 843425742 931367355
17619 59753358 272437927
23552 155373709 391740269
68256 707492506 926518279
73995 212244508 505099496
56561 308696288 624478244
93730 171313081 323554089
35852 172915579 497724964
75545 445346957 622621071
95628 636890296 888122557
35376 259140800 280022091
45241 102017862 163949201
40067 140660889 449831492
55544 398934924 490110058
56416 248516577 478640641
83653 703957258 918284150
38362 185632469 511964312
2463 569445468 598468493
14108 273681346 306379539
78371 356613002 498687705
91104 344030901 489477234
28445 581857374 638041106
61985 664489114 679261452
53851 550524635 728580529
11662 639134849 961653120
20898 800973268 939647676
57217 605416744 606138243
22725 666946426 992328748
57423 687344690 930343948
48084 494350097 822450019
17441 214283940 380689272
31538 62528338 268343430
34243 106884798 115216965
16938 453069485 657307208
4251 820865597 821571153
25027 159944189 214873868
4605 25714036 61649692
94834 472815592 690341604
26653 378478527 391720782
86383 454477462 605739689
29797 16927775 221677406
78764 827393481 947660681
31817 596007154 713785980
85090 125502989 271383412
15767 346729470 648344894
39788 641164898 717808967
15411 35284852 245333007
8696 236211646 482178475
25507 347581430 461893704
67708 202127898 365861456
95974 814485113 928222940
66118 150597626 206740194
97451 794859129 911816182
13239 670110183 856862496
17503 39407998 146114024
7218 643319792 791197837
97415 524644144 566223960
36720 34431951 327498858
61296 710336245 902221050
29622 327779119 434407720
24868 409526033 617194118
46569 860512134 929811545
36543 459417281 781875905
69025 212220113 453058365
48897 560165787 609126149
19612 203268825 383116761
1444 521981822 788579248
88629 132795117 327111339
37136 336645471 635877546
98006 562296098 772807990
73774 184095022 406966057
55274 108317834 231300050
9371 372901807 577012897
28374 89287558 105609205
65119 270555906 277220666
59978 475152019 714510337
50589 530323764 783503030
16307 353059683 466003681
85515 21238931 241441283
59443 848733288 975977811
21957 227959554 389521354
43443 61203753 283225453
44029 407158116 439007950
95928 579816126 579888831
7639 44034753 52606484
54229 918884980 975978039
62451 693922378 935654405
99456 634069366 812190483
91498 632524532 819191981
14696 453210036 454833950
42461 777911609 811438498
23142 172765187 334368500
20810 506571381 574537098
84369 628115590 833137581
6946 138311717 399517532
30647 586954997 778547964
5655 86250979 192934616
81546 646440462 652994318
89370 116682697 387404018
8887 585326647 748122417
73701 761111452 838261530
25437 32884567 178642937
39701 650088881 650626020
12540 335826923 341514333
72507 369880377 539602220
10189 387781144 516129243
97394 594715129 686052443
95313 541764776 550403312
68532 270164660 510264047
97741 709948289 797222661
91721 331971720 579405950
33205 158577490 288895275
7520 411028965 688413870
68678 582391725 792633695
16354 225712362 264298968
14554 418280163 632542753
23332 596207520 600233746
9494 458220236 577228890
55964 261781492 388671509
71142 211364015 417285028
2006 415414759 458630267
40556 138104128 467105294
37639 482506863 751104987
27061 670629494 876903740
37730 624667242 910637998
65133 230022695 523708084
24138 403513200 418453464
62965 315342987 443682271
20008 200148765 276561735
92050 34087615 99817456
65726 874685016 956568191
97448 100553402 218889217
79003 296259693 303035703
66760 10707946 311064212
167 29 27
0.01
17107 848127217 848953861
68631 521849187 850078106
77579 98519785 99299280
87328 647228463 751533521
4512 107602763 136863987
13135 587485005 866655697
16753 833722739 959500075
88234 214965560 444429010
6230 398583731 415716485
22284 684100275 685346480
93580 86012124 179335904
25629 725391189 926166454
98800 312978456 454542328
16195 109669291 180752199
15792 814471677 928301110
4056 341823276 538397156
29855 160721326 393717753
48380 305018329 374507157
35688 364161347 382291601
97324 727971772 730191596
93062 105008161 130223310
14452 261001595 503092465
38898 528401257 630351115
76706 72574729 286013209
7868 488476624 598507555
76284 582648507 897888034
63454 227579175 227945146
66419 35057994 297048176
32493 359868756 396670648
18935 477507085 486701000
86066 670048292 901126640
89230 349769488 666319098
11001 473072638 479535752
85568 377151355 673308206
16169 609696887 810261211
72213 699347250 789316317
56948 37511143 47641597
95074 725681685 908843656
39599 885869308 973647557
97792 61353593 148301342
19141 125982387 232717258
63262 800233772 922447251
78023 580573384 597365499
94072 422091106 746580821
75527 404480192 680295428
11849 215294019 338414739
4102 492239741 818092866
38141 290505181 294672307
44810 494246506 618105573
77643 11526274 19045710
10965 62017310 314139200
88673 853833929 933686704
79346 636700366 778503783
84673 634170675 688307804
49170 130656475 282367752
53131 821331016 824091031
39479 668057162 848360659
6811 437638104 462176202
41167 703980463 716782183
67957 444425967 481150603
10308 426380172 611161876
97599 6271536 291135496
86162 563805468 569906559
64879 99206810 300191215
69977 30843104 342364631
3332 470898041 521169764
31316 304501197 489640534
61401 5697559 66997603
2761 443140275 659716715
65176 368014858 373763406
29442 559843984 714124123
40876 528481371 844054059
42844 473878607 699722184
37019 63840591 175604032
8063 438164832 442748471
91186 293439203 531802322
3406 213914222 385090715
90721 600216218 787724249
28192 593127838 905095699
11626 197746041 410775489
65582 807748950 919418579
23252 35190082 113620273
29134 19082 319666194
58245 884027888 924113585
11968 521991285 534165629
90352 25522313 343089463
44936 599162306 675307248
11468 739129817 965036277
79740 944874702 945597622
34150 228944199 366693705
76254 642640767 682974044
53527 503612880 535125518
82733 369874120 699732358
16345 224843947 505905491
78935 1138477 208989544
20503 514659624 805747420
66226 451516723 636794272
29123 516695682 666742445
99724 326478298 507902926
76045 239847497 456013962
11872 348322369 493784395
95537 966846314 967329375
70027 522159771 618892772
77328 217859264 376953347
92958 755811447 768291048
28067 359487074 677521840
53332 173749865 327768996
28876 573936087 777367246
43143 166321027 278892912
57037 623161451 672798566
10271 494270966 687813924
85310 731673465 931984008
83852 609257659 624685175
90745 128433515 235209571
26773 569367619 793522716
28889 298960459 385884437
43312 918638139 923053236
18755 230308964 240623188
50867 778149834 809640673
18755 378456031 500050304
34986 712374734 850494348
36667 298918563 526229614
86442 58406217 318023205
75288 458692497 748540380
30342 258519413 311743282
23975 312675965 630295702
49953 429558003 657614722
14374 573343308 609558993
41732 178635025 181941004
26526 176587312 447131542
93553 370744196 435513569
21424 768688729 823811156
78360 74150942 385661116
59726 665100106 869003575
36008 522118146 611378416
99436 639207669 747363846
97384 177011815 345143975
81174 138295653 419839999
44039 295677223 482070673
55141 127083934 227044648
39793 177305064 336665431
98381 358742687 456124868
80292 469476978 686645978
16025 165666022 219002053
52803 137479512 407478940
87994 643270275 754387949
49641 319913799 649715298
58619 471154852 600714504
25888 207520421 388370170
77689 187985933 411422695
35539 74207823 398393477
67602 63450545 335534905
11425 827640422 830878382
93948 787743498 813843224
16371 228827515 535285463
70777 658558037 788659651
51537 450191565 760498950
43944 204547671 348254750
14833 2333700 153016606
94045 729430031 957848649
2512 93891331 296761404
27604 146461599 428089624
63844 352231835 667802674
69666 235173692 470494867
97009 431189687 577067216
44141 730288910 983655635
52859 552851683 735331096
182 30 27
0.71
31016 352917027 555668224
90345 20039652 112012265
40084 111179407 116161414
61342 902847266 948369208
15464 662473639 751681665
13622 120570766 225920701
57869 300450099 484580959
29626 589935495 875143757
80880 426134909 427380092
36263 680385811 875037767
77237 291099867 403318038
12420 858500389 868374109
87595 463046581 686659772
8661 144331260 238321509
90561 115619079 239401519
68721 925862639 972695223
34008 512534407 636654494
32659 189567859 467989481
80569 623568481 644000150
80493 760553075 836728796
41608 173206531 245403952
61250 285970560 441496826
53626 206591803 263867218
56019 691208376 790084882
28803 790668135 939998032
65658 377719214 608725572
74740 137128911 276665434
56087 201304826 255523428
57956 669864466 673561029
76776 468463041 751507753
25164 327934399 477195698
89757 186162180 273235021
83609 604258111 734824764
77226 363793088 364315029
30236 690738141 818271173
75967 136524053 385338481
46148 662112931 810560339
89365 905850569 931097932
48367 159535989 281826109
72170 472367011 578232263
56636 412586475 453270015
9136 795944168 830436922
58821 639190373 640553237
50977 269617049 510295175
29421 527098726 669070502
39542 668278475 838276429
13877 174024000 249521547
88057 695916728 738869912
12244 658307965 726377337
56472 628372383 872112315
39878 699278252 730186402
78652 579094631 772456730
5219 286337944 573065353
88313 32440637 231131686
6196 111268348 189065314
75494 365646826 476959408
83363 578539649 617096788
77680 16130280 268840369
15890 532286755 840102252
25547 446533962 732897254
57421 774094261 982403358
97065 962314548 997968690
77890 487992407 493902264
56783 256885383 258334443
29968 760933492 991473529
30948 574166802 625407526
74494 570951165 873848695
63148 395626230 678360520
3087 801346247 940585643
89557 509917683 619257824
43507 204061683 456039376
35952 408086105 509269486
5696 635397136 741948556
66722 738750892 895259051
3201 497614255 579318368
58204 799715906 905952533
58253 208187415 299150922
27656 505728186 690195640
64092 185664385 431228370
72934 678631696 870476946
70295 469288678 684021834
84151 785343946 997055286
8270 546389684 716877399
2424 508965606 512881916
41358 984787187 987961449
20113 421036368 620807875
21523 388032961 648057553
27214 846515721 964384598
67482 16059172 127347417
99727 829846667 892179769
66363 504337792 797571218
27740 731395348 860512211
50390 777403497 947685491
11388 357964706 359293825
61099 572889667 800325114
61670 917100365 924220318
55631 928518302 936253820
32472 425438435 428113686
1852 283987877 379428837
54631 391231934 485353514
17961 134891607 335647608
60822 493774462 791342511
79099 468608891 533698653
47562 259352051 486824760
6490 444302394 476536254
19678 638176129 685325538
35431 474631677 672130453
32820 252783809 325582242
61709 494535486 722064670
51244 483830613 495550751
41207 26068485 232510982
42552 4824882 92476393
14817 542707405 804762908
49103 36866936 37443053
5553 86707165 390701208
25153 378325182 506286166
45960 221244133 252182156
17963 119114394 124176931
68884 58892503 132815075
76396 490856981 689350948
70696 125867121 301742020
3991 171890967 467531093
30319 587080360 668676822
59083 587832253 873827803
27389 663174821 871184875
93760 714988590 752589946
26023 281931778 282216763
28739 315726885 512840070
82517 713948384 882909498
42564 526825541 595958710
49429 719968421 799252836
49614 76728741 278997433
71218 304784845 551557154
65464 880166300 974636006
99910 143437005 451517384
9530 530541810 656965247
25740 334665074 534008451
86275 592285022 719733356
90169 132243783 163408483
2153 540692618 586456177
28333 303804934 364473103
33248 789543743 856259039
9381 200646582 286353456
17423 124652202 313655988
21555 491607243 660881895
44992 76437846 386747925
4592 572167960 648956592
23351 686398545 915776800
59217 399096416 486247573
74374 365337079 473454102
34233 262615911 494790622
52798 102161280 203930422
42830 56997535 216202733
20265 86946674 204670043
25839 654965420 755903946
79798 264128883 505747493
85348 691562344 877234058
29301 371352313 669707134
96215 552937339 795375806
75909 919199393 987151789
40898 126528037 130734460
43402 308006210 557133296
53930 842479933 844014173
7875 252369161 563568943
91115 415479500 568480475
31996 558949628 734966177
14356 480783055 584608896
89856 496620012 668901165
25109 359307410 359552529
53617 561972861 591202758
41751 511588849 793432346
40795 365305917 526249014
49579 196653911 403835044
99046 141861152 397496088
33062 175570515 262989282
23276 609044095 712776813
76140 170840732 252112373
56171 205220548 479905931
4202 699005913 729478494
77339 515377051 777784264
8713 531383310 645082113
53794 266475546 271104152
188 30 29
0.75
40459 681202241 732389088
45521 800157528 993118929
55651 57115893 205354840
8339 138370655 221701511
94992 858497970 876531976
38601 205628177 435020615
52853 441559402 754677219
11197 826311073 833124438
11507 64932825 109997753
34779 655220589 779044006
47994 610663616 883044504
33791 777315126 918471865
56067 165823508 184684860
24208 192149273 399746693
21244 928315425 999665152
78893 374913713 673012096
80451 108105276 386994790
36197 553197262 649642303
40632 483415964 557422668
88172 331781888 479526341
69965 334963580 620229745
40843 574944021 591815016
23423 693175600 842676019
75672 865081531 939545401
71274 115581220 324283118
11942 362684567 667659779
97592 635872724 824090652
42334 937082513 944660926
81435 787770997 849136702
47471 607208173 693753381
22077 125253308 187920291
3299 757324657 766281729
7476 214910445 229987381
4338 464053498 604354135
16889 28927363 42802362
6715 407166559 529168549
55579 65161984 137049290
4817 691376062 868396755
87761 71523314 382029339
49074 234948302 346590846
18254 655616547 855236544
82847 969744725 974577297
59320 937840236 978376410
12263 352980054 584837205
75738 444139592 495662760
4229 558801645 677391393
39160 709567267 999826316
91148 797346997 990361146
89124 169493803 405147725
75584 814521186 999186578
91664 56444205 141133712
38952 605385275 794959312
42372 202021222 471842794
63201 643078079 763511471
69905 181230513 181826117
58965 171201207 306158289
51589 412600173 672365016
72428 70161778 312828412
94976 737529958 899418587
26082 199629414 223755573
48871 724589641 878037403
17337 137847761 246602811
62456 234936823 450046447
92849 325072243 332057689
83453 489386794 508297982
25175 605242780 845967590
4133 270769356 296023590
57530 289120013 326564502
63184 818531601 998207461
3012 250520821 276365881
2121 481762403 681079077
30599 75659667 271502629
65721 287818670 582568955
14678 822780984 845576445
6234 426445912 531992469
6742 328011964 575142347
51979 370157822 505080430
80149 520820460 719707779
49026 344149175 535779881
95194 175996558 440875574
55143 292654506 562753990
7454 648449017 676464615
24638 411980605 462906123
76442 29794550 332861762
39269 269919556 285010957
66882 241932727 470189746
40640 518315336 817201719
33489 492381730 736655703
594 877349372 914902058
80420 538555297 619436076
49294 852956495 919770764
57292 46752076 274553303
71500 478479161 503762154
43551 538297170 778617957
82112 267083110 305900325
13231 572125525 600064667
41576 716178162 747853002
52414 796814651 855035339
18437 696209215 902465190
50480 300813175 554805637
20205 680560384 914571567
63170 354398480 427797083
85279 485178359 744155668
5691 222431895 327461139
16471 631597593 883222930
31712 772328059 797701164
86850 76921803 186931620
80876 111786869 122434094
21972 201606395 276150536
9088 709755026 729596676
19353 74880629 124618842
64824 465414615 772215423
42922 778941232 881131180
64735 820587748 841283150
2977 952418529 955303106
33092 192847502 474698919
67439 546056493 574716428
7854 43781521 128639756
77101 205810719 369792286
81516 408777697 607701574
24784 299410237 475044840
24112 69999950 204460154
78688 634291906 853676836
24062 774314835 932744816
84843 325064515 325248558
81920 742184412 849084713
72630 206203294 427400508
7420 135519760 169715310
97844 407681862 559887245
41641 429128411 717299406
59291 92797482 143292878
10430 428788782 567278571
41172 90641365 316417818
32236 545362309 547740069
21874 470113525 500336359
12270 507118812 689254214
61541 16642647 49254272
67422 897222907 945524512
19599 571165097 677165495
62730 644245234 888050571
30519 93219110 196879752
21095 374625964 492032107
28285 242878099 352773232
35077 553432080 605041889
10639 585306412 773724934
55107 505334100 564844381
52442 236671889 295858210
15142 354250936 537580016
26083 337346369 465842112
90821 7850631 90242509
38294 617254966 840301719
52583 127742536 337890542
79487 687977398 886452710
86224 186299322 251701420
9848 176515146 265549632
73047 284342209 372012757
23874 481467003 685357259
48412 66425785 358749969
50585 111429534 132652524
79833 117197457 274603906
88962 504355412 717160317
15607 788835756 932849759
84742 203677278 209762487
7459 739097824 994604634
34532 196400725 258581854
78273 264548700 312649798
38786 202461573 367008084
93120 202343893 512874477
83077 221456080 319816374
32654 805284437 987879083
70530 811078754 866341175
29006 478365011 693586040
96724 19308899 327614946
20168 331548009 612703735
17583 598728899 615297151
53249 222105801 253260560
11413 856583023 860992085
71851 105426914 173715158
88039 161889603 237642324
80318 571906224 665366436
36479 508025030 513205312
12743 397892140 637278330
18045 641041582 929720723
62433 341272708 586043951
33567 527608441 758715562
1282 447844691 586609656
41589 170667032 242626503
90103 693336512 974981647
162 28 29
0.47
92337 11269992 318978086
91255 687207768 840795976
55615 264080773 353238791
75051 200093948 372220184
14879 513929170 633726428
80437 28775352 124206969
37881 159797232 305406230
3352 211892753 562742941
30995 560302876 692491371
46163 621440262 905044551
50791 35027442 356588245
38395 902863799 907355003
41199 631479107 665647304
40106 427603397 429777547
579 859687538 931915277
97783 224782431 483211323
91205 750309224 888947734
10278 162332305 196794565
56122 201221333 208076999
61762 159254013 162048288
20125 554939697 701309762
5385 650264449 654199812
88079 265793791 510539413
34503 266947256 433834845
87442 355378960 530394406
56934 632271183 751609369
75479 491040243 740909796
72676 600547518 696020536
26741 713521720 841629578
82758 256044161 334244168
65532 662149788 764800523
49549 36208665 100686720
59561 89867779 298611299
70791 253800014 321166380
62107 503591609 539721934
57703 236008575 247381888
63077 349066598 450347897
12311 305546562 432176824
88933 169725403 359978360
14861 542740779 658819334
9749 881805094 892506992
58237 541917061 805803785
95873 335398122 684152510
74255 126293220 211717997
72410 222690228 362542570
59729 215817055 404440022
13992 780906343 933421382
93646 603333479 710904826
59237 758600539 936950390
68991 621452721 801207861
92872 500934829 519310590
71042 337632843 503521753
64672 28968241 31944471
53001 540272386 819009403
60098 769677085 903188395
96948 498349050 719284543
1221 119889391 167068476
10914 150862997 240031509
49965 960286457 975008429
69892 505835216 573507854
46500 505401084 518848521
52403 3005881 105667012
36336 241515051 574492274
67876 793549654 819645421
51490 429734322 531583700
65753 186033042 361394540
54283 739624820 860255598
28026 674066947 865773915
72213 238355888 462934819
28517 292919619 515854780
41583 290452675 434056476
31522 771807714 942596614
49993 764779012 774025451
87355 6405773 333501789
69601 456552958 654598400
92906 558301438 764748954
45149 201928977 274879555
5172 309841418 593093193
41308 596839152 724307034
92629 350889569 443427280
54951 411576081 727695095
20956 215355794 318515466
35564 192402291 491136905
43545 212475136 516785717
15084 276154638 496739986
42708 132436244 253607179
19859 307345401 575283726
32064 648409631 954402176
60425 720463344 923250684
44305 165911153 356467808
7911 603610017 816848218
9899 194019083 350072346
31693 372863132 554268715
47131 657829940 720539584
86450 32990643 55421367
32618 259144014 395239781
43740 586273075 918952854
93839 241874461 313048792
62097 521082537 863152010
66213 391002535 609800422
68525 805159313 812605682
50526 612173681 651482016
68502 176066107 433733404
97302 505060453 828366946
28205 290430464 387804499
75148 135478112 141444935
38 31612234 187526325
37997 435040727 566699283
81467 122754123 308956408
34673 769418521 859688412
47900 221473445 556542833
55403 575165093 705206231
31113 731051007 731827626
62555 39312307 121470152
70692 329207075 329733855
30951 847947957 951606126
61217 822450610 830934043
24010 58773234 278435837
99329 471060840 479618726
19180 168342774 170347406
75070 248413213 254572709
70131 89732930 100494060
21511 370908603 583618399
90009 378619408 706201213
45679 745117454 763060071
82910 162996968 276405430
38497 102418402 427946158
69631 655581195 753830215
32055 177933706 481922815
87432 866609579 918788445
88364 693721663 790077135
38503 850513723 993797848
19440 365725952 366755169
76610 538694847 791056703
74010 375112003 704135587
3722 606131663 877309277
13603 692451220 900750877
3279 130127990 353684466
67793 634589309 922174222
6871 224503789 545937049
26641 601486138 921508696
9322 871916725 897962071
20105 484396572 690178742
32656 649122451 869884187
86414 285231365 458996830
6686 19095138 314044904
2834 231782580 475107455
94925 653764186 851348259
40864 28209154 126262994
51500 543362347 858124321
7435 597528019 855101890
52599 613037980 636778954
88100 588469779 765214352
54121 570840374 783795959
16556 497847955 539024799
53934 644823038 726395295
48746 33185616 267290259
93661 283164082 393044597
6013 640567455 853861412
33668 107286414 223444447
94868 544251782 740778961
17605 530376981 788375413
193 27 26
0.14
75657 780655689 802285448
84326 70012219 155577550
40659 315142801 374813110
21734 618821537 848326106
23156 926096820 994977951
12131 532697797 586905663
46686 52938387 208354891
92621 776508497 841218842
46363 844614841 848149094
16718 333672022 484751329
75361 39346994 176273733
33663 640885968 812706939
57898 677549642 912743089
6045 150237653 224324215
9315 566084819 747355094
77500 186747916 206341136
28708 519579210 741741715
14907 405684029 574803339
54880 118171228 186071274
51352 266450154 486279572
59773 648229854 751532165
56294 727578918 856946607
17159 28102047 33035764
17277 868400797 943168980
8129 215718596 402091240
15729 310296013 439995428
70396 166707388 355935586
3207 44029746 135877997
33355 73140115 242269853
10372 410753503 523461597
42838 556386423 607026922
99398 362426132 392881905
28750 720695950 895952466
47767 598851286 656786208
53218 546502129 650741878
85151 331399376 586043003
49712 877429039 922335096
9083 791506453 849848430
18046 576231229 761121465
93004 201925899 228648820
19978 241533654 252550540
11921 229406553 422420527
61759 459892853 470111609
60535 523405166 727199844
53705 574863674 669158515
73776 629927619 875185190
8652 848319435 952070991
57603 94160844 260303345
70896 332271425 405341539
6819 711372603 847841367
72512 794309921 988437257
86275 477297023 731908192
23380 464021135 586680383
62345 158078790 239208205
34604 511574861 763393067
321 809727000 892369178
9374 727192154 850132405
95828 377065243 452125896
22546 457511661 465695669
5913 461282033 662872148
7245 160205440 173879323
91146 103288228 181633391
41803 125456530 222222744
60283 435814678 506130525
53137 722517724 756033111
79591 86718277 331119482
10722 93405802 325569998
46124 736289729 758740083
23633 410725300 422940087
78905 773631711 785977016
35991 311551633 312797687
31237 467980503 733067478
37030 431575616 588201486
59203 327634374 552415777
36350 456603293 494071978
9203 795441536 893363834
73662 802460121 840535741
86714 289809383 541670286
61693 890045929 934507917
76757 207005614 297190087
21850 852647830 855666648
16811 7458745 258327070
43409 7643515 13630056
19074 394558997 560361085
46992 476208721 645885190
6931 451435486 606601119
87817 696872926 697241754
27168 823597927 955559559
22857 666429473 707388867
17061 371756897 467870938
39689 86566394 316141128
85710 347257161 589242335
72292 763066303 858842998
72104 481970937 495800002
54889 289217093 557255872
75483 568326754 816581938
34354 178271270 238523324
1142 157366318 392611028
69492 212692137 335560360
21804 399171570 491551397
92664 783559013 803405252
29695 703354266 919448595
96586 383289552 482536048
16410 247750600 383805321
23728 6517366 244935695
19748 598776050 840861327
21022 751820015 755157088
42033 542076010 543075401
49512 566567702 791948927
69468 523528443 606113012
50840 149236471 152891518
73331 491229663 534245264
77441 33727108 42289342
85522 892270315 996461001
97555 548621739 567791407
79251 456228881 463737776
28081 19769686 29495587
56612 53588706 91997302
67168 298943649 528747257
99835 579290481 838078382
89666 678342689 862666496
74502 680885393 773436778
81154 586965846 725747550
49190 254499661 332383550
64241 706618927 969142278
20349 307862089 309051219
57905 325864508 426596415
80934 680671907 930742229
56303 529492866 531456077
2789 795996107 971234702
34263 301006519 501389708
75583 88887469 218967920
60355 415494449 591087844
14828 191603352 361567036
5269 117903635 281540622
39306 717160333 723489131
25895 813245227 818769070
29300 933230072 934313458
26591 365088703 390005278
40275 671349492 789201570
11495 851385263 950129516
65717 424741031 467766766
57596 485566226 548083351
53884 302098397 308331585
35813 685489055 704928504
10488 562293996 769256596
7239 582620386 620028114
35960 157855939 176723541
60343 9253181 281983237
56797 180057770 290160888
71985 686007955 870567594
6608 615287349 625904396
12519 611965764 809206310
11990 568020243 569236654
43356 889305823 890591657
79746 160164724 228806239
82386 701087664 714005128
53866 727566907 907351478
45025 941910807 961747597
89885 218837356 234619228
80170 490142238 719652676
23955 918131041 977442576
37483 452821288 634695223
60358 794049996 969463035
12468 512097752 656408079
64640 195382135 467715136
42394 428034474 687349770
4117 316517782 378225061
24779 868072582 969107768
23668 214358761 320304867
91842 351691607 552652347
87129 24796601 36055729
60475 195214563 272950945
73957 871574088 975341942
19625 288036950 322213618
33648 560386419 773813066
8646 218502103 246468447
1630 100987434 133587069
76940 396909233 488103984
72112 50000673 73983063
20963 188083921 196648027
6173 37975774 289231094
97882 143028119 298462674
33313 893415126 931862304
23386 254198649 294207605
37685 114408530 126573438
68759 544883559 816644169
77569 588486339 742742817
54953 769571473 939190637
11342 178884209 276217758
15195 164749866 359721708
79358 715848576 982456993
75170 717765332 882741803
