8
43 8 8
0.79
18 94 99
50 8 13
38 37 51
16 57 90
5 66 92
19 15 35
25 31 43
25 61 98
30 71 76
15 31 49
5 28 32
43 85 87
41 53 67
23 14 17
16 1 29
47 22 51
7 14 51
20 60 79
12 28 48
4 51 81
28 23 24
44 11 47
25 9 10
15 25 59
13 70 74
45 66 86
38 40 41
50 12 22
22 55 91
13 29 66
7 55 64
31 59 85
19 74 77
23 83 87
20 60 68
25 42 48
29 11 12
31 49 84
44 4 30
1 9 29
11 5 40
48 67 69
40 37 38
44 8 9
0.49
28 54 55
46 34 66
33 88 99
17 27 46
47 21 38
28 57 93
24 48 72
45 66 71
39 87 93
35 40 45
32 18 19
50 28 63
44 50 67
1 52 53
49 67 74
26 29 32
20 8 10
20 70 77
34 43 75
3 76 77
6 52 89
2 77 83
35 61 69
42 85 88
32 71 78
9 27 36
14 74 77
24 68 84
42 96 99
15 49 56
42 42 73
35 46 65
25 63 96
17 61 77
14 26 48
35 74 77
38 11 32
26 63 90
15 64 65
13 82 84
19 5 17
37 78 90
19 48 54
39 34 66
43 9 8
0.83
5 87 93
25 27 28
23 38 50
7 46 49
44 73 82
17 63 64
1 11 28
35 44 55
8 62 78
26 66 87
22 7 45
24 24 37
42 92 96
32 48 84
13 65 70
15 35 37
37 61 85
3 54 64
20 5 43
38 65 76
48 26 61
13 51 65
41 51 57
30 13 50
21 41 48
48 34 35
25 54 61
39 22 52
49 49 84
23 66 90
42 51 54
13 54 80
19 56 84
19 33 65
19 18 19
29 21 25
35 12 39
48 73 74
17 53 56
4 36 40
45 53 88
35 5 31
17 39 49
42 8 8
0.7
40 31 65
18 85 94
49 16 50
3 61 68
29 22 59
16 43 47
21 60 96
38 54 55
36 6 38
31 15 49
50 70 80
14 7 8
40 3 6
45 69 98
36 61 95
33 20 44
27 92 95
30 75 89
19 70 73
24 20 29
4 46 72
35 75 84
44 94 98
39 15 22
4 87 93
14 37 50
20 61 88
3 31 38
38 1 30
10 5 8
47 34 70
6 2 36
50 98 100
23 53 85
4 64 85
47 25 45
50 48 83
43 75 76
37 20 21
22 98 100
6 3 13
10 30 68
49 10 8
0.28
31 15 38
28 7 16
42 59 73
20 82 85
18 54 64
14 23 39
8 25 33
26 46 48
34 27 58
34 33 57
1 54 85
24 50 56
4 29 30
15 55 59
17 92 98
28 55 69
43 57 86
11 8 9
24 28 43
21 61 62
32 59 88
5 31 42
12 13 33
39 14 29
38 75 78
22 44 76
37 18 22
23 7 8
7 54 57
46 72 89
36 44 69
11 38 42
5 29 30
43 62 74
48 92 93
47 16 23
34 37 72
46 38 39
2 31 32
26 34 63
22 73 85
20 59 77
34 49 82
43 11 41
7 8 11
33 42 76
12 63 83
46 18 21
32 66 78
45 8 10
0.83
27 19 51
29 17 35
42 2 38
5 20 25
3 75 84
16 84 90
31 90 92
15 9 25
48 98 99
17 29 58
42 20 52
22 26 45
46 40 42
18 40 43
24 73 82
29 31 65
24 46 78
41 65 91
47 73 74
13 7 13
45 38 69
3 60 81
12 23 37
30 37 49
38 56 70
42 56 60
44 72 77
28 99 100
17 34 57
42 45 46
37 58 59
10 7 35
27 8 41
19 26 37
14 16 41
38 39 40
5 32 69
45 48 80
43 78 81
47 45 54
7 68 84
37 68 84
48 29 58
2 19 53
25 42 79
48 8 8
0.81
6 4 24
42 60 80
20 43 50
8 1 8
47 32 49
34 3 7
47 39 42
2 89 96
3 55 74
39 20 38
12 81 88
12 16 17
25 20 50
3 85 99
45 3 9
3 11 18
6 33 37
13 37 67
37 8 18
6 24 28
2 44 67
50 10 13
36 88 93
17 44 49
17 6 35
3 6 7
41 97 98
3 33 53
29 56 78
13 67 83
30 37 43
1 68 98
24 36 40
12 37 57
18 31 34
25 79 97
44 9 36
48 71 96
8 1 12
6 57 60
19 11 17
49 24 31
28 48 63
28 69 94
22 50 64
14 34 51
21 13 21
48 25 43
40 9 10
0.37
2 59 93
38 22 48
44 29 39
32 52 66
7 41 42
29 67 88
43 32 75
5 23 43
40 40 65
24 44 59
21 3 31
24 87 98
40 72 81
37 25 57
17 69 74
44 28 37
17 48 53
50 58 78
26 46 77
32 13 24
24 90 96
17 10 11
38 52 54
1 36 38
15 50 69
27 77 79
6 95 99
2 21 26
5 53 94
50 58 60
17 10 13
1 38 84
36 27 56
24 55 65
9 61 92
46 72 99
44 50 81
36 10 51
18 39 40
50 57 59
