8
164 28 24
0.46
29706 65517626 367682388
28817 589095909 844134188
55173 479577860 541921845
15239 738506148 819268793
95446 651787431 953884277
29758 162380327 349226562
26787 554375955 771769523
54038 179128781 417988338
99162 190199364 219439386
6274 237134499 239212287
33937 600706032 879697463
16357 259476907 397301938
68141 533437977 555971981
34528 55042720 327295829
61704 586587141 654586729
20331 97624359 367329166
90894 663284552 846914667
17154 392140279 703509157
8711 419734632 572195884
76995 477306288 545399188
56122 774492197 804665796
70549 646498829 744337715
54928 639441605 718057990
34444 247441813 401790498
47575 373484966 543642688
66058 810047737 926145104
64905 838752768 860434260
34473 574664513 691406162
97837 455681190 490602824
41143 117808252 417283504
75421 353963518 525716600
80225 658087125 753222425
33384 590858403 808947288
84500 823007035 941405232
17785 587390628 605490715
79296 295213165 396663344
88919 24117408 98316869
71903 370938856 518064368
77327 530688773 620483495
99925 425855006 624712353
22512 509971121 640021642
8504 400123198 659420185
13942 270894126 318526516
80818 25881184 177232002
8810 656211500 848230943
47973 429513190 600154856
37031 868150477 984163339
23760 633990646 793940151
48097 537980213 631690640
11311 15542593 22213153
29250 579520006 877407927
56168 467030620 580691440
34677 632738694 679141161
45124 484808393 759852274
56135 7697520 255078564
68442 618999482 885253923
651 588602283 698938422
83923 845778078 984902931
8286 766821680 958746894
75146 130218985 337330279
69803 410792672 593342151
78739 363475913 601944957
66831 479007514 732834372
86750 566997197 805349310
34848 638280649 914243597
98940 339328003 612178346
16139 400036609 501253123
7297 151712803 260859644
95771 64312139 271326105
95276 458786746 613754513
86689 265898417 312805528
29572 116567949 355911384
6801 340940525 579665149
41539 535481054 710449157
82921 237779188 326784390
67543 287263254 587463521
9176 756925350 963201841
51751 459252144 773514282
77405 392801992 396612034
91092 301303689 430911487
98446 808583611 809193346
55873 589570812 717418174
75643 103754157 177366486
98101 741407934 931407547
27858 520508688 541213268
98526 451903200 617649185
7652 355070210 555549628
82553 573425550 769031079
10057 456173620 534127585
57104 849214952 929467010
54432 652442574 656596848
51747 610478008 641410774
22746 569070101 811981802
98091 153086211 250642959
12568 539975826 626275790
99803 464613842 498270954
77106 446354410 566762340
78920 289187237 404089078
99707 128568622 259631021
76171 768542448 968279464
82977 534925475 662281415
24421 92829696 186298307
95641 286466784 498890010
87778 745227504 973196631
71516 321431566 497782661
53026 181792351 261786796
69931 90808481 395242200
6133 753398801 787102255
91193 677169303 817645303
48613 452025444 474979982
30089 464063214 633786863
93753 356349386 650791096
30069 628299836 935486733
84087 454376078 768017608
2066 137807599 279622977
69611 158590958 424046919
18833 666330490 666567023
45254 551892286 622095872
3720 496496444 637973648
68200 203684455 370101977
113 328076142 481131471
62433 577634139 738642889
73009 430536283 667031740
35637 315701670 331878365
81468 15512063 114815803
47455 350184058 354095422
71735 572603383 870865912
30968 829978000 832928369
67775 671182016 979763425
50776 367626670 379538364
44777 501116450 750341114
18620 526846034 653494674
41354 711341642 902611158
60362 679374900 774294320
32600 754260628 944525134
12434 325413285 327817765
23921 815690327 861530470
36021 61481681 268266569
90555 269852768 284390708
11083 265112435 358478828
66828 207783648 329258462
36000 57898514 138040543
97131 40024638 51835688
20286 700903820 751439910
65175 189479003 390751133
20946 509946646 707709923
90536 648681218 758377484
19688 267155919 565942369
7059 201585944 217687019
53369 524042245 628047035
38162 224649293 341957559
17383 458130852 460184749
27171 141900637 382790406
47462 165020579 295290298
57168 613870359 809286726
71326 313382783 405605499
46928 232145859 449823152
20399 75732815 153842892
14221 583824176 709389650
64117 893285533 976690196
97062 535073378 670213175
93068 758084867 878561014
35958 458818778 654705993
80982 564214392 624197344
187 28 29
0.26
18779 393360782 619259737
46485 524853920 654270781
57623 248957187 546122289
86014 461256406 663905532
50046 172682891 371183652
23378 643396620 877798595
49987 458123151 625017258
67448 292159310 433833897
84926 884178761 950413408
70593 301689323 592253442
57931 733029406 956593217
44877 761672321 768184788
10290 413907255 672765889
51859 228490296 305210352
1223 541973262 545073727
42176 319725862 354049444
31699 574006143 809400861
47103 84536721 179575921
88691 462195803 657848086
58619 659048260 779190095
48864 514303966 785152634
7490 522461707 759765424
61360 40910504 140926708
21836 739643412 985527337
34620 612995899 880221468
65818 389839287 488255909
3265 756725395 885080428
4898 357861154 649588018
58731 355003819 476383435
26315 73996632 262708337
65039 675748720 706836694
3316 90487348 174082588
44633 689438342 983618588
14842 680838036 840426202
7686 241781702 431807788
26746 707751356 711358428
96082 138000190 432973755
53556 493216429 731899839
29750 271848190 374034514
14354 820000218 956438818
33419 191987832 320223809
74888 305613126 505090983
77362 609955020 613597563
58300 53870538 328828915
53976 289483655 518988885
22889 99398560 262033826
93780 559144295 571963221
767 442521456 703832209
24532 936565051 941076272
38477 296601052 297389350
11287 608320304 853589585
47074 150856863 273645032
56668 47487879 352058682
73456 106856943 341541797
57020 914614188 926487414
68307 660622569 804135715
1652 117717881 233141160
38290 791059377 933942166
17542 418638699 511679364
55876 74889183 354847459
10944 701328283 795253989
92661 289853273 387459111
96830 813768688 972037820
38216 57019277 109665019
59244 607264792 822439570
53376 144566600 405924285
21167 680803474 841436317
88219 591520958 744038580
14405 362400311 544370185
43902 85215686 154054331
93739 680630108 763587752
49592 944274528 952692361
25854 79740927 109934398
59392 295051034 574151962
60804 95594165 110772505
37152 847093964 884307778
62828 625063010 755894361
47383 443263172 709248450
36436 236888932 499815026
44057 243635514 528557189
81098 227722206 304127046
33371 769916200 974732835
40374 345542974 459631391
89965 630412380 829066076
27414 18625050 22123167
16039 612578472 779299469
60810 258168763 300292106
14183 683078710 730477704
65234 173307512 186701609
59450 688603100 935499209
31029 754761899 930277656
3578 360933798 418462836
46948 574086609 728408864
83287 143801626 314897766
25470 340122972 389943083
55385 334378498 536483913
50678 77463140 305306935
52742 591198817 647506613
10451 413953438 426508785
16320 461305395 677951572
32086 333155832 626543203
39633 492702262 512982022
70050 281613978 314304646
43498 307242526 562011332
85847 858558835 894080265
10504 206837447 393168106
75968 181747884 185512112
70488 829593981 835217684
18767 358014063 428470525
50365 535058305 538220109
69446 762060686 961636793
63089 760981575 891161620
65175 583368014 702657904
37353 262136429 424772224
28366 299213859 364318919
76796 500796299 512124837
23726 949099739 961917450
17445 214546776 457941379
45914 626543571 649529724
6343 843467609 951726064
9047 487927480 701090538
54290 272122578 280670030
62510 30930976 217834870
25668 13202788 82410232
98486 526104942 758576102
81937 112832600 145897475
11729 41414745 317038363
98887 770865371 877704134
82742 198177064 276292095
39404 258590740 436158302
64880 745458912 974015538
25609 137134548 149477384
96710 189948724 376009575
651 617369181 912492067
49723 268245638 518091623
6856 179872928 180381857
28471 605637527 826332840
1888 640538352 697342630
61606 166446654 225182848
33060 692639190 749575833
88896 294030914 302253988
70236 403617582 597307024
49577 558307518 663468089
25764 401229917 419714519
88027 637562849 942296802
3063 126439598 157569390
72833 665098456 732858043
11375 482984365 739530357
81061 482073188 601992489
15788 803813596 808649497
59885 58434948 347774233
30644 897970350 961242467
42785 341864515 438398748
55866 331428488 557596879
34801 123224337 374378485
44002 803818360 893577734
47894 710107071 753852219
3780 673099975 761824487
51798 439489642 617704431
7248 450515825 515929652
19820 369378254 585803089
24018 101402317 330776805
50920 396789956 472486270
37814 31692839 126838037
74644 790534343 862819287
75630 91812672 199293537
96215 414581261 496315167
67314 472682218 614257500
78173 437451106 552704102
26952 890806653 948609539
77111 480466883 713409051
52517 378201303 458906140
1343 252131195 332955537
87091 418722099 424737806
51872 594845 163775256
77235 435073248 725304780
42964 588594166 666378662
36389 9777101 261222852
57838 154295243 207937347
60135 224459155 259475959
87034 919736649 920228483
2907 398318812 659467622
48418 435477876 438055083
2060 814505069 907094335
74962 824721436 857848041
97234 697923773 717497932
82687 272115481 442814771
180 28 27
0.53
40258 850265909 946473449
18891 24858995 96408311
33724 146939678 148443217
30163 767766350 995891603
95712 597837412 755321262
24076 4788839 259759978
40660 551069703 677232385
47015 16670835 90409344
14316 507435604 786680063
98942 82421732 203482133
3604 372199493 591079639
53211 335343908 525908240
33357 714981817 792115537
72250 526894633 614235642
15668 243013056 248992537
69997 782295979 860845540
39242 626688804 637949517
47552 471925807 641731236
7120 304548768 608698118
3101 138715567 211946992
40785 452558842 690545556
45360 533968975 665870214
54277 552297187 787227532
50126 732552328 904752042
52819 208062620 445857310
31186 267735921 556353173
69176 286317980 314847140
54568 439624679 537644497
27974 869961543 891202078
39727 197179012 294840589
34575 340159156 545680635
78681 496150919 773027787
87650 905882980 934961381
19381 17470811 48322443
26997 154944386 253142512
29967 516046127 737427677
20997 775375126 928153395
19606 589028458 625081141
80570 129798811 385167397
91039 347752420 420693813
6927 608368081 609579319
87465 578602287 767251381
76593 588220492 832808878
49378 706309896 936658422
87302 219602008 278324803
75944 481524433 651791126
1905 115118648 217078453
51539 805906120 943757120
18004 291440729 580344727
55729 156624426 174276344
82869 79724822 377006863
28850 836101377 841753121
37732 29217938 283298234
80998 315357659 479131144
98940 46832346 274916484
56803 232014386 284375415
62184 74287425 135030899
91404 829670346 875503301
745 427381691 639459749
76176 636910455 773602787
52406 147326512 289952819
70127 947803891 961352896
20356 225994934 243466147
7651 302236100 311549281
96870 581586153 719963357
32605 159322976 455330908
72727 111142534 257931219
33421 351577730 450398950
81110 76718211 314199368
40199 165741987 348830748
37521 667697533 813178630
59682 396239976 402838537
34694 168865280 216837370
34563 707845300 713894274
33639 517558709 730309094
1018 308482833 411855371
23741 398422921 491484324
13516 505544104 593294093
77070 455759076 731156242
82706 470413718 699578925
48898 756454746 878917737
24512 259263482 360698805
80642 95540057 286461444
92361 67393772 217583098
23203 671222904 896545912
68961 250006221 443251127
2339 712979812 715576785
25603 497392603 586161105
98641 861330431 965082329
54613 12239182 284861455
64627 645699091 715159057
79306 296487085 349937246
97442 74985835 337328100
61766 382789686 641361303
9305 547247730 727076567
8968 614815250 815341893
34414 635487263 729932163
64931 178781165 412609917
34048 14828863 145702051
92781 152314267 446843601
21523 293892228 456902807
66909 170126757 250170570
47064 853033792 965614603
40879 546769767 725099781
32594 653768215 655151375
72587 137144321 228207090
32180 416051308 492139326
85605 528925360 711311386
81199 531227050 623591162
95846 137442582 225350264
10731 205109111 448243720
1964 68726134 270138699
6196 775236207 987524233
17710 706041106 782444468
248 51642886 272527379
1667 512299343 526995759
18350 343418369 557672684
1123 153549881 207792646
23770 711776933 852541998
84814 30164418 161623336
71183 78776141 323750484
89068 36575307 116772498
70004 343102484 599878986
50134 379918995 565842825
58155 546955222 788038569
61076 658479318 731790903
88910 15358899 47982655
14406 496351782 636383091
23995 591496336 671559786
76072 706853249 760503760
28338 805203904 941568092
45744 175090496 302145099
78141 225951249 328266142
92058 667949565 920439042
84848 542656139 543365279
48935 584244031 682233486
33969 103789823 242743904
45857 766699342 841832400
73626 436825752 444283702
20739 65599683 200048241
63677 641734396 757775932
65751 158520480 294677029
41097 637041023 831203730
49376 853966 57273891
83531 408521801 440788746
35641 749085014 798677742
11286 569018912 621505617
54686 480632456 491400985
78470 164117106 449627496
41611 716180836 735549453
30914 243940379 352452512
70498 721162862 924936408
28288 268857850 431637346
6002 280471388 323312118
61486 431699700 683117629
14068 593181420 745684650
79471 175845762 322515945
81175 704731748 804971538
34500 331128318 382721405
76672 78618433 330610478
40908 132355607 276890600
14635 106444681 135791246
40300 369524270 641559474
80949 297593242 509778525
22738 707658472 951691775
11453 116696254 384162370
78935 236153371 399767325
79240 342202274 573925815
79589 591781954 621023975
47814 213132823 254936833
28921 229953828 513120661
18002 317674582 322266281
15432 870020034 935606209
98014 501349591 725532830
40230 929045785 934918427
48462 388932510 599300111
26918 360677372 559752984
85411 687320345 982088766
82204 546991454 833227938
74044 165522500 390317882
176 26 26
0.88
94582 670253557 815266601
99262 187044187 339152113
45913 402086324 647098867
71661 173499439 224024547
71336 421264954 594106673
65873 222291081 271197167
16945 669235791 735773235
90070 142538533 307916134
60912 360934708 517428232
77856 74130724 363570756
63986 658803440 664571672
66895 859071778 861999637
53850 425184769 535461258
78693 743525822 786913645
48103 275229747 440290861
96036 1367340 115020873
81142 798490096 924099076
58300 146928630 160789603
97188 19168547 183000334
63332 686104629 742582789
36791 169632759 308696743
30022 137923027 394408297
61759 256240722 342330633
17569 237512741 393397607
70519 895245642 928574311
19242 295742480 476340522
83825 37150304 294237301
47827 20569596 114536855
34257 660084793 799910327
39216 786400229 826246383
43353 301469836 453970739
68534 794109457 890950169
99238 374654456 633824701
79332 350829791 578922537
37977 544688819 778572381
5479 362245958 656224945
96057 360110788 621360077
60921 541307849 625822561
55671 28520559 186072735
84394 253463850 466394257
57683 227671403 308686064
387 3561070 191527037
94909 22605412 232128126
2247 635078153 637102743
26591 857540625 979398127
40188 589601950 678023536
51162 607014800 738232804
59913 779552480 926297630
56975 355624236 557325416
91744 435913537 644724266
49023 248903115 255539787
56222 633529748 889698968
78453 16322167 69844111
12017 32792637 124339452
25155 124691379 255830208
60250 41175510 199783657
1163 839019958 989192589
5203 515716686 627824025
94464 187691503 429446683
53587 881789006 951165970
41196 554756205 834873041
18833 217207714 292430426
89107 708924865 811963829
30278 72262992 102631991
85048 154105258 155994825
84182 309222999 309244720
6559 707045342 803850231
89169 567080419 678702933
1332 224910311 362244219
41173 102782659 320204659
70411 618035783 775023211
41719 839080869 851327858
82696 165152754 349041099
10850 880776304 965647617
47296 719538331 942151398
11519 842210283 952959002
51679 510721127 531021877
70935 102635225 343142191
48716 445311643 740178793
90421 834905285 971724208
86282 169110229 239835843
7760 436444434 466334135
14209 875627620 965795971
39656 58614304 157811509
83869 375532398 511534395
30863 495096781 572512934
64886 192332751 420256825
138 349568597 357880634
14001 733502442 901668521
46520 126931914 401166266
68709 583855650 590568564
14612 671478539 780923000
38689 579890303 692203351
6614 161560366 433697165
52396 288745090 569436339
4831 494624691 514272893
70797 92084775 372739923
81237 854623867 964018491
48748 610480053 612696715
1227 109634005 261898548
74201 674425471 941686965
58854 64948687 85720977
9197 145558134 265589725
80444 42007828 103145982
87247 368132032 604562359
72734 464924391 683995835
26776 186303823 252346016
25656 966003101 966093837
80889 110881882 330425754
54390 384520578 471436170
81467 165492727 451383530
28906 649676706 925068255
17000 368726498 556369171
70316 453487819 598083344
44169 636962845 784611632
5122 439496540 595765027
97200 221448308 441777756
80929 562407208 825869682
95959 142128515 298873100
84275 134519579 305844013
13737 707189203 709961452
93434 27237414 68527959
38784 315793889 540344467
85364 74167733 186594453
21616 579544382 675781070
39872 538704702 666643305
55522 478444770 648850957
95104 632474576 850569833
48771 283840580 287976301
77023 114925922 305101429
72799 142865497 209328545
76182 213444377 500362057
79817 390770087 586579128
3978 386217961 457243835
22717 559682627 564288832
19577 614031309 851834442
49416 219458742 250350479
16565 460164328 720314229
95175 277223882 402891273
94224 449351835 732746099
36461 619211675 787237640
86618 333426379 621974437
73449 452292163 514246488
6663 842677748 867064645
65352 128401076 201357922
12661 511859413 630798665
18231 360119336 400452190
64109 280704970 463805259
84077 252621267 393711136
58440 144197247 206068291
65895 341743977 355225576
50836 637938092 922901665
96307 400321995 439945600
77880 284851242 292448348
62098 597241080 649187712
85973 124181575 160451051
95225 369650197 579773684
80366 617593589 635611545
62903 271720959 507360847
46761 869349687 877019448
42428 363289634 511556411
94486 474053731 599620583
42649 916993352 946636901
61232 503092334 790854184
99651 91836876 92593192
85539 822132593 881967639
15932 244333268 382383100
47278 306062869 387690761
79028 266199872 322327292
63337 263889736 558305555
2827 259997676 439762466
87785 259654226 339229165
60347 153860188 356508367
62146 817839201 846791454
67413 866682632 960348161
43309 177054963 348407933
191 29 27
0.3
83552 510011065 791761432
50470 90248871 129053602
35859 365341035 648020953
64710 54308035 290001895
14459 692704358 981744484
38599 612246777 625964761
91654 7257730 42691601
65753 197865202 306194082
1855 348561909 581390924
5799 721905251 807449388
8632 154930878 339986797
11801 161121927 365415434
34249 656587854 802098700
62842 745755728 993605329
96983 557712109 815621774
69115 800154549 809982104
34425 858362799 892746465
70230 429595381 675353290
2295 650430225 940362128
8661 591475842 758737495
63125 26167919 86228420
48244 75421474 94213641
36111 161711049 209916669
68069 379751371 511650498
80134 383083017 387136927
58451 175084491 444983678
2810 640117731 811132017
15050 282528924 329774544
2201 616567278 626897043
80342 11179449 46876905
55415 751995064 818923091
59849 927418512 999766730
13567 699568425 943316760
10017 461142680 512281059
82570 140017786 165131203
873 655074885 865747922
11917 128431321 376992161
71359 38708286 180426813
82233 321603972 510874222
90263 219000933 345692665
91709 398015130 414185897
6463 819274111 969844769
58351 191249912 195075374
23363 172261000 334802680
71755 111877184 356152957
67410 751201742 941390995
75228 721826975 964044733
40033 751267210 857360609
98074 365730291 401222190
4847 177663549 351386456
24210 571115162 581266637
78442 154059484 268104904
6061 671430393 886655553
52784 401532223 436406443
72586 537875531 729731596
11768 657489963 755278476
89005 386955151 591935172
4722 780896164 973803416
61310 754570380 962561816
25101 249828442 434658506
14441 28633107 144693064
99961 199574643 463155376
94668 862056463 866273696
4237 825258842 895676717
50386 659221281 707576871
84873 417162283 544543719
25529 589029205 589651100
80863 748707818 770204303
20571 692025687 710889466
40206 101097694 341219593
3787 926362691 930596556
41072 90106066 216819229
73183 412782711 672984796
56149 51414512 210951470
68558 126503882 296716571
9103 532178642 766291364
83386 293764527 527351724
54833 3230748 182187690
64241 455985854 460982072
31634 256628572 289888073
34447 275806112 328966563
52407 17990738 176454161
45766 71314170 216895122
95728 497034071 773004857
95873 110282358 137897170
64194 588679772 607827745
60517 661081595 663497925
18758 245698341 393692142
73786 454476122 535482911
80240 94397729 385404704
54249 87989769 102503560
90482 439964514 673421305
10759 406447254 609372056
71298 798877964 889634414
73073 483799186 574093333
56635 331814185 421502486
92217 263523582 283840552
79872 781951858 916047335
81985 28345441 282991543
95719 514239444 597259403
98309 855712424 992623681
43443 190772195 223308662
65727 302883474 493552501
93282 975942225 976751101
34117 613337573 891653394
74250 257122529 474407155
35542 553155899 714445081
31358 931488240 980123459
5558 701067818 886292519
57845 338026566 573490525
68630 96120932 102308939
32909 200738275 216921010
78296 100335734 111017476
66477 290334423 412081184
51890 504524990 639052640
78953 457698568 560151114
55569 552219664 791609259
51082 355160986 388175162
65632 5134063 285794453
93773 512162066 701927570
7402 625647080 633396493
77707 689779324 963474322
43261 383042245 539195813
87162 773177721 807414058
52464 782978813 901856599
94482 647243961 715687944
10503 777820610 983506883
42899 69876061 96179096
10324 620879471 908499482
66085 582542089 780224690
67169 71477515 246516487
90881 389093689 413304119
25676 197630507 206944613
40623 58023822 133626258
47314 920556092 948595814
19471 948154748 971481517
81680 609400643 798591763
95196 746344888 882008468
9414 929233532 949736807
90030 512055172 800125443
17693 217732313 224218769
13664 120019371 246350302
60267 627657457 905076850
85971 348594187 600387944
3733 293752635 526008004
38833 242269569 251593852
43414 10662395 138929913
12245 164094787 332135680
44893 477528452 576720043
94441 776503496 825076827
83196 363944004 369251258
56591 281998380 412700042
59934 157233624 282687158
41157 224367519 404310285
57465 814494933 822905946
79460 196609621 198699409
25030 867040650 884020925
48360 577702916 779112958
64428 331197974 562159695
28693 532018871 537352840
61028 717592841 863605003
56217 288343788 309172906
13433 44649515 102839647
16301 901923750 902033054
60046 329297039 438121370
68704 406531967 420850600
59525 639152148 855528349
57782 731571175 737714432
11358 617223586 731740919
70765 310887026 562637015
43134 583715560 785246478
61057 757185280 870689855
9809 652462176 876550036
21074 715508550 907991433
68465 202166763 297530325
56451 712666059 874606857
70567 739089227 954857446
46852 493662535 784492519
78066 804941490 817570435
59410 96259964 352666575
78118 881494530 984143108
16061 47839209 307561487
89975 910545213 941212658
47116 51508125 317920499
55447 162205075 202502177
57021 654540781 689733713
19133 232470193 334790202
89616 880508556 882582932
22247 383338005 673600422
47141 126696774 375495342
62754 440409720 590743667
192 25 26
0.1
89975 916520081 923919241
78782 694454766 784453067
21703 642676806 766731243
65401 804975140 962344060
7849 602398657 654021219
87292 712242666 713853046
41510 438325325 531837587
41719 325778642 535782732
19478 169190364 372713302
30582 139624504 176734951
87337 137579621 228925615
64037 674469605 812344619
4811 104428701 109279911
76086 642949392 878878664
56610 263209691 308069139
10945 373019605 435962864
62330 715018871 908587803
8555 653806503 654086082
98147 531452455 565652922
70443 644477766 780675664
68954 412900430 548723127
27658 9214239 125567068
9254 373032127 380256283
67113 114728351 372813808
59940 484503630 721591024
34152 667464251 741964787
66054 601860181 750247975
53060 426017990 595931529
90648 714472030 934984168
47873 747706737 753814682
53988 726784270 769350005
96329 143043756 358821549
26006 409299914 481675812
12852 199874970 351834045
66755 747210539 868626982
2218 264832488 475235774
41830 428038888 655141285
99461 275438335 279979281
90411 178760976 180619427
14394 643512790 747279623
85488 764778227 987438507
94490 557605947 701880795
92522 412862711 474463862
16117 506664469 571291091
71493 647604350 726550125
78911 724934147 740501767
71630 681126310 784355233
58581 346660784 357527981
62900 676589177 929152592
71042 807901576 906571671
24748 964181110 999199816
78302 844888308 859547730
17909 190636352 423993008
29687 918590086 948516966
82525 8105509 14459315
51443 284142371 412530496
21858 478000828 703690509
17045 278413048 329516304
96795 405620227 433572616
39294 580272756 611484210
10009 326781243 405677726
72022 741525597 821691399
87529 718020781 718668937
80684 395134508 653923377
604 137053115 226535805
6107 710091466 801446643
71336 613432725 627780094
74319 528587328 535339620
95312 207295491 368148225
79206 812678671 869841070
87971 752718085 846869842
2106 907939651 922073122
84993 383210365 450634936
59359 326992773 484055425
41764 395290047 508065509
32809 543460567 546876471
74077 552511654 728994268
78608 482328669 487876829
42492 331542797 467845993
25814 184539339 339558932
86453 99408532 274286171
84201 251188895 469938780
1279 85493336 334297316
14821 595824655 803494502
72831 213679000 321823256
70204 599809173 602336170
70149 410256506 417800154
91129 106860111 109599538
65750 787517758 812839281
58561 466176280 577924299
72459 760341742 850867378
7676 746702611 818720353
27032 330900367 479932247
47252 109603874 142010721
73040 404061731 406489002
85883 626664956 745158671
83559 517885086 593764999
46706 171462459 396139462
74136 319251320 321893249
25864 415556521 425495342
69801 157980938 284325509
52928 379599253 598488884
34157 299957358 459906116
78455 804679625 984005862
29800 581358941 801485704
42116 705818710 721278838
93113 614186275 761437664
16353 760651420 914109413
50643 470327399 572228022
30794 799052764 850206801
14188 291432813 456436369
66340 704346458 907859669
92123 69961286 204714356
50464 336364037 404333700
7772 534054040 655331588
5440 416105659 430251813
23543 771255891 827593750
52826 279480076 520586797
94496 690604891 860849361
75035 800496977 879598130
38176 417090215 633300135
71471 89740277 310625288
57717 535857116 554391910
54975 348583789 478754471
71190 287552599 467427766
41722 716257919 967974251
84633 159061722 224257507
62807 728037780 933749960
78937 2950351 70822238
48058 662932973 820764625
88755 30707678 49591842
87669 630132761 639358649
51056 633465174 671386320
44146 85967020 105128053
98249 693971884 732447094
4911 573466696 801728197
18950 702549657 710993754
553 308106874 553838201
30471 971959654 980899751
72285 273745653 533399500
14184 556587967 610415724
12364 423408185 572367089
35327 426797664 463935751
69021 602930275 668205383
92296 842353990 975744908
86823 509341914 515653606
21924 621722443 688717784
43856 699664126 739573793
75837 639911768 673328782
11888 615080320 771013244
68782 442253817 469316686
11930 93752988 163648842
43777 935014843 935439035
81372 790862072 820736545
55001 105259334 212251822
97061 211641987 441620567
76529 28535007 109575628
9768 363000256 407619927
46661 290544448 401149349
82270 345689719 515576216
82033 185366649 197971405
16017 1979705 37341240
56247 410034646 640028270
98967 443615182 444374027
60870 536261612 536274291
37788 477594513 479341458
22071 299653733 552045642
82148 574978345 830368140
38649 142794445 296442098
95567 570064820 737475940
497 234873431 355825974
74494 438345486 540433855
84219 147937491 279007239
18358 369618429 406626481
57844 636737952 667740272
66851 803073310 843084676
6683 867812772 882734397
16479 192380404 241811220
82325 768719042 806548272
88211 234764999 424075368
66322 154039623 353960420
10334 839623352 882603198
54093 803086799 979803647
31829 508469207 745471886
54520 379392683 628417020
55978 73098828 82642368
57975 12134405 12889856
80976 355741514 391236954
44619 714004113 952206505
13214 554727338 619921708
7443 221108182 301697821
94930 353170228 530423809
173 26 26
0.01
48303 100546627 161774339
33978 629899632 662596395
30767 319906051 591648759
40359 430521571 682696992
25194 282750446 436502185
56533 172003788 427432183
799 841360506 854532084
5236 346404642 412178050
58630 631738974 843256525
7173 763062502 890991163
22356 163942657 379795797
384 347258855 563383345
97661 625232571 651406409
24407 51954092 175503149
54234 130460618 299588260
63515 712410785 804295788
24908 257807076 343171982
34302 451347469 647506180
70976 632765544 697875369
76025 278809549 481483547
23763 856604987 968368919
25839 124896964 271278590
94648 241047330 244610397
69490 121130736 249800267
7544 768675266 904147453
11813 323315574 614615977
95034 99184523 246212113
12642 198361637 235909078
71780 850380158 851899974
31870 577212784 618547814
36385 505108617 596737378
60842 683553891 885743324
34692 765292341 963376820
77115 733793892 800981647
9004 62937915 268897884
26253 776191281 788887334
91753 590918387 866040415
5604 67753736 309710810
98911 772164992 967483424
79700 164075323 228943603
28521 702971308 822150144
63554 38116850 271034430
95967 334926202 477557170
85387 441080288 741481892
36540 423402389 703841089
92420 578554897 742308588
39226 855832108 883644234
45985 912655626 941830922
27743 13137217 297239105
61083 764939144 983485788
58173 664542715 782639213
38188 563032297 834393457
83604 511127703 612666555
87453 799111761 982383819
48667 686358357 748603162
65251 339293972 529537253
70880 1082965 86272987
53797 401139597 571530316
7277 586654803 694543333
61538 361585881 491396360
80108 160236602 259907482
82449 821496625 926777805
32493 625504760 870278104
66569 382404808 388955179
64741 684337278 694934428
12963 510068315 746765503
11897 444408978 628234447
74302 847281672 856252235
92028 395306310 589763799
2753 363230864 435230522
11382 799187921 946300694
99398 831758883 939876628
49159 117883020 329286014
55478 729106217 872637600
29163 467286845 754828161
15504 546149405 612880521
65918 6643585 193806627
15214 529368791 811449686
16162 499070123 501077314
3402 414505871 640373535
38975 207948430 359190847
25918 872362649 890397783
6666 84010129 339448831
98026 438727412 577967678
37546 663374000 736427892
60761 653858352 905504941
47959 477498192 648360930
37126 718530146 724215255
19301 371156912 376041520
83196 940563311 989313711
48512 747442039 758292562
85340 187091890 261796167
9337 404933288 544021912
90915 52966828 208618108
72737 488077971 593874033
24683 189837203 387317811
53715 5962542 199363652
35697 404725452 582766200
77879 863894386 884756257
17016 693033462 694047198
94948 45092039 107152991
70093 447900998 579820849
24710 120843908 136502971
54699 324408900 568434563
66530 210606377 381391936
46431 462883402 558863314
29942 296827249 338956270
72527 776857531 946192905
52869 557107923 641221445
24663 79312791 263425189
12306 317577729 421525089
70997 77645274 330029298
19370 71187914 171148946
14567 927390423 959195608
42696 241903789 348560360
47921 153073984 351488310
86580 555166256 570104947
5060 105885186 202682463
21388 177757303 178982225
41756 335731453 448103808
52038 843177412 971622705
57800 23297444 88238078
37428 530737203 536722635
89680 93965404 290980562
18282 14001216 70136126
66835 709252931 904859409
58237 157517559 432980529
86543 71816868 119613625
26413 193177970 432670299
52198 261249432 270727630
60997 784745951 869979525
413 894700470 923545050
61088 529516309 628443195
11910 207291832 340984598
82319 886695409 984417327
41057 102669291 263319895
60793 36313597 311765652
42911 501184526 790157214
75554 52632019 272273738
84936 103678172 337132955
32528 511448302 769108550
28734 267945379 439499206
4138 193059110 196609262
37634 149831254 160565091
17282 271946896 277976036
29014 422122339 519246946
47542 885418916 966264751
3523 93737083 251375435
9362 399661093 560788214
52540 713552937 974611348
78968 109754618 304714017
47523 307971668 550412289
47075 280698663 447811048
91243 584414866 713967787
40392 213027780 436522807
62655 710822150 770782686
97311 605985551 635890344
87009 587443132 743660274
66625 264738153 339742046
36854 161357639 182999678
46739 31436876 306638658
56096 163614194 360306071
66435 73101623 315622973
98668 49391666 156696975
28272 892383151 934745834
57838 704903138 792570864
76047 547169241 832376034
83146 187896298 307398471
99276 320300711 499118397
49269 257229772 328329137
10926 93732919 290474935
59836 528181545 773033731
24287 932086240 935832552
172 28 28
0.48
92000 294094807 424370792
45840 272170487 465686618
76605 397861579 549177540
37042 30111603 308837553
24259 489973875 538969359
11032 771565894 775805490
396 475793543 484806308
54030 24301935 298025461
7597 357537069 381334745
40082 175278794 480105890
19446 547742428 818369305
43128 726860046 995566039
37081 209980907 236492630
7182 75636136 161117705
35113 407893332 695092909
41248 391410390 478588459
48451 444992001 634278808
15485 979932519 999875514
47154 276037302 318663293
6650 189112980 474387258
4301 4494818 215792006
67094 788062228 845758263
21828 663150105 819132264
47614 559105255 568381985
17340 437168936 584152175
74995 360502571 628667063
69368 280455711 280920332
25257 662405723 780110936
64473 534904621 586768236
23569 281463235 474306086
89351 189305190 208898409
95994 764662919 836282477
70129 118159721 438895024
75540 280612996 318624383
40946 329142122 343251189
23093 331107519 400738092
94197 933031049 936400574
88864 92791057 302787323
53307 212364050 467519023
23652 397733129 652720533
31931 61827045 328544821
81985 504839286 687913035
50889 45223169 49320061
95664 753321595 754929800
33467 625960150 721880089
38564 218044320 295389130
2376 554605051 726883132
34508 545023043 768325606
78674 107566100 154409765
91324 409621450 631410478
24999 151415006 465718377
90699 433952023 545972504
7938 599043374 725681211
75710 109621544 190682816
91192 199755734 203773453
94469 617216161 618077548
82288 124953543 310541958
40965 916232253 950643651
32403 49245844 314046231
33655 304070270 527975728
50245 258647443 539552255
37423 253215478 356930419
71603 474741826 495166776
87391 21686784 222023470
46478 669971614 902439592
26653 178268222 462115230
183 647857031 800316721
33347 123994920 275468560
36029 198424496 361471227
56023 42443910 103043943
6979 331888340 464924812
1707 467524523 706081195
50949 599214838 600463788
30822 208798213 531328641
32348 507229401 614416103
62819 952949854 953500553
80065 58271494 262707291
41209 456369641 698424244
86832 327768510 635776050
44635 453219102 641346270
37582 507240791 599109740
63872 181989780 443007313
3916 178133635 360743153
37702 288560208 539129362
34412 509468084 716644711
26100 486511664 579283849
64547 645736393 761248484
8286 387105229 388003805
63425 828484510 933857608
80205 753445393 779087302
24622 728617029 836581206
36542 390871754 434814661
75318 309122523 436494780
98346 444208902 545656228
39975 578067075 722077641
94919 546470591 567199613
12024 268425277 560894886
9933 283201180 368413224
16908 818836319 846125827
90684 266299110 505334954
34360 512405999 577323768
83516 668737434 806774125
10530 598650667 865473376
34085 621815154 793723540
50028 33662305 37519388
46433 732919252 868465081
86032 519920757 730500004
20016 1101599 296200796
67980 502268315 509258579
81867 452865064 465931247
89728 444828473 509313664
74411 172194306 464160950
69461 318721092 643803747
8139 492228130 493189734
46945 143752812 360479062
6956 553347629 676503438
83689 610229949 786957006
92152 34840775 158737541
20327 25408801 173955801
87017 459240956 541533995
24589 221565596 520356605
85483 844740137 863606882
55530 179134143 502292567
83712 680443077 871695118
28522 471702488 559089011
25540 306497220 366925440
75491 245474364 250818573
35249 79887156 300785572
9197 128684842 394154899
38371 786460865 841519981
42258 762914611 886009601
77694 322203062 390540239
8616 843370419 843999441
72527 159854112 172071559
98170 616069042 793835276
25522 714228794 866962581
75566 519030627 762288601
53107 701540513 731631887
71971 427910295 589991670
10967 686510604 846869379
54618 226480633 550008435
83836 688843652 785076541
80056 600207504 609710880
77406 247377625 248163196
73129 722545837 723206541
91388 567550833 570374203
79719 376724367 453035510
72091 329888815 397083555
3483 475336891 777005238
138 458062144 724581434
29284 748620996 825745642
5895 211172200 528046549
64022 94334994 342285959
76064 511493705 741368777
60069 82830908 86813875
37405 216733775 371299039
14019 527395413 824469228
61020 741912338 833225124
51655 250549907 428398152
22173 403907828 404455552
30799 650209045 926245127
99135 100490644 184849289
48904 384365989 603529189
64715 127149112 196961145
77996 203075463 520524477
93969 504324946 523596578
92491 836319007 953774738
49296 71391162 76817627
28173 246535572 404452835
69211 169484730 319206663
95895 142702629 348366889
58552 255831506 344979172
