8
50 10 9
0.52
10 77 78
31 25 57
25 67 94
39 74 78
39 34 43
11 2 24
41 5 37
23 95 96
14 39 68
24 71 81
38 41 60
22 10 47
19 12 34
6 12 33
40 65 97
1 61 93
22 8 15
14 12 22
41 17 32
36 49 67
8 68 85
25 15 34
46 90 93
7 21 25
24 22 24
40 86 97
28 60 88
33 31 58
10 20 35
20 6 7
45 76 90
21 36 68
21 1 15
43 63 80
48 53 73
8 55 57
50 34 52
49 32 33
11 29 60
40 7 34
12 54 83
44 65 68
8 42 44
10 11 14
47 90 92
2 16 31
42 58 78
4 86 88
47 74 98
16 52 53
40 10 10
0.17
40 3 18
43 37 86
32 37 58
5 36 41
42 26 68
38 87 93
7 2 3
14 6 35
19 12 28
25 36 65
28 35 40
16 44 53
27 42 81
50 72 73
42 51 68
48 28 58
9 36 48
50 14 16
32 72 87
50 59 75
9 27 34
8 5 13
27 27 41
25 85 92
46 29 60
17 26 66
15 7 9
44 29 69
13 51 58
21 87 91
22 51 77
13 95 100
46 65 100
33 44 91
39 32 36
33 21 46
31 58 72
3 27 58
17 54 65
28 90 92
42 8 10
0.82
2 64 100
40 54 93
21 54 80
18 24 48
31 84 97
33 2 43
4 20 58
19 58 83
39 41 55
40 52 55
3 36 67
42 90 94
11 82 92
2 22 24
27 4 10
27 72 73
28 10 41
20 2 30
32 13 47
17 48 71
43 75 80
45 20 51
16 47 70
11 69 70
48 65 74
5 3 31
33 79 95
17 30 54
13 67 95
32 26 41
7 50 71
46 60 61
20 5 34
24 33 51
12 49 50
43 79 85
1 52 57
12 54 73
15 47 89
19 15 37
21 1 21
24 64 68
50 8 9
0.17
48 12 16
41 32 50
24 70 72
10 29 35
7 38 57
46 23 27
49 51 53
27 34 62
28 29 31
49 1 31
46 20 44
23 15 37
5 2 19
26 58 61
29 84 94
33 69 70
44 59 83
15 17 45
47 27 44
44 71 90
48 15 16
13 63 73
21 33 54
41 68 89
26 84 88
13 8 10
39 87 95
35 12 25
50 37 44
30 84 88
30 64 68
47 15 26
14 67 78
26 38 54
16 1 34
44 10 36
12 39 59
8 18 44
35 80 81
39 77 100
38 53 54
45 76 78
27 25 46
35 55 72
36 50 56
3 96 97
46 90 100
46 49 77
12 16 28
24 43 47
50 9 9
0.07
20 45 71
41 51 70
44 77 78
8 16 18
12 82 89
1 64 93
6 23 26
6 68 70
6 58 85
26 8 15
21 41 46
26 43 78
4 54 80
33 72 86
20 44 70
37 81 98
15 43 69
36 65 69
32 66 83
37 50 52
17 34 39
28 48 49
1 43 51
43 69 70
36 16 27
24 40 75
47 82 96
17 48 52
33 54 61
50 26 47
22 18 32
9 35 38
17 31 62
43 63 69
22 51 79
47 84 85
25 35 66
24 53 54
28 1 29
8 47 70
33 35 45
40 72 85
46 26 57
33 6 28
14 39 74
41 45 50
2 16 40
14 19 44
25 8 16
21 33 65
46 8 8
0.39
20 32 62
40 79 85
50 94 98
35 13 15
8 75 85
36 12 15
9 40 47
22 43 56
49 33 47
37 51 79
42 67 85
3 32 54
10 40 43
8 44 70
13 31 56
17 73 84
29 8 34
40 18 30
29 18 50
4 60 88
31 33 53
49 60 83
37 22 28
23 56 59
41 52 64
37 66 94
45 32 60
12 9 40
13 10 11
39 86 91
26 26 33
5 43 46
46 55 78
31 3 5
48 10 12
9 4 11
5 39 45
41 43 67
49 25 35
29 65 89
8 30 52
2 37 38
26 2 9
37 74 84
18 74 99
24 26 28
49 10 8
0.42
48 65 91
10 69 76
40 70 100
28 52 53
18 69 88
8 29 39
36 53 69
31 57 66
28 47 54
40 52 84
41 5 23
47 13 41
16 65 78
27 32 33
41 18 31
36 25 41
8 25 26
1 25 58
12 45 76
44 49 51
14 40 51
20 6 9
36 25 58
23 47 54
8 34 60
16 40 53
47 62 90
3 61 92
50 25 31
1 44 71
20 48 50
11 6 26
43 10 46
21 48 59
7 17 49
47 40 42
23 68 76
41 50 71
20 50 75
45 19 45
18 7 12
50 40 52
23 57 66
2 81 91
21 88 89
42 62 87
13 73 80
4 4 32
31 29 36
43 8 10
0.77
36 23 42
27 59 98
14 8 25
26 66 67
45 71 77
1 27 50
18 36 51
50 44 78
2 54 61
23 36 37
29 49 89
6 62 70
28 28 51
22 15 16
35 25 53
22 54 78
39 15 17
6 42 80
21 71 91
37 49 81
3 16 31
4 53 56
3 45 47
30 9 40
33 11 52
47 5 30
34 44 62
46 19 30
35 34 57
48 78 82
11 58 84
41 19 26
50 3 9
34 61 87
10 43 44
16 43 75
47 50 83
40 61 65
10 53 93
15 3 43
23 30 31
26 77 78
38 1 20
