8
175 30 29
0.1
52690 322870706 375925526
91148 675098984 997615652
41439 905112980 979838775
92890 863754737 992484313
76384 261515285 433184091
47092 183011396 461907777
35166 34500430 258389439
66903 222471339 330413841
37443 381648612 510982520
28833 651395635 967504929
60656 137217134 142542252
20168 588854609 710328853
81070 295849627 324393117
82477 468706034 598070792
30306 75391500 139015515
66672 162276472 454321893
37476 422331427 464585954
78919 234011855 246571899
17266 541692721 586051726
76618 107288286 301168194
78753 293257401 295124945
16049 549694118 552402232
88213 303543200 445515803
9793 841248305 867694143
16945 910976760 936802981
25315 638473761 781752885
12689 226761172 550704599
59190 502597692 726368017
68151 617329556 836843950
76583 621242541 818335842
4420 800472092 816953311
62622 412273293 427308433
96040 30890125 155224950
29051 905912881 940141939
33211 529744925 733936609
47169 612704545 839595682
31917 300148410 412209628
21970 647876262 907616867
47196 170866144 306073180
87260 654325070 670886226
80613 576964839 638277701
9267 335301685 522296407
96349 538893371 661191490
43072 596370399 667902032
54112 266310445 382241921
91800 173425327 241954163
61578 254364183 389764501
25841 589736015 659423565
57125 75527131 403845194
16177 506865363 647506728
55619 519766755 599200991
25191 233489733 279542807
47405 583430046 645552598
14079 589390716 658566063
53883 820912146 916246476
42480 766654470 793343300
80997 361775750 362295394
41881 220367369 337799121
3450 652169356 843860168
6060 192692451 284876862
4400 270602186 293175049
67434 608757196 880923470
84604 196543601 345544940
65648 610684939 718309049
1955 131679250 185272374
1872 708534218 712166473
48592 255904844 446366359
92452 214205664 393559108
3528 651631280 726592160
58623 339115409 443562211
97979 692661783 710723975
389 784118428 987520967
82075 630167614 634300104
50940 252511646 357372433
14258 300953588 303417718
32355 563945697 845634720
60976 346089489 532340412
89347 165991901 368158671
42019 346107410 566787273
35876 381435168 587810836
7723 681094757 986777680
87362 268137227 269495121
11181 265259438 453227696
94592 412386328 718825092
85382 381401947 637839570
64379 370775939 633553355
30691 215963752 280084539
16738 474504394 596344174
10159 635183786 638470974
10406 43782497 258976012
39628 722089259 849045389
15117 393008733 727954926
6311 26039752 141620351
95244 523140125 718716524
84038 825307740 891645232
36565 410035516 529365287
38436 215299422 330860402
20749 294725076 566423313
23423 674669543 864135474
89666 777617902 819686473
90992 8769693 11512083
16379 227839000 371303001
14363 469893019 731532646
1521 656411923 668784057
97383 211714196 211799507
51133 797236514 804636267
51665 555917265 807266351
80722 910517686 971425629
4317 373885020 558504059
39725 429627834 716421439
65326 794097646 797323027
69867 368269222 595577286
80022 363987977 494407365
77210 233236571 509832457
1840 546161416 673184496
89939 630414088 907558166
1004 549480142 652157055
19687 584694684 895627928
32107 477379415 529124711
38488 389657457 673703397
45677 217786697 286733026
96010 376610572 627805882
65992 161904739 233414907
84442 381431848 470592552
63451 379112201 603216625
33998 736770514 979309904
91201 257642868 531615698
2285 547635198 766963135
56042 685240963 844887021
72369 400256186 456628818
13095 63324135 255418349
96347 196227317 410481074
34692 933588871 949472862
9639 372627967 425277970
28540 60603130 311633879
91520 22676758 41480452
53992 468882170 504105873
60661 51947142 56640694
99833 22359911 46252020
78796 428492633 626973114
17799 388795131 574085186
41975 736268348 754150084
41833 376260530 683462043
29125 186795351 491537595
58759 388751815 584332602
33498 261586814 410695260
75756 744018769 748413566
64994 635522785 807417179
2976 540043584 655242641
79298 118675768 402974183
30549 670660837 677956100
79889 450567102 570863203
62305 510524033 552457076
92518 662487436 852135657
33581 686740559 829580727
99954 297425013 320068326
99147 950289537 950578780
9263 505987998 682814557
5454 286200770 457247969
8473 879701598 916217569
49301 580727938 906079063
5789 25739699 311052612
87528 245330057 306021816
61744 250833394 320558008
21703 293332747 625873230
88514 112710979 231755379
68415 791165430 940244113
18066 742385243 752613183
48799 681023005 734127151
60004 69942193 332272275
59275 266158347 520185410
6802 322726575 329972759
70287 496205174 811623693
80447 505350082 650843669
95702 602070819 695534332
161 26 27
0.84
49542 513745379 543802024
96354 175622066 194145047
21909 151274075 455352809
57898 468468177 519595677
39928 103663866 333978734
69771 453746915 458417705
2325 285338937 545518014
48948 732200837 953501027
84827 166000071 332072917
92089 402245231 436162835
50646 906851245 950451384
95187 884094354 997678370
15779 172680666 480768688
63147 37738585 69144170
96486 63633375 314810434
62449 792741914 884899194
21659 810061753 921859832
67922 184912645 509792871
41451 333589693 605986182
19306 29900289 247760287
2688 91096424 155550531
94647 39770818 162718427
19771 198125464 273831752
84622 159454038 229126138
54404 319488494 606537859
74322 4037822 209848602
22722 386337147 460045872
96003 300902607 515235557
63853 136717985 378559736
67124 300159221 596410384
1664 769647929 771733226
56864 302324459 587282068
96243 670860956 676311544
72382 183597467 489115346
83817 239806177 507155802
14227 13512618 66768929
7845 591306276 903821788
14056 440105576 584925894
44515 533085185 544747373
8540 70625785 209136640
78885 221757006 330223287
67675 450096102 700124417
21483 634765765 672762042
46736 917367067 975784104
68295 459305815 671971503
9527 775554888 917688338
63760 607558597 679881073
98327 170171040 364249015
68054 334821861 346942495
67086 181132208 492372916
88823 960296143 990599852
97837 171491731 462811173
75440 565347304 829895030
57479 686071118 718655579
3797 805008717 836090022
82725 522901726 783424187
61317 315486260 388964658
9276 302258476 346759448
98744 586367665 639377851
30721 107779002 186111096
4219 147123337 278966171
42524 563407402 758831037
27071 452491400 462751474
93660 343625519 585733503
41997 525695269 765132371
35850 709854210 997070424
40637 771151737 872823211
69600 701624818 991418964
38183 668767497 982889637
75260 952989671 984740377
24634 597234134 719863538
36624 483618037 702050558
15916 135221477 367639979
83933 548299965 731691131
62418 351040646 623738283
95840 32052088 135578130
63441 694051222 985278672
47211 298104962 463665627
12404 630397170 746622616
5367 568075460 786690603
16735 225331891 532675701
59641 129487192 263847760
3907 597614650 701616760
47540 75483105 231476315
35156 540622714 820356460
81550 360856577 509337868
62073 323978720 434566535
98566 109462252 426803837
75202 184055801 512947993
38661 261110772 460515083
55263 606959884 929455070
33203 562178347 830315463
45391 17259965 27665838
61003 655849574 933103076
46455 103255867 122317129
27026 4795961 110844303
28628 522694022 686365265
45124 254075534 465048062
59602 452854086 705934809
26257 100237693 219199581
46942 786413682 948586106
29543 322297504 591250993
47546 278738577 393636654
5647 421949375 477567357
67376 73620402 337505316
87869 456906379 460413565
46697 362985449 613873995
55523 148545714 378098581
50143 287803455 428971528
20070 46554153 351076491
87184 388719559 442758842
89491 826518573 837021322
25461 683302106 929996182
3060 49595280 64361215
55730 566201616 575504717
18686 402463606 428775515
76686 766707255 841764415
33197 198143423 325071595
26598 11859537 111274369
86451 571021444 895094417
7262 202024514 342375343
46637 576536168 806794244
280 316485714 319614316
22711 372320786 481946000
17992 211097420 524465025
34466 618135889 682521027
58088 912140714 958484534
94627 714914213 889386354
99240 621914015 811843903
15534 311704320 437092304
96457 45643852 293585567
45828 578732590 697926334
24203 144241387 463507850
83529 266075763 499105723
40580 811035378 856739564
18010 547397558 589163663
21170 665757193 796927057
77501 68062293 75797302
38195 612853978 729630342
68505 685258851 986016939
72179 218969761 226512676
40648 270737047 534086551
58374 236163643 278394230
39211 784123739 790395616
18295 477774516 529205009
99933 418445279 565220514
961 362517957 442405369
44811 929697259 934752544
27933 267592857 274029014
14147 211528768 380043036
73692 51204836 76624930
94923 424797818 747603455
20182 508368089 512885373
68404 322067108 352279534
75970 488154134 492969091
66607 446545564 464952841
60263 313949954 314671461
12064 918962560 978093736
14034 130512083 406847199
72944 703831211 777304424
60042 819831603 926618523
177 24 26
0.88
58561 773507417 921429584
68117 600426600 685368654
72902 588345121 832889625
76805 726354456 939671354
57419 534171223 628582931
71466 385992725 583366008
51944 644326414 841808116
53117 384304300 393423017
52854 780965371 937666135
35835 929917441 930315083
95138 352389950 376228297
94935 638329590 870110543
4644 109968408 210015909
82834 430152092 694967074
35791 260571346 513892888
27306 194035042 300345122
91113 254358805 348534567
57455 804070409 825212941
65373 464893621 616878168
67836 768717610 959746853
16848 375743400 444093556
51140 641656839 895567773
62674 774556130 905594577
42348 198300497 202139010
86390 82138886 222239161
34168 564065179 655170392
55748 812380422 975996662
82153 443623888 627731806
3821 538892912 670840093
92326 319134754 448442019
80095 295899752 564806649
32600 169203197 432724722
62171 264255224 308298877
98971 234578834 290713434
22212 188324080 288726786
72498 187091720 371604965
78872 722265382 745440272
87131 515475040 631946849
78404 56658564 191995320
18243 210957020 213618723
73043 912577543 929328021
8060 230866354 366580311
73128 383869846 550424086
46029 658393277 658530385
41070 677445567 753182398
13321 587490995 627738131
26477 93571003 157197886
5539 217934909 464613580
97918 576411719 805910589
91840 170498259 255622499
42944 752044223 982903446
28366 465771373 624742578
26924 781161106 811042734
33845 46583854 181403269
97350 614187505 662143154
40491 21161886 61255570
63254 643167815 818977647
30093 49316337 281389157
56375 973789562 976785544
70827 266972292 545930160
52750 464915642 565661860
66500 85622206 287898445
19806 591315531 763317164
33298 593418053 818012421
47098 548154086 593242048
38471 843274991 959437871
56635 548317536 570007029
72665 33475580 104671139
87635 179915999 201326719
36251 453192090 692446572
62657 698725512 889887113
37837 430409926 619346074
46150 571494847 580555000
70996 266153507 290618328
504 562965641 691023940
66477 105807189 138806406
14006 42648145 314997032
25150 314252689 319548527
12092 732611405 910894751
21039 62003918 207972984
72567 84884881 333456447
51832 595306497 633042990
63164 681639543 734912521
62747 25273874 156930276
16341 184150150 462040067
97044 520746454 534863480
8444 693164045 835907405
52463 756922788 994013272
22763 202936266 264646403
73913 768179105 768438096
84851 404396667 439245248
63577 74562041 273887851
28173 723378103 735415968
18785 349098493 445202637
86158 579505024 587158790
17056 258107646 478544282
11486 839212333 958739159
53339 552853717 698226115
68683 722699167 730909244
51132 684840529 911400916
19898 124765590 278921094
88234 680647213 766581181
75327 503463409 627131585
40441 934161954 943641093
12558 610370080 619169351
52292 471107333 695652314
35377 343956040 524696079
12153 345818978 433780118
36699 403522481 424820908
92435 437219414 646074814
35548 158653139 251008826
54703 860399091 994597325
59990 475818447 496563732
22424 101398565 342775603
59921 176152527 315635604
8548 114122667 154149398
18923 404648269 535631981
86307 794399253 857859766
38130 404162606 499506569
89589 888173907 926798080
94934 487443879 629930084
95900 345333823 346860397
49944 645150655 906361078
24851 319524998 321066081
48872 148090820 274032085
84254 15811310 37149013
74351 151188239 218838482
74018 257557916 372324334
50920 573930253 720642461
68246 857958659 904076226
20661 704291493 736277196
62586 744540740 924365963
92719 280502714 323048977
67336 695889501 843232219
84926 777139339 855866245
39721 453739973 733114610
69483 393693919 602391613
97642 348490613 367915372
31955 107843812 311656894
55695 695943368 948937284
84893 786239995 807882580
12616 435087444 549244375
10574 525538846 556965522
85825 474814902 482581918
43515 628002593 772395693
26622 788835627 926666588
26079 179683610 189940422
57735 446779685 560960466
25966 527003807 650979306
3137 786685674 988438791
16394 355129458 488751381
7327 328053157 516905575
64597 601499195 602743241
19287 827068800 829439269
36839 260441407 388412706
5111 463766255 744125122
7777 612417320 642975461
56953 413919796 671363074
82689 1588291 2260098
91350 687872943 884595270
61559 222333794 406166334
58040 397157510 434595594
18328 94570739 346670378
3764 282304352 400400676
18481 952306990 976429133
50998 123275182 128115492
83263 410486704 536120572
84029 884206252 971311885
98333 482036935 732972438
6377 426089751 593246288
51486 7970817 173808015
81842 378436175 386027225
98236 628132039 794666122
79515 923685956 976172535
49969 854717838 948529429
92679 820230862 953019942
93604 734714215 775955762
179 28 24
0.65
71498 416347621 440598462
51567 243867121 529412938
17545 329844510 336067002
17533 644753768 752603431
67966 382168446 389585925
2507 681233254 772618075
39875 771793069 800149366
4315 852190178 857470771
18261 462618654 464420791
5958 224830665 256886607
751 852030359 854412400
24372 18743573 307002268
58778 709930575 817130202
26893 615628097 855169740
60995 740271381 870321425
22320 477869322 597814075
93358 12874984 125590641
62211 326918749 424002577
57770 529638505 647803901
74443 450126259 621337946
30597 409595281 587072176
3933 177366156 342016167
71778 653729267 682895817
19732 245092128 387402692
34825 888345508 980791287
92004 472486102 586159164
75551 751780790 970108966
14927 799734426 870927239
60438 231642315 244355478
8599 493087966 720827735
75846 692142669 838536367
9779 466798175 474884691
27100 781514156 887062034
7398 333375973 508779281
70514 687126944 688115151
35821 601711822 605065301
50177 537490148 798079757
92568 593856762 721697253
3571 420993052 650028179
16092 946519623 974535113
96124 579036023 723071664
32998 345267585 382276330
78986 142888614 405041541
4050 750400808 878749080
17595 637889294 686557199
97534 769878265 929343865
99311 981792607 990319062
1977 476832774 730278040
60542 695922880 763707731
98817 780601524 935584112
14539 554660535 745284291
2636 263772430 284687097
66489 805543421 806141797
88708 440017346 470097069
68478 26687391 178595049
4473 15329013 23753927
82262 403992228 510875750
70739 97759148 106703577
18746 164977979 322906322
2246 222064083 426643464
15441 831211642 969512558
24170 194109317 461852840
49542 488359243 546700955
31593 23531384 30679401
80250 587515136 625190988
66682 35775189 134914403
57980 412668874 643671372
24751 191192132 377750725
23831 648272320 648957073
874 239982289 240695159
3723 45284288 186505251
24662 58699798 327048610
24671 595772189 697598655
8691 565386753 719498070
64757 283612744 283702601
3090 240688832 249845796
60255 664864216 738422063
4675 245105963 362591395
49810 570858836 749388711
85996 973988425 983482200
35289 389560623 565014778
73499 228766160 500409575
7820 277921844 463363898
69438 313859697 355325149
29153 964893473 973822363
689 154436499 223758865
19201 709908199 941049301
63608 651995905 831381334
18270 725498834 874791108
94607 164716950 328224544
62724 647445005 751441969
42943 312592457 461309844
62735 351531246 395477186
25266 312843959 343272967
16828 685147590 832777257
19464 448811877 606530341
38659 33629734 302410246
14923 813887462 980221912
59396 571768488 744554728
78017 127986099 405138289
53919 884068628 975654851
1538 181836084 449393696
2249 453812091 562572163
96585 74331137 320196119
36573 780759999 874574314
16270 315910996 343758304
10671 37606319 228739619
95699 619415412 827024796
28391 14763074 106972171
22206 519585947 543679715
55917 614060984 630166321
55623 565330050 702900796
15552 365994316 446849800
73139 789919472 890112177
38540 333687445 368557308
78497 492157919 532951610
53755 565920736 827083695
62499 940374600 948882874
76235 261758113 286608024
68144 709423026 760769443
90434 685279952 685832366
11512 662703043 719879979
606 220236713 229180237
94136 154305832 197568004
27600 274531847 286330192
58415 316859829 447044789
72011 891006018 892840021
98577 272610836 294068439
11991 246830449 471737772
37626 140941956 162447821
56204 20275437 173802520
25285 284476948 381158611
71900 83956123 336480544
40254 553096229 833548405
24847 328431077 532136835
6966 468220678 640856059
95286 558580416 789454789
10966 346415023 350928340
32249 600262463 854849467
11990 881557273 937000281
72946 109697599 338573745
12590 293533928 352360703
6591 94033098 380150945
21420 607168234 662531979
67474 688320624 721442087
11144 209752277 268804372
63915 657611190 667731226
75286 603723097 651021672
5385 259969919 295208021
11675 26691373 223114930
77789 476813800 610145660
98082 349907106 583779711
37728 564089996 835452760
98575 809290381 850268291
64455 259555795 388577817
68691 425422538 551289489
2069 56359346 335686818
22754 912926303 965696786
45840 448299326 659344667
72482 105118497 249378572
32695 201218116 422122797
83910 385046292 387038885
96882 437083811 632782847
73243 218558417 385298149
38635 701605783 802759072
32480 226860723 365245645
80381 419756879 543090426
13340 335695363 362901406
19210 505739281 562551110
6091 800072223 813570816
44786 24408866 217623649
35801 883496571 973257117
72384 647519362 721605640
91827 679934235 861539220
44328 192154846 306463846
20987 455365417 688951703
84943 301276812 314417833
88411 196149159 433043444
11722 595503097 722817629
179 28 26
0.12
63592 649698156 650588717
87233 187216879 189973022
42701 658229536 769384531
36053 451379228 483447953
83673 85389932 302283340
87074 229420753 407445964
80160 535723102 723726863
57974 352553856 536000497
309 151445855 330663772
36792 376458112 457820123
80484 278701371 386377382
96983 232682570 420392048
82694 371290111 533262945
40767 446172812 448184299
59727 493098995 534310356
4174 173075847 187096255
54121 26172286 233765119
4518 423301574 573707938
84487 667413802 912856700
44644 553469964 631049255
33428 416842563 648861769
53361 348286503 541636513
83370 401387723 453497613
57080 514370867 710827903
66474 416339624 570987808
42936 427622389 559159349
41705 161387217 162139473
8794 395419307 476105793
53545 155987247 168895536
20613 645222979 812103743
29448 78372432 87275597
83473 387503117 444373936
94461 206126738 360665266
91482 527683860 686999696
80672 225538017 228465837
1174 393008706 476215615
24234 636572801 744958580
9385 681013210 759861788
74462 454462301 557507296
9623 663089275 800486834
48838 254372999 299669418
46842 392914085 446821550
95009 641788172 899588144
20917 406047780 536182327
48763 401772716 451355203
63368 582480527 733403151
26751 65626002 67745656
89286 635224791 825240351
8330 49380854 203114330
5220 149871616 229927831
60737 218361661 226253889
67603 49089588 148268023
29347 752236859 874881087
99441 321132344 586969992
86498 154896248 391886244
43003 977945689 983311389
35183 198938278 440927130
39430 812169905 875035840
18580 560371604 809425744
19567 36292103 181764301
85190 14483105 284160547
69007 390878152 596555531
71451 361535006 393798476
94036 496606838 532779031
74201 8926967 87999297
2413 572955645 795397949
44495 618638701 621402715
77892 456210625 682600420
43529 523081705 790504214
54673 466455633 717552978
44639 555871952 656693314
97101 76645196 366434050
87629 637979590 658514491
10277 702204046 862275830
76649 342653042 551499253
75984 495716789 608345651
27121 480415485 692882310
84579 523776559 621818940
87619 764765798 771968024
72963 856553456 912187249
55570 816973341 984794005
99003 456951257 564578148
46901 816808303 824873726
11408 521603336 609097813
25378 314520530 609713838
58546 504295535 677663577
84348 978311395 994639905
56148 157024831 263146634
37546 335568413 528755099
80094 238328238 441285672
91657 118278425 361988289
20897 4063851 60281076
19395 748028903 838737476
37131 649922996 666654754
70816 178871084 248229912
12412 247512176 408555470
12700 256772479 282953891
49497 595870826 776054934
58746 73394954 221843206
42175 219572114 378413717
55416 345758293 379160134
70043 903432036 938043719
79747 107378546 367753944
93752 497293023 626107938
36077 196409402 252382622
96313 950465105 985747828
60956 558460013 848838569
68584 64798796 270999006
96165 74693053 106415483
40367 178619401 329475479
79642 548719089 830125989
40166 76400796 84254662
60384 657147974 805662071
63852 682993707 725400261
97509 834274207 848547779
28730 925300616 966946763
63825 738588892 886620181
36596 968719695 977450505
8250 783855247 938082848
72674 877582034 939615974
86077 587160784 824772408
85439 873337037 949226569
89450 914094900 978504792
43408 390377928 425619889
31 427909489 701648948
29559 630318407 738574020
73529 225782189 264425144
83753 291308527 582241298
53127 164295348 439214022
51422 138317387 382608487
21823 373689175 583835170
30631 590415986 823253018
84118 802359783 930294940
80966 451063165 715107709
80778 479370484 616683478
13849 312648033 407422630
70339 69148514 69936991
61974 496692574 657511985
73627 146512035 215102144
55934 488095724 745898018
87097 452938616 651960699
25036 491604309 598292478
50500 722637134 788838140
2958 331263335 614207013
73783 740279873 743130633
48182 362907024 605341389
12304 50935759 220892878
49521 368144686 556150218
19566 467356536 634716594
63511 593649419 619094130
84283 577078764 851394609
65413 22049410 254129609
23783 255466451 425352852
233 571881895 802227693
182 379068879 634887149
2492 251148512 253239880
94331 22232114 240785702
86805 737631358 846103246
93509 695842603 848960798
10267 749596141 757907749
57592 703831528 735112377
67612 323723064 437785242
11264 6721576 162138136
24637 667295830 694082104
29155 441721031 640629252
88946 505411124 663473912
59893 909740006 930888862
19374 531234256 800437011
3440 57382102 215984283
413 565990357 813141143
12676 412039169 564843103
87121 612232818 673088688
98508 139187946 349817106
54170 131106680 183456613
93890 295797076 317807888
20155 32601261 179734626
99252 676131259 945654737
95545 158370974 214248950
15543 294159629 366106570
171 28 25
0.84
10282 448918608 704067851
18949 373685882 599232207
77663 393567559 634223483
24513 532020531 713189461
31625 315564286 554264878
56341 604597888 702222234
58656 788159388 835581415
42767 134689013 282015961
28311 259187736 527204266
87988 568703813 662110410
29829 192969850 204707196
57719 601541634 639452483
14496 451524953 456096381
75752 651739876 779151312
41105 612442552 630420033
3850 102007369 112641826
74756 680126542 693016657
47113 685172287 686979376
80928 461234168 630820766
57578 237343412 469847855
67927 101484214 343890227
38051 325629888 475945539
31230 347616159 615230666
15148 581423117 646934950
7071 95473831 181489148
13527 808343224 900410845
75950 710805263 944916628
25085 220306648 222833694
94873 719301254 958878071
92217 32809744 47846811
63940 365136865 412234178
63610 48183881 223877682
74965 183338720 381991147
86163 232060759 485568022
31275 566767524 790728904
76150 876316420 879151997
75573 889030162 914239537
31009 194859046 426067161
84417 132713874 135393278
91640 360652943 547968621
26770 345379835 462076993
56500 246441427 351231947
34998 830466459 871990964
46010 228030152 368920440
82551 504908813 550014597
8271 208433481 309115043
99249 496247861 506523294
32043 599966735 856349510
82916 509935958 814538149
74285 95619839 401682327
93259 159781916 168990050
78510 177040046 363716250
90188 533275327 786330036
27801 303021718 335793288
16785 269256827 323758647
30617 47419668 127453330
97623 279415559 353034623
34196 576336029 596970674
87398 743262595 978598555
17719 27569462 33201875
90593 198895180 363787512
52818 111064549 392067644
24383 822553035 826788018
36583 886731588 889596514
48569 333285465 414707377
63869 543271331 676039483
70501 437786047 599039138
51802 357332441 590093778
675 429139390 518126469
4689 601264062 603503461
21846 442402098 662952808
22584 496944697 698600001
49079 625672732 728254577
63422 402768134 570096197
63397 295103189 550660575
78716 556138660 773954241
6303 439829507 695506610
63562 837827238 859000062
94998 773231237 927487541
61588 459777044 474239730
53341 467892131 573184580
83820 970225007 970628700
15587 104821860 220168123
94370 480197694 492673151
77347 696327131 883406660
95250 700256224 957390228
93881 209369672 233163746
84189 80925262 170565992
90712 73320246 310426167
90588 614570060 763649297
46299 548373250 615430655
78993 411261954 649931156
77370 57532775 87549297
75294 127153712 188765124
87422 365478995 369704499
9306 752669791 970202465
53687 164365101 360652102
25058 83732084 326756046
22892 443243987 619801847
4557 124559859 184489087
47314 579398468 803803536
80836 728628353 742035665
60385 45909515 130194279
58992 396416949 520374284
43269 619917159 623562904
64884 530098562 715371066
31825 442565139 535143729
79901 109275922 159842869
87801 656289947 816884233
75703 803786908 971039785
24608 721724089 874230120
55395 732333152 858953950
58735 143771102 345793221
48327 539316385 554447082
40328 532452778 674192748
89413 952413115 980800851
63450 32054423 46102686
6318 458552453 532349869
407 817204673 820552226
31481 937542313 960900773
21699 371753692 486108243
69103 819486889 975433825
43918 484746053 722835717
48233 306012376 468786030
16964 326919430 414854018
89758 905654871 982930162
54179 687331776 734087873
41718 642260057 762013961
46605 81419986 98876675
39938 706534512 879745960
16992 872619411 887443638
26768 690916797 868521922
42915 232393409 250729985
10234 39651495 74070014
68130 322794090 411255046
89855 73775992 240771982
14844 706635185 708989495
72053 150942864 261692572
39162 466907482 545359583
12829 123590318 394314781
41156 714560174 773895121
49016 650401467 755329242
24943 69245341 77753808
40282 348372022 502958271
29530 10298175 39274085
69181 563765271 580618490
19227 81567098 96836856
23575 426821790 662538528
6259 544830493 550701850
71278 166355823 330966411
39402 377651484 585373336
39083 881519910 894504916
18999 657820861 867637462
99278 149759973 412607355
27358 201279522 448144414
35233 399141483 633671791
31263 865406027 904567602
48080 549182243 800207771
65069 77689512 151894313
18136 217692203 230321593
64830 398425783 401453923
86174 605578665 854857527
38913 723805139 727748360
9346 840514472 961980623
96660 621286284 887821229
72851 463820935 488551623
41207 207223648 223549237
25861 484145042 492353397
70556 781336207 930810232
37281 751572818 753011026
46369 381986772 623011535
169 28 26
0.56
69675 526748230 564757369
82146 250576604 387735213
33772 528425204 603433098
95455 219790469 426857863
39638 127674787 357383872
9569 557325205 857953356
94716 490265095 591398329
81135 824917259 829929884
43754 326986651 496441877
81335 140506991 436806033
63224 461694967 524606086
615 528640839 687029984
54044 276604536 448321206
18524 85448977 367268884
64128 410763150 700670230
19256 147232625 163918681
53940 59552971 206574223
51224 600768908 769443578
43558 332540326 651410110
36293 462871377 598156984
45743 229295292 229534897
70409 539372646 624024098
7824 910811396 914161959
50149 829771326 857140341
35838 810052061 944952187
87874 688165434 928046156
94522 908793882 952720532
89061 457873020 595514255
41701 135170869 284338929
48294 514868372 525749957
96562 596388231 803627812
71395 515495252 533311475
46397 23978786 76612814
62289 156328480 300477562
69275 617245749 655786426
21588 640397078 906598791
73234 527601708 571656802
50575 678265032 794168586
42474 133624939 354489982
64894 597403497 737550253
55557 747030133 975483124
38243 529668918 659595526
20684 133517072 229923578
30335 714011816 867655018
16107 509022850 692489569
84130 885612995 907352689
36542 542987361 764455661
34916 352971613 521322728
97132 95933721 112291654
59733 782001707 954102876
37747 120281410 226684994
97459 118002319 329597483
12837 380573631 381673044
96667 9062638 160266566
16274 750702042 848446628
94370 155066372 196619157
20326 704567639 788332704
79044 630016780 752473259
58294 311575287 515629184
49661 422583238 570263538
6069 569842060 624353017
34039 823839618 834646006
31020 629668738 671691926
15620 325006736 437443396
87914 59002153 177507922
1389 676430193 701125370
44888 28011729 132018394
52106 74848009 99514849
66897 132265118 201448019
90323 563646429 848422294
66320 662786560 692278517
25719 101366537 150465831
55723 281987947 405462645
70092 52164137 53957208
93759 462629437 710974016
96775 538293620 696197375
57388 519336550 542053055
67885 996167299 997184067
81060 677643240 799768214
34761 635139270 939315263
35166 330546022 470363532
22624 680730301 686503148
35152 663410710 794220228
17506 628417507 900186226
18621 527434949 617442778
41313 171227707 345614541
55660 403608079 435534242
39559 831093524 938598981
95834 91821224 408356042
27428 818997786 984523202
70513 308738117 621031426
99718 784261436 909566837
11801 572820063 885224719
16909 329395723 347497244
71373 116399809 171072204
14014 774847103 872151308
2642 625753134 847855126
4630 348174104 637019946
73989 892954975 976311725
24513 219560348 538455809
16051 660325299 822568398
49869 885480289 924167689
61869 233023042 337478912
53145 170146495 321436457
12476 65449286 289846995
86675 576426052 576456357
8402 444716404 534710267
6465 97640779 117636305
79681 554051399 768475638
5150 246587281 507310233
16401 263290686 378110835
28200 148533262 199085252
55724 512517493 721516822
63639 153728682 427162028
34621 445478953 452850418
53906 223405582 242970128
19737 93620735 125640576
50653 78767757 260976133
18109 401944787 658297767
26358 694673587 882024788
39929 522205968 539239899
19073 242877593 446680625
56139 195576155 210833344
10272 352792074 502416194
92239 299522460 325793347
70056 682802397 914191570
59894 99296100 279959569
73553 622585629 807074183
5974 379217079 501087722
61900 666094284 675831962
73089 311280799 391019257
154 95201549 219444641
99512 486429661 752045786
31259 720813151 906347268
47394 892782581 909136462
18373 740052929 941708051
40664 694397573 879493550
74486 335500750 551134462
52132 271214640 294566187
11820 61132064 263065571
77866 521350920 563967280
2708 531443512 538797929
91589 522973345 694853750
52928 23125623 49231379
10134 64617529 151808834
67772 120935780 181911971
88312 372280801 373276192
92227 632053425 874887354
40760 595136815 793546507
22318 525177980 593426421
21061 604543285 779813128
34862 217024697 426242609
27843 187233557 261894901
56507 579200861 803318106
3236 670051731 674504291
26124 28686797 295081211
86393 685261374 921273989
35305 424916806 676982063
77286 263090984 497663181
38717 322398533 529037816
94388 295477853 413022009
67632 367823656 524853493
39052 519827702 528566102
60212 526835277 538008691
15041 477182339 633313208
16607 108642263 148780485
41805 799636712 971697735
28410 45458053 335231922
21760 502503035 605360127
161 27 25
0.19
2047 654842508 691578327
4195 489494666 733800411
23801 755072218 995655459
759 185175772 296520870
52830 593258847 595528910
77109 625824198 636148238
79252 32113106 286076460
61611 298943164 489682535
86580 617551625 940326108
71692 532958348 663071902
20000 685470528 701253863
41667 82360804 219228010
38580 699087161 991353533
91626 106155780 293715635
8284 91139798 206850394
74140 481045820 692286026
81509 288385471 290050417
5736 442100311 653656134
95735 55520876 65335033
83175 393021656 405236581
29409 117517404 235390675
76464 30370385 197804058
75286 543015043 617023076
27339 486440487 742442122
82584 580284824 777853335
78468 530897853 747318480
13074 148384522 337852817
12769 518971830 772678780
70283 321101024 537091230
85398 421597350 518489731
19831 269978050 414495793
90967 473207994 657381950
15025 694933783 861142191
28558 823936652 824546427
85063 432898130 720764999
59918 94031849 287891615
65813 530181637 538211294
89768 208646390 322417881
85493 626564234 856783234
72604 272749035 345011714
54613 404587570 406302317
69171 184569743 222597418
20555 277172191 287883881
51211 68927260 114626534
98917 60279929 105886248
9107 749146260 853838298
80356 109812225 277431728
80696 908730167 910558533
71018 327449819 621140617
27359 8437029 120476307
20178 353841625 449934997
60949 534307812 762257180
66624 10412829 16750403
22499 802949490 873578250
84089 104224194 215262145
72103 65150437 285677056
72501 533993582 589750651
10720 141680060 247782352
71826 343476758 620230250
10440 228022959 368779611
66379 566319536 738222831
45735 98714077 199333618
33193 432107706 612346771
76486 738730485 800887974
17626 314711025 573130458
89890 623637527 883401973
50752 375162003 618317445
25538 234327873 431185345
72651 501759968 505364245
93739 545240649 731688710
1802 305067487 427580974
73683 89124543 370356103
56190 639425154 821613100
30643 465084618 748560617
77712 250799099 492157721
97 647848466 853637249
13445 8834305 118538679
7485 257467189 494076389
72112 532447512 688381529
48138 514744558 817885662
32583 358525097 406513470
84256 396803735 644778501
78616 336299922 508614816
91487 573388721 773473401
49662 79981713 319803748
86216 347979101 558422767
46544 890416507 893441542
53768 775703067 951971430
27449 348809874 557273245
81013 453048683 610494842
90221 1095464 12725955
17148 653171662 830804584
20347 492259572 496169127
26362 535637520 584109182
23327 566758900 747417922
87786 661463589 891172130
43834 352538882 465532094
67519 66791428 260427641
65412 315840458 583615849
11316 678138572 827372872
25057 401230444 548124143
77856 777722158 794892654
96306 164487754 368223397
99470 633606689 824121794
47310 814651795 936193781
75693 115768376 395858507
95889 709467618 760477566
97763 332497318 645198201
32500 21031781 25844923
29448 70828124 329985799
46814 633730250 696590762
45616 489969346 651861036
34138 166156194 266701236
50825 327516477 420887376
59722 904238755 985817312
86920 358395986 361127985
33883 18601108 327534784
76253 559943337 600620818
81337 146674073 440827380
398 504460886 793341274
97317 337263356 592300919
67843 180196882 267756424
52548 678902711 892637960
25726 583992803 673689759
80986 3182341 210821649
55182 472417992 709324073
17335 718112274 985514111
94020 76791381 323376581
56689 471702592 473234921
70822 315913020 630061256
15475 148772780 270236432
98659 154696852 236668536
6965 678287418 926158642
1382 1588486 146708267
54765 106272689 258707403
26959 718956416 905809586
64325 79475622 159314179
52895 142258596 219308131
85613 157223420 180252117
62387 747223420 958286554
35443 603689093 727189870
55124 821311296 952663604
78097 564738008 819865233
50125 425355536 564468108
86597 457013677 527690898
24380 854968807 945313734
43687 231173771 397935884
59213 273313642 544145456
73335 277263845 557487904
94212 576438487 724504418
17590 861113410 937600832
66905 421125473 610305513
85175 718337694 842397022
17866 403060626 686341718
32534 913338245 968658075
38412 441809012 665491581
23368 618282302 875786321
60131 484443540 558586922
8499 616095087 628537742
65299 602828566 849987604
72992 253458502 397079433
