8
198 29 26
0.11
86511 363550776 494540553
99346 123073085 285708230
14581 378042041 460115958
72190 449652926 538737000
17463 639999584 713441131
12415 11788109 108961014
6597 241175046 398319943
41850 656963263 865318618
64233 542020178 560802026
81684 182016621 240273760
58244 67976547 204812468
16020 613908510 674715975
1206 731263010 916289257
41132 516569354 773824617
81347 350517920 372085481
11608 381258166 456146796
68403 648893542 771402722
27688 20960771 105492155
77656 823040576 825329694
47580 826735207 977562408
98230 726579309 852986546
2478 801985824 829714893
88735 326805836 585779945
98838 58506880 333512611
58013 648184253 678643901
43336 454704241 681431331
8660 593161028 759954461
11808 724869058 809028657
91271 989568572 990668770
46337 259308483 533531792
75514 752995101 753100933
90779 55564946 117980160
9944 398012389 611796145
64620 410984512 612522258
75191 236756071 279360774
59176 368205622 512371726
78106 166145861 441333015
1533 925865518 926408458
29110 432011341 514924077
4241 759357356 943031690
57079 625554192 788596323
77421 114896478 297144641
17315 212938304 391298118
1342 253241777 288160989
81568 719774088 864892321
47738 471327324 731156788
98387 363221050 580178341
20417 754113943 922027274
4969 56043576 291386839
59716 93172336 332343546
51289 708055255 830059225
33131 710917664 818898245
330 120351376 327668028
58482 269461042 474155445
99986 485653075 492843605
16724 816959792 968401562
29375 851666189 879546197
14091 540507627 557507496
20410 480010569 480502056
60279 478800912 570417218
89481 813523190 900781549
33310 93021261 132798492
32149 591080656 755520246
13459 720001276 783528057
75340 264750646 370316475
32186 514333542 732626471
61799 66910592 261309141
54859 845415003 932231843
61775 816129272 929325724
30966 344888363 617134772
78076 8205345 118634437
14055 560500847 726519992
47807 131797584 229556870
9802 844048452 892174321
11649 571675913 732421648
60689 739665197 930115489
31851 197194457 400810541
95028 191789731 381265662
49800 463157484 523779597
57561 987733323 997967464
46217 146197592 328612892
52309 380185831 642052724
13353 270465941 440057919
97906 20706727 223965288
42320 161703482 258894815
54321 132741599 217527356
29371 207298474 321681543
73490 251090226 449477568
47420 379950230 650800276
28883 456387633 511162584
39551 507028371 763184878
24182 540164205 558031106
99310 276685616 553708560
72934 30404361 42637352
17558 395702193 533737715
48763 760485850 958777120
4873 45978821 48237083
42717 626440619 626822621
66822 669333539 718935720
3078 729201253 794795017
35766 502308236 712301819
94508 860779341 906339073
7129 47841314 93148212
36830 392786212 623993891
27489 123932169 302238027
37452 231789736 294529336
24957 484857220 586706952
63660 639391738 876400853
12153 206279470 212776860
48539 586206178 717580910
45605 451927200 467116153
88770 314444276 409371091
47924 844544468 878875184
21978 409200859 503344468
83590 680672234 685045795
17393 235252968 383902795
60873 916452691 984297885
16333 516970796 659790233
61755 700973079 955250956
44625 129894128 218099705
88852 677692342 701653058
97887 730739210 763201306
10818 660816755 741167146
43773 255714001 259544398
28021 79789170 232738764
77819 86120170 265739489
80701 479670308 668487331
17268 396474961 583889775
76721 629216412 784026142
6388 526187575 753884058
48530 565014503 673529801
66842 860151492 945743785
87888 489653822 656021637
23486 345504182 370321944
41931 850189564 991483157
61044 712759359 851542673
99389 724153661 745098661
55218 258112662 460033094
74007 500587408 602670063
53648 343682338 590659028
21673 482445084 705878022
88302 191133459 226363675
57863 279137042 312602863
4731 816410309 912557311
12233 19928288 238077363
67859 701794901 710448017
52434 570399843 626221897
63656 254282945 442433274
2323 843307288 844257564
97093 735096052 999589162
77361 24907484 182945235
90832 166466272 177169403
94885 639187827 875017770
12559 47037432 48593541
31587 623913796 866738211
47084 492047105 684767919
18078 708076317 921080889
25564 622187407 860246589
93739 922378539 967219527
95677 718323265 914178040
59715 884141953 893367684
4319 596958731 629895546
27341 779034054 785573134
40773 393752870 431326810
13148 382803528 494212762
38956 774817854 852962953
13845 354129047 475122278
52875 350505693 379480982
99540 779068698 784047309
19996 66557451 76595851
25743 195451696 462103572
5051 723753653 820663953
45788 193022537 194459394
32077 337844032 600585205
41904 554760536 559063517
78084 337688956 373678684
72712 25159554 293386125
62720 25946926 229871758
10668 663239630 781269389
49496 809321059 887796734
16496 21570939 130546536
25434 86209248 106344583
94045 173016670 248280720
29391 577133764 770800981
99665 294926419 294959563
74243 209435297 306557732
66115 782187911 878187815
37668 582276796 589174898
10570 392889826 396583786
78314 591445143 826751792
71870 552706171 554135231
72982 222533976 246346332
65663 920554121 975629790
40222 50669555 212722684
23158 491433762 526776581
24297 847514387 872776956
36602 119101015 188326651
18326 16076209 31086597
183 30 26
0.36
41198 551683456 574010566
81451 136214741 149738068
23295 227761158 310067005
1778 255624183 394574953
71838 837104235 977628539
10836 386749389 472014162
92168 397214174 577908644
56247 786853419 930145704
25688 148738211 334208178
39176 698371209 788935522
28783 247120820 255592584
92320 141605386 396914830
43441 139557538 305745778
62024 728573908 864528539
77325 136706034 143380643
43390 81958272 227141994
83392 755246228 804459638
12664 318287410 590244956
39866 81252406 212777640
56393 572526609 750679396
65504 383465437 569583082
77890 188162585 191914827
13556 325728512 577430434
55931 526077308 710488865
55316 92443945 137759315
17940 615443014 640796801
53663 3077284 120723976
65270 391697540 410813197
16254 671905660 743392614
63357 709317909 907306545
8032 434759110 528160252
55354 86376207 113239970
48838 94570966 359899563
54932 408919849 410599810
35521 644564991 938913975
51856 1908889 238696869
39257 783381260 907481372
43089 409037425 449642871
47985 735882687 920699050
55618 18803456 186226383
8648 182046885 295562009
72754 599274376 669948959
15649 476703049 577974147
1632 238024283 342995686
66661 453968068 650617950
5336 216635043 264812867
36295 592739399 697191427
74972 417686018 566822236
91433 427897073 659327676
85127 373783426 475995590
41471 754300007 919258280
1167 537155655 803434910
96977 878854626 887392090
58761 976580442 981672774
54117 4564400 272559723
41074 366407038 505123574
43740 335327816 554666585
66668 828487939 929405429
20924 856671042 901520655
19622 526763263 619085160
94095 85083146 298196624
50527 536662470 729331859
94986 563612791 690821484
58732 263173566 275003348
8017 223695296 443177708
12857 497122663 611996322
78201 444056066 508702187
74254 497863583 775301299
12431 82878889 195284516
49522 721283816 926577500
7288 705048362 811910058
76276 349158638 646197483
60729 540159765 629526375
88744 732947108 883595868
42520 888952522 970993634
36880 417295919 420243409
23331 917477489 921648924
94044 50587340 212386967
47312 756357906 934267765
94419 345720367 414678655
67269 467319792 678260683
42706 500433334 689670895
35546 599088297 714921193
65269 744156542 910233595
21404 438357951 487497312
82549 518583689 525020827
40179 703586081 879469373
10801 701118923 870469304
48487 492080498 796756210
86896 646104074 799898299
7839 681927972 927931713
3174 512105432 584946263
73194 77836411 355951996
75894 762025541 836838720
91394 378757149 470061304
1207 805555905 985387928
39726 871193281 972334519
81083 360489460 622453907
41672 471548018 649503593
31084 301105775 305042051
66719 493161821 668579701
79416 540665841 624772680
29214 206217042 326108273
54223 433189923 437268927
48813 281861790 298189245
63147 980338624 982219278
70614 552300141 730083348
22512 268010488 455355991
76907 246279570 490560651
1588 391467955 598852128
70215 45863553 341289366
91458 137920709 237627290
84691 450657671 707676921
90298 134267287 307258433
33035 853632520 904116745
55131 208941629 389975248
15777 71321146 375316653
15332 721558913 798964741
27808 269518643 536659470
71384 702907580 712455502
20211 836749714 989935958
19265 814825104 863388674
97864 191896294 418395221
92470 468431118 667474795
53584 588592745 699050800
55008 363850281 532912813
43016 530680867 728617613
21178 836408674 836455152
65309 372421278 394321833
45112 166082987 299292002
68684 242487179 504236835
86763 368825733 418097943
81001 595556112 798800619
16674 680375449 961540769
15330 567150450 608446815
59378 146848690 413116472
46563 182953170 405260546
22202 349338992 431331008
3706 445235037 667772693
75073 641699775 940955460
24894 365324234 389972985
26145 666066518 872437673
84909 599809202 832886686
18409 625918065 856478954
16340 453482888 566156828
91582 315397018 385383293
76851 209053043 387350267
50562 474542879 677133655
73888 244824410 334005211
2584 94287111 101256045
70347 704260211 888046425
83655 213936686 259021011
28962 582818510 669598653
79326 686796360 957876630
27223 102175824 109025039
85303 710767832 755345186
27711 541095 130591712
43391 377753686 405981971
90237 539613501 602142821
81590 350846242 605579930
99135 24527532 84242442
31538 540920602 551824567
99975 334089113 465796102
93193 678272515 736265363
67085 396117311 604252202
9968 441276397 456302470
52836 731465923 878353279
67454 309215318 593143126
77083 174235860 428626627
6421 147390532 390255351
10309 300408476 590182026
37250 237994656 252625515
97467 560093111 793039958
6530 924274438 985297688
48065 433397078 685296142
48456 312820049 538525631
8519 29630774 200083589
77854 72906909 80324128
1329 404308497 558853262
49929 334250318 519677753
19929 915964596 917651296
37968 689322325 694870103
16340 175691159 190871631
167 24 29
0.96
78359 174564512 400353833
7236 326195624 432061560
41380 189667089 253927274
91431 514154516 668818865
58914 748637896 784796010
71459 714218652 976377024
82077 550330217 642445375
66340 51254566 237126773
34578 53390550 300804980
61967 518566816 595990966
34382 212141344 359413552
66562 73071989 365505429
85812 112261773 210272365
92192 499416986 722420675
35620 634232421 718724075
53516 891644145 904261675
93144 684271944 974458995
58099 636058297 647420423
46513 572583305 776697224
57424 132272824 201251364
14323 591052487 700475465
11275 561799057 565601469
55564 571760847 686668200
23137 611036439 620548101
93339 508394382 582820937
70699 412173418 501706138
4239 470502486 635494040
16920 771830964 775390093
4782 754322282 782373777
90333 650726041 832572341
77783 925697964 933448717
78895 261959802 485974072
14635 237203868 533763042
74894 508767387 675645389
76744 507333829 659058256
28069 679881150 987631130
94614 408839090 500290019
65071 605238861 789915446
16743 34648979 265879675
5949 491129526 514635064
73113 146495318 266329941
28886 770433755 924512097
43870 599326609 796278885
13630 771411732 850995096
27134 668431903 967657575
54011 785835515 947419981
50107 969235810 978170474
62356 526161272 819551374
99990 624206992 629044519
21339 454054331 645345479
34993 161583414 207315707
8494 99423617 220643455
19061 451876233 489803709
75129 132962532 352849501
4437 550750844 593181679
49822 249894968 400742662
96659 902129689 905673752
10296 625964929 888999362
88994 347771415 627090225
62044 300922352 341027603
31564 279796472 394900688
25762 127440169 393699062
63222 563033020 777735927
90851 116290822 398684073
88129 75264022 352733272
89220 625021844 833757223
55475 289420194 294560266
17907 334303545 558725131
74549 649049076 718824260
83983 252297141 401388398
29663 212582832 338188742
76429 602559558 851826630
63249 311047422 311222333
1817 621227649 648646622
28004 127897450 402799512
53306 73538330 124599925
85345 41195227 339007200
20730 728407747 965158939
80112 478598623 503629740
25541 132128016 143920774
51125 825470202 849041756
47792 233233524 259940605
58422 552417585 770221059
77084 350491889 434991381
14369 551093262 835976462
72699 220411017 516879910
32716 653604389 668282004
44659 43486657 266111633
32285 87764743 391957767
79937 544815984 587450493
54795 329088171 478366996
90496 491822831 629292911
71749 983463053 992714267
96363 677160643 683066350
93554 416016275 423651021
68192 197964115 450668037
58010 766387362 846427216
71238 524321582 701691516
70979 780899442 983298308
39793 538538264 578395263
10047 201254315 213706571
16932 554052524 766876714
23813 246686077 506706932
87254 443981942 674985183
92797 528682333 794406527
81496 260663564 266417635
74720 546312457 728878093
44919 637052324 882968602
83039 506601850 791420371
84573 503677112 503961761
59556 341902982 416654435
21054 702845580 927778688
34935 465820810 770691153
67952 456530332 689713719
16898 528566388 833468258
67290 562557974 742122373
78999 555154554 737357883
42353 205181077 205991488
83345 221163018 440957521
48640 161888720 369119641
11705 550078868 857493162
10375 229878971 289287876
79787 84537281 352613378
72165 61373088 104096096
5592 300259844 604996515
75257 695943322 941109164
11821 48759334 115216029
32069 440455774 584189947
35316 330649178 379233855
48693 335996097 535481965
46714 377372603 597503399
83775 187095485 352475493
62386 552234634 637452053
72716 401478527 527365745
45689 67871551 182853426
92087 742098385 847077559
77018 501891910 739948399
20340 375424182 630552736
95411 498482640 558053437
66035 707010754 825006183
95895 123612729 157822933
29029 159669119 162619894
91542 567030818 804327752
93279 347551029 454746855
93627 763082195 767893523
45981 263963048 328234978
23092 136279843 293573737
94153 432639261 566229375
45144 664335802 685663372
77276 163205166 379786064
73988 643508894 745140889
11941 620889879 697147858
55335 133839802 231718547
88296 390085002 396146389
52288 399549460 637323524
18025 274952051 354203773
2565 965979635 971553943
2955 481138575 517759745
98886 516029132 831425575
1874 514587688 572143567
59153 289238259 320071702
64176 317880964 617510684
72184 699376486 855912302
28382 844142307 984279476
78000 266000400 425685916
66665 692125334 987315629
65532 839092540 909151895
162 29 30
0.17
75279 353446474 606797536
77513 43152076 259237343
34904 391601023 648286153
68799 691250950 773173892
85466 392811104 454487243
33853 662064744 819135819
69027 156890837 330057335
70047 588075856 623868445
96737 447299116 661707630
88207 679485693 851306662
1448 353610847 717413692
89158 514416855 696707952
64953 912185217 913685928
25075 457167156 472546752
64608 42952834 253890743
83355 810750636 913430493
83485 403274938 490637979
60256 165109409 480880193
71941 516356486 550151526
6981 610674595 863256225
58538 543531910 833274996
41777 498309252 799428843
67962 454206575 498608250
54418 304379774 442565775
21316 399819462 538846362
85892 306688260 416099063
97632 706981476 709430917
89011 207400160 518107660
7888 546721040 690115636
15487 584723025 846912514
25218 123300579 171112939
17406 157320260 204102994
75320 481202760 485848459
66630 374032876 643360990
15850 412636615 731305367
12235 242920212 484822040
70346 532494155 587067707
22662 166359037 322981269
55113 253607980 368534153
44888 191569386 245523864
86201 807906429 990875760
97774 91073592 292229031
13299 518704256 626848767
95813 338451562 619447194
91162 25715701 310457298
76336 653718330 697698656
92576 665997666 731081129
61881 498555325 506490502
64137 79851926 309855601
88549 747783073 852597651
56813 605162123 833816665
95355 59626316 271684316
61250 265274527 616800733
73350 332557052 610077683
3993 264567824 577396906
82745 793457979 815330691
49992 513096596 851113349
94355 345449242 444648974
59560 422084555 591837918
77541 184778125 379113023
39201 374535258 583079387
82352 673182812 841498410
60708 24303260 163642624
79506 822254995 966565269
21111 340868447 341145989
50531 11430818 39445457
13111 74779674 105480809
2140 445854920 448089103
44025 126757762 290496904
30424 7997178 40822964
75889 415221392 768986365
89021 317472292 591344531
59512 258652210 554904127
30397 839287940 941975834
99592 605970556 960080323
60153 355162912 645149854
91786 328794307 508484258
4486 406038329 423662031
74771 743408825 987849195
75795 374154501 375669148
29355 819331769 887532446
72202 670408673 803075799
1263 47186503 356800588
32981 178291668 480305928
58871 845577566 971956565
20868 480529154 841025413
39962 59150682 191527130
40109 671622242 992994242
68273 164759177 493607632
25907 472435300 535745847
56347 554849189 558943712
7306 110401053 165313215
87808 699975699 741619864
23546 4987902 23549709
29016 141274379 171936299
97379 489220866 500466502
97516 600089616 750149751
39233 477204567 586733830
19645 258187305 592248784
66288 567301935 900862238
1573 533194969 633623505
71122 249043607 379517258
27100 75157784 77579432
86255 96067420 169353642
17117 654591947 662517192
13148 668259498 863262011
76232 774872332 828092597
29216 185179127 511170632
24553 5817629 78122935
42740 6539100 132818001
37113 858425529 886288748
68746 427919554 638434115
1347 292379399 300548374
96015 400226570 649636789
98411 406927990 426785975
6868 764088140 950450766
6219 54458941 149121874
70346 269325790 428168840
57438 663992034 746643527
36908 815575962 907065071
52897 709696564 716559538
43170 368309849 605399207
84983 452164926 697024458
4100 263925929 516146072
58157 457025845 477405188
49628 80387546 154205531
20830 226803912 234336446
63343 199404231 457182710
6264 625713761 678403358
55070 491372734 786462433
7551 707176136 806810197
35081 900999896 901670899
72400 747014355 769602369
48660 239641425 252252264
65961 748429288 904908519
72717 792014980 821619420
51656 671356766 671683533
98220 424859365 524258950
71153 196070333 319761906
82812 417485499 705816735
92021 634371426 639053875
49690 476905740 485061616
63536 720744153 995513887
29724 56544576 417442892
87858 243592317 322352343
46773 288181174 431204515
30081 448373356 812009613
64727 103872757 295236433
81565 167538848 223207101
26392 309763998 362384061
56196 510667606 512807122
92376 543423082 582393686
75512 92073184 186358878
30818 270001671 540644059
5598 583249213 586672038
11762 859235265 934623943
16489 177862289 517203983
78806 464880517 636006297
67447 424580891 450852068
91768 902673656 922475684
62874 30201729 63493622
7484 302886893 305241477
181 27 25
0.56
29511 148350526 230302381
49818 514377249 622125745
85508 577561493 621235089
57762 118160042 362151542
92431 673842815 813473304
37080 616711030 825891542
67212 22661983 43141736
81249 775272419 861450869
81845 420039501 630761576
21956 23247191 39069117
50751 405412783 635848390
29932 765050889 976232507
3323 348201928 454389923
68684 323828904 468058720
54399 755525390 795777118
91555 377120413 443011692
82917 321328767 400421931
82689 3423495 136842128
38962 597646795 759852261
80170 81720416 284244367
70074 621790125 637713629
22073 785859496 932030596
7810 726339205 834946869
16071 625507542 842342532
66759 703706592 934699326
32716 258477842 390955177
15550 871525305 872370048
79014 44791789 64215545
53692 380394233 490618038
120 274761701 456690626
39287 91363898 265726161
98293 20217200 71324843
22669 667418472 917751283
71550 35314972 48746820
99428 760996201 780072817
37160 682784585 914112770
94770 23245072 276482319
4578 143200581 337685136
43902 529387600 562779934
25750 224332637 372103651
54311 53464196 102617962
67438 878054003 912582262
69284 340079604 352848992
83002 658922748 912049166
45869 851316119 993992948
6479 559676896 586992385
58553 331705056 543912269
78547 648288962 820892577
78503 103092964 334725700
40823 40839938 152695370
47329 405453189 612291032
21348 237251001 523366485
78814 284822026 310704746
8506 206874027 305272269
16712 730606969 741285853
68468 309803726 467665200
12510 545667546 645593239
71569 142276597 360552548
19578 398384040 399244674
5296 273483812 361367702
91734 714108814 804560139
53338 168007876 291284967
69644 736482313 752979661
90948 549729627 647954802
34620 928219805 928326878
75029 749368363 985725710
97682 533968237 599604346
30022 224437905 228882245
57159 384364424 589897193
94344 658924258 892451905
26471 620207223 868743650
11595 101157903 181390285
80499 116894715 214997431
87229 650034809 882047826
98632 460258136 462703669
88880 299112905 550362759
20481 510326584 592168518
20255 145661360 354580630
99801 616208020 722558212
26034 374517718 588125454
58228 152389140 164571115
26816 629866817 642159395
71134 525036507 580393557
67734 565941275 785273855
67508 273346298 504759283
94966 2071554 66524388
93443 258824257 266799734
51266 225029941 237524022
71439 636937207 697314185
81082 593143527 700155357
61589 120264170 279634959
51106 92873115 229468993
48883 632490272 719546550
62183 12722101 41339286
17927 331934069 591546848
49540 823886687 851272800
44950 423622187 567971474
86625 42870722 79606683
73262 604285198 652361163
71548 708134568 718393409
90254 310144566 451399799
61387 523037519 655987794
32805 102402815 109382898
16001 580987787 737985669
38585 522854138 550332045
27439 160966107 298535069
82154 111287223 331204130
16398 838827702 911164275
24919 406673677 480231550
58523 408788353 667263588
20479 580884273 600389749
39522 617475423 649499218
97194 376452135 597908017
49086 731349975 952825750
50154 494955397 737585243
52096 414346424 574771521
79805 415333737 667668911
21071 42969441 51168211
50165 151401185 212476004
99056 182046836 306708740
6554 246745135 333805474
43431 985697938 999977500
12559 36066054 130902554
6460 514859849 714091587
22098 800352098 882348347
71425 800089776 961086273
35080 555445360 692166522
69364 395938131 506981567
82906 312523974 465358538
73345 298897795 440055513
91001 366743924 506299990
37962 150154368 178847648
89192 119912244 282822117
13642 795577652 902297802
70010 475256110 610592591
29655 839417655 947120392
87162 41998212 321981131
61895 293160954 334439427
83114 348003182 373053019
45172 797413906 871201770
27791 3160181 245711035
75427 57640104 59135022
43660 361790134 469630046
65154 601441646 628551556
25611 409888081 618781916
4273 678302735 914672276
40100 227921069 440442238
15491 59036493 227458107
97784 345892923 454159396
48452 273817627 496187178
40829 898834118 978057031
92574 402913060 589809733
39072 693278932 905727276
14040 279739559 341581292
42854 239040545 307556395
5855 132005283 362239203
27796 329762587 483788071
73704 476046780 477328134
46576 448514917 466518928
52212 253644621 498980386
26248 11390278 242990065
37237 713254956 740274910
62226 923253931 925065055
89873 595349190 662791006
26068 864694494 868098155
69958 479233854 676472872
96710 138079243 302246301
6317 356854424 519319053
58516 355123349 459738907
79522 114339492 269026954
55273 669874592 788816025
39011 204816144 397984155
35753 78171774 269109299
10423 414553496 508459359
78014 111364180 138539407
98674 86227390 189661987
3415 387835288 504915787
13751 175721893 380284019
94412 755311349 914962551
42622 764071673 997752099
17765 853065699 883889896
185 26 24
0.82
74526 728252012 927998354
77846 609646199 666535397
82654 302307900 464728025
85584 286150616 300123753
90915 713886951 973077279
77496 177627984 432573779
50923 257527505 339385685
79360 39357277 119517206
92835 86060015 201175300
6312 242948928 426664773
54709 147243741 187733683
43073 262212312 330223034
69060 932502386 957173363
23731 777890008 813274876
77846 362549843 550556321
90208 788254073 984125645
52978 271522727 524602457
43080 737710913 897976279
3178 385039111 445511281
6671 791326180 841455643
71643 529850847 682913571
31453 332542346 367495901
13107 450498119 618107610
85381 352457654 354264073
67571 609797600 639880469
24617 150545811 412400420
91094 438554810 644254645
27612 649756202 825465005
65681 710081758 926467400
43176 10535730 147614404
60892 621567922 623441462
89489 27541132 244302209
36240 784390344 792748841
9627 644482958 914076655
81106 948667675 987742046
36008 891998651 932742632
34799 610101092 862822521
49893 579299906 643282832
39945 377138244 610334010
44454 463043032 473797695
32082 609528567 649315176
45071 704703491 795814494
78838 36448381 251907602
51733 713761549 944486065
80606 510932033 745360056
40932 439370830 499153939
98995 829623486 924614315
92419 381394970 648728857
96865 489713784 649662152
4118 561240455 777583567
92892 569117000 793963315
20451 105514512 156422183
7879 564590382 568016457
17399 368404840 458647664
8339 426013042 665999350
4554 834415902 936167644
29190 397288423 452764473
63521 46386672 76249550
68189 485141765 733132975
44755 764047999 846864650
11219 402451345 461803418
12719 302863278 562933167
8803 738295311 943714461
11580 560547876 723790933
41867 254636002 407379484
98977 875971922 879626278
79666 537695163 777765343
94279 194965383 205080510
54828 395014149 482564728
33564 317655025 534614494
38491 428775965 592119476
56794 385234024 628432323
44664 760073065 870832369
55752 173935489 252144744
35860 211212139 329564991
42047 103431927 103548718
47225 172824520 300244071
67728 686584360 800129457
41396 101722447 285979489
74309 794480987 824473225
32535 693781868 718941886
85157 672335936 817530676
64667 739676363 786530496
28189 177789157 361706176
91012 213280629 447474293
45116 548918307 670142915
99656 606507092 806376430
51325 243467223 355536798
19185 839826588 932587070
19435 40755589 42210832
95169 744771495 985365054
30817 125803828 190216763
95190 12546355 191125940
69840 81944817 289170276
11247 450019206 651779126
6885 591107132 731517270
72814 412194334 645263258
93098 177497184 341960999
32575 795757194 968205145
72076 820754010 915061686
66488 625559669 686791433
92542 868873366 969669866
32898 210325501 220006026
46460 73716252 317369456
90551 225775732 271363600
52435 179312095 226651920
18029 910827058 950510997
13472 427351451 647434870
35219 25913835 177351309
99958 311186876 471364387
93818 830240521 871612709
15685 489723801 721157508
3351 446705082 662991782
23959 624974689 633240145
45734 733149519 856857280
50909 161519827 170747931
37712 477089937 532390712
11114 8893962 181720863
53969 251182192 370901494
91551 399257130 457541507
55220 498659351 508147013
74536 37456446 75616768
35841 308355061 553335165
8708 91842491 218257321
40537 536767896 595653787
92523 939631555 978874396
95231 28564500 119434858
82060 731857422 947042095
97593 606417118 673604065
91637 786866255 895315474
22808 214098315 280316978
87863 290720879 296048951
93749 238793917 434771591
3945 656118693 755559626
9277 272323776 440780904
78061 871196613 878596077
4367 270196685 408517464
73777 559467447 569853606
9507 418089892 619665178
82071 867550376 994866463
33838 412700097 524730212
38135 356492714 449510109
6244 128560374 130056616
76739 70064885 220080243
43166 252441814 521527469
33451 731317921 803420201
52061 830252947 976918480
20035 155973189 222780988
25709 204095191 377002696
94563 759083007 906000579
1198 163394412 289693728
54254 27634950 288132254
52016 302846978 477917383
60662 530752486 714310232
18941 429813964 492210276
50174 429104571 595600841
84348 668349704 674320284
27649 537216351 608896267
33747 582033798 791090201
24817 629243410 877899430
87853 407078920 512616837
21058 423280890 649727912
55549 86484758 304720896
49225 763986653 765457115
54690 701362770 853321065
94944 526793446 727758056
56684 365241178 504683521
140 744103209 959063924
15390 773969093 836913408
9408 355335430 357424960
10037 54520624 238859651
83748 314838448 518563334
52745 449614810 507746952
29137 43452816 45675966
55954 513996146 564552147
45983 636869063 881901813
18830 895580483 921292881
81250 142737535 175419552
72256 299650838 361605915
98448 316013908 552908045
99163 216464326 439413824
34630 194807497 282186236
51359 272226780 498585852
44108 673771462 708780727
64323 477624207 482839772
161 26 29
0.59
76134 664371791 945407619
92765 100911828 329795813
49556 383866476 670362564
39379 4334892 161568702
6773 66778554 254127762
12319 487718367 579330327
23229 793602053 844210712
92115 64411141 321846136
24004 96856236 298852462
57823 571312092 778157170
65133 347367714 502161456
91287 24599143 78956255
61187 469343862 793937367
7442 9887710 194257583
19717 442252140 738114182
32309 208843552 221310405
32773 359427306 654990159
4977 699169225 848213444
140 426826540 758794894
76841 145307427 286244765
95904 716623994 828868817
2647 720922640 756518306
84745 703964370 892646477
50319 70429225 204634314
93393 360293765 594230194
5252 731103924 918490231
32011 23317565 320831162
85706 107583449 165158531
31382 370635425 644463134
10653 18305273 57320659
66529 148830780 233896359
18465 472856585 628296310
62674 357764742 568863080
61097 766949489 845643835
33090 254482481 446243487
5436 477222694 498314703
89740 366978648 613695715
47701 389137361 661164840
69319 427536883 435858112
65515 11652029 53869458
22736 599204136 846569784
63249 690348350 801446693
19692 294045064 362499095
15135 458661158 652232143
64908 822870651 953813454
78354 223752221 230873618
84435 312346359 340451552
47247 226219529 385297297
83733 398074983 433478533
8814 76933610 91469379
54976 159624930 266207993
88053 353185322 490385177
66656 236803195 424108705
6403 216748356 534262199
77694 111298481 324077261
91119 661338947 962964469
80521 682121666 969569542
30320 150767985 161943935
14968 8035363 30731232
12094 330845987 382512181
40911 478768641 730383094
94777 227968776 312250205
10657 484307008 747132206
98026 815067370 871086759
21622 782687908 824491527
3687 789916396 946406727
13645 187371471 418756189
57627 217492763 395695247
7747 647016380 731613705
70854 832271241 896900954
40629 263938227 463455029
60962 125365724 317927612
91268 454878370 634877127
20646 244761456 400652817
16055 531716881 551337952
10734 769213017 936549178
99942 482334624 540068204
13531 287033432 543784625
17428 585275645 777177707
22808 7815879 287271478
79389 649284681 707323739
13309 604246028 705649301
84241 252431777 296878573
87096 113557581 328046469
97151 781991447 924890264
85225 245106073 268100691
74006 669355793 825872018
11916 94344513 280037426
42409 503696990 734838207
59869 87902527 178142373
29778 863405497 941015859
84216 831575224 965886882
54073 70492335 90030544
80032 491720859 655136660
5173 165258533 168566336
78081 453708276 746166766
74290 824006612 937476761
99384 338743878 468956773
74996 382152935 477874117
34289 334480501 339003419
68443 278744406 592560967
69361 641817353 739473207
68744 258033443 349835944
91799 89076857 185355172
32352 483525425 612848689
70045 444365301 519547685
26927 51418339 60558811
7075 605898096 936008906
45103 451242155 705437660
89839 256441108 578282463
94794 352818261 480072906
94734 710153642 786513136
36957 528797690 617196933
45311 781991762 845609750
84126 812979522 890331919
73008 472020257 633087786
86207 571076561 659989442
74185 553209517 838373714
28915 815019898 913893966
69128 725831738 942632068
53329 603853316 926709687
81197 704667925 737184752
36888 12188070 240239306
5816 986290273 989853906
30866 168557048 397204556
30096 536342376 875814962
21916 89770592 339289853
98439 715579910 752605007
61542 509586165 647310914
38842 768495251 817715066
15447 280732773 288926950
41053 493586974 629151006
60755 279123028 296676113
599 486495582 748251493
86303 477493162 727206119
25098 574981577 861261255
67204 275610021 363101709
33174 755415044 923786156
96499 524817528 844113724
63263 222872669 444462804
18697 342271708 484510721
25933 363901628 502385405
30868 171076664 174647470
32915 228488729 567512159
7573 429812188 630387928
2290 331184455 611860419
34119 269561512 606974220
96191 212518540 438416291
21119 211993209 320686705
27715 458900042 496390451
12468 742916573 836930903
33059 416330046 572977701
71298 491072525 497780922
84064 563333332 641734737
57962 790991945 825476038
21151 759565328 819681533
32284 412683606 599859037
61964 580896088 815888756
7033 663860876 876080522
84154 666369901 982100651
23538 852562763 870385718
175 28 26
0.78
2124 355046385 400108914
41476 788192472 861342874
28683 219718139 373143467
21057 156605969 389919006
56876 390931309 551204536
85654 427286566 674271214
59271 725119483 895643975
3648 242559795 499800125
54971 175160346 387865370
80128 788377087 819173770
90002 116073451 265894582
66877 445031940 447109031
29097 53570743 168040800
1832 2346598 245546529
53904 245355353 270195985
23041 551539688 617486083
65485 171737990 409343610
7192 314070000 418973197
87687 531848259 545624062
54711 146533829 367117831
60576 659398435 692881239
11071 187503917 344345026
25442 652549779 881203452
60913 532089788 707671210
80446 192171068 499278058
366 343318712 498401803
73937 768040728 835811922
91073 464122161 640916015
96393 215068897 228067956
15356 726786213 738379607
52519 233138585 237750379
66625 581241832 791884915
65509 60797955 339860376
19459 204045029 210181936
59 828845503 994874152
40332 654974437 772119849
65213 636313916 806224260
56000 587890271 740723798
35623 3575437 235583093
86274 502474857 526133485
16125 688592653 712140169
41910 389557142 551692421
24684 763096009 969284026
72840 443347685 749527349
3989 338547024 371799970
20012 642271891 664609656
86476 234054776 376206339
10309 691386157 691919699
79837 469321648 668369524
6346 176615832 209034700
29135 726548966 962944805
53255 507706583 643349155
61835 195467940 391683303
19072 770005426 983959985
95103 285960245 512163251
92412 847229587 915286806
69566 445971884 567012522
32192 543603025 707939283
87499 653642358 907763451
95097 34918212 266289491
26359 838843417 907011481
35167 23299292 305581537
84584 83731983 200691311
19735 239426334 313140145
66747 848005603 866170370
1752 494846421 699941818
8075 786935226 848459213
31280 783921382 921703387
13394 271150649 458069372
93288 333820234 629339449
85072 183087777 427315097
47206 908381296 956763571
57515 318898686 616127984
34931 640568517 904838901
83766 691626473 693890910
66045 372885097 384070661
92566 115348496 348462652
64862 303669830 527671155
94785 159984740 464811934
48316 125426406 296871892
84648 6339487 236166334
68403 373791804 511270776
28247 93700025 95999880
51249 694963562 878322348
45659 319390012 346529368
37632 760644497 991202419
15844 236643185 308260421
5738 660070754 775502000
74475 480423181 706220314
3704 248695681 514604516
71094 784688349 936499330
57980 94403065 262572185
68922 1618232 244831998
57040 690449311 748935748
94369 994900435 996323162
40863 228266366 374905306
94796 517638554 519084954
29923 948867523 989441622
39035 403576509 408304589
46575 551585478 568432321
73644 649697346 683639210
78255 872770689 880885475
225 208887801 500383677
38765 10929300 293933739
99430 355315883 355962331
88438 589497500 794714521
50513 747273983 749973246
32541 421118512 510263923
50667 728150652 813601521
39102 276187018 373669959
19630 75370707 117093459
42534 536304845 674959309
17616 487928348 646570345
91057 333916134 586554703
69952 838657530 855622163
44373 809261233 827186314
25262 699528272 944893730
12382 701692584 955045989
93265 522873051 666405595
4697 74836129 161951450
96452 261062528 273060733
7158 128487339 297485226
47792 357218026 626760592
93256 172909866 245505648
88784 313640120 534721058
79632 166480821 172119461
11314 160036768 350773571
8313 131207927 410218576
22778 331684757 571043121
86501 573079196 705158820
40204 96970536 382324706
97193 373940606 563215902
82922 448709486 449953211
46132 731294325 745432083
39706 246774164 377126336
1430 550580130 842866610
4685 268824602 367302876
69887 789775546 976587842
20476 137312842 404558906
82759 292918251 383574325
39891 340128330 513610118
84141 378430385 541348249
33555 60922592 68934015
90401 203632233 437178297
36948 158448460 461764908
57382 409298744 423474454
80200 469864769 508126450
30163 898327085 983805131
23302 137178805 238265496
65850 12611063 261750319
96710 102299708 363684223
4524 612870036 629277401
79337 548708911 567992105
42810 90539786 146567951
6491 311618899 465949206
65695 109053966 387924508
55739 536764014 793668835
10525 398439838 530367139
82523 719994971 770853481
3814 602436732 698186125
164 27205442 305236040
69725 206244117 429765707
70109 312309144 477463027
85308 563617421 863388587
29676 38764663 311934335
56055 804682861 997954135
15676 510660208 795421666
96450 148739273 282564081
38048 753248096 845892689
55215 355182942 512066887
42935 477629799 761589308
23995 489747888 631367110
2801 472244332 474549647
62026 712073545 986936449
33425 674996967 804250431
