8
45 10 9
0.35
21 43 75
47 50 86
5 49 53
38 37 68
3 44 68
19 10 39
28 45 64
1 17 19
38 42 56
48 59 78
13 63 82
17 18 22
47 19 27
20 8 32
35 81 82
43 31 71
1 23 39
46 90 98
2 69 93
50 58 77
27 70 75
21 8 16
24 15 16
37 56 95
46 77 87
29 59 94
37 44 80
48 7 11
5 49 61
34 69 86
43 59 60
48 37 56
35 51 60
25 1 6
42 13 24
28 48 81
34 12 20
42 7 21
32 19 60
47 30 57
2 55 85
21 29 46
39 14 30
47 97 99
38 78 82
42 9 8
0.23
35 47 48
10 57 86
18 37 51
24 16 48
49 40 56
17 45 47
29 37 46
33 39 51
37 87 92
19 50 63
18 90 95
38 79 91
7 38 49
11 15 49
39 59 68
11 6 21
21 28 60
14 67 78
24 43 53
35 48 63
33 43 66
31 58 70
18 26 45
50 9 16
11 15 35
3 6 22
39 14 26
17 68 72
2 75 86
29 86 93
26 37 60
29 60 62
39 8 42
1 33 58
22 33 64
23 4 28
19 62 67
25 14 27
13 42 48
8 5 38
19 52 58
48 73 82
49 8 10
0.27
46 81 95
21 77 80
14 59 67
2 24 41
32 24 28
10 17 28
50 2 3
25 34 50
7 25 33
28 44 45
47 55 84
30 35 42
10 54 90
46 40 53
41 19 27
40 49 50
28 15 24
2 3 14
30 4 27
29 68 90
29 2 4
9 86 91
12 41 64
2 66 71
12 76 81
46 27 62
28 18 31
38 26 37
20 87 94
3 89 99
22 42 43
13 73 75
39 77 98
15 66 70
50 36 69
34 67 68
45 44 62
50 8 9
39 77 89
42 67 96
48 18 23
22 55 84
18 12 24
48 28 61
30 83 88
20 24 43
25 46 56
30 74 76
12 17 21
42 9 10
0.39
23 25 38
25 12 37
42 25 29
18 11 47
30 18 51
37 16 18
25 41 48
6 13 29
2 42 58
28 46 80
41 52 53
31 75 84
36 63 99
14 71 73
8 22 36
35 70 99
28 51 93
19 8 41
10 21 39
25 86 93
30 25 65
15 5 26
11 85 90
21 83 99
31 53 54
7 59 91
30 7 9
36 3 41
3 76 80
11 72 95
37 88 94
47 38 64
30 1 11
35 41 78
16 46 78
41 43 67
27 35 39
1 26 29
33 52 58
11 52 53
50 94 100
20 6 44
47 10 8
0.34
22 47 79
37 4 6
21 57 70
28 67 82
40 22 25
16 58 69
45 49 75
36 4 20
27 32 50
4 19 20
38 66 67
16 48 81
28 5 24
3 42 65
37 23 59
11 5 14
47 31 68
29 39 45
38 48 80
22 78 85
13 8 35
22 69 76
29 21 25
28 43 49
17 19 54
10 57 66
4 62 65
17 44 82
41 56 87
10 24 36
7 30 35
34 50 85
19 2 24
49 9 34
26 28 29
4 53 61
29 10 11
49 55 63
43 42 43
39 72 93
29 53 59
19 1 2
7 26 53
7 24 34
32 17 27
40 50 52
38 20 57
49 8 8
0.72
7 18 19
1 42 67
9 42 44
2 48 54
21 6 20
9 43 47
38 34 36
50 55 79
40 21 40
44 1 18
6 30 37
19 23 37
49 42 60
10 39 48
27 39 41
34 45 57
1 11 32
6 23 34
3 39 47
18 31 50
49 39 44
43 48 51
41 4 33
8 2 27
4 72 94
50 92 93
8 8 31
20 72 92
22 93 94
9 67 87
43 53 56
6 49 66
6 84 100
23 72 82
46 84 91
15 75 77
15 24 51
49 44 76
25 91 93
46 6 36
32 48 51
14 41 43
24 25 37
48 77 90
9 12 35
40 62 90
34 32 63
7 38 66
8 80 81
42 8 10
0.94
36 71 84
8 34 58
23 11 44
19 42 57
13 35 59
41 19 26
23 65 68
10 46 48
42 72 95
40 49 53
42 63 80
29 50 86
10 6 46
41 55 68
18 84 99
43 82 90
25 72 74
18 27 34
3 11 15
8 46 50
23 8 16
48 5 7
32 53 57
46 40 71
46 13 18
16 62 72
36 35 68
25 53 91
29 31 36
11 55 85
30 56 59
29 11 35
24 41 55
37 62 63
35 15 51
5 59 86
34 91 95
44 41 44
17 69 90
28 92 97
31 53 84
15 21 22
46 10 9
0.05
50 17 29
4 17 31
44 48 54
29 67 77
17 4 15
44 30 54
1 52 92
10 35 43
12 77 100
34 7 48
14 78 89
46 9 11
17 82 95
24 28 30
29 46 49
4 10 41
3 49 88
41 76 78
6 58 96
49 90 94
3 3 25
36 89 97
15 61 78
17 36 53
39 34 55
30 57 70
12 64 78
28 42 68
6 57 58
35 13 22
50 72 79
27 38 41
36 54 85
30 49 79
5 78 88
11 2 14
46 91 100
32 7 17
23 17 19
39 2 9
25 59 64
17 86 95
21 57 96
17 21 22
22 12 47
26 39 41
