8
47 8 8
0.77
14 68 70
17 5 37
27 53 71
23 77 79
50 73 76
33 15 46
3 17 43
47 12 17
20 33 67
41 10 42
5 50 54
38 3 15
8 25 42
29 70 88
23 56 75
43 36 47
42 68 72
10 71 86
5 55 56
7 8 25
31 22 56
24 49 73
45 52 72
10 4 25
39 36 59
3 60 93
43 33 53
14 32 42
22 41 62
41 40 44
5 28 52
39 40 69
19 58 74
32 36 56
8 80 81
14 2 4
47 87 90
33 60 65
25 52 57
7 44 62
6 36 38
7 62 93
39 52 85
23 22 23
12 62 89
28 76 97
12 20 43
42 8 10
0.46
48 57 58
49 48 61
2 31 35
22 60 95
7 48 69
28 8 23
13 91 93
50 42 66
25 50 67
33 21 48
27 94 98
11 8 43
4 4 30
12 42 50
48 34 54
38 27 65
21 2 6
4 40 61
45 21 44
39 40 65
27 65 84
21 29 43
25 92 98
12 19 32
31 44 71
31 2 4
9 34 53
23 80 83
16 31 33
25 45 52
8 61 98
1 8 36
41 87 94
31 18 24
6 21 62
39 11 19
14 25 44
47 75 94
17 36 62
35 39 40
27 83 98
34 21 34
46 10 10
0.75
11 14 17
46 6 13
1 81 95
24 3 19
4 25 31
31 75 77
1 83 84
20 38 70
8 4 6
14 25 33
34 15 28
6 12 18
21 30 32
47 10 20
20 17 55
20 44 66
6 70 73
16 78 91
33 56 62
8 35 48
43 71 100
11 76 93
34 6 42
17 58 85
23 54 77
5 78 93
13 43 79
40 34 35
21 54 87
8 37 75
6 71 77
42 41 44
39 46 54
38 60 87
47 40 48
40 27 31
10 46 50
19 62 66
46 70 95
1 31 33
24 67 90
18 48 50
21 56 71
9 61 82
31 25 57
6 15 53
40 9 10
0.52
6 38 41
21 67 78
8 71 73
38 42 83
30 10 36
31 52 68
30 24 33
5 77 95
28 79 99
29 55 60
18 80 95
17 7 12
10 44 68
42 39 43
48 52 63
6 20 59
2 6 52
32 57 96
28 25 34
49 17 47
39 5 47
31 76 81
21 28 52
38 83 89
43 58 92
24 70 73
40 5 8
16 27 40
18 43 49
40 63 64
46 87 97
4 48 76
38 50 52
2 57 73
16 77 91
39 30 32
44 75 93
29 72 73
25 4 28
50 65 87
40 9 10
0.83
34 3 47
48 28 70
7 35 55
21 33 69
19 32 77
45 12 25
26 22 46
34 20 34
17 36 39
49 5 41
43 41 84
24 42 49
45 36 52
50 32 52
45 15 57
30 51 77
44 22 38
27 10 22
44 77 79
24 64 67
18 66 85
27 2 4
3 42 63
42 41 46
10 85 86
3 6 12
6 17 51
8 11 19
9 69 80
1 12 43
1 35 81
15 45 62
34 61 62
4 54 66
37 11 13
43 47 82
39 73 79
47 83 85
32 75 94
45 10 23
44 8 10
0.12
9 56 87
47 58 87
8 56 57
44 75 96
29 22 42
12 25 26
6 46 55
19 35 56
16 62 75
15 17 20
30 34 63
16 11 42
3 16 41
19 80 100
23 8 9
42 51 52
34 26 64
24 66 81
39 13 53
29 6 14
6 55 94
35 64 71
23 72 76
35 56 72
22 34 72
40 10 22
40 16 56
5 62 69
5 16 54
9 10 11
24 21 28
31 84 91
9 80 95
44 75 88
3 36 44
49 69 79
39 2 41
50 84 87
22 41 42
41 25 26
43 20 40
12 60 82
25 62 93
18 58 82
49 9 8
0.06
45 57 69
9 14 48
49 7 12
18 36 50
33 44 60
6 45 72
1 12 29
15 33 55
50 36 59
18 43 47
28 9 21
21 17 29
29 93 100
28 4 10
26 9 37
14 4 13
21 11 17
17 30 37
3 83 98
17 26 27
4 28 40
24 98 100
35 43 46
32 7 9
37 40 63
44 81 98
50 62 86
39 67 73
4 31 33
33 4 28
37 55 67
16 47 74
45 36 65
16 20 28
3 18 44
14 13 31
15 61 66
26 67 68
31 27 34
9 23 27
7 71 93
13 62 66
40 46 51
30 71 96
35 68 69
47 58 92
23 15 34
19 45 50
10 61 92
46 8 10
0.89
12 24 44
17 4 26
31 5 43
19 74 94
25 25 59
8 52 59
20 25 44
36 70 80
47 72 85
40 15 49
50 21 37
43 39 65
12 56 92
20 78 79
42 25 49
27 8 11
23 21 22
43 12 21
4 17 54
7 44 46
5 43 64
5 87 91
35 43 72
32 38 49
46 55 79
36 19 49
2 18 19
19 2 19
45 16 36
4 6 43
6 46 74
3 48 51
43 46 78
15 22 46
19 88 98
12 74 97
39 51 79
41 76 83
6 73 74
32 78 89
33 54 66
1 53 63
31 53 88
27 37 74
27 23 37
13 11 16
