8
169 29 26
0.52
90367 287874335 586127832
40151 724774807 725946996
54115 678174042 952700469
12562 803347718 879200438
25520 219287724 359664580
81339 195973800 344116978
49180 426535966 513172032
59076 46961961 110932813
94939 768016192 815667480
68007 493142790 586230343
83804 21109262 105705271
51589 707606232 737976356
6898 815554675 819129721
7659 477633575 706594969
14678 679102116 829734024
90423 379687453 645260466
84684 880829226 970573345
6618 835806216 865539421
30340 864518061 892694104
15551 343968975 417138290
94402 893216593 898898289
90155 433671532 442918054
56481 593285014 615810717
19430 10853032 12271516
44020 400297160 630139060
21689 527472890 776319192
19374 298623250 462301325
3064 522187776 650607674
28866 316132469 346099294
41379 243607613 396895030
45070 743168540 827852702
23944 799810112 944474456
80500 603097041 727702899
60172 644882639 946992458
39209 272592094 583772455
73547 629850239 862123222
3379 735484425 768607340
43964 565191882 813793609
17325 707664777 924591713
82488 631380703 886557952
52781 525187300 660362997
56637 773120177 783842167
86920 230444427 275144679
21039 303017047 552441497
33333 263080799 346371242
20191 90884199 297397389
5455 725463406 924358145
68367 149902538 310485425
96000 532213952 567995463
82644 49981525 370767941
92347 355851878 360806469
43485 664651970 816707784
1385 60465504 366877802
19700 417065243 427073020
54823 529359371 660887377
29444 595567924 696707787
29005 514496530 669607106
58843 646222087 826837209
42867 597377646 880963518
3248 574762337 613427187
77200 541781928 736632752
22310 232750284 396064687
50916 600681222 734248559
14866 68017315 284069601
62071 41440536 221528849
37722 686799408 779710109
7521 382727912 572896688
58943 561333585 646391920
97452 449002044 748205454
83421 446080762 554737185
52600 809280686 969357623
31153 523204433 619659025
48094 261255175 540888777
68987 537143745 807926835
95223 157496134 366629677
53828 274532864 382429949
97437 20548022 27782344
18978 688687294 985769083
8947 312761555 349680364
82266 799630292 800785575
41442 763468643 764880789
55078 449134049 452684489
12900 338484456 339250538
16312 194018565 215689524
27141 694169206 936309163
20126 514478842 749251469
62119 648588407 670249515
58023 302406221 307017089
22117 690485566 908513867
89317 405525311 499242047
17115 252237698 316162242
45523 578288181 880473539
40836 74521438 220646884
51642 271988446 345715588
4420 543076322 803195132
34191 194629555 209593697
43976 650189405 782214488
43264 584889387 704333827
77068 199429906 314998430
4816 412060321 576516191
16828 368754723 375213127
98527 601715387 616963338
87229 79559465 259027462
68845 646838327 672057517
14284 28711453 104238009
54049 616565864 848377221
65256 471050181 503634597
31814 343935535 572130716
40653 606188520 786512447
54486 447556185 564681951
82337 54371156 247235635
78778 158217315 472786517
19794 545278628 580381757
79760 289863559 456221936
10464 266307380 441820594
14639 44777720 264768938
41368 542995174 693657538
63368 205624458 362101328
54625 539114271 551723459
38701 355443552 357348586
88827 884709433 979076040
86295 225859072 523734069
87109 684742217 821266974
43203 291406598 330855829
50687 858240506 978622236
34302 707317229 931853686
70159 444106796 723958582
16609 256550133 273448517
69512 104667885 105613175
42462 662150105 906568828
50184 693919492 854711476
94333 42744880 149955848
26274 27855240 261482313
97825 136953268 289359784
53820 372022988 675415272
56334 558487016 689498548
84794 209312150 337780580
26863 23579971 326767900
8251 449614804 479530826
15700 463910419 567139901
72962 3813272 38685194
60314 179599034 183378652
90264 339695908 377057603
41486 735088685 735694225
5649 136600280 364754149
26835 268328188 556027245
41357 638336555 962018392
29826 478286968 644562570
1345 489979838 801594733
69650 291596663 309397619
42070 743584626 879982928
87641 709001078 887934411
63472 404114455 506710484
64306 207318391 253848674
56817 9224401 235145731
80223 765540004 858312023
1087 14270462 295004853
55794 246500382 562739804
23556 309102740 606637730
64135 477102077 477461539
79574 716999793 724901933
27925 295051202 335121783
81687 871948479 883532205
2022 828286267 924924983
33950 704882815 714000304
90275 221068682 291400606
44086 506635155 699788130
3508 526726504 843096843
82085 482724944 656459873
196 28 24
0.93
58053 609060542 645351917
55125 694277384 817347266
30911 215486048 382351890
13099 44856401 95050300
68029 243472295 310482348
57118 437735408 673046940
3962 820804769 963992037
76479 450866488 695372908
63334 345861608 518228552
23950 236619819 241210988
17386 300304560 527718800
37276 820596141 949267356
19881 141164760 331159323
41840 475588755 678775458
12232 615144524 631470104
91982 538881485 539226573
65872 142734260 326824756
25558 773857637 997007423
76210 246605246 316037673
1514 521365599 683972319
13356 380826268 409132826
73650 106471667 360135419
52297 727108348 761329499
20867 793062386 795232425
22029 47752232 93868079
60286 295149357 475824067
24210 341351196 439108907
76726 222071072 446079040
1293 585705444 751646518
10389 586381570 747034885
43861 596302645 794932346
63615 928430357 936455019
66182 621349334 870699998
3895 192454083 425606665
98369 196708935 337054723
34 66763204 142745890
90071 28414619 86434157
9705 325660388 333448644
90758 44262079 84557664
10339 589177676 708815062
96419 290478645 521406896
58291 285712394 498513452
99833 188001393 408693685
73422 894631129 942077262
45297 174753510 177513340
8672 208870542 414663737
62868 132544007 239945504
91184 583814304 666858932
85389 376208508 586541808
88545 318311425 320137972
22355 532872486 688418568
66683 50265672 227868260
57190 654112974 890522688
35339 265912925 520316025
51800 700874987 934982886
60998 753544674 839324795
16398 456182600 568359708
61268 71171916 126130149
84295 464064779 488093052
76203 113685087 186588759
70621 758120146 986453641
80954 122332951 317456287
63403 725558482 966701838
98856 678991514 931214055
4974 168341788 340243937
39996 687115066 885427479
90927 676041429 710168654
45726 609282968 810285708
90401 392777140 395244636
82015 717727342 926099121
72838 368395463 429379317
72661 266310562 271768933
59575 259428600 490924708
70218 290638170 528779267
53860 578640706 612558174
73846 690318292 695108561
65913 166643324 228214364
72810 650525207 741893667
92195 814621826 942463112
97647 244073932 458670449
96338 208621253 376703693
42287 7497903 93837637
3167 729356865 829507591
87187 792529795 837616996
28144 205601455 288455596
28685 2814 137367597
59194 158826430 365223111
22136 2912328 47135807
49575 282230306 452326347
62748 654879935 760516494
87097 4000539 157909340
77783 250260151 315789194
90094 696204590 727885091
69177 382537959 523772038
54180 881658922 887236890
63215 493514084 592279815
81887 417299324 418283004
74051 780190162 886197193
15306 494525168 579895459
80609 748218147 929274514
83771 836492032 942007655
31934 8285263 148577193
2651 784882932 976009372
18229 546591242 573124365
81924 143718606 213454089
95251 713010563 856378197
12684 525622890 766398628
8693 121981262 268208980
40258 308935028 530109796
46094 610115910 874773691
11959 520436144 720440255
50861 202029806 202910352
74623 255255423 499119736
11839 332826948 336311152
79384 905834393 975251959
4273 14848321 75666075
23787 882381233 977133935
45658 533144822 535647193
15441 179361470 360107930
61047 47180703 167677931
39224 514725411 668980065
24279 74805973 212154899
8167 341602571 555750178
56280 14068975 75017961
49662 165425331 165701256
62290 793298210 953198387
43074 34722705 110025664
27924 305230488 543742935
49945 549811340 799931808
70060 291310229 409504081
85169 892046336 973544434
35691 142877432 276198961
7430 642800238 658924380
83848 447658508 696400923
42148 641724956 868263622
12740 789634976 867089428
90090 752935164 914526752
61231 457750619 680254563
66320 126419008 332026695
62762 540292842 655057044
74859 369327551 617673475
98508 659856454 823761006
65999 697701979 731907693
55273 442669722 532239712
35508 793351597 977808545
40657 828193199 902001383
99101 246973114 374937648
91190 399942466 408222255
5974 16583400 45576793
39825 557562600 667326967
92476 331481334 455567927
88229 57341897 298031643
10626 114497438 241043297
37955 145056004 353402862
6545 342819839 363631169
37168 546117786 558701588
78479 728551891 977297817
31525 265345203 385330585
81380 554766781 787313990
10775 486465026 590568199
76186 56919571 148258494
79095 461781351 462611783
42020 302900612 332155518
28122 541017614 648557114
23393 325424828 448450508
96796 21779540 224601083
10401 575918244 750777228
98433 56877816 109356194
231 609436815 613931032
9053 848827959 910272274
21744 795368686 952043082
2645 285611111 355838690
15892 620840957 825290839
17157 379070579 382562956
61579 407602635 407607021
37124 709035066 886765052
99890 347785252 376664018
69029 667339008 853195749
11374 25013004 201478186
9952 40600691 213186525
75249 830735980 833369640
4082 594293487 770789633
27867 597533610 615613060
47841 431451780 641805862
46659 245886456 411996753
2530 366490859 367078381
44759 246554772 408895366
58879 793088874 952541929
31937 528589578 568817021
62259 611388649 707916499
39787 520658377 686821207
23448 517936737 586019600
47940 766823691 962479973
43940 822401976 860178008
52451 388188787 622377085
70480 580442538 775174980
180 30 26
0.76
87735 878891343 909974181
77789 639284727 677202930
17270 219031067 436599627
40527 508060912 791524275
87809 254995424 262178824
72264 215943961 281851532
97413 67144974 261378497
98323 672500276 759384991
17590 569004225 700281170
14532 624017300 793601581
69502 252336360 362314840
46264 1412392 305072416
57433 173173116 231929294
33626 625083023 881787178
22649 863965747 894646049
17097 451188004 579073301
1967 291618965 569677304
36342 880314604 955398920
5548 472718047 555417562
84818 587187660 694384259
64805 750254288 799398748
25192 726147198 859019822
29974 285891323 553516464
33511 312372284 555576257
51690 3423995 13059080
15300 390213600 517317600
26680 253265876 511115770
72606 66366030 92334427
92208 557321679 853233126
35970 665324783 921103012
31543 582290152 595779346
85552 113920970 282954064
83343 43900425 152234629
702 649749102 925333755
59676 83409617 149940541
29244 464732516 756370027
96003 410987830 712821669
59289 220130937 364496964
48435 971208111 997788134
50181 906077665 949747938
32841 247949951 258504578
63830 844390008 880586533
85039 799710998 801267897
38159 867116925 968576829
24070 574553594 596270341
68286 175266747 228021702
25285 438556628 442086717
61477 149446033 328654930
86528 784827459 855626506
29917 741335338 741786175
83788 133747512 176048126
16918 807446437 817838145
41762 314637819 487062178
63202 260361754 516950793
6947 435268044 440003210
47988 81290881 275357683
98557 143978313 223427834
88483 627296860 640553197
93899 532005234 676630958
47699 500987573 627410401
77250 849873761 859897614
9335 222121198 408549641
76777 141112480 273786864
88112 805808484 806936905
34472 837978804 986408739
19354 707399639 707814569
60230 377775818 669092885
76616 168542181 247430157
46860 119770866 398123884
28620 193396309 357224490
4687 515953367 531449419
53084 800742254 979542876
53420 500729913 689718929
96146 398917526 405633091
21269 581385858 680814808
11060 205592786 455139399
84171 204919689 280712564
53780 335291870 546231490
12205 15304145 206218425
27320 40642172 203384864
3825 2853163 88346634
4605 323135344 555032535
78640 300570971 488298666
92057 316386843 340624340
2376 265406515 389629859
93439 699727980 709901401
1661 504047455 802370740
89126 541442206 576921938
31712 659405712 697449154
6540 148956248 237599181
68275 6454957 271636762
95223 25510181 27861373
26699 180963671 384127488
85534 748995130 840670284
77463 204454468 269792461
77254 310897983 436664457
89506 70559602 116094122
24015 624074809 825892235
15476 52380493 342704514
80337 241308961 478747988
2366 383963872 533724553
18626 501148545 601397753
84118 153237391 300429364
55354 960958694 969298773
95327 755007919 948034356
89433 456954940 712682391
56270 413817353 432053007
4103 69810483 82758801
91593 145865893 177099291
28156 561298991 566340212
16689 226253438 337788025
78978 810394294 890709564
95554 578316747 812061878
88952 266453185 383320324
72985 538826326 582365249
3673 114796322 158643631
60534 159662841 245701948
5405 965683219 973543632
25634 276471515 377611137
8927 9800131 41834555
63155 88417263 237848847
62400 427223788 538445248
15694 844874307 871568129
24074 757645925 885605283
88749 557878407 730656171
17047 530072960 797016955
46050 76209759 231867418
80531 207203923 452527192
98683 320920785 620584487
98368 335035018 434452997
96199 412432133 690184737
65785 235107744 398353281
21912 402949406 567242374
41722 325191023 565912609
6858 148835599 401840645
68510 478013574 750575640
61155 2790792 49849878
10025 238797990 474393981
6940 775283787 895645170
71112 623366255 638000839
95935 495046433 519723879
61910 645622522 763859805
71954 265852446 320613429
63713 26720971 233019763
15956 85753294 247721513
31789 531033135 767238868
83590 962986182 993119179
19992 754258020 757754503
38860 669500233 865268759
22366 35621260 325913661
40788 496831732 790759004
87774 685130748 992851389
89015 494104763 754279880
34717 161372489 164274219
96894 476232265 697590658
26538 440414432 547831004
4551 883073017 966266742
72642 822768473 981750814
38025 806288093 956039233
88982 680262265 692616775
49045 5702532 241334994
40266 421876272 554970743
9214 895306219 925632838
88991 808349996 934448794
34298 22377947 27807893
54484 416889750 528128859
50633 690287825 949516144
4360 97976535 341307577
26583 315010435 611952034
34628 647326471 846746524
59902 303264852 311972855
58136 298519368 441861660
21486 751452159 870733370
31587 235908935 268349033
59727 905097561 910874818
3767 936426597 970573596
32678 469269516 762981315
5565 508479148 627789974
86135 552001089 793781093
13589 214668991 308234305
168 25 27
0.37
36419 338836343 474356026
30918 335872342 570579410
67100 69616290 364487926
94922 644386474 685090953
4957 794017006 832446894
62898 667700239 744303843
47836 235483341 369684706
70185 292212207 429966824
42833 172215716 347522878
87444 795900026 853076948
54774 278583877 528613513
80277 101710962 246752963
2702 415709921 546789885
7600 397793277 620033775
52456 595367394 823771074
41136 681672398 792951897
94084 89777321 219328543
60362 389753657 506170025
2005 501621257 514021600
41474 784240559 917507265
54856 572452549 631835869
10382 872463757 982298697
63140 260845767 443130591
64985 21214718 91049683
98867 50914899 66979698
30089 322621131 503012017
31073 56114426 164157892
37091 715074923 998893137
70499 29443034 48617227
80077 856563636 913646646
61243 738390210 768010830
2165 671137666 843826995
79641 503986969 716783703
56657 345446700 398412017
36036 899776581 945072804
21384 643918884 816683673
61754 553812908 779076457
47759 363622135 621472690
38901 524782873 748321937
88982 256234781 498387350
80527 125566172 370541988
72005 414519310 519044303
35623 538239501 697048051
90017 720508361 950600839
83236 405819428 526522316
71444 233366838 464942064
85978 772944774 840051609
25005 259759693 421000383
82572 958106641 973498764
34756 889987649 935101547
38706 232566760 527746877
43329 89952405 90956131
87579 561530920 745326590
34942 701672226 900593104
75701 270261747 514873991
19210 542274620 592033734
36235 527322852 676202344
45008 505535736 771992490
782 861878316 933380066
94840 229136319 229720290
84120 74813320 141553737
35405 686637578 882701337
86989 829483817 897429573
2176 674864915 731960230
71748 39151509 76299946
6859 499181844 591783520
42629 105545959 127653020
50296 463628153 478928703
44468 649413645 759575222
35139 674461524 975636317
27213 185799233 253390445
10301 805707486 908543430
9904 9615216 178954153
21876 140973042 276639271
88352 246620045 248719395
45008 475694830 706731092
94343 328529013 395247194
89600 446112331 530155233
51261 596138057 702400451
17301 696966891 719923751
38409 454998699 569694132
49389 344872308 478137390
52231 312872006 508409355
39155 119636774 311259661
8619 588403633 772883450
80869 14689126 66731731
75525 19806830 95170343
99447 456223977 706917803
33863 190621026 495699291
63190 701187709 875529253
21667 241813661 513299328
5776 757027449 911386153
66873 637246461 895257609
11539 766126842 968501099
18576 37086390 232822493
34516 803113213 858897544
27555 462866128 614501118
71602 424653022 611709965
7774 920094003 998056462
96474 399730959 696013172
74665 627492660 706968003
79916 131233886 296051573
11622 295231569 482832335
78334 581029200 655048579
23958 967744385 979160344
42945 414521431 708669151
67265 147204721 267388651
48001 759608822 768600375
68726 784285536 978247702
5137 200710571 448860678
38127 279156857 355444264
19974 111743183 274597222
58202 514283939 618279913
70883 840381535 848983523
65780 286127296 454398975
29238 920749866 983693469
45143 38916231 80260848
4354 264479944 401753874
68470 394812929 458641917
77725 639226345 889187543
15622 171283257 459388879
67162 259878658 383343832
79425 238752646 305575551
60235 792646076 821977576
4614 161092664 163959852
67552 521403107 681472771
59523 330872473 521950124
30803 524510192 668035160
74742 54789423 85479312
46952 141303943 191108956
65584 54286299 178045876
84751 315644434 583196716
79547 686570108 790533651
50444 13015771 159721014
21439 452684421 454066167
79674 571592651 754506301
18208 473129065 476783445
60716 517244958 688100505
54410 417574350 522158276
6964 677763829 934080621
86801 106248802 314381787
51528 592466435 623993413
75442 551621964 564248500
83042 585762281 608345711
15551 574369947 622306136
3176 250723034 453724451
31738 164000168 377563064
66412 716603122 881013719
35615 92008716 231854447
1877 521617921 629073394
26439 552043235 554869557
33342 622821493 634338321
971 578185068 761797491
13501 966653504 987277779
71942 162318816 237823293
76359 274727340 286210579
21055 614870802 622862538
57042 258303524 400097911
67654 486042750 766445289
70812 475482315 599833111
81885 313112138 590801842
47596 674762083 909568167
19450 151715879 264558174
77046 435288982 439144725
18186 213716142 403529866
82019 552770441 778380926
88504 428354844 453893163
36976 244538196 450500537
198 29 26
0.61
34891 98847791 200910756
1714 360224659 443321511
48633 522870506 740340470
91844 475004021 700677897
78908 118436459 280253392
32082 22823976 62752868
79542 378123713 563881375
43331 184514548 188698900
20594 731886697 869967848
90127 181724927 447649653
1512 450179267 487300880
7817 669125511 814717800
67302 956809822 973012662
45312 164717966 233908797
4396 20132602 47008565
97121 710708226 800266848
83895 341491844 530151325
76896 187459497 327855794
17889 9631565 176556217
60983 631631678 874947586
45735 653627678 910979582
50798 389510017 584224534
66668 478536447 508014150
63644 326491435 494152443
60348 61607489 322946877
79725 335545715 450661432
99252 312125928 471608077
23269 815651164 848521862
47457 469880206 550673218
40453 308484880 452485486
98854 114191330 306639436
68300 664622824 922805758
48834 728613925 747329846
15072 380448231 627454871
20306 508082727 694900821
65709 147549930 290596178
9875 735613068 994361483
43342 463596810 676083489
46284 838926487 877519000
70954 463307775 575616069
32362 624152417 767687813
27169 235524320 254049722
15596 777463016 875860168
46056 507511468 669283413
51521 425247567 438237283
62578 364775953 399624517
60814 434318529 677581892
70704 671090298 942611104
25493 244516424 478222843
29018 741218870 803797091
36723 296421454 503386732
52271 278021992 500130738
23625 216619549 267471008
52730 747689756 802273199
13535 726481272 844070680
65270 253599718 267864992
68900 735385779 780240485
98707 778884087 866388839
93497 684413197 726564438
32154 654232068 827743055
37422 136342507 396206314
40591 696818871 811220872
44237 89015136 162489180
59925 467938549 617336923
2967 347030374 491868411
48726 855027942 858726491
84237 909117919 963226021
7267 961866544 995375193
87825 212099612 326240953
52442 852358213 908564662
81420 873710807 877665103
7622 590919129 593195288
71121 746990018 800873609
83084 105997965 109356265
61666 682125689 817185089
69059 267116556 503488456
94674 731902490 838030760
85028 678259122 940476667
15787 226103005 233606243
30403 391427390 596022772
76177 98832944 328677188
24285 597177598 756499193
19527 703707991 827094136
35379 95613973 236518634
79602 155346064 245617066
90038 122041942 279773757
6108 804481092 996680574
95620 555987828 750926602
44058 40813699 154800784
50930 233995567 339349727
1103 762243441 827464476
19435 414054327 690374604
4531 247378671 392274357
13369 536749931 784980418
51631 252843678 291599622
69186 231686117 439184409
20587 117546887 131634284
41269 205533320 478016328
41290 38675497 75043343
51878 180843804 298203568
74613 510434588 623677494
37750 4934025 15850821
12566 173425804 331519849
13911 213826797 288801611
35942 823942655 903600079
58606 90707901 147901442
30282 482193096 641823833
92059 214963798 218501234
74297 233095356 249614911
64566 241427591 476162394
97794 430101758 697251413
33722 125273359 357348900
66092 110998466 339857754
77287 230126942 303560718
7230 285652411 424485498
45123 91778861 227400991
39233 724509246 897500230
23650 834873875 968231435
27555 90102536 357401381
32550 544453446 733443949
9726 355919525 400439747
49993 7565690 145347129
48376 427686621 428145910
71641 227417964 444721996
93997 658524581 928456210
16547 39910161 100462345
90379 354298566 372738815
23636 617546651 854251443
30108 126461757 218890893
3356 449922011 458209856
86858 812460823 915986371
8660 154744281 289535298
96670 696000277 717659619
43714 844998928 923621935
60042 722099380 997683928
19451 151290632 319075077
53001 77051914 262805734
87433 284601274 458340857
38596 146025417 234906296
60654 102967118 296687734
96118 502779856 506398866
43784 522560449 789004950
33203 450551524 507362179
1814 165033527 324790179
93893 39606027 91859354
87482 596284308 673403308
4279 416992147 693363972
48448 341272293 567084848
73046 741271754 985071518
27582 762218640 810065243
18612 690696736 755430573
60221 561127883 702554232
43120 861563046 900084582
57944 273965465 541630664
81332 730376139 858128106
65699 767737514 932657686
27709 537191279 775933576
10126 344793790 434668749
4801 362228906 624367289
70409 176252137 449295115
22924 763651132 922002720
94315 566106199 707411348
61388 538596488 691164234
24847 5625105 66816311
6031 691037601 878869606
27775 25857780 65648454
16969 703894637 926787285
22356 133253709 312056288
69467 695544672 788495837
80604 361387601 429365047
51440 774316847 811489100
18334 3153242 179025833
22474 73389396 347540150
21563 539264114 712685009
7710 4991317 96333352
70614 413385941 667376276
17276 334150583 549033998
37270 131008678 230517289
60498 68529689 185242897
46729 595667609 780487732
61841 287172543 485538370
31787 774553599 779063065
43056 271812294 437716075
42728 622439518 877124353
3921 463550129 475284547
93535 677783649 689985367
39297 478428635 649937504
77480 83315740 222635628
8164 693438401 941706276
53976 29493883 125799636
68177 298704965 399878435
87619 269325139 282662233
91322 455118064 544579717
16162 665343989 692143520
23856 401438362 402829905
24694 599034995 664134085
82629 165038412 416193497
95756 715447195 968967193
171 26 26
0.22
15016 488424306 724969012
37872 634264360 641734600
91994 376416024 397074138
48090 462113592 710417939
16618 60317880 96776634
83465 661341682 943979421
53688 638273582 734478730
24514 692261127 961552422
37809 564336748 710841861
71775 975391892 987153630
18092 107432339 369456521
38194 597099567 800497677
45686 257271091 278968714
99817 456033098 494689077
9520 509140063 665508714
53363 533254962 801437934
11160 769034862 954242189
13666 35833247 92427915
81830 302945065 364177721
98097 439072258 701594584
75641 548310738 550536986
75817 216230221 277627184
29522 253641969 352670484
2015 665387996 867113048
27263 97600434 338826471
33505 460277459 641773091
94811 639901062 930909084
58194 64241442 204236887
64948 474228591 519458077
84562 278400325 474101889
43950 959010631 987268906
90850 89336031 188479785
79559 165053413 204041684
32294 321878445 554447648
32827 975066670 989769268
4748 470027681 688114126
73225 98075104 255017547
18573 457682 86095019
15478 690596867 828905310
88338 320583720 341745564
93137 244944898 543504528
57401 448883284 449516515
8023 436375605 641993045
54489 750712332 908730383
27096 599356669 602214313
13411 350208688 579300826
5659 427352155 568958745
16042 311251533 367093061
5502 824462221 833566961
40676 304036764 485203432
79424 197879477 412435479
32049 135119156 142912616
26307 794277887 798343118
24541 555621271 615547081
84045 274991057 520124683
90401 492353741 643527793
7791 570679287 578760099
81071 430759577 440129409
1928 816386622 869466657
19983 522830730 818347177
41002 783278490 875950754
57668 161380719 192077443
22622 498345930 591742190
77843 13873757 118477559
40196 542769459 632046722
39268 377476312 556256835
63198 748453838 789298478
98922 26441067 57916322
15471 483857556 600704733
27617 292694361 467531910
75582 329874237 330552598
12726 308635902 544903066
61024 458607870 582250668
10348 301378409 309741861
83317 846544125 851101780
55964 890730555 972053914
23025 453283865 617445323
80477 979705657 989719331
56735 568841656 694888132
49637 767340713 840541231
79874 489756865 743034503
1071 289648999 326549759
58109 483625531 727069030
77981 492396763 633552604
30900 516850326 572526667
41217 917351192 921493411
65650 283677896 478899129
62840 143415984 176824888
81644 337925768 495803217
45974 674238726 860575418
33895 36902471 63333317
27176 15687901 251184548
82390 285266744 366072896
91126 730084336 819513276
58311 543972246 806809741
19208 360200574 519763699
62496 921194471 921315218
80427 713347915 903653576
60164 162688667 246424379
45332 741107218 931682869
64986 662774369 813605742
197 447446889 465611529
79920 49964320 180289019
48174 526545147 570668379
77277 363658859 581638547
98870 565810382 792409071
60709 630910770 857304746
24251 861213278 983627418
481 316431724 324754759
29559 232769486 233959493
86782 597942680 827332293
27620 235587194 242426107
23909 172156624 386966025
66241 254430808 488211771
23707 551390930 719185393
61110 8039812 18771640
14762 880092511 934233209
96437 414847681 582646550
82401 49279079 58051908
68194 351197346 430625977
33304 38083607 321528761
43381 608629081 712475193
33784 635809696 686982137
4413 660842503 883605703
57177 425779629 646894345
5864 336261365 337324438
81291 814512081 872977921
10241 323300074 534788248
13209 67016533 253746516
91322 648958895 794581536
73099 448144674 518027578
99531 326301629 517733216
15948 392481990 484783414
90745 668471505 669202092
29069 395602221 467544723
89659 677457592 869028365
84648 21149105 25335938
85497 302466369 428199967
85511 23928797 24450804
16119 269098120 417296419
90598 598165323 841630974
68081 618343789 745260385
13719 600381693 600825541
88776 417919526 421272902
54949 232924026 247062230
16732 475267499 608863118
70076 489958789 643410949
29883 15828001 149667140
82248 195046528 217387391
76409 825502343 941421291
36731 586874044 750070627
9249 186180555 374266882
97587 397821715 592297535
77260 414562100 654346998
21595 182335704 348709631
8911 183303299 380800286
78737 499248480 537147857
27035 535927500 672417680
14153 147745697 246986080
44639 198213767 393064585
24369 497146943 727825659
67217 753912347 796349585
60277 549585903 820690832
61421 671715735 690564354
70020 79466155 87986887
38398 17924003 73412196
57011 869160454 937817320
45020 309783288 409860939
34593 646508348 652288501
99796 583176990 644135627
54268 356561088 568052889
199 29 27
0.31
43881 822088417 960225660
59808 481357063 562716837
38672 699575271 709170968
6308 895900287 909508820
60757 191605175 245566499
8081 787427104 788772735
87135 174380111 330191386
16923 322879254 354536271
14643 254619268 382682165
22533 650318981 892517034
72159 507497949 508533505
53280 405564341 533869762
36376 333086187 506115261
33330 779598686 785246792
24006 110086924 255012964
21944 262905456 397002096
94304 191299439 292939163
70989 351983741 352755225
34290 824527954 966523924
55980 973020476 984444151
55078 683384249 828940459
89427 544446725 762603460
59107 36064251 296393658
4425 548097482 650406406
7183 540534265 706001525
48962 839973101 850907253
16380 688423869 886794951
27904 352465725 415320021
90816 341028779 443393395
14076 521803601 736593417
36101 46018531 173195721
92806 405896718 406176291
49796 503965748 783728090
71627 110728032 378699424
18987 776044308 875466014
96853 440222729 623494336
5799 521295755 597400264
22423 789054442 790742441
64735 775469158 940248971
50762 297157598 461878026
62429 53953051 331703228
29874 174624684 211851551
17555 587139453 655223221
35013 467015014 674977400
31516 666126011 843958210
45773 231781800 343658599
42848 284624104 462456104
12492 704319628 953106984
3965 518758478 697827411
10304 289455688 463969387
40515 191650582 193151017
65832 454065495 535427683
16351 478287643 516794394
2918 131612791 345174162
58939 186648513 258283313
19078 430922116 544881727
17252 576876740 785987358
85566 340210466 599201713
75021 880637563 897201680
16279 857201795 915250594
57555 361032841 610061265
90827 101326269 280637936
8928 569144963 711180338
91888 177510101 331244171
15700 630624208 706748379
68309 689996492 967614357
5762 702005496 932272879
40843 330590567 333996261
81687 151282511 214457412
85094 452748151 585974950
59073 784921036 796904390
82981 141141805 258913948
589 767108856 868839648
68974 111508691 167809182
16498 669710160 891085578
25470 669217189 756545927
34157 310258760 511677135
47488 216444114 440953600
55117 702038711 704814170
46620 791460304 978633639
10033 245135242 281994122
77427 239715293 344985414
2990 249402029 374970546
17928 293815659 297480998
48118 27897550 34633959
43841 269631355 336054807
72278 48138883 151396868
74702 398812813 412183807
18272 477844833 734699754
1419 752120702 915893350
53961 656248630 834445398
93250 154721002 239160185
6963 899691043 927612808
74803 552870669 732132746
98894 2923195 198583945
90390 79493357 180938712
91355 580630648 723050645
49952 367942337 465154139
54674 380823268 395497326
26597 319380868 501937312
99237 269555625 314929064
24446 382701738 558495715
68677 833652731 835755642
26828 650628514 756362635
94596 318221930 355228552
4923 849452019 994238947
50171 305630882 542438883
16075 771189491 773644219
15149 183579702 185956030
52651 552474239 780115336
91532 558130819 794773373
38440 637897238 752132910
15259 699977157 971739037
76550 747112789 779202241
25172 227499638 272390370
99788 18396877 222908727
1547 679919575 770904305
62021 687476442 887029782
72884 929131128 955221029
15204 554603065 695812069
83617 656649060 831907430
92808 504358222 760363252
68815 645225394 903220484
4481 24708609 31762794
11042 456380034 566490187
35314 234858639 246702659
1198 400860202 401581210
26776 822561991 876547610
1112 341755212 602379612
16875 133468456 136922098
15197 515693582 577324652
56163 698857721 937268508
8113 577083779 811989577
26621 297817973 492623061
87179 201936927 344372001
80543 652003269 659243737
46240 121377476 248547088
28088 646836668 743394457
94094 291765232 359837419
49644 608187251 695523563
68571 14689938 175460208
5519 258574244 376024859
29821 683932050 795678782
4240 592319087 683974254
83387 11713218 153313508
48409 240801613 393649169
18132 181729534 237234315
372 731215698 867482297
40255 896178723 976075377
66480 561588935 573900866
34899 656848862 831184752
49157 303284040 387180417
11849 52690248 181091877
65141 178354736 276341976
42975 666791109 819419497
56660 559605533 743593840
30911 568514728 613134980
87434 162354667 345216206
54752 851785810 852370101
90167 524536018 663228296
91435 432286524 441309521
72854 272056608 414958331
30753 681128898 823260469
65126 419819048 458340496
43900 83864104 291906668
96389 351498249 475071661
9396 870001829 887998631
28510 410121333 464022959
82403 210834614 463799852
93766 386804618 609644457
40683 129729510 304402955
4450 626038896 786820737
37687 354944074 378014459
67691 589118269 684790416
7840 493436687 686812435
90997 589201873 818849177
74097 784414768 887459193
86476 468737099 705191093
14702 115238319 278597038
5825 513012626 575522596
76145 816663786 832034953
75844 756451089 903423971
81205 256041435 478688318
21459 586332689 844533538
51351 137987735 348573883
27731 200646767 358785371
93018 571587085 720684037
22652 591152865 720867786
40202 106374962 352434240
33050 965432358 972189399
94180 703950564 744268367
27473 399029451 506529121
47061 813382628 848699784
86978 214989109 332825992
37473 118454989 298970926
90508 706245919 898053356
81061 348175065 543755553
75125 347629780 595730622
72799 233792422 439387548
190 25 26
0.63
75304 271056565 281254798
89085 354895250 355785800
48675 462109348 480406606
77743 827448144 884867153
2520 644260867 873445002
62764 181992268 300394061
46745 826096740 881258373
39105 817455995 996717038
90858 141060811 147006786
87242 897100921 933390801
26659 451470703 583537571
95244 524615222 649500398
788 391957887 621007651
16930 2764315 74493408
48777 370273821 608254601
3900 789877739 873495805
99278 269473945 338166933
81955 649851849 893000807
56757 433341940 433759412
4992 7749343 73521706
12150 227759469 230879357
23262 427535881 441444927
65751 311796418 514209163
33678 184240082 331691494
66540 721663485 869476800
26378 493070380 713575256
91809 66774274 123899494
39005 936166292 998571273
54006 627487160 747080868
53921 602607707 665061495
21899 573545359 683811978
45481 802358824 821249337
33534 685471486 932468805
20192 618721750 672819108
76688 524869805 527617911
48306 576459071 789695053
68143 811828749 813710386
19755 210523590 299319405
7440 441985438 443290087
46525 83405163 123587394
63387 263184234 487472787
19750 389973096 604240773
45068 847186383 997041321
20050 271277585 538484686
49336 725499018 758354383
26077 430187375 467931428
4429 151439771 372665442
16828 867770001 924578098
8414 814711033 832160133
75933 137826673 140183469
16926 279431485 464448718
10828 565821678 820107266
14859 813916799 823701135
39000 706155075 708544878
65421 368219539 522926867
93527 598793845 730310708
48287 184761552 402065807
23846 262116634 510620241
54798 828066096 852444977
78163 180604262 209749074
97088 691763600 691793943
47326 912139711 915696857
61560 407968759 474280627
4350 499565376 619576475
61143 615518425 622928450
18433 246903961 320802678
25606 346588424 359898053
38551 36386902 161263347
86514 330980412 563860896
57584 42406790 284670120
22135 39080022 40198861
87555 77165929 136305472
46752 829028447 997115358
90737 76327322 243340979
65230 263277657 427381719
27753 167903919 320396803
2264 178876655 308223680
7086 496119423 680297568
56658 749193414 826607602
61686 719146436 799419738
38450 36111073 274187516
20437 771311458 783482487
82479 525107798 761889917
29050 866050243 875540907
47116 68179547 195449370
9753 804323800 903265427
94356 161577610 163144162
89641 645482062 736473104
58790 297592391 545276682
73807 12253494 73031589
4596 847957719 853459617
28220 318392562 324695175
88518 39556482 304813052
40370 731576765 992238964
64197 263445124 300329194
33101 480360767 683544080
30518 63502454 138669980
88288 175028853 441807489
93155 214784825 241194910
44382 71144147 250828216
15745 457655654 713507792
58299 626565084 893698948
87950 638885866 724152311
7379 193398325 354927754
71353 686826094 723496685
8458 553241159 555210133
45255 224761077 381831004
56115 990812656 993429416
88020 822063355 857795208
21877 435903587 622754312
64247 429584030 442415689
42283 317117707 323748289
32586 639126910 886023515
70731 169984687 254963151
87977 121227032 387269737
60907 499700836 747756082
153 202756890 223096706
3584 756967604 871397245
24459 775846171 779409511
84807 551417115 647688407
69441 168215126 209891013
2215 674081322 800579339
35697 759151159 903596034
89495 23512482 51850710
43465 318537619 320074511
50589 30556085 275117334
81970 299784345 459645884
93847 20624441 228382865
85976 599112227 844924995
59294 757944206 759432137
87497 429522270 437818515
61480 714875596 733701878
83004 472599541 670564544
81677 771116495 928707655
33685 515046239 730953804
95629 676606006 744957967
44743 1906044 175998092
77681 706094137 716897322
16697 229173614 457174791
22959 319767115 374205308
45580 843062737 876842127
66450 794013725 951641888
99613 929964044 963011421
47034 360644758 380887907
77543 231215181 232069022
96672 457744051 593503813
97579 620231324 852338083
2557 202574518 328228535
60466 408210740 570959666
31596 710734544 737465129
26067 800049610 974106257
48334 286052788 416203437
47665 424787484 611867397
25261 633445740 876645193
81383 747235334 773659220
92452 178947159 310747832
6023 698985057 865006229
74749 804740248 808692919
19552 573354988 807932834
29915 595005122 804657765
28734 719124519 819626269
82938 533777736 696281092
56823 373623861 621230462
22324 304663063 464302236
92260 778556898 869812978
89093 437487158 560488298
396 558981699 591361141
26642 66503819 110018379
54728 10351808 215845780
80774 733505399 855126487
44739 441396799 544582573
58333 242689998 442722722
94689 762098444 769739201
45126 302356111 354580908
19330 402212038 593740937
82307 398236748 502406816
23463 852112198 974133151
99187 586299002 781673069
34357 450603536 458437011
43442 14127247 33336484
10648 974264272 981483470
26528 248330379 448373675
1066 371241599 442077872
74304 49747994 56776252
87861 590190409 854336974
76514 620186110 655986921
18485 727547132 904139729
55491 221749697 343615970
90114 485823440 536671151
30420 126715577 228434655
