8
160 26 27
0.26
63898 808436409 899052275
71039 921294071 981046012
97014 664185509 788070260
30483 578621775 827125517
46163 737764218 774874520
87350 268806957 278472055
68443 53982960 176044304
34046 15229927 28435762
90622 664738876 796819283
71431 209194302 223061360
62755 276784890 294757619
1066 302762960 327982287
41729 587455133 713651658
65805 384007242 550750626
86636 309701270 608763762
28605 575529374 848699065
8497 211413810 288118219
92218 797090552 799800562
74886 484078717 673821516
78707 357558724 493544270
84253 702838213 798584158
85971 433189590 669107687
36568 500895717 609136828
64826 430775449 597639507
94913 63999737 78754703
74863 44949394 333241414
11867 22824803 109777639
97140 183946917 361672143
61972 488009353 722957751
92187 839065568 858776169
30300 402285358 455546107
14329 730253483 744002139
69467 604816369 685910481
66200 78331145 241455565
18078 596755491 772029221
12242 192938660 495338313
59091 348618258 614333973
27836 290388356 600390937
50390 400491764 449096563
46879 376970834 618948095
25771 113051023 431345782
69933 113036280 390222795
41709 525696811 612652739
13234 549055962 605221966
45543 76671173 220747775
74185 79727634 144646637
54274 247218608 523566391
41138 136821685 365504184
61055 662072697 680438140
67489 412309139 639121183
24069 175836135 446912311
41145 489374311 699969984
36157 173934150 403580839
6938 85329707 245590686
21405 625570769 663713966
30326 876272948 938893656
4707 867171207 984460886
98410 245181553 463704314
19683 167941834 173247546
79244 935993587 940556013
78403 644036065 830849088
50497 586541146 764301935
19685 446875576 621772043
36049 574114305 759075685
18789 383199211 404386592
78877 372548533 506815695
17284 391494556 391644887
84784 776303408 975858161
72068 11558984 252606811
62292 909489829 969830036
11958 139726661 261058706
17799 321068717 509949484
54577 229055661 303578652
33935 733852791 954416153
49669 930185445 998979871
3370 619829422 824885032
93359 458503374 696111238
15881 294794681 403062105
10477 659399156 666954393
40670 232926747 524384518
91829 676723918 698094957
65716 92733370 387668593
14050 104831907 316808494
97215 664258287 668886046
23375 256146104 511810349
78004 666372310 756509189
19432 447588109 495966297
23386 14665823 230626396
50653 836789706 843703542
25250 347549950 506978103
17753 603467750 881810922
48244 267035340 320293471
7443 936353491 936802062
38442 813809773 934640815
44963 472288417 637979845
44801 228194680 258699109
24440 634865417 771801659
14957 162015902 242794419
59143 309361455 488370047
2989 300654365 434098093
48327 284861674 398044650
39872 341691045 495227602
7259 335181376 459136738
39639 400395856 639203711
59888 560874450 886997322
21259 907677810 985387046
40745 405619330 451144733
54833 218925273 283483356
45304 540341808 544319910
20779 294074864 504598511
91310 767604607 855869058
40354 853426676 930291871
57812 557930061 741885182
72177 107038930 387106554
82524 832886223 854208580
92100 514845714 515358834
13714 498501645 769593309
21537 154637309 315863458
70168 672988243 918534741
79398 451737060 578348942
99889 39213383 112202781
82228 367598384 641311057
28892 132197331 355736908
87114 796825924 887033211
43333 20116861 310362617
12502 708957259 718904410
96726 756440041 951521061
64168 599950470 818236593
41268 317055755 528825532
38504 369137546 672811151
83368 347586153 358728176
46410 469859342 728743838
20123 390736309 436464347
82335 539941907 690750166
32774 95534561 415484275
5838 342255659 628062124
4041 956950493 972245274
18019 311364045 387393304
85979 434641489 598707928
88039 506327125 539068968
79298 475297325 751606773
87953 456885609 514975757
78404 218369213 474697335
75964 382534986 415982280
35101 31675939 165630360
36186 662923140 710336613
16563 101393110 176715761
17800 174423540 367217712
74119 195721558 501578638
83970 681523791 869137182
32141 138386561 326775557
30712 195208941 304387036
63230 31064035 181085655
96737 469701350 697489861
7565 88697206 146924937
85040 647169114 939928652
8407 835936755 853628893
12422 134958095 404280888
82783 892324698 922088314
13990 252595097 421186473
199 27 28
0.69
61708 580031223 810784972
85384 3945812 252136464
9415 825937634 886599317
29020 740403213 953834617
88720 823761664 847412921
62437 31627546 177928061
92746 358696143 530784455
84848 169055412 406245376
84000 253728668 321618375
17187 615481675 616156925
15161 530371512 537614760
70834 28269298 278979336
4490 376538498 623855108
49778 426363136 702391035
76588 830714147 881106568
33419 127143200 236131271
55310 422522811 533823837
5297 724847570 818895172
29420 793644924 962341770
21333 29372171 36332388
90881 620241531 622478503
89144 596874962 829365215
32345 645970117 847618551
46496 349915279 472442102
42891 717824171 960032576
36399 139140453 230012442
13029 467660744 471510316
80625 379964722 589770162
55465 55811242 192511453
56276 477142816 523956102
15991 131083237 232254502
61406 316543767 563248838
96299 192128205 240637847
21466 744566307 770370122
2026 218170680 286447216
77299 753661178 845469186
38295 248460878 357411738
36004 744223848 897235213
96811 318274625 483447369
20591 216855078 451912368
98276 546754661 791782808
42702 790779881 919814927
84510 674169644 948820588
22856 458194068 587713420
85504 211477112 458419782
8421 429264433 654483295
20537 218153005 275657617
94403 735985425 938180178
31659 8172550 171462105
62025 673232145 784483331
12007 150510901 362885847
80189 208598937 425946791
43386 479539369 598908266
87634 370536504 630625137
87526 172655020 306564772
48357 211560125 483190406
11669 892368058 944118952
30888 174123589 184867040
44714 627871899 787743300
33503 778565593 849594373
91736 683131534 703295582
49418 142029091 370161461
68152 696042777 743872181
91138 262104407 476315912
47446 612620688 839369562
47240 365599386 577162168
47339 348829952 615991958
61659 260452329 507055416
67473 717176258 958839564
50601 900873621 946523750
34739 433399869 594701518
5384 189040768 456439652
10692 733996400 841072514
5926 375014217 396128878
2289 162838896 238248761
15838 40790370 209502503
47897 426803459 563844262
27565 200267478 420290098
74557 556256147 691577655
39716 196004799 292136845
26995 473911407 554977388
83679 466585792 553584874
78880 689613253 696222212
30837 207695051 281862189
10566 19936274 266066445
82546 539072370 681589801
29050 326622845 577114157
82242 786140446 944975564
18298 57294033 331799499
44431 649538585 770343741
6461 640636632 785575455
76494 99474007 350621669
27499 310617966 342023970
73301 566417136 566996693
31632 600189835 798791614
10704 480631279 529877080
84236 668658207 882643451
87476 688319647 761000464
5773 215073039 344338626
96756 28151033 59861018
53375 2488652 8076729
82611 680548888 849404645
61411 3656649 51178079
53050 354537394 522346478
46174 547791185 699405082
30764 453034625 610890400
52500 724513859 869058437
85366 963752184 974304018
77814 529326718 533677594
62538 416924535 506900986
80440 39567454 199948224
62734 677111737 775260177
44775 797573399 799005972
53969 111153440 283204500
30073 832164328 836835672
1312 232805943 466851817
67781 657412924 916563795
3670 428228794 512913673
88725 400623180 540190391
65721 626727358 760998766
30458 495682160 497249741
28707 846009715 849378851
59327 154287223 310297611
9406 689107527 809699725
70017 92017680 341057849
34581 811045990 822670515
82302 263941434 512576019
94343 637271731 668171051
40877 637431360 827107355
96382 766728581 899054330
48493 390484800 464941075
20031 399714326 496630333
52896 459622147 560838050
23971 349028167 574833597
76217 8093466 182573020
95334 606987746 829930670
16180 714467773 748498290
59710 29264193 64246024
3814 262675139 464538766
96335 465580497 545848928
65014 480733152 647627844
48093 594359445 834181699
31691 224255973 438240802
14434 494327883 718501411
61925 146205 173558410
48609 113174575 286351627
46161 664799699 844767949
29179 162995373 396074513
88824 604397153 837872416
29633 608842668 686028362
59703 828834920 887578995
85769 843852018 979313011
8629 140263508 189649385
40484 146154423 344101546
3665 723870588 750198918
73456 778146116 980099422
87963 780315191 782624567
11530 734992766 898221053
40517 122339961 383378983
96263 442169942 613112923
29177 197648232 297674792
3012 677412786 873756982
20749 197007631 199920065
25915 24812498 59823265
18932 799301358 857878177
73336 560521177 803214359
86135 778322487 986191949
36106 626885810 715499414
58053 388903745 644660539
32542 647914792 784713469
34056 608747502 761478750
969 40621096 313541841
62457 450920912 543824278
90533 262536845 264114850
73332 516541272 563991122
34911 15723545 181799234
37743 657667485 838923924
6862 767548992 772150497
2696 468000591 704652472
8488 544344157 557515215
39421 592151936 756030905
70192 46269708 98899728
50273 492389993 706049500
22738 581332335 770448429
41004 82530379 128517954
68179 297283944 475191095
25010 629131492 686191294
41091 804622932 917373938
51191 823926718 945346604
51253 20023670 90470463
26882 445683682 480962305
74641 382155535 589326722
79376 374640724 468275624
38568 751457504 978444074
77131 585405438 607896270
42280 683990463 899325739
18108 299465497 569309289
15346 778816753 818337855
2973 929330804 972643598
180 29 27
0.36
21278 166990308 174585497
89497 276649589 515376510
57760 340745762 507073677
2125 530087078 559293385
47993 88129830 304353375
9167 406363710 539238677
27502 165484744 347794375
89247 372318826 518613206
84743 602899092 693455150
92930 283745879 347661856
66118 657824983 892001437
79932 381122232 506095515
13114 134816758 348509854
63453 697195862 770882535
99156 689236230 888218589
81179 355386440 538621858
4794 84085061 149197801
70722 494593472 665681629
20155 844941249 848098930
19560 184811315 217812671
26467 701376974 916750451
20580 102583125 196166967
431 440474257 621240683
55519 316013331 367760706
61604 741691439 848650505
85484 191121157 416433582
64316 489556998 532450370
51637 218250316 256626020
90432 462943346 706491833
14583 562318509 701261537
52445 533183310 744560352
82032 16455558 296707907
39441 408616220 422124890
29718 552526973 710501509
61765 237619327 434775524
43946 764288263 887651053
67712 676518423 746434290
9292 107002106 404303072
99738 91792600 195832191
38674 22854046 24552130
36590 268721536 573732500
45204 577771162 580310507
75732 327242150 439248042
5674 991043091 991433647
32303 727907500 827969553
13977 543731932 625647686
27907 798468807 816524499
35338 929496270 930271692
89834 450005207 709817884
66716 132093103 338963025
49639 357591934 445880617
60060 31776666 49509374
88538 119365599 221723041
3538 273281148 371329564
5973 215890578 305349327
3774 685892647 791638603
95504 299064206 306036211
195 741273683 770191550
10809 524081200 526094347
72739 38746824 52552920
58574 683679249 957590135
92236 805860302 992290098
71182 474569245 609288321
95954 895570987 898220870
59949 524694288 543051602
58078 193698388 489736676
58792 304123987 416387545
90405 620707154 695462307
35288 443484870 685776666
38269 95989230 199046732
17002 749297234 991375731
90092 683135013 794631536
36047 616351440 691258692
41281 331877966 592905995
35728 898033612 959800762
5096 33847650 149860103
62053 698284732 703395220
53592 546984550 678086045
61607 663597149 905055861
65552 528438701 704294652
19811 741553120 860634454
83426 879008270 997081138
52464 429572636 448319437
52751 567305267 821351021
54307 437740568 694052400
43508 143256383 183072560
36193 211524135 301916324
74851 307817615 359937994
67669 530920489 547567157
83926 876042857 877035540
29347 307568314 549551000
62080 703575242 879280672
68445 277098611 513490874
85253 520549515 658608094
565 70520762 179363700
3819 714561750 933490899
43539 404719810 500159542
60593 268169126 387816430
36871 68621752 296947713
88544 127683974 436825809
52737 407360274 676411805
60736 374234104 469711346
77216 106625326 402852294
52877 227129233 230923913
48137 149207650 153285031
32362 143020693 453255959
96089 599961219 887640422
36788 994388688 997134009
21469 145288947 374258070
65722 952890687 997369424
63424 447047341 596071945
4749 784018885 853192523
19109 15052562 18670367
60659 635165741 792051365
61206 454548135 534394898
16513 271313887 369548098
30301 764022961 838429839
59081 349891741 463423348
64657 393237625 528985283
85904 864878334 954851840
42099 679318128 852834336
22308 531925270 667605039
79739 357834395 432149941
62540 543031323 667704279
64557 320938254 481345425
51265 299593493 527318777
93233 25969190 86360994
60924 665004874 762993116
23298 324703294 330202314
16048 147227397 248205248
52036 119997212 141905021
65082 395419360 422580233
41532 750910023 863964403
51191 703650387 937830323
69756 743852790 958287431
57877 772018024 925947655
65948 321219847 409815007
37773 235505228 376145576
29424 163177242 274133126
89040 143198109 241027023
73430 72026244 133909590
90624 763596216 988076883
16367 160834957 467791948
3873 371833503 595997336
53040 674739124 829768018
95728 635351700 761264549
99962 914055930 998045140
20531 325291634 621915995
67912 705100802 956504311
17809 450222358 605608384
30215 785540657 822322279
89028 126116966 287320501
22507 680662267 855514097
78477 388871608 528189197
27008 220721079 262274093
3496 688598695 744766277
17151 608268221 718762748
88352 815432001 947425282
71586 677883737 763427673
36996 408706159 526583501
46170 250081390 394502320
8378 469560321 480577175
84447 43298538 217041358
64372 244149308 445386603
85480 128649011 130509632
25409 566773597 874882454
89468 684361463 726913535
78789 306584202 500597654
38665 798085989 798922716
7180 30792120 110307393
10899 661522566 806149250
52315 597592555 792161094
82608 250607233 370940749
83241 496963242 729342270
29522 367136533 653501668
25773 315208026 371484547
82373 658606925 782024402
27895 874691549 903402664
48635 451506327 548565071
49700 306203365 485048417
166 30 24
0.58
65828 478123533 597245751
18326 883415641 886836487
3410 160356628 192574758
68531 485585388 810207525
4138 35573748 38160234
12380 377939596 443672761
72607 35686607 179775498
13864 780255410 923401424
81679 601777385 729221508
78668 693054214 763001881
19163 329899205 603651880
47885 743191479 934617241
99218 592261458 727663698
77174 29253127 65928546
92271 900285418 915018793
71852 460348508 741495207
95653 646216139 838967886
24447 435541609 661788579
19064 502528041 686148837
12418 618927695 895710733
57295 170612354 400554643
60925 585652563 646544384
58695 721728365 893506076
16737 428930478 626747552
44234 204220637 372028111
55836 119982989 381548266
8288 154601269 166914195
34574 670141315 783629529
4133 224710021 389436974
73148 661204665 663511517
64475 69522433 69804453
4675 680317306 892650188
95746 165360379 180948773
81008 245313811 316264069
30919 348626936 357524168
24078 71146174 204354721
91225 32133234 283183061
64 161329513 179249823
546 648102089 677034995
9648 378391197 502678679
3572 281009636 383578520
53928 464146404 484055054
4098 67745392 291364882
17280 246967933 481722715
54353 268202562 402312543
3223 503935853 801072905
46767 191933430 325966365
86054 913811317 915535122
83331 23049778 270917522
86321 138517641 447915938
16198 820896253 882491101
74400 801738017 872750563
9617 747878745 910104880
99086 443857466 688151234
90072 234932964 353083799
72480 627967195 628482106
42230 665281275 941402396
31960 713148083 815263600
9672 850727268 959901986
53387 739281278 831616960
24959 557397481 557579493
35761 585921958 676663784
29521 227839369 468568260
60219 588195516 674929309
49488 387496940 506832364
1483 655861412 942127464
13310 549073852 570468828
94815 739006302 777008935
3391 648500909 766287256
95277 814056895 822819202
62928 538711770 763950370
6102 799540171 849368811
29624 435407260 438347492
64245 265194510 352328867
62620 312508421 532603730
49880 186810668 377463884
67031 286497926 563628286
28017 442196766 521582414
23434 71622104 142018796
61357 863110996 959827777
75953 63293985 188167296
89860 582981396 658908251
25303 253637328 303001524
97619 63324497 294525700
10923 138195414 412226046
57160 356858340 489285214
16916 663682659 715772964
30524 778632169 837881721
43617 315938818 473217101
34022 119580540 336053276
74948 406626176 481947618
14669 715214121 877152262
29473 203224095 203304565
34239 674422484 997351133
60226 889817712 942687821
73505 534644817 631153574
1133 264974001 510155491
38119 154436203 467151962
1945 22835721 204636453
7300 365269592 381249259
51613 632717683 658531886
356 455509860 548602371
79658 502898611 735238154
21497 99215415 315805115
48635 530337222 549469732
65043 241269378 313776023
61482 388837193 538337296
6357 547659581 584907606
58437 76497780 76774786
17220 59331138 62846162
55296 780156629 872412617
46529 457579174 588173169
174 158430602 461225598
5337 438430106 481730097
92299 908218866 961394851
379 842900145 853057574
88541 647363931 837699066
88107 565771927 756886260
42331 176595718 227305434
48981 908553111 973596224
55820 221013175 427651044
27429 278216338 519321908
84884 136113815 162929280
37301 239131347 506858615
6218 508704053 745870423
68071 615115416 632761539
85294 530102687 602018084
28020 123514800 249927861
58 293207325 557162384
52548 965754139 967244630
8791 493236798 686656511
4639 785903805 971555684
46354 126376909 260074191
90500 669346176 989333911
47375 412834483 418691693
57305 737917538 941708493
64893 763627636 822902580
35299 444821160 659935317
42186 460707741 765939407
84343 424263574 473817217
63065 390066418 637647260
64048 767406406 778101111
48050 948479706 970746234
84514 495784345 566578001
32954 669462476 935367165
61615 402316268 497789422
14723 592492216 698542488
82425 608023588 668903545
71621 278472889 458687607
96184 186060220 442610436
10125 242348335 276189982
82156 112325534 275485304
87670 217991881 479205049
66517 422921691 643159516
9302 54612819 236606814
49858 325646440 331190561
65978 682165511 901997823
26472 702158941 950972110
58773 39621626 192412376
3348 136962327 320460214
57685 974197797 996661934
53987 90971324 158401891
18008 543893453 681932776
20880 572602166 657454630
59230 98550431 382772253
53485 961535889 963714752
198 29 25
0.11
17844 889829412 925711940
31274 251818078 481244907
49400 338680906 607262370
4741 607127702 640180382
66644 10047553 215265898
27238 517227707 635138778
32297 604891714 667359408
37271 583823479 706057254
73176 89146307 228895639
90980 820504354 834895531
72596 682017204 928533392
64106 647880894 842817621
65394 878670011 966335074
73998 908896670 945027551
79140 656915304 789772199
23856 680057093 687025731
95205 784444472 862953781
67007 608152048 669970497
62262 30184681 127485871
68271 79817948 205913058
11753 556986854 735032564
64297 169201617 429808437
55420 64849461 204566749
39619 499501711 673855218
78312 813974283 843205391
67120 546466561 565440059
12699 607780722 614313668
1146 871969608 873152289
85860 185705727 447973622
30798 589888701 817381855
74541 567959599 671682704
87030 870699940 920388344
74671 94399793 220402068
86157 116514366 327690756
99328 674970731 726480618
38991 608072339 615393990
31120 311015759 400173533
48304 411487605 420560401
34998 938439667 948961010
60430 424803172 638850421
2885 789752616 835438535
65802 202009339 421189019
96579 17469792 171207449
19571 532690053 630483545
3740 163660258 346925109
17828 699700815 930446740
9362 52778235 139411790
3889 602581597 869907006
52728 732415342 951012596
85372 464049019 557608338
7744 473599101 647509912
58477 154466650 325737824
20146 88532329 119856366
72321 20368692 176455741
36607 74515481 165129563
77442 781556415 825710066
80726 710127101 982471206
63064 464349274 518342460
55733 576338335 636006640
97759 350400209 428405741
43074 777715563 810908707
16122 385709799 493395043
27290 760014733 974551598
61191 655215632 722844445
3370 423457824 670061522
70387 353202737 608575702
56638 379165637 612641391
74896 389790193 640024641
85495 425663499 677625913
24261 671130269 754717026
83552 300358940 305392257
18597 310490310 484414815
20291 947727836 962095822
8867 705351159 885684114
2328 575671371 793300817
2564 215107003 333892788
16766 163035035 390850007
41206 388898003 492716879
88558 265376506 342462424
38945 798193905 952632333
15468 278373451 379270590
20476 886974686 952142008
36192 260573872 467006515
17441 526160386 649351385
58917 348926730 495650942
17412 44120913 86564107
88928 451276174 722619645
35808 739293335 844697496
95540 226819506 497713405
10995 690765297 793148900
70580 316978036 487849869
41580 190130599 196690247
22777 130275311 227304133
92898 92305579 322256928
88437 89564958 348092016
42311 653020670 713657203
51943 436014973 552819060
17853 698360298 705499607
20720 605478911 807328109
17704 56450775 153872572
72006 736764269 845639334
45093 325663162 585973007
96072 762627908 762803320
25243 441866124 563560345
75090 386871584 428030905
15471 388677823 529030685
45746 452220426 607297829
88445 197994186 296360888
75162 467675296 667437602
89572 144367540 193523023
6423 920078194 956222462
65152 16704886 107269681
49314 569601559 634045755
43839 269172559 533530969
90805 491802006 609269156
16813 593532476 719287556
45121 165120974 374947048
274 180642497 416217325
45663 445209683 490381421
31741 260434196 399601250
25316 549905381 783601917
71041 580136840 776720129
60793 844490225 853377360
19263 355773893 624708809
5321 854044050 868200412
71172 394448125 658177083
17948 409144303 678864855
9974 546225272 707979567
30949 324764421 443171947
106 562836406 681597893
99800 666959171 758040030
16280 136509174 355679231
83359 152378045 289735514
56337 689992232 810840574
40653 826377288 927994527
31344 149751128 360201533
34866 762547288 925974258
79983 90303725 200769535
15665 470445050 625816966
24028 699803855 790410175
11727 203334233 337579278
6572 627156927 785438210
74733 196876541 412444109
76751 687086042 728461177
14745 788330624 983046822
81541 341018906 573616640
20224 133469806 216789446
1584 903142792 926722343
71559 979359091 987065412
22027 2963335 15502026
48410 55756581 258338900
43098 737283906 902644600
80037 232561074 259426315
74914 686035237 715368854
40834 399413918 455196739
98906 41733856 217879267
85299 461912394 534635057
47362 694773728 702515874
33649 19545313 79420341
27220 591671561 791786950
88004 158746374 204877325
67034 662347718 839534952
59957 640373181 910736824
95071 447112376 692178429
91169 625495480 637709313
85384 397096775 405636554
21647 264278498 269690413
8996 290520904 325233156
82308 182656496 208902530
12034 726263232 797917409
85493 492793486 684861450
48835 785766210 805542142
24701 278492694 434947260
59120 460640447 719208839
5137 398179062 567330674
18477 763603125 764854772
69745 189947478 207702651
65103 189178358 365314622
20031 28537292 43288800
50603 392247958 407693922
18645 396422123 503931112
10863 86016234 103016646
93683 430125099 497602022
23574 770228380 920377686
69239 728540944 917982700
37398 485018696 689654720
42065 74681775 199582610
7133 771168693 844355299
26518 859675072 947159085
57340 155675906 332312518
15283 851460231 943485077
67010 613469155 640884039
16005 725152836 726713212
40333 170425564 426000175
89287 527123847 784618619
46173 381981307 510992874
59596 507577827 758516396
90090 123817823 130066332
164 25 28
0.43
92074 564420861 601142701
38602 850935459 857820318
95595 671353391 698284925
26559 103080965 282222076
87317 70529008 308012687
35113 678929194 772430912
88968 326096982 367749967
7940 310134823 352114411
53161 627910526 737396331
72563 69834745 246960125
73110 308201340 422138402
24660 334067803 374867726
5721 864612580 876412341
81749 587192100 818682387
80193 585172070 652728817
98981 913313225 953805090
85070 234427237 255164910
87854 17073577 193174260
8716 188872316 478875930
12354 391908505 613264359
93410 503607199 587188328
33684 235849995 337044907
56939 174716219 304268909
39562 588814946 785312614
869 59620654 293051625
73008 31085080 329446017
78473 80872427 327869677
97550 172941165 384214178
98492 84304048 268712088
53021 149840526 162360691
93156 143965982 298453821
85718 736853091 880100067
3453 477436425 494642731
61101 886582008 969125070
43116 245500703 488736208
74109 693072747 760042438
74163 148984725 458359162
44068 868660713 891844841
60903 400436530 466155977
99377 193319980 302043257
8448 460980614 657776224
51963 738486580 859602810
13008 285214255 428186692
19668 676821122 850978146
51286 673390725 864435335
78334 385436413 394870305
87539 763550386 853851634
1854 862460901 866961613
88413 669592683 679890614
54286 736921871 942134582
37843 341656065 360772546
89016 591036412 785759470
73137 215975961 349942296
46144 616178137 689220787
55941 477907269 496681082
27906 419410994 419679760
63297 65960502 363652234
49981 623317016 754082152
49362 667143416 925107892
71310 425161303 697422397
2673 567094279 846464401
71296 465679977 664483690
19929 337733158 370880915
20770 726228033 838619469
42873 286214734 589539444
88795 684284628 970555527
51818 361022140 378923240
48282 296013405 484937414
66467 835508053 871312369
78642 40678106 113091911
75404 29356184 114348950
61381 504943258 624589634
58801 698355468 731907830
99422 10693874 79611391
19608 57834421 103517341
37571 229561390 315563868
90420 415125103 699414667
50923 333347912 401755601
91611 574691997 615500129
70829 677075038 738877185
43670 585759305 613292627
57466 747567226 748845970
72408 383903298 683386277
39117 302357876 610484283
21106 70527588 212473662
56704 6700988 205896546
8420 44426597 351785175
67361 214669754 334908047
80534 21406904 94241167
33701 665526891 742160440
424 158580273 221215733
52029 122785505 322132162
82824 249408946 292024270
67846 295584637 551180748
62115 845916527 943514173
70054 390126562 509228755
66686 149421659 318623755
36596 128889340 177796956
18918 603555234 912739857
42359 437401299 516075511
55780 306626395 318108655
36787 531523386 766058717
52245 839347318 892732678
37024 754420731 797681719
57178 202609135 494692997
28 340509945 658190508
7661 374298465 557057590
76322 105404730 148856789
55636 682601237 734307486
2427 298616522 394970038
91480 651825617 897379624
85492 708420491 714414122
84152 762593697 970443313
31601 220181412 393063921
98106 569600445 765700765
29025 90450041 409469591
48099 637368573 717700110
59795 519663347 800704826
84232 94141100 302944710
17064 503293720 714160993
24357 632657697 688411580
67657 408364343 608677264
84876 656359770 915591661
51707 459233963 657775261
35136 551429185 856353289
39152 240780240 357025728
58339 358128389 617487075
41664 508915848 511081648
32333 701980170 757521055
32537 686476482 943656103
94334 686650532 798957082
68019 367512038 587030198
29654 509871328 791385575
93543 754044486 849330301
57412 570709323 840526995
8674 248268659 424590688
35453 759799766 877730158
24661 146556895 175254455
58799 425287410 716955281
64047 695132061 848004056
57268 703183757 727510451
86446 502015036 619349708
54411 9213953 194783456
28850 545579259 798192804
64483 643813346 816288969
11731 758315403 936426281
8506 146969583 250226670
74133 22464423 239414012
76742 788506850 995409707
28889 517533833 832451403
83154 776776358 962020311
76118 515329622 771862820
75500 696261511 949044732
25224 644976928 658272960
80157 539248615 557247836
49736 637833431 638936578
88985 538507615 611205671
86557 499619985 569460260
61976 608618469 685445815
50450 628235894 799274128
65828 207672296 218067383
41512 632799244 635474030
57556 270396269 390499742
53966 440543965 621811716
176 24 28
0.89
89226 923284357 927334982
4362 742536654 903275359
22111 194536201 205065356
8076 158210969 170537074
87476 269323356 470140191
13004 159243320 304153102
79576 905547631 908360333
5774 835500056 898374316
22585 670042139 879801269
71913 812034980 868277481
27994 169046814 385399033
91415 121322981 139830175
84995 50840478 109117749
7884 544318975 640502000
55160 713295868 736085760
62282 425582301 610089348
62094 664747316 804673697
68915 187075599 283055397
14137 701381969 787980260
43486 386730249 470810793
48458 238941097 364457303
41742 512540448 622263275
92344 356692847 640596348
81408 14360095 285166911
93500 800489830 985815700
47011 225156246 362652466
62818 32117380 153557522
41262 486664782 626064234
68541 145864654 151038624
4045 579862083 806900196
11707 923935772 956375462
34524 404064798 493976201
22298 298797429 455898802
59288 646958105 752809272
96953 463401981 636816808
56339 885128778 984164231
39058 612156088 760086974
41607 793862490 988842306
90471 332178299 617264096
52941 491022620 730409414
11931 130640316 348867854
5903 631169816 851794707
26788 84704499 346052931
91515 13426256 264374711
4990 372679023 387465107
99417 63972658 235760495
76354 33146780 319437986
83743 258852973 490350235
3734 250992619 331426613
84003 710889813 787241842
5095 11030061 129140177
82066 133497904 210788649
48917 764841596 782366936
81984 123358041 412473151
98511 182855536 449824639
59967 115614333 271464936
14592 142621647 142878948
80244 704203069 980887402
91496 199131442 219102831
58086 619896656 689471830
47246 675466624 909463041
50712 17472296 96469115
14868 745596101 847436468
23578 471227101 638357807
94156 496471042 753235691
67484 780121306 853307768
34155 540921493 682866053
29475 720489343 907898917
68188 356318224 376305533
35488 73707189 103515201
2646 129959815 130417555
97309 205169990 355147118
29585 481644774 723114629
68442 437063511 453325305
65717 284656885 534895670
23511 408415397 608751244
76884 840243013 956139603
27347 767616916 770667322
75194 543605344 597575901
46230 547405416 556212735
68515 519855218 585074274
90186 449531337 610764918
94092 246574487 261776565
96015 465888045 666598286
94924 16658660 141839868
54863 784174944 805272886
32581 79595535 86741519
71888 538574782 584844028
70135 149784193 156899989
64649 792632206 863523266
78420 473615170 724769953
62807 696471178 714045438
60601 669124599 806566731
92273 596124117 674923527
90364 314322429 395831559
18361 610298780 738973754
60994 446674908 694699257
56917 712888980 764967764
55763 599999363 655951722
36797 364493292 409793777
91056 676179629 866995586
63606 236220284 359876010
13348 769292285 921172305
85151 745227815 839359037
10073 619954029 875551106
57386 723046766 832374975
61037 858736724 917938795
2573 705014513 715234761
33862 363129283 533513190
19770 540856270 654191235
17858 896060398 956668111
21581 597206577 741836981
33842 70127566 86069376
34181 330251662 619236696
19112 712304876 969377287
63477 87232342 273309207
94543 40011240 330024264
64892 183628329 353405955
40795 23492222 25074793
90034 61998975 200304132
84065 282841921 500755320
9732 122711101 238869625
22824 75648422 204821486
86498 687358368 690834319
3393 751504130 986974935
69079 213992974 435357382
44180 659973880 806080796
92026 45165831 241378666
90011 375652916 414709091
43843 457411469 498330469
28339 374231860 530919061
95168 435239846 582073496
12016 793791626 930090610
70633 943753839 976636137
34737 129212252 370166140
51185 450752183 508005687
89045 773478813 821163318
62975 682526845 689536532
86157 221876034 480849254
51421 709241987 770427591
88242 109050427 363771420
68527 284161182 473394402
93145 879070816 996823344
81254 739355112 988286582
45573 131721098 412177944
23926 65374157 235198051
33852 938555513 985915320
50949 74663909 75151218
88028 889283986 953408992
39781 20809471 222244048
81264 978436221 992081956
65925 697213268 712588230
96222 240973372 264479801
67748 995231800 995958243
70628 651382031 713916957
60294 955133714 956312888
68483 268247682 553697244
98026 677754239 873447619
84282 177622947 460237272
67483 792010781 844210590
95031 696816715 789807758
41798 409043324 409628167
51242 187770917 200614466
70764 750617736 804975895
18523 259810630 301139037
80633 498524428 625957291
78302 310095512 344366868
70101 27598130 317653375
36708 465400528 533094141
7674 404764417 408042786
47572 674401878 907032565
37925 155379001 338116202
74202 15443551 206721022
65616 39925282 71016402
40479 615848910 713727401
40288 104137359 134662705
167 26 26
0.29
73683 462453866 696259887
965 145371514 341191294
76676 356773141 393024150
56128 486689902 518670627
62851 708656713 785119768
9278 482421391 755082276
90453 236301976 246071132
75166 190416241 196904485
49768 773126775 980385379
46967 445445603 562847375
7844 547507797 727017380
68174 52898687 154310247
7296 325825838 550117152
68619 55122854 84090745
42902 307311658 567463877
60201 81925770 223720411
35418 161507977 432509789
19981 152593865 309617503
49703 508341696 741384320
30682 323369940 417120918
8571 441671292 445307465
94915 744576255 747317855
92037 396456709 535853050
31712 256226865 541262573
97116 569374082 697620613
33477 869636169 873173823
99218 525057206 827988306
79985 471153236 501685189
83017 479893214 558951911
44419 742320664 997482710
83365 541541282 638264877
80850 235592 255305025
63555 148422050 151998567
30365 386100926 406292759
58602 131315097 131441568
10623 672804612 932998010
9535 620081402 889988768
29608 276050832 280152506
53150 698358425 927136496
95562 158943158 230640247
15078 42001942 52051055
89136 592064193 725647575
71892 890872640 904892985
28307 107070002 228493656
52627 481944482 648013373
52560 662170674 909770322
80594 942778099 944917267
87573 526364837 622439809
60120 747393313 817236715
93595 530195447 581141408
36308 782763515 800239800
47418 131751100 175071610
44569 730662145 911548563
45271 555386897 662214105
10952 240742825 483262225
54145 568687159 841465481
22062 85161250 291488665
19197 546014129 557488876
10225 801990399 880322359
62239 526607445 532773020
74438 178765936 318238190
75515 398130217 502754727
44293 437715853 526722520
52602 840762094 925230646
88639 179665241 290540361
69169 12387720 156280896
62031 851723827 854779009
43632 782435250 951256665
87919 330732442 404486037
88407 676120656 890000288
43981 325776267 385457833
61999 468445034 549039046
73758 210280001 287565052
8886 898922646 908272113
94738 337412370 434373180
67706 363820422 457721431
38313 494100798 761666228
13034 453087445 710462800
90181 251146783 463534170
87370 849330182 979696991
26337 383017391 623537886
58279 287755410 469801059
34209 124461036 175708149
23915 70236995 348870813
61386 387398559 635311408
2641 731415159 964853130
41811 349451955 640324516
4987 697299884 988555917
59165 891537977 893704594
29474 140655254 338560458
29439 168721450 375106249
61902 506294606 606373542
15718 299823182 445010105
67464 869421569 930859908
8092 757469568 836342089
28780 228862803 427980204
83782 519684602 722800088
38052 396050890 653803272
56595 296634689 416405925
66673 225737689 520700482
57522 501571512 718882687
91308 190506945 445549487
61476 683871828 856757246
14733 279202463 400619255
63538 211823824 214997883
9481 327597430 560006305
68864 98391747 332315148
20354 561859453 565498932
68387 21426862 240640832
18234 309528600 380313211
30480 363138753 370247650
6025 212288679 238102772
6837 370910428 600042131
50832 471959411 769875463
23725 793567449 887478635
71917 170766703 253897342
32846 661827013 889084361
6896 799890119 833042923
84198 497018000 655192427
77229 913628576 980184664
26150 844343099 897840670
78708 469337997 754553938
93405 30331386 37372529
62463 944330840 978889359
51433 331569088 540360075
27242 879982491 889432710
68746 136300533 195888681
39016 90141126 122450124
60568 58776391 90452047
723 130146385 319811569
65622 867965844 869329110
59620 117134350 185226691
96328 218438885 522630261
1861 919731282 924157078
68258 437837717 549288218
95428 380129028 386189767
84833 759929694 877828136
79114 652455609 677830397
33822 795040702 973649092
19403 49412630 145851286
70752 827203739 946492213
95583 302211661 313421459
32562 480797051 717705417
16401 43894195 164584872
83381 434235101 466749080
85078 590143453 704565262
19320 258726216 466750976
83200 552969852 559209716
45734 715772539 833270956
43892 649906830 927166488
3743 235211791 346443945
64922 649550165 719686187
746 664075936 827274971
78579 165190385 338965235
56714 499736508 706671164
70352 571891448 634398082
96335 30339786 263523597
52513 16861477 132053430
98351 774401231 921135022
65868 348874540 507484815
10453 613827747 842615587
87712 647895115 852686966
54713 909852376 945037351
45544 559675998 628920581
80017 375569932 485714559
16740 297032432 535575515
2375 318691360 617393085
