8
185 25 28
0.14
61955 715670256 802171504
17450 670619436 675164820
52796 569854423 570881162
16277 288713224 572004632
45888 387150470 515695150
40545 36527358 286375633
78241 504254906 543230658
53134 592413611 735274512
50838 178464724 182227854
69819 575098302 674206045
23965 507454920 770097501
29800 588221739 590209325
60386 582373455 791199755
21723 343783754 573939797
48513 143085368 158117723
10439 118870169 308780580
76297 501698917 560052345
78826 37105320 265559216
79490 57726327 251540253
57047 50640305 336901549
48369 487249139 622894626
660 901718872 984876430
3226 526519654 785078139
22853 520806675 782217437
59046 783912259 870102362
2409 923024323 975366059
84486 359569643 363597343
98755 719100622 871386743
39606 502209331 590279854
61501 86973129 367210664
62886 81651313 263915788
2024 123120913 174070134
88821 364439626 461866340
76360 766929403 769802759
98975 459291085 696299001
14606 861732290 920468192
6618 708656025 728411879
16518 275446773 315920929
50780 784687924 791319329
73043 264108150 504512946
44512 784150636 880298894
68183 130294174 304484333
76137 545006046 784030279
26552 122252403 300793707
88390 427016827 548587417
35072 647806075 875406379
59159 466922095 732291473
58213 725623054 889009945
69328 877508613 962406963
10601 246129595 498446452
24828 480882309 554074128
3299 128993269 271600003
6467 244290819 482561804
79230 290945689 322796731
41263 720518000 781033057
32384 45243724 329044841
6701 319903996 445068024
19214 483636565 737104278
43120 279190702 279334006
19023 58053117 268243084
38842 711588348 791662043
92111 133367706 246272400
574 831047347 878228438
97605 704240129 745088796
51648 584768660 870844716
24280 402216774 651300482
68927 50968663 285745689
4605 203049122 329242178
31732 477222196 604297053
6885 181405582 306970398
21500 329434467 421963896
24693 150449960 151134357
76275 488132590 649749749
94966 491156614 668166829
7905 379759635 595929748
2895 412018791 682109511
3995 252042314 255737647
96400 159663283 381304751
84322 413755068 429799207
64561 637430341 800253043
87054 642219672 901781923
64922 157244354 273582174
48657 475796518 597380218
23493 696061899 860299802
62646 567128271 575241351
20578 73448838 158738490
28681 764719091 764932937
28186 615015492 859922834
42811 520857773 711429701
37910 25248173 68216775
74022 297671016 302487545
72033 673310205 811657264
18479 730194485 910137209
20299 623986608 743947402
50058 328565492 415515994
83248 449326315 481917869
69603 794853771 800716068
59258 832243408 987316448
70746 641289567 866832291
68963 506384907 759729229
96623 710888564 958639946
68766 529161261 805218417
48575 291367657 542867448
4342 25259131 210927642
5102 807697540 997206114
67735 117525709 232876080
46598 882512106 968587696
92236 552078778 655421966
19263 979487897 995747199
77897 835003718 865664425
21568 674992203 888198114
91403 203809783 277771354
60709 541085453 672777234
58206 830593683 953604437
68131 377702038 399664991
12990 738193485 810043138
32424 496936998 653936924
47200 538078521 781726615
67719 701171291 986715605
58258 796837373 962944512
47795 736168974 827921655
49952 2015796 100585775
14857 308806463 516870469
60153 351014133 443977066
91443 387656148 408351296
88754 404573548 674295538
60395 737671813 997675044
87818 663476358 823216435
79198 515027010 775629018
61582 28056778 287783749
92114 683489389 858175888
95007 720090342 831803421
80298 436609999 444836540
80753 266626990 359972553
43015 275130894 389896933
73557 338950558 485798951
6449 623890500 648366915
51290 686271251 900016723
46615 245055113 498466180
33583 728552599 844308621
38420 430429944 586530745
68301 474309943 699689300
89267 89139998 90445368
69940 67697236 169172710
61493 223922645 404302590
2195 623809036 631645815
18225 580246804 766300926
39693 453365377 533044378
19579 702366764 979311071
81208 541799996 751519133
8425 367728893 561484067
86280 367688364 489720331
84754 271912733 278078779
80972 284167840 290225544
59160 103367010 373185244
48855 791921805 837478639
63784 576290632 577691636
96803 727722888 879980235
76736 50266326 50991664
90098 510574264 754584684
49458 250072648 458522412
47093 256914733 276254041
3590 100848188 276728825
45521 263540070 526935080
51077 800907168 821521005
14750 393183100 665830865
2451 160876245 243620234
92914 21909209 292883164
17853 860735511 860933481
97599 766299610 856791492
90228 636760108 733313299
48825 327549782 463559312
49305 620874309 901213151
61467 8496150 197932250
66010 455106291 623493260
15851 108412922 282380847
54620 165050300 237582716
33051 12248732 30619393
82587 495602018 613815284
86770 406938690 530762172
2670 216307840 293534151
73579 748558594 801447708
31759 27398089 86409265
41276 611082203 863236382
54970 429565333 539597058
191 25 25
0.1
37081 874996414 875643273
76389 119077986 261139704
72095 32453559 39049397
53767 883746129 973655449
75375 479618754 567197306
50122 223489899 231439703
81447 369964534 498568003
54881 41941252 251116949
13690 870759481 924147300
65178 48777733 287784424
33624 31637573 125116768
41578 269793941 382338178
8267 337648975 593162481
77839 117241940 123267083
76292 344273010 482840560
59794 499639894 566130618
53815 260339247 402380473
7277 219887280 300900193
73186 55378653 75924511
35372 626650627 834084195
5940 543948845 749137225
52215 159416481 298049771
50732 306002266 515574751
78447 636399522 745954316
93888 241128758 295957551
95735 967868 47408615
90720 485409687 488512809
18870 478948360 614668787
64858 693315552 826488513
97594 618046411 838998548
38752 550712001 616612967
32032 502574080 515417520
53159 886261233 887329561
4978 254150203 257825593
69873 716456048 785038279
17776 203350121 309813687
48334 736295995 979384572
88018 563127308 800694900
21055 164704065 177520635
36781 700080342 779181593
25245 340749421 501898870
96661 571376461 681692936
34616 203226302 224459617
77763 692609003 751229379
13730 113658902 192393001
82296 408232823 417964195
92653 416879675 601148834
13697 517927011 719338455
98258 308711777 534518779
39836 542888509 727554361
37012 555664248 556501503
78010 41398406 223238014
23013 660267768 805475307
54405 751965170 767784857
92424 345513829 575530817
1700 615515799 660845976
12920 264122923 444892535
3549 736785543 883088781
4679 74648462 84196065
14491 531457152 693252090
75402 281726106 281774887
83569 599563092 769273918
85619 174559858 398321880
29823 247816005 312355562
41311 613740737 615700147
66035 745322235 930660658
52082 492471917 505990078
77873 182883576 363719618
83936 44811135 303099610
34999 85298709 186831379
85199 63035444 207617858
58586 710446346 774572558
91289 618635183 808371207
75030 14605544 120619953
97334 223895382 277846530
48069 614928426 847258544
20090 145420281 314281361
48589 732419618 767904842
93083 428044417 661574921
49056 279952599 530803486
38999 75502217 163447180
9855 378857701 455629749
85684 199247520 328018932
29983 646925905 748521325
59112 767412448 984238520
79343 578037841 595055636
67642 199920015 322085269
6073 367089276 575324273
68393 522475451 575058877
22119 15857188 178854658
54381 526779263 720278261
33609 134097834 287845005
8507 69158116 146141593
19413 475559955 650146819
58989 147722540 365495712
44558 410502268 421488891
43489 482582141 627423157
42056 148264298 337418490
67809 101244295 217043755
96043 264001664 480259344
4644 435228031 595752990
7383 445311649 455317692
24052 8182751 79833172
83176 240707647 458951390
59600 414884546 495918322
80506 308396581 479871208
42707 757938516 843687717
23055 811116105 922820067
4213 847735975 997361409
37999 427192053 485736744
3920 62165130 282441971
73008 981486286 994727530
61702 385895188 464486093
40950 79656718 239213920
40034 42277230 58786407
23101 170089029 313015621
14237 712607475 942226462
5846 681996777 856025144
90179 891327685 916716565
81743 746791609 876000075
51221 154551597 250073254
18742 318826238 551454765
43537 411722199 482571560
49183 673397415 818159358
93871 704070090 828159193
32740 590215977 723505487
49933 671277777 782449681
95629 989045361 998955644
43182 207714413 352249328
23538 587298714 731285983
88191 890625826 920572605
80445 123192156 218534569
9531 411767778 452553539
8500 2323711 137806708
23152 654203950 711403604
77141 68483400 69830035
87873 7618816 88160735
44611 907354604 911310262
40558 251422260 501280551
53249 710747909 769948923
46578 776733879 777619619
3741 342190063 440287276
41771 483593753 661779859
98799 498694789 737090801
81856 439271926 514085909
29666 381320643 467719654
73823 52834925 122441935
16339 279790040 496277564
12741 75693049 283999475
77049 344381706 569434063
69346 541748573 616194369
27940 30827925 252613699
59356 198202034 201697335
81609 546745003 601225224
15219 356036366 404294198
28477 444203191 447926142
78437 271728203 449833999
46112 873713246 968668616
50867 899016922 981534340
36829 170740111 324105417
60357 137772831 294536206
45008 715543018 715780966
40842 668654524 836262333
9352 534902132 572199116
80035 805401002 969115689
57005 554809922 720891741
20577 385165951 633770742
61923 254568840 468937339
79757 229515933 244628724
880 553495920 706337691
37831 338407296 575954735
61115 396983821 601228041
60529 823824230 864619301
27575 867243211 872779834
50829 231269861 490869318
10655 61332101 162221175
94436 922379457 996180780
2754 664993058 671062061
39625 623791749 808981544
70722 336574082 341527464
70430 283166203 326429880
68952 732179590 877398068
85111 898337150 988083096
17850 740664837 983542898
24636 444460248 448089416
59520 150560441 258297434
73971 625322371 675303067
3396 963970470 989009837
3997 20845915 38508330
82952 334693577 494472454
35456 262700431 334466354
176 30 24
0.37
38429 8294354 17762071
16973 162227433 235031284
50420 785587248 966626626
65929 79868143 81361158
33378 6334011 200209092
98077 205978533 494869874
5739 882200160 883409116
35494 10368751 137517585
39670 899510284 961445325
76370 520800807 577834525
71576 768352888 951232699
41090 624878433 888125261
45746 380160952 537060702
83536 73649154 291783249
97686 213773450 213960405
43187 594397034 884331340
78384 703127104 865735115
58658 457047131 731637327
4420 386981229 407992227
41974 522999549 647106584
39410 582294391 682692585
50035 728165976 860055786
94210 443317350 656177539
52392 388724313 686088820
18300 93339212 307651602
74293 53499223 77674386
71191 575015912 743422959
6414 57028121 81645185
46293 898683793 997560043
44286 264947263 555928496
97005 239936535 299180095
17646 192916884 447858798
79754 762693233 988077533
93863 901009836 902793330
98643 397840818 472196306
9492 635893693 645259098
1739 604097010 621127631
77132 336062535 459922716
39066 606135417 615582623
42350 364422985 604265613
44044 232627834 243244834
26254 50301050 168376149
35385 9007049 218603579
27888 449146416 727380949
37446 969289408 979804161
24628 796890292 958091460
87370 228667015 251537115
23121 225565586 307543310
91379 690022202 784154950
4677 139335435 234750468
51946 357173428 584508019
31372 627581482 895974694
92757 674078654 787110316
65519 574828563 765534932
668 498846881 645886508
51521 158419884 309131689
21039 242397471 397904099
58724 139343555 140930701
61607 625815211 677185596
35825 269257530 340005414
26283 396066524 423987403
87640 683640979 968756532
28084 656650133 931634161
91941 676373443 790633983
61618 637174278 652991152
96996 329046942 331027095
35953 655865456 832010654
12423 40299838 102396261
76663 513714402 795379493
63462 674900987 971942501
36656 598997030 599349113
48103 59289979 82726354
16685 631194239 744380759
82303 803904945 811246750
2568 214091230 507832982
58071 113836845 308288694
97132 559088323 795630079
47347 844110851 955396846
60787 404274830 579884370
19856 142722436 298614943
39344 694810404 698334450
50188 165564713 318700396
12399 316922357 582425503
63051 596363269 627618151
92314 799354892 800488614
78904 491914315 495680477
51070 1038967 201625969
50473 471577888 475147826
6029 789111752 844865393
7 204855121 435659822
43077 442646641 711766811
56204 337928077 638950330
43826 466045703 679674437
41101 143882920 175842584
15568 490114674 561801104
22203 44350473 248219416
48052 648575450 779910385
13062 469918282 594409635
96589 300932124 340529318
994 566111128 829613945
87333 650207489 685135900
33165 86880377 317196263
38092 78759113 384938525
29199 682698706 804982301
73304 465497326 568165262
64643 140930861 252797209
38342 42690423 230897958
29335 789095845 808237522
98468 441059349 605235283
99695 200239605 304992446
83251 537332895 641170916
815 626571858 804148956
38727 639906541 921880773
77368 459019037 684423079
87154 173705996 361312059
12467 911524843 983600354
2017 254001909 350731248
97165 302249107 457700751
42341 50324549 273375505
26914 658700390 839047086
50581 50256666 203099527
38845 318725189 549795672
96530 569644265 821830188
32799 400444732 503820148
83339 691581630 712561145
81727 203049343 507985839
33699 218803804 518290848
13874 278334258 583214862
76273 684696142 687603769
42444 632552761 911974016
65191 903607325 922032835
37989 755602228 886613984
72885 96597898 333723274
51072 166500454 343597645
47599 580494364 759819636
60328 13794395 277867657
40205 116876662 228694275
48220 823155540 938272889
34322 383774954 397129704
6798 103339909 343411575
68207 124909949 150239795
67559 367054770 367536121
74377 305309917 496259769
58286 132054365 138459584
79705 184179517 269276897
22408 143271224 338374408
40787 155225396 304935384
71522 493289688 501771385
82794 127829893 259377532
97710 375463005 419537911
57330 655854085 660996367
7787 291138939 499705436
41895 943005119 943953716
77993 976584952 992882407
29261 675110780 806812532
35595 589909157 886410731
24855 225067979 498647919
40526 348614723 520353430
85420 900405436 986394218
69321 451489855 454422067
90887 474065697 742441185
82870 269447770 386815804
51199 677723355 895713369
98609 327871434 341952100
21896 779313058 791693562
30847 164913941 308173597
42424 418984055 622675976
36273 748648408 866224396
75276 346551917 438963856
70570 529068915 732731674
53867 76263591 88102456
74334 644835335 676337671
78508 196774976 493362092
68251 899215401 950460214
40117 719078760 722968756
41837 922472225 986020445
193 27 29
0.49
48058 377323240 499737814
97621 898756732 902168139
34784 56072519 328938987
57746 821944769 986185667
17201 646110238 758355218
74744 407130947 532409796
57520 221356937 378868163
55219 97095736 342406132
93518 592706231 735435617
83803 28946171 195282490
56881 614775243 792366821
4629 866295177 981542820
35190 512622863 597351482
47288 201200692 267116557
96312 709378738 846019800
4210 189586296 193218934
1425 490078696 639212944
5197 502283344 685576917
48033 480877509 536958317
9901 216194423 216549900
24334 165315254 212419656
731 614231180 745356436
5548 670472029 916617918
69639 547407699 828604656
50237 28077194 56601009
8074 849363960 886843941
66778 613163610 684788810
23851 707571743 968404562
26131 827003613 940532055
11299 534193310 813851649
96532 863450850 984975537
3299 880781629 989590641
80714 336973616 626568411
28276 82292928 118908271
44165 240478988 271280006
2944 860408690 980679117
69438 484783595 681218541
67984 512747206 662852734
38299 393960314 655659168
67574 465437786 657842166
79793 743228901 918317479
16812 546408243 771700865
15498 405571478 505201416
77597 112788106 187268240
4295 668579019 698303967
77443 787478625 931515620
23880 91204187 285123165
57329 764479464 828681362
57771 908606122 988451297
58355 35936003 284216878
99154 550401067 561455619
49715 203492847 473881055
56009 853396442 859110858
90046 314883236 476564075
12486 769964200 842966887
65447 464743933 720124741
41266 488392868 604741542
40938 383071206 422789802
92743 420478754 516461652
18100 616998273 840208414
27259 105968719 222240158
45217 249701401 455190776
75261 59353277 299430825
56967 507296418 622984840
76189 18959930 25115800
90002 478672356 605552311
33682 459411730 653615091
61072 465993432 566074925
67095 425108561 658048749
60942 96568779 373719011
51733 848814655 869371470
52034 577120273 741305950
28264 445711214 600808835
33260 415932641 690725306
22235 94536055 309993762
49463 384029405 562170190
77237 458071528 641199228
11365 711556535 961079725
38713 651292314 682684600
71787 668294897 668668923
39401 356356774 417594975
31480 778147431 786220025
41835 414755398 481732282
52956 6732379 128653642
7216 913483126 976831588
34696 283140525 480154550
23761 486841556 712971010
71729 764293226 794533236
44891 553653175 557266940
39065 742618391 746038161
83501 583319022 864358733
25840 350763936 524468012
52447 56175856 140760803
9718 503328762 564422162
59910 594748620 879146382
87173 857603833 959208019
81653 336761324 395219093
66798 151493899 152429180
91367 713449714 840905797
42978 746466635 912942973
76444 383977732 505803400
3059 704110854 825608592
43040 211278235 480316597
59769 469109046 674533225
92819 514330883 566231552
83769 711504828 823004251
72676 506262040 738736361
64484 861439730 862475216
92831 563967365 743952582
7517 379758184 406228879
18154 602532009 799740644
9694 523490568 577600566
14539 796056063 824434600
91452 13697400 172542235
557 581725518 821798228
41672 34594194 67809491
2051 165448815 384465946
14583 502483387 708893706
14572 779595384 800201822
53989 618988276 650292347
34520 433043189 491386835
310 317952751 478359583
49514 439521202 595183557
57501 623472550 842832846
52319 904945442 906348062
96225 166961406 350898170
50479 294676743 349943374
18750 272499734 525254782
21650 772320532 867217803
51369 188401633 234531579
67941 161974587 162102919
54998 777037395 883868207
1517 358148367 467651135
7165 404088753 465796749
94939 20989980 65008357
69691 266805448 329720333
48146 389925006 572059545
16853 860147077 983393748
50982 39046904 78535979
92643 104430653 165508038
17734 641751406 807371701
24235 567011851 797172917
86907 6430254 274946767
23436 582247574 652364582
87185 157304646 308191731
67997 533787535 792136179
56343 701278205 815452274
38837 615762689 893436375
61890 340283596 537248473
89677 484637903 616057949
94711 295821649 323746086
12451 445739223 706317783
47241 225403678 225478260
53601 637108294 899776298
76736 443419612 458973398
17021 861743216 877906130
23963 228186868 234930830
8387 111493030 269008709
71640 168759956 246282110
32337 239251786 255178144
48882 912148122 937597033
30177 136810721 184112694
22923 863518325 910997516
34285 828367113 927032845
39562 624299354 669205591
83630 68692467 206064306
967 609358591 726750123
52390 275572205 306980975
55429 591007214 836972098
76352 95242959 126293802
24704 177436382 304263710
30484 550469344 656991127
64008 468673906 718898479
17648 65885329 85817262
35117 845269759 982567570
21204 293177061 310268960
79228 640607008 703051683
28445 556184282 710038504
47817 467317079 482240418
88357 277775871 395567670
91918 902352313 909473604
33321 163276763 204840956
55507 404081228 451432101
68268 38121110 296895894
68015 749526859 997928266
50426 462030198 506963539
62062 141737363 355401138
58192 625539821 643404956
71956 640936286 729431592
98874 459092744 460413604
26082 79379847 150088529
20190 392101861 566560211
36695 145243643 331536652
196 30 26
0.13
24027 550695645 604158094
49395 716764151 931715429
43464 774824663 795100440
70597 122853433 286431215
91408 450737900 681880667
4313 598143855 778829275
37976 82351415 358846593
95720 736884871 859704371
8257 641032212 831012816
97943 608663525 754200498
16 459963202 729152368
76723 719011207 770222257
89329 529013806 812620521
73374 231577649 359457094
29464 153860839 329511419
75242 546871079 676168909
66473 870662971 930579721
82436 597785659 599755563
76442 205034423 414263647
59091 452261298 500164949
52693 397102213 541713450
95425 584605237 823515908
13922 92005418 261962170
40858 376157286 554062698
12389 845783762 959879131
76786 386035479 536175490
25188 83803036 102818571
94349 123640286 130691849
54125 707333203 836177465
4570 797040512 910393563
98454 89444419 369257372
4031 397591863 523896855
35653 319254059 439406009
53020 805602082 967590884
35825 343759185 595497860
77385 469191627 522109476
63433 297703294 536668067
92386 237818762 367271642
78644 444195577 675590527
53061 674971492 795545866
27705 79434104 80754002
83353 541158392 572716041
10721 495522405 690390208
89874 875881882 971748649
52699 668144775 843778324
57650 658061055 760541988
71134 710913745 802293124
63795 311362854 356861920
53396 396940642 509689030
79235 258221059 277166138
5558 41048047 315792997
42927 587520209 802573915
74195 274452296 520612770
86596 695653805 892932706
15958 44529716 249285193
21042 438203692 589248840
19463 788068545 907241978
95571 613631832 648907972
78320 156164255 179876028
65739 277349822 374636190
73731 71645980 185982904
12560 690609995 875332727
65339 610274655 666360798
36844 695333584 714126321
40865 186938452 472337275
76609 57830887 62680490
14992 187560512 326010968
58254 799696369 964412916
29660 263924103 347629442
39472 645106498 670644759
86543 3112559 18854180
1130 93495377 248457584
31956 390088 1185726
95688 943664954 972132100
30424 634245927 861203228
25248 217430693 322069104
35086 998290666 998652990
65115 429693629 593029511
77267 653232350 930131479
98356 585292691 664460065
55506 575385737 803051624
61759 33808303 105939376
76169 85456340 284248027
66412 366624826 416279325
58091 809367142 849149408
60748 66076275 268817611
76808 767046101 923699865
8659 192839201 269277991
42698 397290742 565076295
26144 362637047 368057880
93922 465970710 467569378
65434 418929515 500819884
80356 476643843 499474055
29819 522211417 806023647
11278 14911038 174458560
29138 443705820 504129911
42895 252644663 527414915
51715 521948541 740419832
51366 730381886 847000258
20850 431360805 529867976
85001 826926506 992295626
42561 907976381 919666946
58888 268519296 445586673
85495 490506838 607759505
2961 703218821 717245751
34371 622264178 672608377
96502 528283525 813186721
39679 623258163 676685224
48940 271066698 399910863
61976 468437171 596147400
24437 705013018 707861374
80717 511324439 748961697
45121 14846741 22455002
26327 383906182 439298654
78001 454814434 550611428
84809 276756909 559490614
80094 809535963 814915456
86168 412759076 697199020
78808 324126316 478321083
2525 404325063 579736782
55185 377760300 481708071
70713 36175475 291153011
87515 716104073 959170425
51929 15354441 15553040
75375 39485300 101592773
40058 770787939 875029598
51632 810462729 957191776
7823 704281925 799281170
43184 69216796 70242323
66561 262728813 384184707
30802 302901775 461273191
65591 278186352 502261823
34865 255721242 367739722
6200 629884732 856858282
15679 448201794 459983474
13165 827266907 841652205
52017 509778544 710479297
63370 269464070 443578086
10905 1228646 128978536
32398 573121268 849986633
9236 589518174 825229105
83209 700930502 703757013
62246 954125709 987293921
96511 332077816 617053736
24899 40497707 251610425
2123 11170451 100120122
69297 862458486 968979886
50374 469135657 721108489
27530 84069896 202134146
99592 537538713 581538718
29734 198232882 318253464
28430 750421375 940917898
14649 29116410 154403104
56862 654985925 887301392
50489 435019965 719224750
75432 745402774 753362595
86436 112041190 118936478
25069 597965397 761135504
18272 365756820 460123193
35653 617712571 740859548
23299 302984358 575237752
80380 68978889 278153983
16916 61643074 201229523
13917 729950726 915048100
4274 109225158 347691205
27186 777783447 905200622
57045 243469967 387179298
18986 49750733 69392458
13586 527471238 678563229
77245 245914634 409566282
46371 652208325 892320160
67789 141270977 363952362
96902 607286940 650423085
40303 577906935 596204857
46885 34217691 300656893
92745 817956291 908325189
64311 737187225 805773788
52955 492654809 744233377
50950 580110873 770587532
61699 209329306 287344906
76113 35700058 44765725
52669 879407319 976507870
39731 490777121 756716077
23080 148031853 249303706
39684 485528841 598194713
64239 118662664 347515577
98430 527719174 587754884
83079 368963251 508537206
36515 187759516 442968481
24213 614949878 888504910
36606 185700014 203455379
19123 565099422 801576268
82248 637047882 642908495
50834 322302956 371310311
25197 405976650 496501999
24482 114730167 170325215
177 30 27
0.38
19985 557210548 793723983
78603 676698342 683372157
26106 316089308 380821404
33701 717804225 769042800
62466 564611336 695083363
52390 517852659 675501489
89853 190252584 202494549
24260 356906971 447053600
13813 463682372 589595255
76213 590141514 792609400
31663 155023859 459451593
93587 821340570 897569779
94060 555297265 874630594
82275 138801219 174087907
37234 208037406 515495901
58259 371753082 627856769
9931 563674505 587401444
98499 419696674 682437785
23308 413920391 522216260
54982 399530599 419323433
78649 679260030 736448499
86536 409804928 415823880
96744 202565924 393018368
77747 76102516 204996129
7555 304085314 348709346
5326 689663129 918827569
23826 524655635 822488336
63494 92788426 317151233
88665 183726711 212343049
93520 854188341 971778734
42751 653655098 854378899
16685 991296607 999779807
67631 481932901 745667838
94223 325132990 536385649
40899 379755820 609155092
59452 967193133 992977268
54110 797301826 988134753
60786 564185057 732651919
87672 840832834 908184910
22442 128191136 341732788
51488 367689874 536774871
86176 823170192 947111187
66270 471295087 502350744
27218 325271327 608943630
52759 332979682 384345928
99143 563937518 573307384
21525 618047248 706074016
29235 3285598 161423326
71206 893153605 922465696
55417 129404728 265557569
57156 140788501 235055619
52625 615169734 881299398
93334 667898611 671717673
30218 117292956 281484157
64726 133919448 322660759
28209 646222157 786012932
55411 787130528 893156083
61715 441065439 650265774
54136 917311129 935100593
55233 809689593 858907647
45549 11965139 282103371
75442 458415681 662581272
64157 687844738 816216548
72141 693401635 723629638
23576 607632905 728347445
62504 301573238 563880190
72506 692797837 724789958
37483 801927222 972390009
83276 285418955 347303561
56793 572762913 666565117
24618 137914836 176122843
8753 519800956 539343692
33381 555311173 719239270
65232 585299404 852841625
61738 899381948 900942369
16409 348270882 528969807
25220 484978746 802411821
70872 323690594 501757369
28638 106558352 107315467
42020 376226208 541558764
4108 831901645 926958474
61188 303643568 556071968
67339 80117774 172266280
84404 756751681 902006252
98822 648315370 664103276
95912 378141468 448629714
80155 368886613 659144752
52080 23146684 320238866
34397 359545417 623840918
22077 536288409 723306122
19644 604568212 640092191
5284 81477402 167020633
12451 124025929 255692479
18913 197208796 258588904
75265 642953336 732646934
34878 625155690 679082422
41067 59102452 232835907
97749 490058585 772013005
8575 490240201 591858525
18322 684000995 864437050
10828 865163224 866366537
67165 210025269 216562948
23857 151539503 299321060
66295 728581817 774190964
71076 52182127 364238135
68547 663861076 664892141
52629 357950545 426319354
19912 709723320 976509433
19859 954618125 989066821
9525 68242518 148042850
48525 737198964 738415715
98917 388164752 469130116
67132 401162648 449306120
9187 293963343 343912178
7711 60060164 264344758
93871 140134292 329627274
83815 596018799 799071035
36770 561444124 792316318
64470 371317304 457525939
12111 893632693 958297786
62114 688023057 842115923
68395 76062220 120765124
47454 577008323 829251679
90095 513535290 527863276
31835 758302310 819358207
41468 313804439 325581335
83083 844653019 888608013
99359 155734114 221913316
56103 212321469 241460227
22550 143549389 375670515
43347 893945734 962945109
97906 652922652 958464440
67711 201795316 334838260
42173 439903079 534916673
16015 165488908 381052828
6558 264643136 459278364
67038 362022009 636416723
91324 280646447 302296167
25951 425834245 454878329
90528 290923397 469585049
9508 381792059 440653683
57694 904940033 916363175
11171 191449196 240654685
9078 385887302 630387228
42422 309083424 525545548
38966 899363477 899465728
52322 293874529 313704329
60418 124117488 426485119
24091 25470360 274708634
14168 875684037 907719952
81095 430306331 594042378
80014 245618465 352800907
51392 561965692 800114875
8733 408525232 443877661
86687 228879722 469153581
9059 662971047 864495514
31126 679838996 797546778
6851 255061774 356882806
56348 862983397 955628750
32048 325510670 333097710
40015 467419777 785285667
76203 553123152 598335548
50261 494186369 811580825
10665 585823670 898889821
46084 356655070 646167492
80345 576027014 894821987
28900 109451174 156125887
31845 101278798 275665646
65170 36299037 332345755
9304 727183749 745826119
19174 675191867 784176039
74592 512085617 635993586
97112 310355136 546079974
9779 498554444 532250866
23455 490962849 728612480
70743 200441407 478771805
17946 600768345 705700487
166 30 28
0.49
80100 307861230 608697421
91042 503942037 680476545
57022 424630042 749119757
56531 40856335 41382514
90160 315832708 557638608
1404 343891436 460736254
99170 319817934 544442134
51500 167841296 425202899
72317 265535022 446512902
78982 542375395 571928978
78188 314938606 338097743
86129 876734324 961829210
59782 115938361 269037667
65233 8516804 18977455
34507 689904710 915138149
60758 28752385 271326432
73324 930436560 932056190
12916 557832170 832233436
83953 224523732 353413683
19635 107406712 364590617
21686 475976660 561576478
3209 753209850 787960615
22006 323650272 435457938
60420 182518933 279997119
59019 25065457 28422891
51853 493647607 716503261
56405 200969470 390966334
81834 117951641 263607234
26201 713304120 714615637
75748 525931304 709257743
21773 435282627 599462372
6505 489363327 575278013
23762 803951308 869076838
14322 799349765 825352049
92097 579341321 775828026
70280 193911311 202632383
36362 715308351 860522958
30083 687874939 979447263
21433 280379557 506867733
43283 501000504 621033959
22202 287981886 616777640
87940 216076026 247871791
80575 112001257 164025757
82428 148772866 442058311
56256 928680074 981821957
92903 195631635 502142939
98211 363665477 547965092
18870 758901926 758978964
81757 154631665 354476460
6787 687232334 930368661
67736 634443004 912898578
64313 399231226 564050452
72501 538050664 563314101
6642 424515452 741560367
77556 624794160 826361264
51265 216516551 345788370
59923 403953679 523543738
91986 472847958 797279556
56500 289509689 415870908
3695 71044410 132477026
37986 145064716 395732440
97477 327420777 421063329
26869 311449001 384347356
98150 261400021 324821136
74677 8013918 277690561
50384 825730201 938517656
54364 691414667 748931390
89487 862948618 952633039
80512 160567419 495663170
48447 162651991 271243905
37583 69185779 293916952
81430 275545459 577207380
3004 541346592 725381873
44896 731782086 956269482
63578 620154724 947023281
20330 291956275 378886198
13671 442265647 741079234
94180 252174058 397690125
33164 192079405 227866564
91521 400485845 598418825
36450 67960100 193123582
96769 262715492 418937234
24503 202317360 546224037
53649 500596502 595205112
47313 487265255 696169682
5778 420415708 649413041
67603 609008400 816051785
19737 260041339 469853118
75678 331693288 393358397
25941 115055003 188705720
24091 796408748 932874368
14454 417385754 617956580
2263 550552512 609743824
25452 691564685 740593543
63502 368421881 635372345
49646 164730392 341859956
92044 204239789 323848300
6877 577320001 756136965
33775 387414511 580312510
65321 629744802 917344090
38418 246278946 408394131
13842 812623072 884604415
66502 464697557 549679144
30706 497279016 805344666
38498 460153072 770909285
33242 29035496 33595397
53310 501551329 640956521
95642 268943686 358426450
5914 243456748 245252924
17478 587257141 878743709
2052 116293275 140348216
23990 687982524 703416373
90907 734898564 809289508
31469 622134129 846435401
10766 78619943 156085282
24508 209945850 544933632
42569 771255158 917302255
33064 239775713 257380446
85362 195792472 440514981
54506 624063529 701758067
87951 528933607 572545070
14070 147367978 251755582
98122 157150328 490881405
52927 468170659 480598521
51768 167351315 203016840
59930 393178648 443185701
62071 405299275 618744296
26208 155856853 248592236
59799 521522640 672687308
13752 100052424 216632540
94875 507979027 655423341
93460 644650816 830104548
768 201282398 294851312
50811 161559437 475704041
86685 734517874 891772911
50153 492518219 558355496
30060 568754774 641265691
53170 301224674 621757130
47593 116487434 117510342
47117 844376245 902989779
9721 280752765 470127787
19887 459405217 745223645
54126 809235829 981081392
85685 7763311 344660433
59848 858463954 864191503
63911 193016101 319512634
8126 372762350 638630575
59833 499617797 640154695
81533 555699749 734642843
40500 502740514 621904797
44017 20054728 143291540
39894 233230943 581722035
73987 825880435 961418523
98070 543284275 736781240
4290 331287078 488614472
81963 395486504 529205407
40549 396255192 595466186
81133 254696286 358470622
2576 450894465 792842880
99420 416764427 422389101
64086 979818568 986531028
80321 462939789 710596553
11231 350478135 550628108
61139 550948568 649563946
22986 497875849 741853630
97275 132365897 367302740
184 29 27
0.31
65848 227075737 507549407
8111 329216731 334828655
29823 332849322 507094373
61699 83339272 172578127
30204 181720868 277913358
82466 558975913 568536440
28487 34644624 234646523
53883 235906071 242862762
98171 130568172 202479509
76021 200028829 468878040
57080 91776875 195589633
79287 114707836 117023219
88772 544228062 584859593
73290 692727437 819848025
79827 321753444 471975655
42300 170009940 459116922
42727 352044798 456858952
27047 185386685 410317636
634 208521723 232900238
26673 208954121 210812682
58842 765213245 888274140
92246 11643350 236935967
85684 240056504 325729291
25380 793538947 825590171
69205 821371970 863948601
20517 451969634 483729490
87341 377653736 573144141
86499 705366870 837729585
15989 855928148 893804413
44263 531884878 733403196
68787 289976236 524238914
68611 119513111 141247359
50268 489149730 523774713
22322 393393907 471434459
89530 6699251 167836657
94205 210543309 294330207
88559 409622159 445733016
31807 869907035 878014948
38681 420122298 682416545
10476 712868122 874185967
91639 830285234 997318505
92110 367942830 571489291
12427 841206804 968203224
50480 270794858 405159226
76577 709399862 813867862
49279 600954315 825107553
10063 978456052 980007338
10285 68530977 78350325
4318 662162974 770407029
42553 311628051 420099878
79433 46300697 240634158
66893 34348289 335261392
29252 289949926 563170732
75142 699458226 703339955
39039 763058698 803120241
99482 485752505 710708378
55402 700194523 937764264
46933 7652890 155011749
18588 127886116 417734510
34117 268547889 489852355
24432 380565967 684801492
89368 750774837 829888553
59184 15533012 207844544
81858 901902601 908210215
3893 901904722 970358027
4196 890376593 956508777
65645 224274242 423964438
23305 67770636 194718365
91519 860274678 869937560
33427 879697992 984509089
12396 238883356 246310240
72919 599321903 714739995
11543 428701188 525764681
51781 536697467 798102046
5639 146387776 187980391
56523 687260737 864541929
27146 457086191 599599457
63546 227498904 428301975
26300 225391621 330632454
65737 509508175 699729704
96361 343734686 480431161
47674 436469088 587047933
70960 641499577 856910197
21146 76956656 242894280
96873 150798103 341082913
44845 789741912 971483054
85033 393558149 662402946
22986 57963868 65431500
47332 231264109 405681950
37891 11359951 16338254
23091 78200807 125205783
17289 650921862 928809866
12215 438901665 714074119
66094 86197569 243538784
48925 293704501 597401922
1035 564840626 844194434
84866 905846992 994841658
58371 923522768 948330806
70553 445207301 533750165
72328 822445852 876925253
2315 629971971 901069788
43741 149360032 183667794
26399 489110527 662918719
20028 248257255 399827976
60539 86042400 317652381
83994 303879331 334576875
34346 343614826 551877661
33000 131200496 195461345
70335 278692414 505433295
33628 530036297 533311561
74809 51793543 73560865
56399 254240981 278743237
80392 455180566 527769583
5000 369542556 516942304
38928 105943364 375776212
62010 203873069 339532093
9004 406998225 566359282
39946 339232819 454494846
33429 178694340 414735155
12117 32131070 45292818
42691 57781794 96982094
72528 230690938 269358994
42739 205624737 210705829
46768 292945822 587238121
9450 338636036 352678439
8555 296635055 302832648
22394 804272171 890395393
37470 150817702 437078696
71715 731070553 816233465
28753 594471121 706324237
7357 405173646 513133975
29529 836362488 925994135
66067 719785901 994463650
61597 111122913 118485481
78674 864643781 876234450
93436 42562838 121526441
29443 702065541 801255493
82285 252203804 417343103
98838 812495188 930444405
88648 41714630 212461654
48864 89139986 116530025
68003 460863264 756366899
93382 665275450 918079025
19232 416375498 468003635
65148 465965639 727933448
8357 641034749 724633651
13191 35199122 286755558
30316 585334013 680593563
96266 433926563 572513469
55710 704063380 984843396
74144 848083499 941201307
78746 17626649 50349592
38085 202059078 211000290
20026 80947407 315825007
22875 790548412 793307077
19320 206786754 364706885
4778 842150454 999478385
95214 532891528 557369103
47783 911601400 913001637
93276 530876249 737096041
75001 146936912 251651728
8237 366118069 638766556
36184 325330607 403528380
91484 53438060 166577504
79192 71355225 262681083
40372 204248965 231635386
77190 80704628 318590230
91094 436399444 579830681
56336 599137144 602348181
67871 912509028 913274001
88554 157767032 171059048
70505 714977005 829161839
9422 281220397 350484586
41009 567077656 760717965
55812 651465307 713636729
35802 77662954 378007954
72771 690211272 911925931
65777 204680959 404665706
79800 894892599 951285746
91889 84323621 322448471
68229 911291576 934564228
12231 670603348 901025635
98315 615412052 892648315
24569 357283230 517637895
