8
196 24 26
0.74
62352 640073173 809337224
1895 794920550 881268266
48260 151086875 263962319
35051 325847336 508054975
77646 211254799 446059984
14264 25879908 263968406
45398 645022274 787452231
99048 697665677 702279397
24966 37222434 67527855
46751 855249383 949996445
42833 67643932 183560532
54131 127697288 169667360
26927 588151893 779385485
28334 715642662 878946108
46092 643812198 861566287
39666 297350743 361258143
98179 560158144 791399007
14110 205317393 259134158
1957 624338094 643233796
77870 927734871 971617149
23135 634280646 827959650
2504 508045270 661525759
53244 145375839 338615577
99541 614902665 857252993
13351 140257220 160392227
74252 439255955 456468631
96020 732861525 738874234
70966 827339648 866847439
69887 141486935 191280954
18254 12781918 190703030
32117 607159112 610606352
36488 18234861 164674021
5267 428397793 670429832
25844 702000424 773690714
39341 894049732 897370996
46883 602526331 690072897
39120 480858828 611973246
22249 630644223 850809659
90378 247153045 394844477
47717 775713828 822216744
8745 149011248 393948420
29278 65360790 65864867
91585 23597414 267438350
25038 79430130 236634037
20403 629030144 631481723
75556 966373565 988063370
2091 832575367 859361612
94532 719671603 842543389
62409 310780909 323063448
79154 984876701 986013041
95490 386204424 407814982
53296 233735013 455665154
57288 669837141 826386624
21349 616061968 859901639
14537 544145919 632634039
44640 379194815 620485559
92564 153044247 234316489
58235 27997195 29418137
8769 559572976 626364124
12547 279877149 288166352
48210 34023744 250178054
94615 86064448 168840687
38837 4292168 255528426
48 546405728 770725051
98796 143549081 228139165
24193 341381075 423617483
59439 719429062 792824627
84767 680445407 907117761
59472 188602833 250929152
58243 691469582 692486294
64960 364433356 400765317
25550 704649235 724250037
66321 273379685 461093831
19276 716356141 817965968
63228 454077697 588422436
21437 354731856 523820661
52292 311754515 345868199
67569 244263502 363710918
44187 253130265 491965696
32658 779061169 855384292
99141 519354578 553714156
49383 89241570 117400022
52634 196763928 346910315
94422 438276684 505193967
47312 611078869 734636629
2571 249960680 262353232
16184 969515828 976051418
9431 438433923 547508667
54344 94809631 137085279
19162 86324611 89990523
89433 671348947 758512476
2724 446312013 489869372
69491 427164531 548255072
43097 267277881 293589070
66375 791519451 862395134
50964 684005256 765544702
50939 314392083 415655044
55918 115385001 312718547
1516 77595511 116427126
73119 367025264 612710802
32783 810074671 810666382
33828 475922989 479119590
84056 308348323 543155728
88387 317752482 366905395
21152 131207674 327614551
58220 331744831 462645647
89185 596617235 666764877
52512 38536995 194717888
89348 69104833 69659142
56855 560620807 697393047
61918 533578583 534365285
50909 29333567 282215631
54999 485395891 488927504
19612 391599812 509517129
12620 132628718 380972269
58529 123685482 248659016
76789 849166829 867718982
12664 1129124 10337228
93961 669061021 834944185
21690 415213412 532044479
22945 592115668 770246190
67049 336548086 550155727
24124 693903295 828605162
28986 611384982 663657066
14946 278225458 470909900
86163 151687077 214961368
36843 219482282 405501124
9972 170382353 171355346
4928 510482709 754109974
68155 640212585 688645257
6786 677507575 678422068
29572 762079625 900627431
58475 7262541 62496408
6318 682187214 735054062
74803 634939169 726508797
84068 626026722 739176583
99669 308815427 312917131
6875 103413714 357997037
92561 663340254 830128370
13592 115711688 229757406
57011 107540192 287369593
533 691445134 718739333
89428 258920307 449113024
43843 447887373 591582236
87007 545531006 695689009
62354 162613293 282862615
71992 758789115 925954562
975 651710184 655760075
16089 433753970 540138022
36846 792530975 988157981
42077 412399140 523843221
14090 843531635 904902237
48225 916490086 953848743
12329 431531866 607167733
21928 224498015 270608146
9475 553254773 703935667
45087 830327329 891628532
13605 58959142 109779826
72961 153590454 364937534
26385 889109026 966439794
65244 822475136 822635307
9257 778933538 872213828
7828 363885001 597178282
52332 4640278 119419179
73478 203023375 408624340
60224 54768097 179495638
92496 107153519 227906868
68402 149256576 195996857
11376 630466767 824115633
43419 285085528 311538679
73130 432442725 659263940
60612 754950374 888068425
99407 647489758 750973673
93643 897487657 948042748
26779 375892731 501815484
30822 78708850 220532483
83998 742168184 767218039
24392 860997334 975707215
60382 232016789 453318398
83234 601065555 825730277
3259 697257776 881535206
27021 463664552 553123582
23411 16217512 139904486
7430 406065292 640170754
65672 308060664 357143900
34777 11120934 74154822
37279 210861173 250951603
25633 787085017 824685942
81995 79530714 293935327
71503 141198096 319254207
47466 350347432 566162043
39114 89292725 315402410
16846 800372957 950306038
9271 739068844 746177780
69183 820412689 841228586
94137 564296797 674561352
160 27 25
0.96
43439 332533241 517718965
57198 318349127 588071753
25453 249314176 457194156
3578 185692643 412282888
64759 358038629 502488658
25175 179039047 483260974
78202 569342205 877238576
29847 977298731 991355710
15982 379204174 392994125
78400 1491258 270701306
47544 445383734 620194905
27279 52121806 58647888
39824 114314903 272464567
41951 301644348 303141189
85346 367947700 451175469
74507 51718583 226225936
27001 847203958 950990135
80753 465947560 766405177
92665 405597458 597907326
46456 462855927 465633094
63724 587052172 754585908
85140 745195087 795659726
44320 891431120 898220237
80552 336447818 477907374
42479 164977496 318415174
81995 794517740 838180333
9664 322191994 551477035
74894 27995882 129015161
6861 179614080 209454971
35486 664361466 913281109
85413 514070692 609882300
20837 729570777 774976725
36402 782856702 939334288
4375 908850802 922680925
84734 207693583 496608058
24938 187232001 479151370
86227 567670010 744499427
13541 217667508 277199195
88673 182350791 207114382
21309 945345430 965523092
51972 134525504 411292712
94141 689119959 928786032
66884 188705908 310459116
23717 762014754 792259052
11231 377491409 524448147
22868 388342478 584619785
46821 671429269 870491743
78409 303548827 305745434
14884 701588042 777309667
81958 214375041 221062388
95748 576487852 781152985
6455 96672832 229915640
60531 471600617 621003705
60274 604109243 791724383
13892 796100789 829038790
15328 72137961 354387520
67636 1738129 202769999
64060 39946902 261894626
93901 63149959 167168981
6586 879855855 979463312
67823 447055495 629568057
64522 743130479 816428209
43181 764078755 911156089
38749 22801798 236322925
3412 48174298 157448950
40008 284445659 426410631
27442 740361005 955307299
53095 931594301 969269602
57653 104729158 109769218
48868 250062077 551007424
57553 163864459 263303299
65144 853131659 857671269
9031 536732618 764169267
81874 150249786 341935569
37027 86644196 148306678
65846 229215814 405355002
49029 304207319 572295669
40809 223799250 278441818
37859 293183847 604138090
87115 64420173 325105743
36301 78677400 322126768
27651 295921138 462254505
27761 597214620 634701684
62530 73346808 118667132
74560 622487582 705155837
10113 21729342 335021397
8434 624884138 629072274
86253 366334746 521781685
8134 738314470 980776882
88613 521741578 543738563
3341 775719645 934864645
83906 549448408 619428735
77800 520873620 727949544
8631 172685165 201615222
97743 484762386 557236732
74681 134259215 364496698
74836 114309620 291406311
24353 368076502 517189040
7400 485205679 494582683
52240 54120942 153200836
73309 219261213 416484794
53107 699601958 976843638
9932 955352477 968303549
76327 9880516 42882317
48793 113688402 113908260
44703 144188392 398049695
79764 104833515 239086410
93253 397339410 649380879
53025 342911580 399217072
14590 234916026 360818059
81722 555157082 634845073
38961 114541176 347936538
2100 107611366 136849032
7113 57145399 181319548
384 546932977 800043314
79513 195054557 263212852
17588 298701713 308235116
7776 114456902 372905701
37898 628854765 700794390
12622 694855832 818598767
14567 296574145 438575980
63847 279738024 441136914
82527 263071825 269659478
77894 574230830 844966211
79767 916859199 974768986
28100 552834102 717781237
25548 500136116 571847408
44665 169462379 176948863
19699 753627991 976265073
27523 836271575 945263177
44929 452807928 584933263
56997 639818917 709400587
59660 847457553 934663536
52274 655441758 827580678
25906 44772371 158826403
40779 824566789 939834468
43545 321926853 634121929
66469 690279581 861527668
93207 308728185 311089660
90351 511223390 815172480
211 225433088 294725617
84499 815365535 863442316
10316 352916370 423441694
95259 105938016 181651046
71481 5824615 46223826
68727 26556670 302822540
26546 171781837 418071685
52732 234522375 404538216
26062 614903596 752981088
39824 613602128 679972249
35852 297865449 443907805
39876 761349200 966765195
5558 577070021 852097627
27073 149532395 153128857
22947 239961359 362327886
69927 529331535 579728220
49341 402822287 406914828
16593 639698970 774881651
51139 510153758 734490501
16030 266208017 372605527
162 25 26
0.02
44338 478790360 638198618
77614 572758373 604243226
61261 954437319 977606547
37948 728483476 834979214
12846 19994269 96186144
39113 358109098 371001254
79806 604987342 613279783
8176 468410260 760186522
65239 796919421 806304291
47230 584451920 801476571
25967 751775764 989067136
33200 582172052 656989774
58965 407902044 620236411
76473 507693135 606646961
72154 622499554 860867919
34152 863897052 950459217
72466 128579865 240870104
70538 662812472 777834469
49307 522911560 581498474
81164 692462577 715798600
7038 707003505 904410597
34597 661518188 779386479
60852 613067106 641678585
85906 50082362 161300181
20811 318843036 501574770
81346 558885609 645966514
22570 158727134 160745785
59283 10439573 125720137
97073 56776120 163163126
72445 367531419 599201018
21221 78520486 368444292
85423 231340745 520349398
492 6551461 229586007
83831 366462664 593818834
45236 699232618 891188207
84006 102568083 249483784
5881 509408141 509715809
92371 569797904 789035097
23879 601530805 753528879
76543 544992574 741338755
68445 148104790 247970757
70778 902425484 917532254
8019 442255651 505673700
41701 175790838 191978469
27550 621595283 723819852
52823 722680976 824302259
19602 118287614 122415419
24548 843821016 920242941
77479 181160899 464896068
93532 135721400 183700807
53472 434350575 638028016
11121 481308390 500830519
30441 549475196 622876971
92188 762816467 986339770
62687 686279902 699161020
832 35732022 49759818
15061 480798714 496260103
58766 120935545 138496367
75668 676301356 736997166
19083 73222419 292652640
17218 670582437 814114228
944 226930347 339377275
84775 629625873 871886572
68114 500034829 604893390
50541 781832822 943005016
87170 737520141 886267547
32743 681312604 818426195
89525 557690263 836217547
53300 52375641 249468768
64743 615076244 913625631
5412 222985021 227874236
58876 958069808 963945403
76986 237200682 260707566
328 397505048 477103205
54835 907581105 919461813
79696 117877046 119999505
94343 925098112 950337160
95632 191190639 193753436
14894 299729472 539852563
16031 751732690 905926978
3397 263218768 310016975
49872 717513702 939553863
35857 551059150 708358276
15291 640500350 670840173
65700 137567127 284845536
63165 390150778 441515306
31966 725711509 843415586
47548 226768887 454126861
90166 458881681 600833979
76429 831155079 832339696
27130 109934040 396300249
37498 975187082 993865039
96020 256464945 567731200
59166 85060165 154978438
23854 578888273 729863617
82707 123385833 257435908
68215 807893927 862055458
47535 229983096 237796112
51622 851698782 922733010
61419 521288686 762043793
72511 698190534 961724382
66757 709034068 965546979
83733 53478630 197214865
53671 756189320 769763065
61744 311320510 512066256
32008 917334074 965123513
57456 400471216 503387663
10321 581431482 894623578
87632 172955659 321602073
44483 850254803 872526752
20462 532017111 597197441
23671 23510170 75408820
37707 250934239 253777494
83335 851425932 854726855
62863 484862971 509644704
48268 4096333 94189081
15023 282186287 366503547
37448 939006393 988810649
28978 143924752 450392201
17830 310650595 566216349
20080 623086151 705923321
75743 785575331 889917110
29981 188414245 455162883
72030 463839719 722545163
79909 214002979 441444171
28550 845275902 936215791
43160 393516243 584999636
27155 511301816 657170138
44425 792682786 795367004
33151 619464125 921037266
90514 345539001 631940542
57639 358662599 447373499
69307 332823992 624566021
77934 45412873 330334870
45467 629105975 736332581
98848 16839837 195024854
93982 780987154 791806242
51354 78168670 193250005
81000 789797222 908586486
57481 341870329 346472663
25850 126214716 243829492
22288 856144866 901182832
53811 680707749 901852922
39758 351173731 520743828
85849 88530234 368795370
3840 458021786 617178733
64760 474163892 711139776
41796 105200020 221272820
34795 360060632 574453339
16446 876278233 989470915
17753 578596177 776986166
13470 288381086 479564473
25538 940020270 942767811
47170 227065629 325941942
83899 688229481 732959085
92441 64306211 237927432
52983 724368213 850573926
33704 317031402 516559608
3271 261288012 269585630
41553 516513705 798474581
21827 33823844 238575005
6193 661292324 778950791
163 29 30
0.29
21867 229953797 481337997
87622 288397891 618230398
63919 651509001 782853429
9607 883260849 918528322
94196 305358096 597556068
50889 151027873 263310005
39926 885381998 893591273
54748 596516294 938828516
27545 463585830 479150089
30947 149620456 377128441
2384 545487061 585231527
95707 407572576 763332382
47170 504985254 682205851
37563 589629015 650414779
3722 140025153 178732842
48733 474739141 760600977
51487 736281882 841885812
79645 101045164 403017883
49716 650222468 744096520
62560 684890859 691970414
13345 668014127 701989368
75768 772419120 996253180
7075 77521953 123488174
4997 505857410 665506307
82559 14532423 86960373
18558 44648644 317564125
22765 114192924 319322882
28465 106228335 205769846
36883 126029799 390892716
33735 829231208 921768293
20687 505584339 577295767
80492 108150715 138519872
78458 306165544 547352328
93678 170355878 476523210
61802 281296049 446462127
76485 29009912 190909478
14040 393486835 470252908
18898 745119251 768864555
18242 152230764 378714944
71819 717032361 832363179
58450 442690648 793541302
19191 752472227 887391397
32606 483449963 742279299
2389 347944407 660113544
95921 472461735 616525245
20515 399840017 705393638
73163 607841816 683542946
98044 681565952 752453740
16934 214456316 257529655
77217 710521716 826106878
15705 288709867 295046664
23196 768093385 837975206
94816 411377267 491186752
71937 445063233 726544211
81244 292390680 392887012
31575 774538955 857427381
55191 116192536 158396464
2102 820076504 825810046
40748 133217646 239974026
8113 375207960 487625899
12773 350868804 615364288
31991 376873775 621720095
99557 444223019 804769979
46869 600167333 871443240
20232 548892769 589324412
62558 655623617 670603029
62696 460469674 614087802
36910 599783224 756248797
69346 501248715 519034710
19276 708117079 725878520
53113 817676466 935156293
26799 506762769 728574275
30553 325069980 479883222
67139 328735093 360623078
42591 459631146 489584414
30476 346022965 387944914
31575 372634291 617668362
90090 641826219 941342328
26310 257248384 381500045
64831 244145072 491199203
32170 189069027 545055777
31821 44519589 243076457
13760 371694595 482763211
60068 690101057 814091466
82533 82123735 374430285
20379 165669909 390510273
92320 697019178 712687746
65596 591140981 740028773
74814 339839296 680781658
76134 665299223 984822112
33822 185204226 486442559
37102 714504284 945167441
31118 50306873 55140244
48966 547601808 744306528
49526 295666517 399468172
53474 400620569 651495392
79476 519195125 752291470
10262 325982222 544850495
27432 53293054 91044281
18020 616369166 970758402
96978 744164359 821457159
28470 38751209 118138035
43769 426829182 752256482
67015 157812072 165184621
45423 25835221 191513417
135 129833763 468887010
17329 80532304 186531531
55711 696235486 711791624
17779 574673200 575815025
84882 318537582 600139812
56956 406108782 461277274
78854 244962770 311368273
34222 476295250 636779962
68098 35332557 384747128
27241 946563131 951896961
19192 297564853 598857312
16465 268575927 527395160
12421 377618744 559296995
72046 612179409 659701654
92150 163948754 351270949
19 356972957 411381067
27951 592948352 918246576
88897 469941123 830902284
66279 643362639 710852876
25229 144822568 319628731
21846 245329479 496376195
15328 303506098 359739138
54227 3212567 212346945
42303 187279436 399805782
39511 734598904 786153354
87371 88027228 347320935
51014 125955227 217195126
26697 724138240 818052487
976 242432548 352236497
59044 495182491 677592908
28979 81404898 437601574
67794 487288378 764975849
39556 43762815 151562980
29014 577603606 889549706
24494 148795198 379264259
20677 857489830 860605247
73594 768576959 931322443
3147 17286819 205773348
52273 875971448 889544058
88303 326552916 591948973
8958 585538589 877057651
53749 872545219 988182841
22360 151516165 330127878
89859 549977407 627926142
68159 219203645 284518808
63398 152634992 158048810
75973 221091815 532977655
67446 274822910 332536020
62543 914766914 967699319
68887 688522035 876955983
51036 505316198 779001028
21730 256051382 289399591
21862 399144367 705298337
91429 324278311 635652067
30536 469175690 830180505
68167 448453691 803568742
23712 690057458 714606609
12783 193048504 352850324
186 26 24
0.22
49194 777439382 949357035
82448 434237557 437208280
71459 2828301 15613639
99606 625746203 814349104
64697 380071712 645120930
34986 314538917 464371522
13450 200370956 375839441
99363 656029514 658009092
23979 355341628 580844152
3140 651241925 849755546
84712 524557674 728257147
38594 471938513 473323613
86856 429241524 474075925
650 741963879 796065957
86164 614899945 757030390
68896 820628405 824734202
23450 72311181 231080018
3819 12293153 13890329
42830 708158045 950044977
83568 693508269 693630744
80753 34745670 278575407
99645 450462135 652625622
60469 230902502 235288670
61608 662189365 803231346
6112 164335124 372244263
62902 395909714 522363664
20879 768514693 996930733
44673 483058893 485728115
62557 456682166 671500147
14964 866576439 914099771
43493 570346949 666283604
4538 677932123 781911043
94212 647900601 896246996
71159 792818466 940103391
17796 76550529 263400872
91476 438047233 489858068
55509 478327364 558692960
80770 728008529 813304903
61053 960542581 962229510
87991 685715953 904783230
4530 29172100 154409735
11741 238720737 282371068
89957 593633685 708072803
78189 810944122 823187736
81218 886359972 937741628
43574 449339762 552765670
82710 252172343 510332511
66274 730222293 950231416
12913 35993368 40415700
84731 712884566 866195611
81580 762831737 843057765
8266 547274258 637170299
31917 627813450 813622747
26977 140921203 221527469
51529 114258702 265416897
56251 116049262 267266263
46442 834256161 910270989
71425 314533397 406031913
39762 542610643 761377059
81070 555901370 750935940
86143 708129723 861811537
58997 82277904 111522042
1456 51900626 53635078
1090 37470541 226208955
52231 117892182 118209937
97791 766393034 997796178
72208 657238563 914005816
62169 689950175 888061291
9314 336664507 379078995
30243 606136526 646929693
29507 137702801 355005905
16378 125426930 234728511
1681 404970789 587974258
71752 198331774 347386634
9279 411038531 564253730
73357 747920761 812508503
65757 431782189 687325027
12124 547716592 761389497
18908 617354652 766659697
60994 518943200 618610406
51920 545664929 581382431
1325 522765317 563514165
48503 462468857 592685630
57226 56425120 265416278
58394 608099189 788307538
23376 177495205 246069439
36498 809369559 817271272
27164 622473096 740533111
44622 523173163 738488890
637 652150533 742630793
40114 59874666 225926919
46962 564772808 658310576
76962 506532630 653458141
29937 216862155 419095855
41824 654884617 858401631
81673 291700152 401892986
67859 117459408 195208034
34858 594734738 770787272
44553 140890273 375870577
13445 448010140 573827825
79582 402590485 432479457
34319 368056435 517856611
46046 93555803 222438192
52266 761979737 998293883
52040 130094031 280373513
91270 505385573 629537642
98677 188776430 194406487
15300 172758739 309711359
28376 799804050 809923221
27452 213360903 274152147
92838 791615260 836630913
20128 253310843 295747773
5591 152492105 164922367
34977 252563148 398357257
78254 853656838 869162776
59665 509721970 603016195
69623 307871281 441468426
68041 399770091 571045145
57263 435355095 436407899
26124 18169160 117542324
17673 600690153 722945365
9420 899823675 990387296
52686 558217633 795612096
44940 447416063 519535926
86597 697942734 699019298
85606 846652222 889974317
24372 8386756 21940339
25903 555774074 687246504
68358 609834346 782491928
15416 206850230 375216989
66574 54696671 317706732
40438 642664212 737295897
30059 138595162 329297361
24293 145084676 294875700
45101 762782399 950703940
86185 331880276 544630709
21944 256945211 269168364
18486 108540465 223704917
44935 497631567 603493988
82833 140016107 235539729
7187 903751922 954302193
59831 826494628 868528640
17108 664958571 665087202
41821 389101341 484160325
85351 661979428 764131371
70455 109363107 202478319
55345 74308040 275699238
6045 639755772 697357362
79780 811190449 979226050
1196 545379303 583485006
81825 312212497 314349096
29418 43297128 153919274
18237 239641195 458747456
78861 361882462 521368159
81895 370237859 495390983
22300 278340130 292422815
68840 743991942 840026261
47958 134471236 290507991
86381 573631271 576847340
93874 531015546 532265374
71810 614479713 876184218
62279 752407529 841290216
96416 608396993 860611353
82158 435697249 440844421
87529 464030185 464700061
32005 67583019 284944011
66993 192783207 459434853
73526 255264997 348395257
37696 686769619 687986119
60216 764828260 860163701
5781 566333743 715567630
88565 767712831 861423640
99566 736247089 747244304
91244 340687285 583739466
27174 308597218 411072309
90999 471388686 671145779
95423 419686203 419964142
39600 76437550 208576472
33121 464305980 661767061
8464 482465756 721150210
16609 442957646 454729799
51769 913134453 915427117
42822 516288304 537733972
5014 405897694 426364344
40745 431678571 486438270
72256 60741294 203826237
176 25 29
0.53
13535 179836371 252247017
78401 446857719 485176893
36001 627834343 873219906
21039 651205962 931411904
20680 184623542 214354695
74310 52591529 67441152
67168 270501467 575978458
1870 317102119 334129351
38228 425387678 448108526
79876 448263966 734079964
35150 205006712 224060774
96833 212576752 381766793
76734 371411920 488876292
25018 676599593 755303662
60186 293072496 413473161
32137 111078560 160732611
11813 366704757 585759123
14317 37625726 130054705
46420 695705943 850692405
19726 194375969 295694688
27629 746240216 776786380
84644 80612052 380327890
34385 135978660 254507736
11481 622915380 794369132
21564 321059071 611044364
38988 733061242 894405773
37002 189209315 478489486
98296 321527113 546848941
11325 455718330 752953225
32085 612146384 786520230
76189 140357676 275006553
95965 949298800 951075298
1280 205266001 349229519
47123 169549299 239892972
28139 755526876 920593580
5568 898747853 967416322
98328 330304723 568842091
38622 511518837 779570065
46457 291753856 307727328
10521 204848945 279313354
40443 279565662 347723709
87314 260160995 410233256
95279 539449040 711871231
13990 553814203 641177985
32038 223819758 332107029
73520 542162061 833716455
15676 38799342 121056271
63339 477376704 755409239
45911 243189257 524572307
11643 327246428 575863062
81551 354582134 401728718
46637 239393037 401489572
84785 645268001 778281846
77820 399479198 603367113
76095 808685467 945614704
90038 745689543 747803605
34779 844031735 850527379
67487 721156029 816963257
25637 385030596 484599565
53557 658453946 714620508
39009 502316158 693366474
7796 661565211 688305541
7645 632790078 857067480
86971 307229751 307545501
69970 639833958 820955368
85934 72731692 115290625
3881 524980326 732669984
53438 717156911 834607041
98016 569529601 813192153
99271 179413183 468204566
49997 400245323 413902149
65209 422481832 445977200
75523 542746144 559477965
83834 303701825 539551460
40532 525783792 720773810
76714 542811905 625952129
36406 358346611 473697531
23336 355627370 498636528
90025 471200689 769183670
7251 633972171 749162782
33753 646084231 923967889
71316 530542435 636466139
19359 363009511 411890915
35771 689730861 764960027
92077 633456768 812012223
82247 518770197 647261847
38218 539561061 747606274
68202 327805955 419720536
87963 779751885 874158255
40044 78114128 89579288
48484 135046720 330286830
21008 137582890 354654405
67662 681082966 711732330
64629 334995575 456432047
77833 865850565 937847073
75102 616083517 784908789
16084 393582960 589021930
49972 220915124 485023995
24283 975714959 995750332
32139 275354784 340506564
43296 549356218 815777939
8451 734906217 859877233
74462 887958080 948007097
51824 122737032 227407917
8491 340082273 357080705
59517 292302384 306013781
10045 564517589 564721063
20845 516390158 723961341
9103 677181496 833039073
3618 751814108 770741216
56036 607123860 632354286
89090 534187243 642813505
79883 413283731 436812420
93847 766032851 990261654
57251 784965310 840534382
28150 548496169 757690745
87106 505161806 601071954
85764 43703627 67980407
87026 245087533 496530631
4980 72181881 310192947
98363 123253012 187143824
8468 517092754 638065204
39623 610866672 895059660
58633 823502371 846008079
85890 329049970 329295228
24312 840887716 936093344
69185 51852312 331388658
34344 355075005 589653635
68454 35831577 119202390
35972 19277854 99535297
10305 247591516 458609427
28454 19154861 296131923
10201 429341501 582555551
57265 356225750 570065168
77676 228277817 423429290
9725 879854210 975489589
28755 527826120 784607758
18586 604173853 616009710
95850 506100516 507924439
62605 918243110 920358943
50672 699496673 971342319
12799 45327313 166177331
49162 716281358 954179399
91127 459169206 489932583
83757 554165063 561885551
61348 587152996 588210176
82108 604835508 895575133
45729 713624956 868789823
50575 46759251 308274710
60691 686200451 942297109
2133 524054833 701895558
31892 403603715 521320393
85948 399968808 479517320
19062 337001677 547693486
68719 377163875 563591238
69281 649788310 793261982
87391 597353180 699435900
1438 232741736 518943928
93734 38858836 298023580
91544 303871353 427774452
84808 213958309 273014671
83487 265448121 384671365
60124 924728553 975593463
24303 499376945 499918490
94090 826342739 838867524
24401 841224282 850062204
21717 68975617 213927951
14529 363607739 413547058
17916 346672995 580713203
19953 538895113 761208124
71324 511267823 670296281
32940 115798693 305458360
31321 667753453 873081178
33853 506046649 780255710
87005 859335508 961839097
18482 177375512 211260842
162 29 27
0.15
7039 671819667 716384994
74931 576024069 642807552
94390 93772776 217678169
75096 715180333 755229426
82516 28407747 356832531
9722 263094716 424120068
97285 371575572 384957517
41400 295906681 303532665
42691 475581258 558729913
35351 859935014 933128568
93463 55852952 327251094
59750 93723127 329127792
88224 597634363 839118033
96227 926693817 964138566
80626 602471020 770037622
72700 616272510 917406302
88065 550403110 831866574
9209 52944368 328248527
36031 745939058 891099199
8952 789240277 997065977
963 595273743 778389909
48537 769463055 823146970
53099 379603553 394111063
24315 249715989 515343159
60324 938777835 979154956
42503 74676044 86930187
82088 277679393 323417838
14093 355480176 650909762
49735 809623258 822080870
76812 679594978 780009721
87209 66171939 346495675
96471 356599375 648789323
28083 292297315 549964516
34612 370966054 439553732
85033 138384027 338167446
33287 480760757 710915559
55540 469302850 773085089
15279 565041859 599170356
63205 305342144 650976778
97008 565242972 672377255
49209 448898085 455199116
76305 559469014 638864625
47581 897500880 899834867
13959 716895582 778793690
66740 636597884 675949905
91251 544689676 613491074
12695 468703096 774617504
35559 173095533 317497811
78205 317525006 596234980
85615 614831796 695869258
42204 706357030 710050814
75822 86834161 342769677
14127 462705800 636414509
82791 589515332 844294980
45529 297257243 636878039
60702 576321476 744534439
65418 630619141 639505720
54078 496998382 612196008
7168 472003744 731586044
48925 232531763 535303833
53071 156195593 163900959
53085 407837828 623680662
76324 85962105 239961829
65013 26854836 205229692
92519 318772987 432673731
3664 317920151 570098464
23232 73290629 396525076
48533 354410671 484143641
25565 425439911 560503655
38087 73215700 95725446
52305 402587655 464398474
93774 519469048 701742326
37247 754443001 972030457
19510 466116512 782659910
52055 348516313 494275804
28886 763269511 823302502
68225 776097496 810554695
88853 98463333 414745765
35609 559969128 790201841
11496 195669640 433859644
37913 765703359 958598409
42624 101334774 349178249
46110 118218683 323561152
99715 340024332 555850163
81892 552652814 705374299
27255 808515168 826349400
57172 782496071 950679694
4967 72613713 170784700
16640 73723101 206338821
57376 306902828 523849983
47468 292376547 458904337
79867 336041258 654324640
5936 805783024 910664326
36640 121468126 159856168
2940 37933431 57828079
40713 584567970 700627752
63772 70725237 377898777
45286 345741804 498763959
34684 293292376 360418942
22048 868528141 968605877
2318 456727188 784208000
7424 536969300 761181570
1642 539556524 759858529
62321 366072153 444196980
88213 303166957 565828759
91876 273025624 491389991
57414 429090324 480610381
22675 740593849 901327226
96230 635390256 746067236
38729 633809548 929949052
65686 519247285 728337335
98336 542675890 673974980
16054 291674940 473911816
21803 145518366 436676022
16131 475028618 475258482
77781 380307510 453022384
70881 219842047 231524519
36522 42752865 292990403
95162 283374276 433481277
71350 338657318 423049757
77031 484119984 717044675
70635 575157917 583485064
77389 351353201 638982615
85959 26560712 91789564
45449 752348402 859031420
20086 490302754 785974726
35152 230793471 315018276
54228 495178257 564677384
75152 594919180 595267402
69334 127613817 391103037
65212 623925633 870288067
56650 668220880 819516092
25863 577181389 596917119
11708 441025179 733598711
15534 268890896 276831344
37052 106545406 450645890
70300 154878270 234270087
29341 710004215 978768858
61545 176476937 323928640
46143 392162741 534236300
90947 51664524 276128682
44687 354862402 641578016
98384 645501637 983037733
69198 668139704 823903335
66515 422705152 491704826
40880 578568781 578743755
26925 291521937 583926048
70790 110774858 160668685
84358 16324493 191993323
62623 540619919 580570618
65197 376454694 650460840
75947 615627376 786826731
17053 640303676 824361187
80417 192364753 362465290
69698 36941761 232978995
78370 825283118 959862930
64602 393382435 611542966
90813 572312872 740263246
94367 586069672 593890288
24949 638656541 644531241
98021 367053490 371589606
98208 758589742 781813994
177 28 24
0.45
69707 555892118 590390860
64723 675450162 768457563
28900 144690116 353956084
88631 129741905 344127108
30606 692999842 844259065
33335 979609233 983722514
38731 637615581 696734709
42654 792258331 844315240
48786 38014155 168740427
29781 15600826 42601465
67310 6135533 267150587
77188 478467420 550813110
99814 41609246 258776347
63704 31926561 193024403
51741 70080821 186250355
88551 359251412 591702831
50523 508847124 548475996
62641 775035579 900827604
47500 51341589 317440146
19240 573346659 584361926
63176 212154767 427058363
62129 618754839 782131592
58132 113375653 315830047
95275 149966060 441195163
58567 237275188 355387554
4336 298391325 510005267
59951 96578301 239164016
57306 832855509 904691074
95797 20406258 237145322
81897 512666133 593055852
91967 178714472 320502372
61411 698670256 807154999
8629 528185160 579438055
69403 276409634 556428187
6663 338221151 629879834
71765 71686030 186439267
29390 170496516 191692916
74921 393847963 404948130
60976 336121211 397799368
77223 657598353 716001689
59785 436163813 627387177
76955 34979594 41606170
80454 304533144 475794572
74258 815270591 837991129
2612 711171533 961540341
15099 70851783 345466666
8217 262262180 313583730
82961 68721073 330754889
98625 826528145 995493065
41049 173511700 440852083
81501 109672576 349105316
46408 390563045 576695603
93703 730945354 871479506
4200 131545292 227175996
47306 546689038 828189196
93595 641625672 643856211
52512 576042249 581935747
93118 242446001 473320431
13532 164418352 448365661
76146 659406194 769684198
56842 121564047 330663159
13432 354779047 499179479
86324 474258660 551357718
1147 717803680 815374449
14470 584702918 688199904
71508 796222058 880234372
96181 49483611 189056766
19464 224641883 417459074
10524 510188767 754292377
83924 956563925 994073037
19336 368430695 489467757
87181 565144189 699970014
97589 744762940 824121752
44290 318859880 505886765
54968 792564330 794110316
26915 632165181 786328520
44096 629932836 823852558
75366 559818692 567317910
27351 422736932 424900047
95208 37085369 38822897
33709 700180926 965168821
74290 355558299 525804351
71640 632610909 870285175
15357 167148301 406746222
71349 724559213 799877253
99735 195370906 288586775
5810 816756587 823520211
95270 727321112 768866584
52112 257476507 259812496
92205 397192264 450973173
31459 673332441 849476156
70478 671898843 961346077
96125 397353831 584339665
687 84694655 303561262
97131 522067372 805634905
1024 314164770 451941476
33790 578578194 597658121
48764 169011788 424638930
81581 63933473 337237206
49167 105101803 384069044
64857 363592228 393614485
568 368809389 586451921
47633 417545153 640994599
95439 711836587 904178786
12632 172095223 268341645
6345 675621031 894508325
89413 686189694 820408300
40281 367222146 416530932
22602 497961353 501688310
44634 847475162 886091009
70807 177788046 177909069
43659 327803314 376829300
6240 381276258 581855389
74139 230940809 274770421
26204 840428782 993430778
9190 672112307 674486508
46416 337650976 619279287
91262 710835300 852793459
43757 185486797 194184594
91854 821968072 824755693
41654 741855014 770036893
47868 417541202 602536089
23557 203007193 268558896
99822 508261890 579267418
9326 348278329 406593893
14671 792614403 985640364
45188 150242175 155361063
96785 618586735 906328874
28763 392302522 680936893
45877 653289127 783561079
48431 293255949 500321224
42538 572894193 860324866
10372 231723423 488978501
21171 757960258 959951636
8621 357780522 392051010
69549 259153225 449543996
29649 465817720 519803184
71632 78354978 87486922
99019 578296243 775620054
61171 726017993 833667054
49586 714176238 952601727
62613 69653422 255057077
3418 816280914 823045577
93211 474547547 669025539
86808 663277901 891420971
32884 255738062 362524102
34060 340478324 453910384
74691 670864702 940036179
77498 821382269 986724521
72510 410309134 502770202
72282 745098678 843545577
18355 715259996 806678151
64402 684924340 893402926
97995 396593431 527568615
43073 81482021 181104884
47826 311763019 590654232
53310 487034690 601859884
20886 791774589 847039555
85824 314061821 564839412
69295 531188877 730717654
5375 454305095 541107288
93663 98988358 242819980
81595 975418260 979027598
29817 507086677 590850862
41117 776032814 973835810
31239 157604992 320307130
99259 781259255 829572024
33863 513520434 622237887
89697 137673352 288321708
2071 331496623 439435516
99628 858076400 877568004
10994 773138675 780107200
74777 583806906 651089499
58873 726057574 751495325
14014 320878879 566368192
54550 767710498 840171217
62295 485374914 753858316
