8
183 24 29
0.54
26351 838362781 989378985
55642 383651523 653918218
46603 627997645 895875669
69769 818171498 822864371
69746 323949727 331249806
87272 710729452 940336072
43070 253028995 476849956
32033 391036274 658911293
59539 743576101 833085260
13382 638562614 684192227
2823 859895354 867707117
82322 428058013 627241139
77829 229094272 378214894
35214 253186090 341153945
3981 464635976 679914516
71766 735555908 957004865
94462 109846419 176093632
10076 29525776 127764307
27991 721712910 804539654
17131 530847384 729247473
58779 4427929 84291764
7214 828957968 883764092
45268 156379698 202183243
40979 592353833 645749037
28057 165724794 445714612
47339 705471117 771572740
99731 464754197 483547851
47059 979696376 987904356
19581 118834841 377501564
63032 15858025 141439393
58315 245951741 246652539
47415 894463023 902949335
34030 926136892 937395367
13508 95189258 135947285
85205 659459425 690905887
96749 920085485 985869715
25653 444019877 548151038
47230 513165394 527563530
71725 726569657 799957178
95333 422422185 572946911
28324 597555269 614189794
34329 630994515 888829804
62836 633406304 737915280
97016 601694757 782514073
52044 651745431 803714899
367 514200460 524378112
4945 237068700 480072396
61662 705002918 833665536
16517 300430154 546066040
93403 50478869 156344899
13803 481115855 668205917
15350 85833028 241507884
26058 252237859 385732498
11677 489198146 547441482
94897 23886270 37407880
76418 303871035 576239622
27354 313097174 505185993
60090 407754911 652991718
38674 47798877 293116607
4680 430686546 474237371
65817 950967338 969105203
72698 334304362 453898402
22085 175854979 391479976
90386 766531798 887984815
61068 566033247 721401148
49160 752347725 994993821
2435 562807873 567029917
2255 375180446 424290770
89057 371446979 493996353
50902 272667427 416308493
14472 427473554 529068934
2384 726725552 997268243
42949 121316640 268995550
87542 944642650 972853634
1013 781107748 890853754
84524 107853478 266507019
50827 283041629 412788865
28002 593555771 840592105
10801 207886024 221297508
1756 92581459 333032884
67212 695100994 982521312
9556 73365674 194702149
47427 14343674 119979935
23839 617493440 816782276
7009 294275850 554061730
69807 311725311 576958169
68730 674785310 705933477
31447 472935989 636633443
49995 171205938 274345221
96564 225497029 368164682
79493 817719946 969254195
60491 929285720 950833422
34412 26609567 260899423
38958 407591937 452671199
35227 745890513 887415475
99811 813653524 924445884
34379 735279954 797916273
34023 901612917 952878444
45141 230934969 422479734
8175 800990570 954713551
47316 710599780 881867401
560 721556745 965991360
95887 401879381 425309369
79425 279719266 558997036
48374 254908632 400522925
41213 650884564 770705527
33387 120076536 390163664
9389 312373544 480747187
97027 531072466 740897691
45543 493730005 551759029
82381 126172186 242768484
97584 61978488 191156358
70899 482906584 709370362
39304 24402502 265900385
91872 718534521 875788870
22599 224199365 371444640
54401 92462257 103969701
75490 595407802 697176468
94127 745722588 961933393
80083 330336732 333218903
34284 86442156 92438911
92281 756375408 940564097
83981 872268142 992507542
65724 140456807 222043476
88664 411855412 652343159
57812 640158716 791888145
24334 659178560 696035343
10315 389945393 390258498
50155 64448469 281356549
84128 48223596 212857649
10443 50490067 112590699
782 819139014 847207293
43248 981283214 985009949
54733 588251002 751502025
8354 131008558 261182037
79415 663923705 943928534
50967 849544301 864028141
61903 241457942 470505379
59540 556343290 606572198
8414 184195678 341871349
59539 460634762 749753270
37214 705347807 989719247
13126 429717824 497265527
27131 783479304 800668793
32507 727542085 883070525
6678 250698982 519848030
32576 39860390 164384228
21772 208338217 444766307
11241 592990378 722517648
31704 626165633 909988520
7921 826999818 911860071
533 653247222 681163738
5822 286039779 431478421
92007 774231470 818728644
66024 843429712 855165186
96091 38239208 262090454
89820 390039034 509404751
78732 614125753 617563014
12733 258630142 479550722
14408 209668066 483871766
92458 781802534 863667539
19699 798765482 990206396
10790 544143636 554189287
12075 629804514 821824147
16340 679698690 822622672
95596 946063163 998469711
25986 448795937 628674474
31157 982296528 994665426
7337 454237762 740922918
52234 475142554 600047560
58258 110484055 327124541
41052 224296583 477937666
12443 397952856 401423065
68199 317942334 428969657
25530 183310306 418926285
31963 59192312 85411319
65474 716192566 795193132
48926 619364207 851414986
16101 834069442 984451113
15920 52047442 166067653
27609 494712900 711904477
35056 539725508 540765417
95199 771027465 966957774
199 25 30
0.11
75906 772816690 873971459
31655 900349057 944211914
1318 924237666 966606535
5944 483808138 529765552
35234 736718941 793338826
10822 523161130 613901564
59907 66226554 97780679
4441 924063627 945046800
30292 622456587 750731320
23503 671559104 673587521
82080 83493719 356625105
88478 111321066 167213433
55893 974767241 990965692
96127 74301505 302391129
29002 545176451 667250426
50793 910503364 911927086
43267 52787207 130020696
95196 739839480 891171741
44466 834757965 920960962
3904 629086175 868408585
865 907213424 910953306
14638 624958519 753405823
21902 760996535 947082890
18190 677237035 886603942
39798 511960324 526348868
98208 38701398 93514472
11158 769900126 848538426
60159 941982872 992337224
15982 555729541 748599918
10180 116298588 152529209
83527 205555289 222313706
40968 138732328 258518683
53527 347145301 522849831
85004 259030119 432985353
45380 782396082 792520642
65116 26560668 94158318
91142 116805461 389109009
33330 907204721 944310737
58992 763413081 840887944
39672 670734061 805694443
28464 451299952 452416276
86161 183615290 431974898
91317 578230664 654485385
60920 541776153 737097680
99633 434196417 557425175
18185 574626885 688900144
75008 337681736 355508247
96639 513462824 645536387
38408 302728969 319505777
47519 586284222 803822661
73218 386551491 388196132
47348 313736627 346962241
86233 622008888 631623359
19674 528437336 531630349
46896 793524442 895135301
49119 465729971 732011643
92298 902813111 984187450
58823 282992717 305722353
47748 298692507 385317993
45712 540807630 751924309
62566 446745994 710147564
13911 26638214 262938696
73371 102941701 148821942
52473 266163686 448948676
80381 723895901 919843274
59612 832435569 928492547
85173 539039534 683329886
41519 242405547 476706949
94466 232030552 233744490
21391 202585067 278826929
16888 683463198 689480867
18188 488340142 504165145
97131 622565275 808946085
99533 261333226 317708797
19277 478270742 631558464
52080 413222624 521604790
66485 250461410 450921060
73973 203645666 463493021
81826 716594635 726625103
16636 82079941 113233114
65758 553776840 741178730
8651 14548414 161764294
95846 169763597 391496186
62261 774555772 774886308
39241 402620373 403921409
32313 39113678 262772527
38031 311714918 312726201
54631 681540671 895458669
92669 184479373 186309370
95817 38871436 274013323
99255 750263332 792432645
41183 236116533 417516465
79206 477994664 730251302
94956 330661359 523237285
17915 209915193 215444709
87632 431100729 640295469
10323 788352819 793211486
22 293037397 346332222
31003 270462958 294121269
1711 123650643 128630362
48470 774324924 861035983
7903 905282911 931691694
4030 360741152 362527860
79895 339907052 357105692
66439 69196649 227837218
38179 306214111 339287413
80235 338589544 364242383
22854 619212438 658959433
9314 718895525 988638835
56323 420107132 695809649
54256 618023640 786770133
67806 680255577 890341885
83108 156745337 211251440
74178 455160673 464554332
97630 304112287 472958662
71749 374272430 575448195
94674 720411838 788752071
55530 674940711 839632996
5963 497003711 498055082
96005 902687314 947498350
7890 68362075 255371222
93380 776136746 839456039
97359 671209551 749377107
53517 720767959 988836576
89423 39034802 298425946
39427 616646893 884764166
30663 530994281 642202503
2862 23497313 121500137
50777 178777879 238050771
69114 94977269 194419923
66966 378730271 415507542
97726 154438930 405708436
94115 683180953 825159947
52449 373442673 616564815
22719 574292950 705486468
66297 196098719 196134206
41060 165577729 167717484
79988 30991912 83010329
6316 955483529 958919332
65563 74957911 89847817
25174 741651541 760000070
3220 344544896 546230694
9514 431717629 684540376
41287 99182090 107129984
53978 825256115 904253454
51140 401773775 573591233
5194 543447881 588813772
14819 255217479 291418390
93874 412537469 424298323
16557 580026264 817165656
28930 428570093 447012926
54618 404938777 525297018
19814 223273922 251590039
81402 205834492 259399826
27562 114326932 299166364
29464 576399206 687896813
71104 586481865 777158625
52445 903919350 998052161
79488 190953325 409164587
96786 57429910 223054370
50223 68444118 300486867
95816 273885065 434317895
97028 814301550 861352497
35740 719306649 736018403
60264 111519104 330037358
24949 49247125 107554760
77244 461900140 595639961
68144 463812338 467127819
75168 531893525 762155506
73599 708663795 764078917
49074 829463763 937321739
50990 805963706 838226126
61267 768486077 784912818
21574 379380130 521370479
12145 89012640 293285604
38902 71957153 136449290
28065 112637998 117041774
68015 512500668 585414014
93387 408429069 510858021
31632 754390395 987160226
30603 239067674 339087117
75394 321860012 503333446
37430 870305003 973846569
29028 763046859 966762840
90426 762534335 799148581
27210 284767870 473236432
15594 386968561 432672418
91138 646756421 649751180
99065 843842349 848927761
63513 319961496 410609069
19621 562180470 829122306
20828 288491164 493260616
45654 245199267 288285135
76705 132472182 399989209
71815 214693942 487640116
73351 404847434 491380970
20229 161894718 292130493
42107 71995911 119723250
78294 344095283 474483520
172 29 24
0.95
23797 247776088 362690963
3127 278321798 458257546
41185 183311109 214297157
75077 758841998 895637151
46388 486626946 678689820
39254 298624770 475634658
26716 919210437 961888297
21914 387372877 520878477
34916 450962249 484587667
46525 664185173 836295572
92350 436492096 700948480
81477 325997899 520981526
50114 898805878 970554457
78302 67913747 68809259
28726 671960018 757421860
57721 503093020 590269289
76750 59770672 74583721
81296 872457583 953866018
90678 327695464 329171312
32429 312283090 480920610
16239 523618019 533849312
51340 174331571 291283619
79350 649913797 762788105
64991 394669460 603197104
26828 864243797 946429829
21554 70724588 314667830
4466 391705053 605452476
88079 170679975 381011389
50675 219532163 497901609
81666 419016529 423339825
92327 78498243 79725707
8736 83148060 327121922
7509 836995588 868658059
71780 2237784 9177153
15322 572081570 705722703
86362 503767710 598832012
58600 587720787 704735316
16257 607552634 730525590
76529 323483888 398350100
32139 315083017 348001581
27620 212989769 233463569
22215 519070998 627561108
90583 478816245 774234139
13217 485970172 603073257
44263 600323639 824914896
9288 129088241 242462180
11452 65848798 298141680
19313 597502359 803008454
37617 399424315 514896768
94203 130064568 339439690
45619 691888201 949554903
26516 757138278 884235907
96712 678512620 824424055
47322 7670604 139515144
61715 882909233 907086201
77253 483305805 754286006
87670 51007162 97833031
50531 673372587 785775691
34711 407940480 567182114
44388 618151965 858086576
49734 652082690 804620937
35608 582866691 861373941
65758 386209539 544659025
49077 251497931 428562951
26602 129681526 313439190
92990 602625173 619024940
1963 822963685 928866190
31618 756719266 862949376
60920 595373661 845470138
63873 891990874 900428711
52934 421548613 682296523
57653 812529892 870557232
67720 794710673 800696977
75599 677952642 739109025
5817 706752449 855154573
33023 371669081 478094344
20344 469466316 576376441
72345 126785333 207501682
30803 609585793 852007667
8116 323758779 405375333
59944 2262156 48361018
53045 228002558 242261371
45225 646962445 870105142
73996 361777173 520268116
93247 394577551 655979296
6846 143892188 353224356
48048 279131525 334597702
79684 51500464 126554496
63076 233055953 388088887
64178 501651396 505666697
77028 904462792 909869172
67579 187544261 416060481
1669 107774912 182540431
24179 703278069 740247518
91909 239751163 313557033
98005 760962877 989330975
96051 750045528 972845007
75239 608822080 860586490
85909 891264134 896397389
79900 713287807 780753558
3140 165881265 254955655
3064 108594187 220659616
49211 361599649 549289342
41114 233195660 340600376
90096 226832501 277689659
45909 54682631 140161831
77250 62148377 315527055
55999 486905602 562835368
55413 494873808 741644681
143 199564741 372429221
72154 809625425 818635305
12577 702044368 721284998
29044 145937038 425808584
27293 109015118 174739608
41046 717119250 947357222
76343 226907936 350976413
51441 150509663 198681791
53560 250904487 252761360
48205 377710222 667028401
37822 106273640 160973983
25014 318309419 417601657
2272 64128152 180593640
45114 538940515 540261975
82037 485980982 551185325
24624 782721638 819176872
71957 956589846 996113132
88412 597751453 669258053
42560 368073466 407095680
9777 134562443 308106041
6878 189085620 398891070
30582 414878220 483200077
84488 678090906 948417367
47533 517726775 600885596
94918 22082689 190124284
77456 591646060 857673174
74072 47065151 182625006
91965 851810255 974335764
74106 140099958 419972242
91156 277988855 486486834
77410 642181653 737773197
65343 815631243 845866459
81068 563084992 692985442
48530 585695636 819136449
29945 754488815 998182605
67923 320653379 372457698
65683 625791986 933756254
26556 152074774 183091380
4469 477767822 639974106
71263 99172725 99763593
56681 375825895 588337738
57707 498309337 527552243
86098 676069444 679949146
21709 482827465 687382358
89483 48702231 50660774
48152 466859757 665349634
91632 758971572 801946986
55752 332243194 527943942
23453 253002369 492138059
94916 971593004 993086783
24596 341333996 390086128
97410 823714424 865739605
6788 769626165 888279616
17808 166322282 256793035
20870 316217775 350579934
57841 140708992 431419837
77065 62416451 326602482
59910 17475098 85967273
89810 602190842 769796835
68622 425500460 542294314
46781 39481619 46093406
39118 400136801 564788987
31719 24692243 142379648
197 26 29
0.14
25963 616237854 721645485
91172 62070008 148142651
62871 834779945 981347107
1665 418347601 446308073
26087 307674886 514107575
92803 158809101 312570016
75154 936628964 947384575
58137 203433968 357378727
72538 910932892 999152341
60183 221485235 385639955
82668 840635793 876239395
83188 340505223 521308432
326 480380797 494571433
49813 69066208 133762885
93146 223189786 283697442
70794 308902430 465620341
42736 8702913 112028492
91544 977593076 982067074
7537 249176125 336589532
18231 527626006 601951105
50177 598071259 598201014
21533 484977488 700699578
19437 556769420 616446423
9724 356552565 582470084
80422 96184900 173592917
64680 408827307 595942183
24749 863418844 904266602
1596 554334179 768538891
72048 497367894 504311876
12990 682791885 936123240
55124 608229035 738314738
93248 869142035 880186256
37109 147840760 256968029
80137 391540968 621364970
51626 175840703 407941041
36372 118797461 227463084
12845 738030282 991641480
85303 668458337 689368867
28442 10978146 141607158
1032 209180886 338977854
93589 128583248 183034427
11099 463093744 713870964
12594 467223865 561498069
23567 3950220 78699728
14672 307154226 339293344
12363 152923765 389742674
21285 743894427 996843694
41059 845869171 907834785
31681 345095271 571229969
9952 405125337 584915076
36684 685652571 744033790
69887 551450812 749426115
41842 518124309 745308237
3961 196470376 410387733
17601 114129642 245795243
86532 510403073 600682680
81936 223177081 459014248
46296 595595023 665616784
23618 498810880 707058108
96053 944008461 946323039
90572 918031133 919645086
37091 68526111 338287997
93556 705197279 855293299
42106 599920878 699814750
46843 769346860 994265114
80292 147413126 310415587
84350 546396235 801312578
2561 993561600 995493922
82391 324322458 530796382
78122 501791125 619992309
2025 568665549 596163223
82072 712149309 870708803
16125 261189734 394169685
99558 498163171 766271005
62663 440348496 532314331
83605 35403163 191069254
2701 703095483 910239401
44271 105655099 265500697
8969 243544448 297548852
78670 238473732 359689061
76653 554257501 797867125
27550 555935757 802511844
93575 598831002 645386006
73121 894661351 975689376
81894 438618848 503749637
83699 386847477 424160083
69213 87038589 171132756
69837 23064979 286318238
33445 446752136 684685281
84558 265069285 435172163
61736 597838007 679003192
62839 508443737 633496252
70236 479368613 561916308
25238 114202532 277716397
77164 314047119 514732050
57255 94778225 150373987
86558 592201420 694739122
21046 223700134 283262250
99185 41709360 43963005
41608 583468703 726614325
83654 122762080 278352090
2779 892651371 984597818
20386 267855515 373677455
72939 464612736 508813393
90609 165843367 408379258
82327 203787586 309975240
42125 678022678 813676044
548 442972848 606080512
58015 445143285 537501042
71041 394174842 664593120
24037 75893072 132578035
27788 407514488 594240763
40694 559144307 661630002
4947 54432459 102063555
97155 497457921 671226527
59613 352697277 514306460
78527 299734309 304420995
29643 313321565 531880353
48481 418153542 614181792
72377 71804320 317172197
74887 490182084 683678772
42090 670186263 671689701
95614 608924387 614344488
90660 228268100 308625203
71615 774821152 868502973
28408 521066640 735271366
98269 991188219 998155040
32261 356120904 552728268
65373 794007616 801301499
85886 936942606 981829633
8773 61445673 325262728
54089 317283324 427496831
58265 80571367 95876251
91370 779392320 884992996
39778 318237893 586564960
42016 224328357 444491073
83665 319287665 553140364
6607 336978976 485805810
11459 259571067 354795047
53246 591243021 749044801
80293 630498691 669724168
34466 737094869 765061099
77626 600174628 615591042
29947 406552923 559283404
29147 782566276 897530816
91422 244138217 427306830
51615 504979710 719529730
98164 450220422 723256081
22204 253975972 330625171
44001 118366145 318074652
5709 284328319 342246909
15688 428138091 629976705
63989 347523960 605956413
20173 573708114 578154557
58948 554843499 711832262
16987 567901939 821532602
45272 2660221 71691924
50632 629847388 642865949
17189 48174143 107299615
67414 160316464 420313220
30840 114231718 319091725
1052 729176206 794451215
52185 457864234 728493053
79685 156837992 238923857
41616 137448976 399051460
9751 628960162 834388219
13963 704415795 841410989
30776 942736601 961620357
51421 69481956 262685490
85932 16558788 256086846
60713 48588674 245890489
42306 345638590 604976838
1439 70474652 77815260
31985 539479265 738338245
40903 353951317 466720394
16925 638572641 789380002
22524 108748430 371495028
39007 364326648 449930957
40443 866918648 997398710
8933 717334304 948308884
7646 362937685 527307019
6005 880414455 976085508
70178 396338855 459128892
38680 102030680 148159723
60688 76121484 314077209
59126 60252167 165187307
52442 339918812 514550495
15132 614868561 729527152
29252 353048559 559599340
23782 640459621 646509710
98406 385460159 575721737
40409 651992486 737070977
37072 472493243 535415532
38992 93733549 101365783
3981 214511672 216611358
20443 709949624 933524960
7436 472660775 559413613
199 29 25
0.81
38272 379244831 516875535
8059 300238206 521234010
42967 969664501 970804476
22499 764584604 913395236
7741 31046616 200713702
19848 398105765 488080268
16674 223968014 435827530
69269 722233928 911056223
57942 64116692 308404256
93677 334270456 399769759
46406 189355984 267333307
16237 397991280 413528880
8038 733357871 876940341
2349 3905558 215943711
8144 679128493 806330851
74315 772113413 938533502
48620 48704783 122586317
80970 93706683 116256074
59794 411330637 571724766
3222 610667856 649161269
97772 866359209 883538823
59692 60925804 152853511
86015 947190927 965391830
71833 399032320 443047932
13004 366715939 369560677
40512 460814525 475837956
45810 749005392 970329744
59553 220044335 312849772
33847 213039459 292896660
72374 422776844 487855451
74024 351819112 441501679
47328 328442138 355098641
189 415386168 535740348
73091 481722525 655229012
92385 655292326 704169650
98189 470356339 516590411
5201 319050514 425602884
99133 605634908 851225052
81827 303773002 468537018
32034 657236666 676877486
22442 644895161 673201106
90402 562297733 631053496
26103 306834758 432074456
30589 410391075 576708510
90402 534981133 615040287
83921 239325973 462269248
18282 334848303 345118292
59487 619602440 776317031
16890 692463829 764642062
11502 663867519 814476571
67726 812259087 842184404
47536 27166100 82624930
79348 703421876 935476633
85859 437797440 494449537
29142 832997192 992990278
9401 615092413 878393109
35064 375044480 490234165
31130 734035755 757158622
59293 787274682 920851624
93960 145575155 175345994
45072 760532108 796016552
45124 686827182 856485542
38848 174554772 231132320
24912 278661558 283040875
27499 670216821 736615680
75221 111256993 316335809
45375 865061840 866859608
11718 557234800 773988790
29085 367171520 555991594
57573 70627642 74327385
64256 349467410 539548223
93637 54721788 248678329
98046 862694205 980055408
3344 19814021 215389618
58284 558063621 758303966
44043 276119255 434653778
89447 525444957 767117327
3799 404765435 674495744
31568 616118484 717607085
35770 540552974 756682549
45944 562078704 625039254
34877 341722160 341733838
3358 380826082 451206123
93656 697843087 710887832
52469 158533340 245153946
80971 411714889 502483263
16393 462877041 510755022
89231 165308945 368696607
93764 294273158 513694643
75085 60745073 314731648
18540 52026210 186911556
51021 432599314 610213774
56016 316342782 538102418
35795 263910506 383009192
4420 174432051 318441019
52613 507799731 725179989
54377 839331056 876745538
64113 226745334 398939889
28529 647839855 835394689
63437 119598552 302678282
322 657248229 675513150
47583 709558934 761238375
4826 638656742 890400763
74206 334420637 338969422
22898 762120573 878027532
17113 312747304 462329135
17158 636506169 824596383
24631 596713690 853643526
66932 352592598 615036883
68448 194920705 198654901
32995 40408011 245237801
49946 155341703 252599447
59430 365250073 526352163
25687 546921626 552236816
44354 578642361 808086296
94702 126226530 202985329
22574 212278589 310743872
79431 639472639 642554483
50745 292691556 364345153
13947 459906638 463159318
52144 151653072 273228132
74075 71281696 332163871
49280 23579642 260611162
76433 423152179 655027712
37049 95661967 166657600
15301 686900969 889802585
3509 817433321 878982966
43809 447754996 611986087
95928 798200070 803611225
68631 424997700 586426501
55288 34077030 172122374
35106 683887853 691942923
82751 456203074 710110812
58699 248944913 312538966
30383 344901263 586384490
2286 467884824 469513437
16550 979081387 991439531
55772 561187823 663836753
35747 611674157 855985691
49090 567145609 660946725
54217 126124020 230173750
44106 662751510 671579204
32097 222883793 293703741
76898 118724558 318850540
83941 289497424 449600490
96346 232640246 357590819
92091 596837149 597586837
78706 743633464 798470323
89823 28582509 221775330
82356 86337610 123906715
31300 702481587 826587844
72382 350497023 432050231
57693 593251762 768102802
67139 478917113 667045707
34552 231626400 243675675
46483 580360119 655559597
52618 24373011 76632260
41817 117760871 370966668
74833 425610314 444567193
34787 242070553 319673749
35894 454215506 468576063
3560 187660060 190354337
34035 457321708 521233246
31366 743489541 929968151
87636 810636276 927706103
73641 238186015 371547122
51393 259044921 259912540
67987 373586835 448124859
29883 758078706 900047432
88729 133340723 270028559
21349 565405220 779684338
95275 288299474 503643900
52390 108836011 273212808
22967 605028763 796747665
15148 772753975 826753734
1391 325220590 486362861
41428 96890442 283816328
40040 89538399 355398348
63240 25278820 78159586
45765 673082883 883575041
43336 249420899 356616567
24020 346667814 591180930
99436 75066275 192362032
10967 114608259 139874655
59849 174574972 272200290
78982 365278587 395128833
64084 712953260 716246600
43955 865105663 976578486
37860 671183818 768276364
84911 543936203 625912550
58458 107540068 179776348
3148 554667337 618401936
11397 202960652 317381374
37251 504582310 577015402
49410 559027425 632813819
73079 391087076 635317158
32322 462448597 469159626
79866 862465815 981411150
44975 541066892 728253916
181 29 29
0.24
84711 248018425 527865090
50271 628257086 628770893
29775 10792581 276424233
71877 841259957 871523022
64037 226508549 462966619
95108 679100883 815174289
36491 512190375 513382240
93275 972921571 980624519
93166 891891552 921130800
72994 697234009 804045829
78226 797251042 918053533
4238 664290585 811180920
27854 229647619 236093314
71443 695422224 708684274
26228 63536258 245479378
57801 371063674 664858040
32469 595362304 703909587
32307 479031204 791661473
3298 115431912 386984768
53501 145508037 265323873
39382 192712979 476609970
27812 578258391 623577274
16915 446324944 637173198
6587 642124873 793134780
78955 26548269 239745063
72171 716450692 718053635
88065 51095337 222832599
10938 851132750 936277541
92303 524463892 616152269
51344 382334801 438589417
31049 674024614 685338251
20087 489974187 610987235
34211 371337212 605016383
12994 28512063 91599412
33039 219147673 220738054
16720 296279903 510687195
97034 276770737 282311495
19089 377804898 416956070
39095 494105493 496842563
46056 41918378 64343408
90284 171905225 370098901
20530 428173130 524170497
57549 475918613 770463923
39143 704728002 718866349
73175 11990107 274539028
65919 751465736 926028936
7966 397423635 514782612
40183 646964493 897445016
63097 891544409 938723607
12916 464931130 757220077
68445 629248553 897129667
34984 370398048 542496104
55655 250528263 289245890
16595 95583561 270569526
53599 21543737 56462651
32652 88986846 243417136
53370 253668225 494320056
21313 537613500 545842827
84607 517148129 526870822
46972 185585541 256795876
99757 6747656 271970286
80231 557819657 559045816
5179 956375133 974127926
33137 580885878 781060015
43008 774510714 814656523
62673 941272770 949774052
2869 676404417 934285216
92427 548971209 635338131
50712 664235221 916801494
22514 551087516 603764439
53299 305355204 341679508
84238 575751240 819918003
3996 602130280 707514315
14335 153187868 419305362
8383 685652832 822392947
42304 102672623 116959354
93786 949577891 991533311
78511 267010339 458962774
55303 626526985 685214315
461 459074025 761266169
60128 331775285 521547596
49634 226604600 395459622
90014 141104610 364659350
7267 532603210 625145806
26243 489504510 763076748
23095 388660846 656832668
37817 382247647 471634410
22390 340631246 348103954
88155 121947951 391095156
94804 268762487 293599965
38228 218695787 306573316
317 813134297 880146683
79525 761688765 889777016
89185 502106280 809824511
363 657714200 759567738
57747 749417021 778659412
89792 316157578 528114892
58157 313342138 505721541
89697 30139526 152351038
62263 781301270 946098435
21584 765854304 852610335
92008 493198348 743625423
72092 340538243 486690908
49836 749323262 862949640
43039 396980541 399102627
37255 16634415 17143894
30214 385009076 614820414
31162 599274472 838433482
92119 186944813 192826031
38628 629223417 808206958
78766 600330453 848760485
61163 904064452 904719861
4553 271896079 517682767
96220 401959814 435620954
197 290725141 336571304
19439 174003917 314038086
57577 300203783 612856304
95823 676495162 751890720
92642 153130314 379438297
4408 108094099 110062246
9199 338503310 491537387
95490 146319172 404690082
55902 27002088 272486215
77407 823598717 871032978
87287 89448790 128304625
83008 309601388 412169132
10329 746203690 966520250
21053 533212727 621556961
75042 641462253 850491248
57269 497151089 576625145
6675 617715275 622984538
74579 148565710 209736294
80915 163791895 416754110
49490 406747775 497073012
34995 737889337 740336741
84387 703525921 793437985
6995 228690647 410750557
86220 253372309 480486340
54404 687211160 855969927
56116 682504038 725429453
73742 84013592 274764779
72733 607847722 869736733
54707 151100945 184097102
63185 20683653 178942281
73172 287623804 469616620
4418 765759058 950681979
64179 472563136 562752131
47371 651290639 671800050
16408 531761385 650601891
99483 249850111 473374155
43801 954107883 961072001
82835 572148390 721083288
42324 555856901 749993032
73517 840665929 870622452
4447 536462803 538765669
90401 80673748 377237868
71684 400583938 582864983
85827 618707222 790795917
47781 236097413 403019142
90736 452956295 527002795
76486 138268585 404868873
17449 419236242 636085421
29260 618530866 724491814
26687 346071100 563831628
82752 651176131 652229516
97520 846024759 933294737
57209 318165445 401550809
41393 559965809 669757983
62426 789935138 836471949
87406 678466713 716730097
29848 355021708 376204240
66798 485069493 789774257
32000 118271389 243399329
50810 391991597 642859054
69686 578066074 637148262
71392 703471826 934918506
46881 365147393 365868682
67828 727188211 925721014
56198 476671241 479478486
24631 335497818 494791167
6355 634233374 636384886
190 25 24
0.98
25380 161425950 246506533
25733 169770102 317436387
34615 259085335 452058228
9199 626857077 851525767
30859 801561595 809593010
76446 72865018 80817211
13681 305969213 555381663
57402 803519585 845383893
57112 452672817 667675034
91538 648120490 814349776
72784 143444664 167671218
71649 87735356 203592154
57551 199041665 417347472
82834 298855027 489696954
824 974751948 989673258
35334 972649950 975199200
40057 40003936 120735932
27508 448810953 675636262
84245 129304157 299207747
60400 464253678 589519283
33122 473167805 713808174
77296 590790106 672075933
73812 623954934 783972289
95787 489716674 675769759
36666 426684756 506527967
66211 341942948 409682276
65704 44070667 228801539
69093 65143603 294695779
22709 207046014 417153626
82383 615674725 838661839
99302 200045486 391219152
92755 506211986 695984207
56683 743139362 746581489
81977 416353732 436606542
68585 548709151 685438110
30314 21467378 189163035
9368 686006213 811237349
94570 467573910 470370723
99694 248243643 282875762
76038 610271394 643092085
98909 202075213 458009606
78575 237508191 253188151
99449 372439470 399030948
25542 721093503 723758940
84317 146366377 273832545
57625 934941681 939708011
96751 127663078 138260964
4845 86045947 186879758
70689 629445922 639808005
35646 251631606 258686752
64090 657144170 907817236
83331 410427328 498278939
32533 615685035 639836447
54710 192432706 279571564
35208 546380153 734360291
44115 295735791 475246885
84137 717892494 745056537
49790 175116853 265181648
97548 439825396 623226061
49963 190402485 258744911
55856 2074207 231543320
33465 221046799 224274326
53884 580223804 613740134
14686 466627151 684601720
2532 346663937 481316189
75018 266776706 443973075
79249 306749017 368317585
89477 247604094 370330460
34528 39657654 216674144
63355 451387983 611845270
50250 543758478 758869002
55162 116050071 121167395
94885 53487217 283190672
51961 96463403 256695555
10345 167880970 169565837
7835 635625663 844840312
85462 240335322 338397248
27797 730597902 730998874
59412 223442925 233866827
94189 470787250 715212338
77019 642089036 642621670
36804 338009537 467909074
46325 286028624 480173653
10871 588641648 622608194
93794 77006126 156101119
86432 461631926 508032569
51771 177392385 282376887
86562 21438438 277070491
1465 669794471 709258512
82406 403766800 563674801
56599 457280696 575181791
33536 430830564 653915264
19734 547499444 654329467
73270 563438626 601598357
21376 458573555 626558915
7522 127755926 352395054
10735 582603539 628319952
35030 517068598 709546258
16495 45944036 60737832
44640 696404195 767272029
88642 472623179 505059978
36111 470195633 472357674
88548 146678368 257815195
66198 367469233 588333086
15726 337309081 582435124
69390 461845396 656836589
31839 520502588 587050272
39137 423420510 653491738
66456 898134384 956467510
60773 444055591 552744444
3751 474649355 632903909
26309 524744096 602435137
2504 635253572 714193764
24551 511253816 697544721
52839 657305137 659153018
58250 466355990 700705141
7529 662084025 755400356
87471 658699418 666383826
63308 177125919 229019685
6459 547567993 731269973
51852 204275459 206964533
93562 534212429 660896286
77768 828102443 932176132
96934 407410149 501083298
97285 42891218 52768158
23336 713260875 890564032
19730 497814835 701216630
6142 154077044 205452409
33837 237325417 339176580
10943 556142609 681642905
44292 799382893 841643171
49756 700768675 881349898
97150 244213882 305069552
31240 192228778 344171323
58044 140000914 286963707
65370 624907112 740546739
86970 15646761 63332209
66384 80694255 140880282
62459 182862045 250843778
41463 796330770 846135178
69189 762692793 958006595
92424 18181297 265855957
39465 244880201 486669225
61590 193101916 300620490
20646 19459449 166733189
39366 642836495 725354019
35023 388995190 537475614
66974 495216672 610636141
48138 4209812 203114307
79714 625750356 759455942
38171 69797141 295200418
67131 103172847 120870161
38305 521983455 575951125
99450 386107067 471420776
20832 687591165 699806954
42972 44172789 162368456
7775 817401887 851250984
35470 326778882 502852759
22899 547463191 601887781
76435 322688290 531683778
69980 504165345 627265112
32772 20075202 102360972
91247 38612683 209638351
71448 466958320 480581839
43029 456306014 588444887
23717 158156161 170093565
72146 621778816 633810219
35270 566446145 613156423
74313 695848947 801969589
23294 262875294 479437962
89118 528403829 748828177
19293 222346240 289576114
29468 240408183 242671641
19297 145473219 197904605
69177 561935364 669786513
48670 793727778 954027473
49495 308565380 393736301
21793 343661024 470519381
35789 333883031 465072378
91186 146126204 232825973
39142 79214044 287503776
30041 838593729 842196187
28200 521176240 720156691
24292 769164880 857977015
18009 626403575 849321746
62662 254982161 355935826
18685 34378484 258608699
77954 767999448 976780882
71427 381287023 529153801
19240 608058010 645501406
196 25 29
0.03
7632 62719182 100440878
67774 647668102 679080819
26403 503792434 559681680
92016 436030334 594365956
61843 682741783 789956285
930 844718102 957448270
66635 279267192 430210766
78232 506811054 629235450
80642 604707422 609012597
69400 755147019 805556887
49656 455411720 671542696
77519 29961449 290934526
12767 211257597 212086514
54485 257405039 422561044
40317 184675180 317489260
78703 511948906 622622599
12943 275378828 276141332
8212 184087655 401415570
57296 764106047 770138535
77523 715339789 902219596
40123 711746419 797411741
95027 37496588 204596740
67342 652828293 780143925
39739 703098776 963187164
49424 639574299 911665946
7796 577386537 602434938
31508 270932938 321811929
90508 176767433 237535069
60671 147925085 353334676
75165 458370437 490413805
80007 742715492 955796895
7374 308875797 317576370
29469 49071628 140347817
4408 781801870 938985636
60493 456678706 478141698
91724 429269537 530660946
62692 151970614 322177468
37268 644421168 723349779
23570 694838373 854038373
48663 646812306 920776097
12369 612653459 878273675
33826 855166417 891250712
17156 181443654 277773062
20164 464230400 576236610
87748 153008244 154509263
38360 724189607 883469163
17336 143543030 150305644
38697 769304360 887905110
51043 636735969 654718511
9778 195103446 232877324
61603 513812802 574065392
82180 618830452 761036928
56918 657514477 834400460
56108 518788021 645846505
53697 237164438 248157564
54868 511857529 617266930
93708 220971209 285121981
95913 830858123 983121839
14193 519066292 661562796
14494 480375899 699465698
91765 672611498 769204432
22511 347771790 413207044
37270 375215132 455578372
53897 431191214 476982522
10695 88975305 189016333
45481 882147559 987811043
48472 126920498 356486833
31490 157175167 170300322
75098 933431686 944511311
92580 212076414 214526818
83745 504460051 709235946
29849 160382918 252696000
93835 393338710 502839944
72146 322774034 326574929
15073 733150335 801995387
29026 858822723 966148837
25116 122074505 388581591
18954 114256259 202094539
86283 610974539 828834017
76918 272973046 527003329
58386 738393355 841568806
78342 496559288 694940203
70837 132274857 230077848
38159 354859443 489762713
30006 258734436 274973274
3779 194456588 408248873
76252 442020547 640960166
84239 387866235 413579686
28949 527058537 802123246
65124 854732127 925021870
84478 440308776 630965832
8762 796385260 994510327
81920 702701410 894856651
49808 738262278 992115570
56093 297770807 522299402
95319 694037133 770689473
92173 709018847 784218386
67408 843100544 965933076
71459 280733721 327845918
29715 181950135 309722875
62196 81233245 175296734
23666 142319875 381115662
29145 499471861 594883179
73534 639281609 765085472
64434 579306959 804792496
33672 616911498 866824413
14478 395187167 411487297
42795 36166503 83242010
69737 495330107 688844501
98826 52008466 96501127
79798 291729286 502843737
41268 280002969 458568960
70878 371878885 469108347
27983 665281949 755718287
22184 388664311 401989819
23893 88342321 144368798
40986 759002629 960659584
4344 55408582 270839984
87199 368083794 612325688
20588 141587406 404691532
3402 582317767 693968620
29510 660452318 689672241
25531 765581503 940016068
24480 512053175 778459911
80320 225217880 449589820
44095 720000629 983361561
21373 289303481 540896611
1271 629691365 631207385
39791 479711048 727530276
33645 555685951 682191824
45550 739326790 805868287
35389 348728791 564213253
87762 35022025 80952688
8926 793569552 916199057
70936 113426293 123469336
49572 31331394 304520815
18054 432317865 694754107
67877 643781647 696107563
81227 363665605 527926870
74783 34203964 297929866
1003 236289046 259855829
3128 858479410 895069926
24986 288044232 540607619
3173 542883004 658381364
29351 127106504 127165044
58672 592115025 779552431
3324 225267549 368742964
46932 631582103 763020103
26723 242727253 256959134
26316 184158510 370675645
60267 360758190 413598889
95724 441224749 682353262
57580 414583249 640960338
75374 448571791 452548629
40904 372551824 625129740
52112 490284156 638164904
63283 48221303 54681168
35356 6426746 19871355
5301 152668045 233818427
54441 327667772 394526911
10126 37006454 186187483
4544 382343582 600212442
68313 991204753 994862202
77826 653372613 831652947
31860 210990939 458026031
4873 462028190 559817761
1248 463792176 706783956
34445 407066458 577829003
66245 439008465 596973015
96904 421148058 509859187
27353 6494965 218156136
63484 565978318 658472616
8384 43405818 232644927
4468 294757354 327211579
35638 555416647 600749086
73545 621360801 784612784
55211 158676031 359862883
78374 452606040 669015631
77679 157524386 354608565
17454 300449622 383753073
52783 27427413 214894664
76798 524924284 771260581
36383 645680276 714020189
29678 60008393 334510290
89433 739738207 843421084
80924 8306251 84206423
40101 373915215 406399119
78859 380670000 496591943
29019 312764076 476996274
39207 729325720 752448075
30949 913719973 960967670
845 743931295 826723441
14472 296717294 484889646
48074 662185230 755034749
87653 22785721 141658959
2209 278246329 352653776
