8
188 27 30
0.07
98646 284023907 375416536
94265 346313210 565085508
20151 356291992 361505369
96850 471167751 752084136
96554 601416964 772196826
61607 165931469 219059598
84649 305764628 486613496
49348 533623941 734399927
10647 251336835 359431057
77237 573688594 837966684
39451 93198663 299223667
4948 674409052 674918096
24107 236308663 525646576
94786 18175014 162749079
86631 104029445 246062089
5082 287149518 359107832
72745 275563604 476876361
50371 894578979 975898862
16058 727492090 766524884
35110 830529877 832878484
68167 813919719 908392177
48799 378626934 609408935
62803 207980273 336938048
10679 759473983 916852912
93039 187121747 300448968
74834 815580796 974603432
32457 392165867 655398931
51813 573566389 667800866
49378 723787529 829891767
74987 173791441 464120349
6850 583608433 789418392
13752 276672558 405064974
54320 691240502 715983441
5261 501090175 565010537
91549 824242473 954805613
93550 643054772 728896078
78433 147413793 256117830
47346 273863884 385775059
64617 232963582 458906248
39993 758776164 880232147
81231 568110287 747054523
83939 961349401 965560145
90507 721917907 751032595
54527 162049747 284346048
64202 161489631 205552994
82433 216086361 377963953
51933 873733625 973154800
60312 298875021 487040564
62419 333266123 455283252
70112 289820973 311654498
7433 621619440 922454954
11764 769291755 857594400
89793 174611798 272316766
9830 523610267 581458685
35858 425955722 683658024
72659 484502653 762981408
2431 519729174 520377467
39569 283570096 537079300
29995 54189207 223939477
90474 92346125 277177621
63851 731283391 784348419
43598 111872786 153526202
87869 356856050 505583223
52581 61383587 92375966
63993 115517835 160377493
55331 831511566 868521661
17958 337444043 495817780
22367 246478592 478606017
78479 659528837 737135394
44261 583365653 651097404
50709 233507783 323401747
58667 923347424 928689706
7750 65562332 278317759
6115 488898873 670341628
51791 479275594 699625567
73199 625477042 866994209
86671 672321363 717043257
6969 303936509 395998866
38541 535006995 542050733
86148 386759003 411487290
44203 217535840 507104655
27134 933014061 978339751
54780 9177408 209855525
15159 261460492 397245950
92018 670421163 680778621
20823 298642587 423701866
73755 200089494 305991663
9163 713143354 928587339
96142 355067116 493395869
38337 331727551 434485857
83456 407070189 697081451
96469 740112374 855189282
61533 4351643 11004134
72683 36922056 188553215
97076 632494597 703259637
25886 221726978 473129093
72658 57955323 295308615
93401 381444978 559794348
91122 79017724 210438043
6725 832836675 909738791
96467 214293395 265706099
92259 561413258 851316814
3884 365972989 438446489
41563 189440259 484924246
86109 429147909 441776352
69587 36373498 77020532
80294 909817008 949911630
96740 133455585 227569727
31804 348144798 525249474
58475 738186324 747726250
82841 525720319 697649419
47836 85924236 241385288
66452 870941420 891592626
93917 508776694 801984159
52177 367481870 372040640
49424 519763900 727165670
60379 446885348 645947262
86545 273648507 452803819
88080 611599862 740551997
74913 749810175 876812274
37020 242492629 462869059
31522 841662611 905072055
62697 127864230 169275247
45189 233351380 396110446
13141 322566776 458040455
27201 641912126 904129175
14149 471341049 602555134
59302 809165278 825529413
15353 335784301 347152438
10033 663361926 866876106
55969 575970504 666130021
31840 731087385 955418120
34736 772722446 811542255
3081 585560325 716212200
24526 768910674 806984758
40327 494508345 766502916
80626 4112308 260381081
11765 565903065 573661762
70192 507695081 664637186
62079 331745045 601431541
93328 348032974 348512092
97717 518141989 750164406
66144 253608756 281544689
38978 325194120 529976952
66347 540371566 674942440
2365 743359813 934405847
19370 556578747 562352123
11230 674305204 960664407
37851 303129977 374676472
97492 551906875 784977245
82832 442529988 478245386
62036 635086826 780732990
62633 89029681 91621048
89237 370078442 370216567
36485 24248373 28949402
954 397450955 681554113
57429 624817838 648304721
23792 499866711 799204695
38098 359302943 652032936
3354 172800111 266102766
88049 652549562 777149625
71690 604149268 756348335
99316 23472486 317905338
71089 643584434 863365883
82339 486741416 694236267
84857 332064001 556651753
71772 405000326 686565159
42193 198573004 207506089
18087 667784355 673365669
49193 852050335 995843928
46766 408739450 540024928
60319 793006 1773115
29707 186943457 195002748
49913 447686011 708716289
6690 825617051 832490560
85589 838240110 913845259
47442 431682871 577299342
31 536157950 539380577
78759 606601567 613882073
5409 690082316 790213337
49458 422509361 436064395
34208 799551712 894030470
9659 826623659 898109068
90757 609583352 630648809
2229 38177237 257422475
41497 208618866 365050301
36436 506546383 635283736
56597 714162688 767642915
171 27 30
0.96
51762 655173674 763444090
41680 477173473 566807911
66133 517868478 816028919
46946 631558967 851876887
73650 124019924 211763590
59381 658762775 670866946
75453 528416905 802321345
50041 806031400 985778996
98206 159093617 309497072
79896 592824482 910102981
1292 73865348 376101643
33900 316228113 373860578
66369 551502199 713861674
35728 335854581 517790392
50571 778051597 778146723
49081 173873731 484949400
3456 489374748 801631391
12102 53761995 59907970
76404 810049746 859734804
76214 358861646 379081212
16718 327027079 448844521
58266 210744126 221154935
99800 363790847 383560129
89899 494610065 496812604
66133 516265153 841114181
94206 618152454 925491273
10809 504982914 762732547
8149 534267342 838841162
55156 631152944 654324474
64504 180893239 184633581
39184 154938910 171483923
31653 811926746 943468358
29628 181454219 213503658
32388 764852349 942311419
87688 503594904 804704786
86623 620197470 781784472
65042 90924645 143663858
3952 251820349 492178830
21473 869325086 956126715
73052 420846677 544814356
89105 717430353 810320576
86143 545372485 800106433
59374 825940780 947547041
22728 456401060 743899936
66757 354792417 362777669
16167 90591438 186911797
98615 752016413 839933221
49732 452039181 501952800
64592 130569092 342803797
53011 250138776 567102464
47832 428395938 533391711
28069 226880844 395632553
35400 594972327 770735522
13665 269388677 362368422
36960 616667668 620303795
48627 879785780 890976817
35671 24745560 234250466
74372 282310676 342886522
69235 630897826 886968202
30699 499423940 531219715
8346 597212800 648269064
81347 52426072 357930370
1193 690777181 721919019
81534 563866023 819914605
43491 533357310 771490141
57241 289527099 538512998
94732 37202987 222715735
27440 114500370 190821875
6360 266023440 539886429
86163 201445188 430100588
49374 359924990 427376136
93529 534254722 711193513
41777 764788774 895229645
62485 266586658 269381246
73553 66897989 177858434
74727 450819263 732240912
30141 198071827 459669888
41589 520303668 789943321
63213 519121638 670033400
49242 787109841 953830241
64798 36147870 100202654
57470 446156595 698849582
7533 429862251 664705976
25351 101079552 314441578
72072 798711813 881543851
72591 97266900 104314889
99618 68347923 252267819
93974 323808154 471323643
54406 647527521 652188740
52090 822004148 888377007
79214 391393122 590055436
17796 66309200 168391046
51861 327794293 591762846
98053 118663151 228898675
9195 861466653 987789473
83746 783307586 839978471
6247 277366395 532842591
58540 55860529 90704725
60610 162936746 377869557
53844 39587717 68762067
32066 259447235 261415677
21213 810502076 964606835
20820 569549436 829949266
11442 577649042 812561144
79039 80964514 172706472
89210 829928807 847743585
47989 658998490 785042754
87146 497840751 685091917
15819 507501804 665697443
13435 899237700 900057673
22187 559163078 683966535
60636 613746478 781858283
10089 715516073 898022179
38601 666300101 918742225
70131 204738769 448789602
89469 400289094 588002910
13805 526319559 768174775
6404 704078548 913091386
35389 61767816 133050498
27445 644118863 724867716
7202 412375971 665714442
33790 594021336 899346139
76523 169326402 323134029
26145 751817655 851443443
40614 444188586 512528715
98494 299019892 344070051
86678 205417011 384744178
94609 176269476 330294414
96073 654825656 850259319
76191 303535840 632079452
4489 625323096 665055993
41963 375672156 405952212
83186 182061591 414096665
62126 317361933 428991235
90148 164153304 228948193
79334 351168186 532507231
29145 753016772 929974174
60687 534524009 844655709
62778 669696574 673994454
4528 739157189 971380863
76558 770263681 997473505
98040 506017902 753838886
75091 3900769 248427171
68873 168611079 428670891
59985 356534300 556384440
72692 381027555 438267053
83499 206073704 295032986
9894 184422587 221159206
53432 594244450 740253680
21377 163156672 380997644
46161 608977179 842161807
70030 154976364 440385988
19756 414089557 457674841
53522 596049165 681665440
61449 303271821 528568492
22784 440151366 447931697
88267 595636535 885671191
14863 506053992 735752733
19467 745042955 753834518
29196 152326300 482281532
32488 442424923 538560022
4624 679300901 813410552
35265 540608916 824631864
48405 250484006 366069930
38983 297007325 453144399
62822 650329916 650585111
41773 846043498 889966756
59894 190381586 522611663
74850 922490423 979178336
72498 696556480 919370627
48129 461999141 532781376
192 26 27
0.76
41372 495203272 520146051
97051 14834131 70300641
15307 711937471 776631298
20940 256005278 260599719
98853 120304031 333993343
64720 969686239 974248777
34941 859715714 944887907
71791 628782319 794856694
11332 523136382 565436471
66018 148399270 185258261
55488 6229907 7699257
78664 552729488 627550301
26431 25803411 68655583
12186 706734938 778681423
62729 703101855 859113998
96157 172109691 297083441
73813 584049152 821497783
80151 823228546 956778652
80478 405772312 606143019
68 106095159 242566862
77589 715529549 846440700
44137 959803418 968863436
6265 393977148 661033990
79721 490283241 508615781
78788 365620611 485121868
87095 544118944 794677962
41320 349084834 572117539
97324 134310726 363071137
62268 23512562 60267257
44378 666986762 703112768
75120 342554700 435197240
43809 303199379 453280369
6279 331582636 337975506
15712 712132072 781911520
52998 205882969 480010922
86286 402764348 636988457
54664 654108966 923063205
2218 641237854 648182415
20020 714820034 728007770
99504 675084916 933568696
66034 60901456 217518022
74638 694057038 698475252
38938 76271884 287757478
16950 676118919 851213956
93999 482893778 698880508
60469 566113922 738932097
28203 690178449 912271507
44676 642932829 872032286
60602 410783940 619084150
57470 676657723 745672230
82284 800465571 813047721
21522 586184774 853376823
60293 505007937 699033268
14938 269409653 316370948
3928 170063524 215148420
3947 136491347 136715930
23668 442520520 591118860
96238 264549120 279828399
24446 877145113 951258892
69711 327875551 405408023
17376 824764857 976942715
83348 839433814 902294646
67361 412500077 601370217
22481 618798877 845817766
23094 577906257 828788750
17018 268441239 353263308
22551 476716384 544581984
37145 569306675 821429377
87381 237037094 429413799
47201 209058533 456486645
86475 37311702 275943151
76418 628928184 726867631
43220 804295035 999126233
82591 241012508 264419012
98300 633907558 662401896
64605 485862636 536619287
81273 247125565 456475340
1118 458660424 562478116
93755 320685809 413150157
87469 2035261 132725437
58786 469269137 565770936
89882 790879044 860042556
46737 10819096 31505175
35049 273392267 450504846
67200 379835269 398246008
61863 307551573 336589555
20407 36445433 49755891
29182 449703554 693277948
50200 950775664 956377502
69161 623025268 754349565
92507 97675522 212443152
11370 705857163 762900159
81537 222113075 336556839
76507 544159507 554661680
67874 968251320 979593013
61986 859748713 909871852
56232 70246297 298451434
95785 419733959 545943235
73632 885848626 988637041
52365 882921305 887963331
36750 259339878 289006739
29013 420500388 474789099
76770 561049336 631319696
55142 75617751 132769455
16360 4241497 182245405
97077 9787366 230787362
19108 493388925 755320874
58878 318543120 487581728
50815 645680560 850318879
74739 877460741 938631437
58588 44769612 177704327
25847 770539397 886112484
80462 37862784 291744601
85612 667954619 776633382
28685 449664386 526290491
58474 8364653 190853292
28263 339534915 539565443
2738 709211068 785746762
21204 214457556 443553153
23970 248311919 515320754
9518 961826315 964386370
60042 429104422 677102926
6592 633148935 643910543
12991 290136683 435398215
74972 179550224 183465295
82223 137188985 374207382
12657 585071803 587356052
14900 761571744 908081402
58013 908122722 911899596
47533 375265068 479118904
448 874363490 987908667
51882 641630986 683238455
83634 495750724 611730381
98150 3816021 115205226
95767 614727560 648650548
19195 614780090 841137680
72432 47859491 140570554
90641 560887767 748143326
66964 898924131 991955303
7991 690394554 693292875
44896 281354478 415517545
60470 255327547 426658337
29227 332993438 375892871
10626 846848128 859553123
26845 849551317 890145613
6771 237586473 296601014
17601 693201049 843429451
54484 630445405 887189290
69657 674933131 711809583
99962 252168812 358531800
83314 298725116 454416705
77144 768625301 852022538
38456 224064673 334950741
70641 430026380 447837139
79531 36422829 39279509
96397 531754231 744884104
21010 604461479 811875186
53808 298866588 394483230
26800 188810160 445609203
88968 54223670 66832222
16982 318638351 431094887
37446 852310903 976388922
69848 466728552 640732675
20752 186226837 447694038
1538 339889039 410288163
99925 179781276 448343655
89548 509899051 524030414
71393 473405374 488740213
63404 464723559 646636070
71890 86274021 173201399
18156 21913638 217842760
80842 888634982 991802111
90076 666037149 884061847
98278 659164620 710233984
87081 864380155 938144012
17135 403149600 474019930
47823 928503691 930554498
85807 392401920 393226096
14252 636309877 749513785
21447 610359599 739093185
34134 859105001 902764431
47615 167219652 368762707
52078 327828069 363765636
72062 364387506 592394937
71893 143937354 244097988
90556 709632848 958521257
65918 285979266 428559593
45429 464475634 627213845
95460 850506062 875163631
54847 165788173 333797588
99006 182138696 334927091
47037 115952942 222882542
177 30 25
0.28
83547 189444372 403002352
92192 191270504 274031843
67827 314678515 431881565
24373 472565379 555491069
2519 750196987 787542873
48689 366548776 605428631
13238 393454306 679754147
31966 393806044 638506354
59834 121124223 168953157
80914 406600184 594001673
55612 438400780 608282631
54439 443525476 656737343
28217 49928536 163761927
69738 344918390 372778068
49828 455529656 536869077
96530 904636891 990079230
74526 37422080 82752636
6772 862838000 941000305
1285 600687471 628000233
86837 90433328 361144902
83785 733567285 742878441
98913 109013929 373453560
20069 351004297 485297051
84506 255655272 259651583
83564 600169475 897567573
87571 830984237 862595302
26946 163570113 253691301
8447 403861491 713662743
56014 933473210 997390306
65028 83613356 109127218
79981 915144105 916953739
59924 782627260 987577852
71561 493319324 546073114
42461 844132688 921884878
89867 572768075 639651364
61567 862892651 871009386
27693 850602916 929492239
9215 36245297 316523901
15571 304963218 513656463
90843 38443557 97097876
30139 853770884 929798728
23421 476867204 640706663
29938 26740910 334691894
71380 510859237 551623846
60202 101278957 205932259
60320 669356940 757164776
26057 314068304 350423696
31436 724992745 727301594
70181 11835678 316208560
94594 751390114 819800362
9454 716460792 843369849
93210 196949117 198176842
16106 335653524 521535031
89715 15387580 309080875
35879 49166214 238711753
69958 682893463 829150811
5453 115183666 353367413
20312 236895396 293443269
13618 918524039 986292092
45678 626442767 784331764
38067 498129290 599283918
53510 115255624 385424000
21248 348204341 566592301
79301 589227808 887213631
83768 532911629 835767591
83051 601679093 608290239
63829 228604371 433096708
86606 956714505 965004902
82889 447119396 568909964
15014 484745756 497775716
84682 230030944 384431542
197 223911434 240562158
41386 734693034 872801943
79434 852678101 908208884
12652 266532887 292481070
79606 508560233 711742124
73298 54917938 279377869
87711 750648213 753543030
13818 444680346 452965699
47812 810610806 818694489
14442 401096739 553532848
7425 102113580 357770203
80682 608286810 907313359
27748 228659634 459395997
95634 275882247 386473905
54591 226045089 232552818
48900 665596235 818254291
93503 456554358 573486276
41532 453462471 716857200
82301 542075866 625374490
48517 345892907 485449622
21876 407987097 649677339
51151 812890681 919423212
62163 379804085 576784725
11934 205115111 263674297
2611 246282010 467708898
24293 766189529 775788848
73995 188778021 481133943
12659 509441124 806066199
85635 704867777 800355064
23213 339462843 498108588
16295 383989344 565811264
21629 167164708 200662355
79229 354216998 535241967
76234 90925180 260300975
1080 584864079 699764279
94120 206887904 317157097
80814 258818230 512329023
95986 730791936 921604351
18504 43082284 80841246
83830 578629296 772548033
77721 515466428 777824018
13263 254452341 354204906
10545 758344611 980565577
44441 11800238 197538430
51891 211807108 405086353
74306 138329715 426131347
7492 638207002 638869258
70653 600028865 629419606
69285 347492484 443910766
34299 668323132 825125788
74596 631386903 801597996
88156 358871206 525077527
28910 606393324 614835646
80738 566783161 727053381
25864 698596983 999598590
55368 644989411 729478181
97470 523671811 646131421
54130 24922431 286894990
82652 25891916 143751286
45988 118096137 221250260
20060 382115875 456380981
25304 675812034 912551275
26176 514987554 730009837
53931 215098521 282201984
86529 823279187 858768881
74136 362974680 479655910
75560 383415476 681829492
70056 460103687 608921443
45019 771486399 774667292
2440 169878795 393436106
65242 620808011 739359592
90940 547058813 639149979
37771 136647330 424824890
84244 284919005 583710221
95187 195318175 387297582
37724 851023352 920623684
18727 920147415 928223329
76728 530464889 657347158
24322 521773475 643053655
68208 216404579 352347267
24057 580510515 614118604
63881 220012555 221803395
70124 139252690 148921975
83509 255179119 427078144
61438 920689517 992687669
38573 109133340 137434222
96326 627038669 922035933
27708 886627829 924726418
34695 656387720 837508177
92125 309614593 311937441
98686 679944725 812583978
17577 263558140 362369124
27035 115517090 115932869
87818 238992873 388853952
74739 549048242 551789505
50036 470071263 475232245
30612 710204418 931706864
95798 417957154 428005408
51480 189963439 195746664
95116 533793520 739111939
1981 301661449 413539183
95542 650131667 745720761
85237 634087321 723200015
8143 692230906 754558634
85915 247947710 281479196
55767 310431018 415794662
179 24 24
0.55
8727 593509407 691520221
18719 771782910 847018059
33954 742750624 803341893
89298 491490622 703322029
21327 13279406 44679335
43091 489834783 598996043
21623 180690646 435347997
74257 395806411 644380716
89493 3487510 105431715
75085 570651311 574563733
68824 322602146 512277813
50736 600317823 800163039
57107 388580745 400901888
61625 337323337 355777595
28568 922832086 923302570
16916 788177595 890456380
38245 433373696 618776155
91538 813670480 930596443
2654 220482034 372152523
45621 533548771 727558801
78492 833532974 922285703
81867 46559834 108619479
80132 266251180 376422890
62558 999498 162060038
38939 415376972 516327439
40298 398321905 427035279
16569 770379941 844730939
81039 166193175 278704009
89053 579590199 712867502
20712 623637226 846991733
75776 299202268 417379286
89051 346772386 360719854
23373 189243822 214755692
64978 517928820 561982581
51887 40632667 229717157
76458 627721639 662997491
97420 551090788 595924034
37675 913939695 929270051
34449 725435386 785472417
45144 143570067 236529038
69262 17151737 98001038
99048 358756202 522359051
52165 141979865 404534299
38516 85812573 255518166
30525 242465550 244133650
79602 146728796 363311277
39260 732191994 857688864
13570 316962365 339243233
99669 953460350 984375116
31752 930379229 942125707
95902 5324391 71957078
90714 256702910 316984525
57222 559345193 712194407
20730 268745311 330022376
78438 203137979 204115452
28262 115606897 123473873
1302 163911753 243923217
22511 852675148 858299254
93698 448736758 694464625
69416 382053211 624890050
54684 618147381 696781353
29056 709396231 753577970
38228 518200451 615589834
67506 343444698 562593328
33606 218848407 221249906
93082 895972097 929714613
39347 193521349 341840791
15148 697388742 782065867
51796 270129917 413640262
51616 821147138 880872785
56811 612386754 819927413
78129 544013831 693665179
51802 687852816 851876544
93735 481738997 669506958
93497 53429131 207713167
63090 478437977 609892450
14914 259711101 452279803
94393 719045175 787485472
47407 818611160 943180830
95697 235880820 304744702
93576 529018288 682230169
86035 772793799 906271431
52918 102322751 102792660
35976 293584660 536045827
63164 141203202 295508009
17254 314814245 544678233
35143 572171488 803865659
3488 517160841 734108661
91908 824372803 875277270
78585 763923135 948474334
95153 16087612 279337323
2202 670815865 768637165
17399 591131536 594356192
81445 411929945 416768862
26551 624629362 742073448
78826 224048681 362790346
45379 716018008 734278623
57240 608878529 823889305
96815 607375673 812059330
64182 567132486 794951087
41863 604460640 686699526
7283 616371601 658301187
4899 495457272 730078228
74939 358888963 553097739
37370 279765306 486006567
5836 659714496 866571751
45620 394697066 539014733
64329 209346571 386638304
71042 411619002 451356611
95437 755075417 905325031
51314 247175595 359434122
59074 21650945 99141044
65182 909882843 925417816
54739 301738543 377924404
46661 963313618 971293151
24415 262295234 292464441
5853 566160953 621636438
98447 101428237 180043010
67464 160388906 374357319
64875 317437303 583402431
68933 691569460 817647687
34472 520773696 776680507
12424 898852841 922977668
46789 280647478 402825595
86093 512827680 552131893
99448 138487741 372413895
40617 217525544 233246365
20067 457273573 592110160
45762 117393143 290110986
13419 569773157 807188577
17345 208177848 406941782
3530 483739883 519179966
99494 454403154 664186523
56675 107358672 217133344
45627 228521184 405480005
20407 88752239 235154124
58508 360044208 361099952
89302 113174232 316612087
67318 561490496 562067063
70073 92417586 104933288
69150 703171502 850587087
9614 677530652 763926090
79716 675151929 918373215
28788 109874929 112907846
10359 83156474 335178403
49352 353892410 492774366
56779 113187824 186408252
89055 654663181 708511118
56393 677880257 678392278
61238 197399753 208466350
68231 824172652 825501289
81639 629815403 646710386
94713 534035758 546339059
9245 801670617 913856574
36262 162689702 352126049
27594 249972561 255094608
98430 320287967 581902321
28984 21218355 169302214
75306 662023518 668061581
80381 705264135 954584149
88453 567107649 713285218
42451 460044787 690840740
93931 161534169 316306078
95303 720819132 793840374
73712 437285692 453395407
3088 567298771 582217990
89459 164138650 217708718
57923 656672982 832048429
69042 330072298 424847425
91430 227761426 383129501
51232 1655703 102730251
67138 34610917 48301735
34805 228881897 316396592
4156 211580455 316247199
63205 782147646 844178526
82951 485068777 648081317
33364 343785970 468673493
39283 112285026 317628519
83241 313799965 552982972
162 29 29
0.38
27978 230458220 566619646
53678 537399484 828008850
24482 342072114 355420885
24239 31513172 261813449
35640 24442130 222100465
19022 217658890 218836014
71460 514605669 870011818
14939 714576201 721843278
663 527075710 539343930
74967 491748330 847548937
52786 255359623 453833291
65665 302447111 402485201
78299 310588087 452621289
65553 598491976 654904469
46894 402486336 576386844
50372 412099529 567897610
97296 6643793 140616446
5752 230343462 342091703
56395 699479966 941405175
86489 547682122 593663314
18677 324965269 325737280
5179 298658671 367720762
70802 21858321 84180852
83753 720110281 727018452
19964 218538129 564262228
77694 437430487 527731490
57152 708416666 984033213
10195 574224555 582286915
64844 431440707 595266049
80664 837233713 965518965
38246 534164789 868219655
67143 525858233 759332739
6015 134649617 142726528
63126 970184061 977722614
79240 262141709 273833261
73260 752955401 762949625
73060 520336254 829731828
6550 693660442 909280623
31455 137049972 330214107
63547 711031627 905299809
60862 360323458 419230233
73101 693127135 742460263
17975 76615907 307597806
73313 613997523 963323322
38371 518235468 789378595
20705 18031454 286779957
4817 455424327 469274702
18721 167211759 462206768
42941 911337266 913719512
21072 708900437 926031509
89794 426413913 669582711
20144 133659722 346412570
82509 30104887 88058245
74056 565281241 919732521
43986 443919445 525178811
47767 18540148 67256712
36003 389241882 517403820
46604 409870803 467445496
35071 669413091 876091375
66805 193904634 437177511
16391 269703035 489687214
79317 661874699 737502309
79479 195255451 550541165
22810 246414455 426269002
82868 240882256 556749401
49679 410744991 489744316
54465 575878011 834135802
60045 62864283 117014672
41399 595229775 680671718
73752 557524181 566951624
65237 72479750 96439439
11783 349337739 358962527
63668 530622044 681780197
79076 712713751 771075552
24895 790477711 847294157
89270 682702512 769516761
54338 233025294 516242199
6427 261278432 599409564
58688 75275007 79431577
39963 113941062 123334292
25578 581926260 584361888
50362 525588985 674153773
30029 311330075 313737092
66700 786822302 987109465
79435 370606401 417333123
66350 300906788 385635712
87022 827419566 908881447
787 221587481 471534960
36665 299425742 348944462
72284 213986675 390293868
7296 112661607 419933755
53037 514384150 680871387
14458 934155060 942155571
93820 551890243 708429186
73716 541487331 869963661
76491 17393817 373831205
54952 392374009 597995828
23929 327956088 444748530
46542 349635041 571375180
74996 356780406 511014839
63601 733258677 916730645
25682 599105921 788497193
26438 453211443 587749535
12993 364796516 671222134
23962 755737436 899995347
48829 309321754 397722240
21002 293992569 476168516
32864 37596385 195068323
17912 721834788 812675237
831 1388892 125317944
6138 436124478 654645412
56115 604298428 931338621
29429 215804148 219847758
12852 497557381 674873836
90923 475914821 761083970
34094 9227979 293289145
17073 382985899 388786866
70157 535273588 874758720
15237 298884806 299332474
66715 266587084 374214730
27198 72015822 410679022
83821 242635003 288528048
33029 145604146 269062740
99289 258307048 419393039
53923 10015433 73997772
78540 156521035 429787517
82108 697347849 847632444
54521 803050951 839875168
50395 760035319 974933175
31988 122933153 232419048
92717 683454368 819311919
21408 503836989 617633486
99347 273557643 490835494
41127 404971718 478591499
90643 490662313 775799627
3785 295383754 342760029
72623 656881884 662166903
80246 292498681 637058557
96281 335160318 566623796
41856 630450958 660164144
75525 392757611 625258668
80587 21148794 89467153
90560 33658519 302380542
75239 835275124 848588828
31520 630918732 717375609
32289 71597844 294683709
77148 121625273 124717748
88693 781873210 870402606
20478 629716019 971932869
22374 523221035 523848315
98071 47588943 206356307
52817 512310362 651510699
12755 170614129 178075062
2144 329734669 512799930
71597 561339659 797136897
10620 790697320 809711945
74660 199112122 465051343
50341 915951901 948908488
49295 679615268 987841849
76133 666018348 842682231
89677 371181595 650198361
65665 697175300 790336160
166 29 26
0.54
65009 472306078 800673537
49528 302702606 509345603
39582 830128619 830375128
16791 231878859 246005115
72372 587850553 879661126
7358 632857062 866800704
94225 435289064 604662120
55095 197220560 518620011
51607 365998417 441425165
86931 67454197 136339707
40643 560119241 702604227
64509 830315937 871114944
50974 381943738 468291979
74738 269810029 424832074
67059 324688051 473658146
51728 201953113 405487606
66177 601381639 779512437
71565 15290365 86798679
1905 844461208 863017982
4074 136381115 406308472
53034 644392880 853890699
11464 100809797 101481314
59844 755617808 919934553
95451 482093787 721153718
539 614743088 903733359
98364 292533942 545254344
38565 884347672 999626911
98531 474790694 519634589
42630 672853264 786834498
94166 411393783 558791075
46594 62768862 223292902
8859 392019825 492245938
55987 433479951 599130235
49557 624340639 752044456
33948 278012987 353767661
73133 767558229 846327465
90589 555685883 564809118
93583 542632593 850760381
90633 274807558 571219979
13144 557233947 840175967
8021 399957813 583825960
32844 268001219 331557807
95346 180207416 193762758
84237 43208440 217139416
46814 599014748 601023781
62058 469455142 489763512
89942 16253693 293569230
92180 245339855 443830495
42127 185369506 245616631
44312 603344662 881561790
19462 211271607 302935801
456 260635938 263512111
43284 315834606 319076960
52315 689600449 892612227
59271 382556588 667032074
13847 135736174 364618079
11661 510442124 512234896
20267 239698924 364993965
27731 672035639 701953582
12771 323518197 572481059
11854 401656665 496416237
93079 294562097 295094080
6296 457613344 559418606
28579 691294544 704100284
96606 43212245 317111787
40893 588174533 607765105
77623 153996439 452739254
62819 636674362 859979453
98488 487015732 714367451
83347 117800698 430751844
41702 480301304 693290537
39903 126129222 444376151
33004 240703685 450540057
51937 195934922 213267295
33231 397471810 437411842
44044 106183939 383307870
671 489028199 755042744
30788 76019684 392895374
65807 727392161 878371453
97520 12301902 166166740
84199 581244071 847938616
75245 792640832 881869401
45239 26474868 79687935
89285 603806982 903935462
41872 432402766 588376769
15232 5134809 332269740
96111 74967258 135718907
38426 390572224 639863628
64249 904046699 947131961
37462 231495579 412694906
9902 486799814 486947693
55346 284463871 546971221
68824 756285389 964829866
57083 715551063 954656194
72579 601361400 674406999
47138 379121895 543540370
41266 368045158 601347813
68624 485890932 508463142
56591 569621242 660816229
38775 459289974 748894448
74148 149163363 219057530
54698 641083361 721096985
32585 878008820 989068993
86894 594202020 740590554
64733 569774502 651223330
95889 826623900 938187149
99864 258535243 555612200
88571 290087126 466437715
86657 123237882 401410668
57634 491141951 578574929
17565 704979328 877646714
41539 154006706 160576006
14855 330351864 508278369
28718 784759307 921482376
7558 341724199 521637242
94849 213034840 216937688
94684 253151154 256617613
47833 136063284 284324908
13564 451728945 462286354
62116 314171698 641466709
6911 156585881 312515917
59355 375250428 690001643
74454 252487917 254559236
22223 617683580 621289491
77634 152691247 481141545
73986 405215793 475145189
38915 453658531 606611016
95961 416743679 715998807
34351 624077908 841509104
48014 17361049 188387509
32133 301762230 517325869
34987 548368630 696568366
4545 772046239 828043987
51892 92045612 347801944
61232 380029834 507171351
75908 100191733 144431861
74119 404156015 710263039
27292 227070126 401806124
43119 859623970 866947069
6264 742606571 844987001
9540 286468505 484038011
5827 35187468 101171868
6848 622211920 947590729
53933 638766302 950772916
18129 141497900 335810730
10554 631455169 924737261
51699 837087773 881216551
99676 685012814 957348044
79642 407386424 522709075
64613 619391984 949784369
56206 812379420 871993001
14646 927967648 956820805
70237 788664326 804188359
1404 747164157 822962597
46508 724973806 934607662
77373 224128673 270316166
7054 125544392 150473600
2765 856812076 860788555
76633 153795630 422717591
99174 636848476 890886389
42614 380947953 653731079
14360 461928516 469481141
14168 301368340 414899973
2590 110482081 133826970
64559 601136826 653569260
94002 747993976 759964609
171 25 24
0.55
362 530712977 727335036
20470 600349764 812922252
63738 257859031 389465136
1503 30034727 246144522
59233 388916850 557925722
28112 350857067 561128249
71704 688921030 964814147
78921 383683533 439552531
55027 995696254 999094357
67433 595293413 608715160
4567 76825246 83430834
86818 64548529 69793349
76463 829018968 943030106
90059 239263254 240460888
66623 161156393 417375321
91514 289495140 348136228
42457 455550710 664648730
18386 128702778 409635675
19279 20983896 46470046
13017 55472521 57565745
76744 584976157 843566981
13486 643820732 730160334
48887 392112711 444456512
52730 677128810 917939595
50473 750637912 897511298
70884 521317781 745238065
20669 21030097 33666924
62730 324756282 363322575
14010 54921100 159385706
32526 274849733 399252972
94812 481198653 706011441
72461 615345091 808753784
77552 711483281 725888118
89846 547990350 815064018
59809 133392854 282318826
63002 414665936 539838996
2033 260341444 263324592
94975 538584558 559157433
53229 209636447 449693504
87674 577182151 596615972
71579 499114067 656680763
13308 322265453 373498838
18965 640801852 886849906
69741 771938971 839947120
32219 525983688 733934156
77495 721249028 974981029
99557 74124570 194218319
29316 130728592 377001330
45239 559016082 787855815
57036 112438204 149674686
8120 278110600 374325180
71112 512240521 758055640
52101 388672465 611463381
64907 676345093 952851475
82466 75217054 335423417
63346 645735684 835088029
67953 85580422 168274094
44697 595686397 833018472
45159 745628100 888004029
76113 716411349 722850607
74267 633760230 669091695
43055 624060317 812405141
57313 597202154 764114082
92967 40067623 304729962
68375 563525450 844244135
27738 753454569 985687907
37821 239145 166467933
97516 169331124 421231374
48139 959783232 964567438
25 214065302 222947634
65022 263239585 282206019
76906 328881030 557720822
70036 208441652 377205315
9347 145077485 201256501
95673 115604898 137531963
44767 149479130 411836335
63713 464117694 630278214
31518 410387627 692453473
1368 751379749 854925039
88990 902733810 961751887
82518 448962221 507902916
27913 331400278 612491072
64696 616392281 838869537
88718 479943446 559489570
96523 821630275 832236716
24307 191817846 343625460
19562 584884031 647543666
13385 150820140 173759139
82923 236397200 405658782
37857 292537746 491963160
71637 442040256 509769367
89502 366703861 420945956
9718 511955926 724630111
97228 454177274 558323952
18738 285446937 422052168
13232 170802461 440462136
90015 147417612 361886950
46849 112027638 279492028
27951 330208116 451740528
24342 486700693 495282759
80462 70772418 169613035
35775 653639965 673193534
10093 408651150 672123773
26041 329216780 343102289
18462 528059688 683015780
44540 137576796 360072788
18178 325437687 590310958
15992 834347083 983398551
64736 794217570 883827546
54561 45307848 168737587
62552 147665402 377575459
92071 535763812 629190511
79991 411410867 534921071
11849 82910466 175828631
87468 326980308 443930223
68235 535169712 700254495
3418 130946737 298507082
96134 276013730 491270999
79888 316232472 584800266
39040 540917770 768507303
97526 155646894 256859468
8892 633323840 886492409
24489 86189508 315161815
43475 271084750 370792577
25897 576174446 584966569
62628 4609359 286163938
72177 463116295 718504734
16137 853129915 990769693
72200 585767554 869877225
47371 60526818 128464868
64598 784507976 856745108
64566 342359818 572298349
4794 242090867 387021365
83152 374856798 486062245
49177 135854587 353866314
2503 390760796 524644104
46266 87816262 239801954
70985 1623127 38981284
84209 582188101 791406388
15417 252295050 302575674
79225 16355109 18715907
83519 325336195 412271966
10150 849793841 990685735
13727 485388636 647377263
11353 127899699 240891085
7501 299211324 331064342
97686 7122251 248915794
75136 374875834 474593997
46707 837851002 913584392
58181 431839533 468927617
45746 422495581 431945583
46646 82600661 320167973
26450 196817300 415198595
62539 250579556 507367265
92386 224546621 357557052
24496 540344333 571062159
81878 129162840 170009482
30616 625690507 726750614
2141 594583237 837862138
69392 747653355 757057923
85042 223721791 410069714
30712 385327966 615525668
12562 31668898 33723522
65454 5932747 164708183
9135 504053466 595029648
55212 491761488 523132527
73603 309832427 552804053
84884 52094371 114933287
16519 52311839 163530137
50569 360334320 558454009
3556 823884135 930194693
