3745484
95327130
296809360
260917393
5910400
215017122
209461189
9944422
328546137
422624753
134605625
460020274
532874246
515467840
414967122
584661331
575708794
455212601
34579391
300543756
297635435
829111593
257490797
377499646
339663690
530810590
430294196
279963294
314834816
346080261
437930863
72160441
628443220
380008928
76815793
693197819
499109327
71871903
318023409
254186017
671767834
692500793
301256695
383574619
195824681
559126494
283807595
525397342
634554398
87097987
386680130
543623995
160996992
411542511
451812235
363598990
510006163
144204812
616788064
581561385
355098761
629908519
259272078
169064419
92022363
712667496
510283054
35985915
32403945
188436812
105195028
634000071
72473319
306299144
650614062
41531515
879986464
526447634
83297942
381210181
110577803
663858223
130328646
671494842
417572885
176349130
559643023
579262764
157134710
718315408
768731548
136084721
741523565
307827334
38994883
133718175
136086569
449824251
243707284
251219926
592160928
468373348
534844079
358736040
687706884
147896669
63620891
232434884
134668042
740926891
26257241
731846401
673257240
566538246
645670460
485773702
146022312
669534112
217319352
45423944
879987123
189507690
153968821
624142750
710913972
352771353
720718780
26695169
833848485
489071809
427406377
25312782
577541835
651581873
649727472
347448618
707964377
576321022
238253044
535075478
121976619
135479260
70959915
648082779
586479634
430073820
141130696
156713565
180977898
474891070
393329567
561894111
232971435
589994270
21202737
800709630
627670404
175684304
316630406
236100064
206427182
210052193
280854575
17174867
134816634
540979035
456499678
475046419
135331406
397639783
23578776
302967933
215793379
385811641
18157112
395147158
201120734
36526524
392655867
554431895
558047019
204187587
71239323
168349750
424399381
627809841
244493061
12313101
376881757
510886256
616136987
207452411
243234054
282063809
476553687
470835020
277638620
547818898
201843635
30515
691758042
423815718
338091619
283579301
298623294
36649618
589330313
815419712
173112566
637672875
551948265
403256812
285445558
485943971
202929358
253012830
384139774
284153272
21558983
373517462
584860943
185834124
617997892
13584942
169264922
161570983
560296269
65183162
711685667
626669773
324381256
240133401
646347465
392492836
679547770
312772076
203265745
432128169
354337883
510962439
459670570
229373344
69295378
620119343
285613102
506791024
80056829
547418305
137988091
208253568
443427982
401059087
226907364
337302995
480228960
215836216
79463617
447302970
484778587
398787462
428463156
101512855
359938985
703916904
496370101
798224714
856843064
131442255
47499662
686248597
714298458
7724447
353705661
151682007
674708408
329912317
347326318
307351268
321608675
532784048
737975416
272543522
146392492
777371772
589884014
551375230
197369408
460996052
427254413
477173240
605931644
139902139
16855422
538569544
338261768
545494041
103822531
415599842
212046016
174197166
22781319
540804893
490051655
487318111
462682980
327355139
423772519
352597013
59356003
526325304
64356236
148807440
22507493
874846112
782812224
304416650
192770954
111468135
500507153
34531518
719292753
614967147
408204237
553812386
427600440
539347600
134194389
428584026
292398714
788742416
352810976
490425863
221215158
556555097
817432198
510599220
268335761
530012924
23518972
200919134
265578746
469694676
142911614
646013681
168421953
148725542
275700915
194778651
565610135
544586811
562093146
140732045
372275793
523913158
73233463
249771848
96134144
566026374
65969160
308777999
41755873
648228007
41989256
186379609
342921619
318051734
148360957
229697696
338430767
462506276
617844831
613449683
143567722
564632580
377749151
377738157
566678785
664498017
688262821
398943466
132212837
674754871
654272493
108405589
362971529
448614474
332168583
285130214
469709840
54698516
451959336
587830657
379240249
370550647
182931413
147741667
155354987
397934085
66869388
414159657
431916120
473585354
545844662
435303522
338889869
83597343
267286128
328490348
326494130
638824622
97951892
666747451
14502850
291453193
99963577
151299985
486431406
583852704
104005221
126010233
428026211
736213767
179912096
109422793
51294344
298915206
215078690
573899358
384042573
484455971
699134205
293506783
36829854
633380324
638168518
633225055
84085858
199899323
177347076
36611334
570380495
438432982
224776434
407910900
71867550
125021164
378612521
332318796
48949868
208746409
161691269
562615766
62689438
660103929
783725308
108782999
53953703
537493848
559736403
621450469
736491921
116587090
135343641
752224925
108896512
574155701
786657923
18876377
222664366
428259388
337155533
96784350
536743089
484652398
390725042
486163420
601073872
200018770
243855730
304007756
513733567
213839892
568592670
201661303
594099464
745486871
505183740
681825527
223467570
407345302
471944057
95947090
279324620
272785633
232198057
180690832
521693795
673958546
474504168
678147075
101783388
278063172
323630051
318394937
815860422
504227682
976542748
188034590
533287235
348516881
526839555
545285772
57097405
523207477
550665638
10168252
140315126
583839764
783453596
156635969
367628314
251538878
568139902
594439102
368188143
276628067
414396109
245604990
199957355
122834
283202078
563560542
537202707
615765584
594118114
281933123
375028433
725795145
8500486
30682224
35746250
236830030
588656589
547587831
6250300
19314182
306965579
676155932
160037608
65716756
508466887
649661189
528451418
273087678
374622617
77727890
604445536
470739742
325171522
112836646
569979800
245593375
235706276
563735623
171206749
137750866
50603491
695769239
321790554
808013729
706570841
62683549
597780327
176347933
577002247
566260780
673533817
167715535
150467262
243201646
74848440
284429958
594901930
360642702
305955994
15127158
248351354
330613741
573894790
656152555
47792767
101418366
716757207
23008103
82236293
236813333
163420933
272709132
453311621
662478409
437027019
296897915
61093833
551688390
237440878
30280311
378151599
241146245
593970624
578064105
852951477
207539309
204989026
258838298
474432181
706174819
349555067
826758569
159158255
310962161
295762725
438096565
684212024
440623926
187014839
443557394
48982804
219177203
304175616
591089307
675400301
79037463
773576942
126652463
432084799
746101699
742553005
364893522
92067277
825550582
329963214
372670764
518964209
7013164
643270829
421491641
1367550
614671117
344270406
607066465
251399789
227829288
733820084
618135895
597703585
357612272
162934062
414583635
363085703
487593732
714492484
729200806
287248302
211843160
415414957
660884073
318169399
521404383
27600997
189371581
213484966
308778815
169554586
254444990
437575960
160365415
537925985
654697838
502529748
486796881
203016417
223487746
363047469
560556266
212758619
5431100
31778824
510496021
269329326
717650886
210905059
173329271
102435704
334905345
127635260
607360145
56986907
584793045
527808906
457144831
207373856
734094360
474240265
404478869
547233058
2821344
867936536
533300216
101009473
586208740
639026139
691629568
385267332
198905049
221587225
162240967
561489636
185329651
224190125
679197894
504489906
291944086
875783843
501752050
815534366
53128881
121908861
539953224
109897381
295254638
287252581
194155972
222680717
430160575
658989569
419188612
61618832
367271205
771445685
250100780
742746204
40876088
117781209
314283763
97382915
524840622
652290325
130962888
463073233
170976605
260808340
86330307
486720357
808981524
771729924
780573039
368644545
271160252
169734805
820254785
257031275
705024266
59034206
386173567
193422018
549047788
326177942
466548480
137997659
104065030
291197291
104086676
598337660
5257594
49096721
155689735
290611647
376448113
867641002
585460280
248959007
681517459
600941012
412867205
429890455
173815732
260605593
569850282
497771473
689240744
676822374
838681876
241924647
814020272
306369879
505290495
422852563
147138978
264801188
74684298
240604158
601232250
138968419
344372385
641472944
699651670
234779912
553061044
584238584
158000685
552540769
455870183
742238363
147011483
659474610
319162100
539859377
722659098
86415490
561111641
634819297
375505737
60858934
415063948
515000128
733732969
606874676
646608249
532715531
6112172
371170991
69187862
197812817
253499536
629259781
308296688
121741044
606590976
85831567
487707850
107839437
808872169
347134357
442132089
155562636
93157261
476725039
128110253
694909263
771610058
210657985
27907405
509168446
222058527
656126628
180913421
70184968
31910318
186952909
168920572
971556344
335632374
696618629
629494136
324394654
419210579
131746523
721595824
120837615
301405907
20634006
234230935
397873349
654649452
270366650
657684268
5382924
777948486
437030657
656129159
641098836
765523877
83347166
320403483
172557158
860365786
481011854
594007297
326572470
66487210
295856952
569822940
544411180
330230280
462299792
560968548
111566192
473819131
488288576
435361033
98249801
451814497
534770191
540504864
475908301
846671245
669779671
489893171
542743146
492169989
480730858
150164307
42414582
391926023
444784400
625897967
74909974
644426129
585211526
228261984
568126074
53896919
513949452
602261382
630478845
200753048
234152768
534822621
695379690
769616066
648096766
336527081
650520079
588936537
10414573
100833056
102029126
543700259
126515987
381642492
666185017
325204872
71324113
224172124
679932839
385120141
542105946
50781815
127476489
348966759
465433801
25575999
566307553
347550916
28627168
603867047
536948825
271730951
40372370
585901805
341436882
322501867
743276955
64240111
384512108
468649732
377481882
51652667
2652185
452799072
42962686
184496155
20848468
461387759
133238326
235168702
95307426
162078852
437216476
33925090
329990927
548268127
589728926
357189006
295647827
59180667
311263443
767441064
280898532
215322522
184434627
160633389
483641786
342641714
480829780
773880917
137028733
262891843
305033858
372210099
247420888
297395483
447610854
339940335
314556413
174160804
509361997
498224459
418912477
315353209
341535064
445747885
573511737
260997535
247316568
360582487
264656516
925294246
829287502
94170497
579432947
6408110
449637661
479890328
94842559
441787596
91112426
101825775
109384558
429746869
429509783
573299231
168660617
787560039
838261642
261881318
138807394
135765487
310380067
143615643
233207839
570991825
10971039
521048392
440555310
146066025
72612094
652421376
670690319
13196322
557369307
648120685
528836252
477025035
422514264
92312638
337355732
781640149
47065980
676403725
205361636
109418682
93271258
575320203
243129644
432006415
636823408
562756671
483956849
541577657
254839605
46818195
514776821
932990379
684051094
725833850
484228286
103726251
359233896
398353683
584245516
242667003
719507262
196026813
473663544
307516358
573247017
415337734
36314510
144036089
1910002
146581249
130124866
619670820
332550814
607113872
179857310
251764035
927038229
463242217
155050311
89847084
371167495
86787617
401891905
24349687
384782432
152244529
33426342
55845628
334651990
506942501
695973356
541704928
177930347
50797273
93135310
856873598
443587319
141806887
310542000
354980842
496397493
806812402
555802427
112894471
286902590
249461143
254149117
82598086
12311149
662151819
202123728
103861542
507703487
363915934
132062594
244687539
171106389
77481702
627197009
549293518
16989951
228783354
759121910
100697070
661904640
824685228
12649121
895065919
377247462
724720857
205511666
81350418
45809494
241077399
466191789
317239017
198209038
425694347
780579113
240501828
487113822
476161626
95247977
521549484
145943373
398875705
82194288
129515512
733759314
164928165
214012596
472606769
141990108
462689876
335598428
625297725
37784491
768533322
105576036
547719096
33696278
433974013
350421741
428592262
176246368
540698194
479949225
350661366
383686155
294312135
809162212
137847057
405851385
89262843
241618676
230462053
659621243
172858570
464187437
872020153
425173808
111338341
565152602
486363325
243435081
27035103
604284780
366212752
439200251
470089643
62299735
808168370
528206057
565469299
102627759
614203710
376849090
95216557
627469533
113959377
381281449
176429763
722322571
180978880
227551774
850075673
281168197
316197398
232760438
324349891
899407100
606777367
118288702
637850739
785557378
387617313
26646388
385126670
325614657
14125171
311483299
154518450
844541662
145112951
14027659
455849285
73160962
646660315
242845964
218926684
185102487
396271824
36132499
388770900
169958708
523602405
630719037
175827794
109846921
470163307
516214086
90935830
189825292
188195617
172747500
338463557
485585347
544353771
132249329
238685757
674613425
414598355
183812879
919625
90221240
613951773
213782827
713339922
70627908
291235240
452780371
341848377
394000694
427752252
141882152
537077568
136108145
846529211
309969498
286258761
133827129
105699119
849654009
500125613
180804290
161047173
431862756
399789155
200434413
143137359
596429311
655513072
158850735
235304709
408622454
58699080
71873263
655078525
245731968
515163423
45539652
393706905
22390168
583904592
118431704
807865134
120416681
316774657
403713242
199147225
89552168
351781418
603960368
598479687
105509159
416696787
455705708
403430440
514797079
375861175
353837465
82332515
165129357
290608964
100172078
333644839
744960716
216508686
195270345
12018784
70725242
615077159
277137963
302019007
710235643
576364774
584128952
186086016
329219727
143485602
293705587
483184160
984012
418613625
694518816
261907210
166515508
90920132
408504310
57412020
561161921
574310941
183118514
153159178
68400398
145517216
264652441
116354567
216518687
601699240
479258072
689063258
616624558
397488631
458740375
621721873
748235732
97010202
438612034
170847895
146239626
23081690
997889788
642284064
188258035
514308987
432469305
572314461
501796685
56665521
306021321
94876285
96315426
319373486
599569892
145452000
159673606
466174332
718556603
874189128
224482194
406138390
505847653
376032286
523864294
144782640
316500193
479612294
427322709
405427757
371303782
681766273
385422439
421653870
592784350
93230532
665093931
148982676
62939491
642816183
343024662
298008610
227297518
50784457
381151861
89789997
245405566
186297906
74657231
171364882
433221007
330612086
535356382
178451744
326442561
548375633
298013910
394385132
110884338
607100805
226577547
28867285
79792428
24213662
225022930
702722625
310759361
204809640
126915009
764597047
446957521
608905688
425714757
227447867
634879485
39307980
391980435
432638258
661465398
548658199
435657447
425332586
549175909
620476930
118343335
695444923
316039479
187903716
487515557
763461020
132185091
692700623
488652290
199426291
850949717
602252899
54968511
374206977
290236368
342697324
245166165
210195025
57807061
478141521
545272383
287557844
178862656
357748062
300760289
611532065
454916972
661246340
74632534
206659985
590898103
435059514
16243277
161350882
214124364
111398425
2773184
387466933
602201386
102543279
630315517
696238195
172901893
22466710
499277065
360241608
584825158
723517010
551835347
416281939
243632730
528958865
41276212
64662787
228916996
567770399
847193279
460808161
672783016
263430751
4769156
686039217
336622079
439945101
109633991
693497039
778441268
570956807
744269560
127791471
143149598
303780909
315055118
710168822
438650890
150900050
127811947
529973468
337498409
579214341
85875836
94436456
214300437
574527117
551889232
366279889
415175967
209500933
328374198
366419682
4107925
52715175
267294348
435552843
529329761
543354153
250815972
327948254
189113184
346197093
393529194
107969097
399846274
470435957
666750569
182374271
468507280
493252766
96391766
368277016
73582914
712177630
153925298
461273190
181700595
6318883
235771103
260131871
731694441
167139762
736947171
84941187
84869470
565737071
194263420
87857393
710803710
436694197
511545598
91252274
482417564
268735339
555713740
506769711
186032171
1001845380
444867507
739666329
420045149
662373549
426771709
632174098
440383851
490846095
106459034
702186879
345583701
466617848
9653142
653138533
23382333
304694693
168792245
45671148
202894098
525883606
377950298
335579081
396491218
565253705
911760719
678590951
82868434
520922768
66989278
425614423
648688139
166252071
183913450
381127597
537429722
523127209
149684852
408747051
510141710
60962127
546618923
122958437
523093075
679585725
628672968
714055744
596273932
408619388
426093360
125009681
242010987
347220511
514227231
176531669
38800102
219677722
369065736
171275504
139702800
99232065
545126372
380275347
474765511
620668898
114811776
50956967
206938322
703286473
113825401
95753658
111335964
422427254
62804669
70539318
549939743
722145997
242648251
660283383
648051699
123327078
247957681
746796809
699434510
350762346
561679553
592670684
368108509
583354103
93944524
84905563
188398852
380079617
199616552
436673354
144599453
230978828
30061780
582457773
584283435
160827251
730714253
558302694
497125666
768629107
538103883
68131019
483362765
34345223
380652138
405945526
869090403
760044908
795291290
400493347
340382882
88304146
195998442
359680531
354079863
232246521
40854107
645614123
665597390
698526909
316195674
432268152
689648832
214976277
394401995
495585593
182420166
642185267
124442253
75158836
223705288
246240720
756470091
507249395
488925433
612079873
253936446
567254320
310519429
87616368
522780959
939324215
262511997
22085840
361810464
218119473
492865842
887541542
813271314
3395279
137018161
365203033
620730225
273528679
750948487
364993583
596919166
400723091
862372426
387217210
570720209
357934185
169832988
581585380
58128898
159260801
141316547
38412210
421485700
95304977
334524880
325191551
344533129
823011550
6423389
543009050
172863069
436017200
140934877
283433240
876571234
136712061
613047602
58633389
628122538
114029504
416895513
571861153
455209679
243036744
612097901
182195714
629788911
483980469
601415212
101896529
647109296
554543465
850374263
291055067
267053845
633634692
339356523
1917985
564981477
344307063
653993290
225450080
594987287
462370305
895680392
613037274
268517331
510805293
424081234
181347055
5639797
570677856
509050357
220585690
89546187
253803745
289369299
695100119
882015946
692603236
363187576
437629603
263920132
347333447
31479919
376710261
268405799
544270489
491556266
274082874
653150312
612440133
157950845
6259487
316500284
776400592
562960141
70722516
339740699
231366742
326507698
299030651
61411001
549179705
734542377
475338133
290191410
644074526
595293189
233641256
81668846
189525455
426691588
257361540
648767171
74541010
704995173
249186264
39416601
225750989
107183413
817651370
190717447
871014969
232923851
543119258
144469636
531359506
233109453
487952043
423822616
477128414
142710021
660741923
526372304
820519281
794145049
542817280
574832630
1754207
34700308
511286796
632227355
256686930
450773097
209768451
186863635
734389859
148942630
122762459
522755940
205045204
572109723
338970198
565153868
132224519
196911262
333487518
441958375
744782439
372930773
275207988
373012310
222224834
557577829
46031301
656263710
545987295
679215559
546291436
364524122
276563562
370335756
712523371
822758554
338241409
494766096
728078004
584576658
993663131
38915257
119695
320802176
222062156
410819299
92238448
400177046
545299720
407874804
596254150
468016130
681799752
670565715
409779497
36233339
653278884
315138428
660161363
560765045
575940960
536008995
484025486
93028187
210020222
74367312
91633616
114002562
632506291
442259335
581919219
357373519
803662795
654656846
879289092
309014819
59950473
848612297
873292782
484632854
580541847
350092371
172119308
196053615
616796001
519994588
491416844
551088067
652226582
97530199
248866351
211075202
484699685
459852229
739738726
491984286
29236808
73201770
73449706
549065383
380840275
450823580
404041632
155204302
600738375
127709498
548092762
281684431
13635960
212685265
541529445
408296638
430921366
272177938
882472085
278223158
26212486
136081203
390650431
95885616
158867820
497108972
505846908
155278956
595822856
293085619
858824985
55722009
409501760
89497645
445743540
72183357
180935514
286480766
764116624
583064188
176399610
494520841
660565647
114422711
97869657
128062057
429505096
334040755
176583143
283717932
76030852
492774828
627126242
380965038
91894997
462955868
805527191
108377069
582972295
745542946
733708471
125533689
327710542
243212219
290275068
352033260
299164208
269048446
209902470
227355902
42062692
31593442
663210168
73948728
789188668
161326033
363306308
728023773
384327801
562130163
681154726
162275590
88504609
87703849
416133554
383325666
210478711
7970044
559893767
6048017
647334876
49846074
485758271
437094545
695687810
259460157
178648418
210753215
320584227
628668740
695120060
227487876
383909439
832378089
2478661
443150396
636028590
346556312
552720111
606981098
143055781
273632808
594236438
195788140
278520868
74125167
22109808
466904004
157442020
237410206
192855321
647083746
683490321
143331368
494822085
637093191
786314503
471812638
286474710
134759430
102813400
337951838
41025951
302252476
311618929
348078313
311916353
393330740
572695874
395507720
189808400
466435015
491732654
469276207
361685159
449997782
498562179
346402677
622593333
22389577
36328704
282561425
3584593
558102284
341468061
54025170
292581741
456355602
86615047
60106898
427748132
506399710
427163271
100540580
416004463
326434660
587452235
280312152
245159111
96858475
878649157
565979731
122703285
346783400
872933904
89611601
294451570
734811570
486759852
544727889
627161058
777065448
776315166
248008659
17625445
102125833
452369569
530144486
473458138
11482868
627446527
634193621
220726436
715296863
796133508
318920099
328916389
392479752
145396348
600187979
556923973
650185597
250607056
52879207
240642181
300821929
352634693
348991419
825274104
591071062
88109414
214669902
845044901
71091549
124364827
306553466
97844580
332082169
551888989
239527187
422224689
518803767
487963183
572836780
515063110
396519443
675785377
36561675
565881573
215000745
618500270
68489836
731027720
162030618
301867434
515148377
106197388
479591575
196758615
318182313
640258905
20385131
175438967
463716427
388996245
645098084
628802576
630521649
879486442
809259568
60191995
389633199
87267343
423399807
637737386
117070063
472174302
526740018
292529655
391749693
177768593
45348481
359251792
94410686
438951959
627044598
236186303
316042187
175418613
570863312
305101487
787601099
913005927
396974792
189613146
280330790
224099638
467152815
247673577
208369916
673981045
499270939
495843099
336811402
24557778
108774696
100870744
106952565
733995761
937301396
166847611
477245770
448050930
163210581
246085391
773763049
338166753
428077409
223791025
373840984
408622881
843311247
210724535
337540867
884196436
74018154
347017399
673674659
102189883
599320597
272443976
380670900
564934226
414830630
506483859
532695201
60906396
53922997
579888846
58284438
489929992
281813513
732687540
187361518
153278828
128656952
671815171
383603668
659566987
325695426
695200484
23656523
708990089
477664356
204849721
48002098
572503366
729873546
100851130
542641043
703282424
159885959
581193382
204217018
633731462
586658218
667000682
395843497
325306623
117926055
425350638
372404254
163988263
514549238
533012201
413061301
70770929
599283660
226178815
70697106
151494233
510368662
208483725
695831178
357243931
674726637
546288534
100480787
342951337
827821102
32970747
660307756
427036388
544454260
807511296
409941754
215474314
743912012
562908956
428482539
135646997
133327048
404969448
228355195
431439458
637168399
710855061
309122967
357029840
345465908
610674619
218644147
666971099
427546668
718733110
336219517
364059956
398762675
415826528
89338842
458397748
296082111
43424388
378345597
899327507
276004614
129383882
93996015
183553249
204854435
244214691
307443645
527148456
230207371
44664247
188603040
706681264
258343707
364288502
148165964
36491772
51305606
481582332
71126387
142354507
281095414
497283780
128411019
163468715
343832453
426393916
226925007
711836523
100016039
483979526
20180274
92717766
856065797
591206478
261344247
529259531
738631
404578830
743014090
505677748
148568949
84412612
10093430
85673381
144369775
78508158
338712259
700294657
84493164
538241463
638593075
560525473
685998958
10540207
104149650
361835303
165177192
185166458
407409463
115161674
455979316
2969533
456945074
140192438
7349982
370136419
551950574
645497834
302246402
325550937
609165131
804085481
336984531
646231929
553351482
729543992
516215505
150387547
435810517
179631442
735604346
333437774
242653506
459306756
534030692
818606812
628083042
65468875
146498905
658008644
37907162
594888604
307825540
68695425
133500757
81143602
451885670
276551598
772122908
517856734
343798688
50641469
93881730
627562057
681162936
737968663
576505519
176291448
425045244
79148467
208174023
208774004
666308110
106495796
153864255
80858173
60596205
708702570
723120908
765251703
265996316
572141333
622103044
729013010
13090066
187337249
10392602
368532601
818004349
438494639
639544022
289593534
453113502
717280625
244985381
280429197
443559505
198990372
526961170
516209205
682913742
489876532
328630912
482450786
698752788
62663980
326245633
129747497
649233454
390825525
428652882
29271961
668196317
408217873
27735247
552530150
359413641
441553779
167980062
649535257
824860244
103217561
498459306
417424313
340082464
203749960
464415326
315387803
407955319
653332462
88014331
332453458
684614595
813526857
639174927
229895558
31250754
531449361
153185769
764578366
205213794
458653436
144018276
67595470
541939790
599247627
332662107
633254452
778562608
451787207
252461876
148955943
133286751
330636948
480209299
39779741
432480330
636559112
89999018
229443544
256028857
680592581
45395998
1051469
445853220
263452267
68671603
672906429
438123983
5092206
371314386
688178238
584727685
61284589
659664288
690022959
385174655
152560370
625955955
332865964
168853298
767037124
184858358
287007725
620369054
462869805
743336561
571066509
347664027
18531069
640280895
676419335
239521755
279090923
338558676
539944432
221345462
346892965
124076921
37477487
340927334
321079448
329749017
376312293
416070184
24138926
56358105
467696011
351342377
276240810
669478848
168784364
67923903
372576818
530030287
448931512
79640343
668126344
770387655
170574485
703042773
475091818
412536115
273426951
211893203
149459071
322873437
254823548
308789424
521013782
249291689
100623658
218046855
210356770
718874160
608454546
568898620
471157355
353941074
410268105
538907314
489411582
511914492
747813552
172970146
449583268
578961593
82220288
215516074
249939538
86632567
511470745
647468549
211180699
65807721
214545404
258169988
281204462
756575653
869139740
237764627
153979324
309334977
631386208
461258933
865706437
279007748
734585997
681127791
560265603
550634215
817714366
172566340
628536386
454795768
761522150
29055204
705550792
67520199
310862496
53848936
119051698
464698433
776012263
300464250
764479988
438944255
450811756
558605907
129076472
10824172
299168599
482942908
261134450
451679790
125785876
548252069
34355140
544267046
82609736
154283917
232584299
20255345
76865664
449331668
466115670
444263090
139535818
161469016
261165403
315082974
306194311
57010300
228401956
849984846
174355268
558331508
309632327
57821916
564881442
107301251
603702567
522531549
252642846
9956842
119677272
641343378
283617965
160651599
505626922
513471669
84351461
522468121
566747876
460501482
474284333
456694861
433387221
428395572
366750939
27111767
504662933
288995669
689978849
268295584
276357713
202712138
242653353
405647977
505403717
146768941
621177210
436368695
267924986
451451209
343318328
910857025
405198199
645856912
162479127
584098678
897680623
450872333
463605568
561507889
375698542
68994496
399362868
267660862
432212638
87237928
277283836
636128307
590934203
99165742
563908828
333841441
56434427
215029469
436115189
791206808
4844580
75690994
65371574
746055944
854236492
169874226
553713650
152266446
290748383
768238656
172663034
433457073
630807109
206288461
429693751
194915649
807002814
417274299
239004687
599226737
367396832
405366077
187257690
177386471
34150790
634504366
136264605
234224481
187281041
230597448
170711110
64398205
693209773
941809382
609640452
718978329
601567412
181544943
615089953
411062230
53934641
381732999
34321626
155403854
504092777
269830637
273132957
303263551
537124608
595531900
218797449
590784127
161070732
677197738
561162842
637592799
419836933
290820120
74482285
215592872
29192305
366673200
205137568
442915575
738046876
806604756
233621108
577381944
542946219
413867683
94946484
840019170
494605850
625826465
113794662
474325178
43677805
317701659
357198963
314845362
186230544
439907749
226843176
104838090
547687487
265586145
450745043
730075572
582631087
121490234
517521338
175796284
132222092
174603022
71687940
218200256
125321491
402992391
59744460
348538548
88644421
130615307
429574027
250155447
76438489
735604914
364127963
362656505
378039153
233357088
667406548
528246915
756486255
884277789
849169110
239856357
206744408
164288302
497063515
185495548
80605491
173938890
778916173
62681931
453464540
113738958
294860498
613087877
270782223
685843918
723972533
569472303
27920590
317928332
485827663
675202014
594335350
838616205
376753141
821601411
561492940
610501689
522868359
440994436
400819209
26283010
615948184
84431741
499619132
851191328
166182614
21143121
484832667
512020478
745064342
165062599
659722215
349955158
374519494
215067910
308126769
98921966
775724210
523939298
574062361
176628119
534150291
470812111
304078071
132852969
314361929
772672285
710984687
572193136
616011285
294707537
417835739
130155812
5739409
352047140
585421057
703216823
271398693
83799885
259767336
567169750
408478659
653220371
246899198
247339662
264394118
156969553
433352940
266575741
497877158
524329470
442404328
688333417
404658322
481567233
352064159
762475223
59151361
581826236
92482369
469465273
115253044
305402129
52825876
20725164
647280133
193272182
230533399
285666157
479593033
89327188
40575364
569248517
74784199
18758846
738049205
203712105
437554809
563693160
774129922
8443410
237491735
483749717
1853061
2445087
675034865
20855402
268275026
506603120
380347288
338346325
193425120
596811840
167299427
764799497
344932589
270653540
445695597
486947650
646614273
690524074
90765521
191917118
220509175
70923085
75272179
470772750
244081718
684819148
494673784
508346858
270912838
830775902
175344601
561690452
253073341
660966906
11573062
554816566
547102903
57261967
505151441
133520021
628960883
176926005
3717379
15734532
503954630
517397953
544759712
285587700
468394799
99241270
420674717
639532780
879724298
443921293
95975421
540630628
1181717
415737176
349618304
315538410
457044651
273940242
610511110
31806152
447612381
328738904
436962038
727308872
534471672
124877885
567096719
671555604
678592458
316686130
289569836
642480337
389979145
223984536
213067884
627650794
626128598
483705013
303597260
727512815
623269068
687726823
495237053
566471783
500041016
490657176
225149957
563422161
465943113
770664820
717936065
7305932
514249854
7135877
315599857
25594790
142336519
236449694
623191595
153852560
203885204
422448525
427198694
504662635
225842988
109631293
122897010
224712175
261802299
605593284
117369085
845372709
314472234
122536470
316782013
311035889
430824547
371809811
715728631
867431073
331301268
94232465
389008223
41189453
212376035
417010489
403325986
464562414
577999760
342774430
254582672
450996244
460715772
423539142
71972190
188203575
24402891
469203862
279513578
221013189
629554735
18724508
335092712
718172308
194143003
19927130
622220485
173611995
466737656
474656024
326442854
210960424
321087141
590822340
17176192
401616817
66172782
123378070
116970569
837589501
697472580
147663009
630533692
523949005
512246578
298500704
213364769
234089870
310014495
648649640
107581031
316967837
493921074
105414350
762406098
356239983
82386790
545012378
461004996
257241650
537317393
157024147
78216147
592746316
390317094
558436630
520439316
804174634
69278158
260848100
650244307
495360856
920388193
724957524
142287092
371686413
550821213
294894462
915856968
496758452
168910034
276200044
190582115
245661133
632975489
378825559
15103547
83482559
408164410
693702704
267403287
545121521
525733279
329213319
468138096
520599122
63525975
463802259
548574949
203981224
318130697
213283495
674606969
424871718
576431195
480369980
192007621
99913832
291553235
262799211
554965616
82526146
122265119
548086602
425091414
671523720
659249786
175530014
380073001
82538313
45479294
591082350
526124149
606392507
625260616
809010806
416613480
125681441
433161646
337088250
516970140
144919935
523634826
3724867
146995005
424415420
409766007
339648114
331231773
436578144
165895826
462050808
480361002
154067344
288093358
399862185
141023109
223216294
428965795
112279173
94683551
360312796
129686012
437121292
629290613
5733958
361383532
227892091
570692966
93906363
528948552
219001876
491715845
297220815
183441068
503670733
238068439
299547274
585398156
943077947
186078941
359236511
93486509
177071907
664522373
54295288
480239768
153506517
459567194
124839795
702919846
490607070
711665219
419968130
69829792
617279899
165348661
411936019
95132093
238105604
525963817
141714415
55928563
67981049
362032584
412109667
343195537
280924994
726933520
662382300
267515691
13702943
671588497
512484568
284425953
54255632
344479001
451340562
355062845
395897802
88756658
391010011
783293524
299970774
622969478
217178827
140616658
871581701
91344437
807566366
83701612
50997042
3393521
162571233
5950598
175892642
14985970
50807772
81538107
70781382
73450244
258893493
190438056
361577178
838147670
295832222
127306432
743236352
448013929
612297900
171678944
20873883
498916270
583615049
823731000
118900634
492953374
270335387
420327924
291111709
75599521
99871511
733622006
349639020
179384521
324592831
499975959
656663088
601245788
595087260
678404074
67856964
376256009
447193667
270125326
555996484
51502863
12947957
754686881
225725363
551149650
189633520
212214549
5802879
96005507
483291302
213344642
374856754
44199342
805266032
882401340
195758069
613841639
802999230
616273965
416721296
214609062
412628774
491783543
18164609
629007985
100781108
25626900
188723451
294939302
100490813
547956317
137549454
160061917
110375313
594007699
247438500
164197338
47358818
292290113
240917256
315662488
785306468
726175197
533435402
602692114
55068636
282223418
780627501
446231345
476020625
60902727
336623632
451448029
377971885
292971410
396140516
664668281
725879516
321922129
416183737
88573016
703461253
399182530
624026342
499745703
54776849
591682383
537820639
21088703
432795393
494278005
33321163
441539872
316340506
435878309
579113062
242389606
661573227
31103515
195887645
751317668
624890195
593478908
290795864
66402581
335429144
176804790
101045958
313362327
292466894
699444007
615099553
720812540
673956499
728578023
928962150
253092250
417192638
342987194
106795408
551856000
44743279
466369149
4767817
501163293
399824414
341897174
343261874
214307999
298483393
579899359
34567311
4660687
482871007
611686557
541063965
483642774
29444035
542921469
274306051
700084301
487212292
447660327
83838140
393104762
774734355
501721122
612177990
498421630
354383504
847394234
423816682
143624048
327818139
134885976
17172407
387441410
154630850
55618331
85951377
86871025
8881981
607611954
441615319
416800532
616660813
569468955
171592607
569336150
150900209
644661641
540709454
319974059
224251493
207195685
777023102
405431636
9435687
48160457
258538613
319902876
33198609
188540128
305096556
755986942
453122272
581369324
526012525
366605788
400123586
584230205
303781936
260093599
430389460
337123973
678370485
351082041
124127113
640305051
143923480
46025147
77071997
372501337
610283434
411579498
779836462
298212821
385066461
456587259
420390740
98631540
417374959
193424151
418044990
53280987
269058017
914863617
443975330
109529125
92647568
21847646
822870396
98294317
493622639
23665744
132664573
200134236
239177414
234572652
333709499
412004603
275053254
397144389
258834817
9052046
13826895
215300142
179876697
330455483
270638612
388800312
576873031
157770606
160690992
219533527
449752751
194914202
244338985
554039877
574183411
254108268
630682761
241782308
563824690
605679755
302216865
514076612
475536592
354384799
382849162
201196376
56392698
147847566
525985219
449554847
17396999
708761627
130665456
170451772
470727917
155662773
457172717
463385328
209862363
518198371
455798245
536339686
162988080
128996391
231023610
381620286
678985365
308864790
520241708
348819087
83501821
233383791
353651982
378562414
139514442
342577535
115364011
189871761
322720167
420579745
579541538
143888754
639575442
320513435
14137771
118911486
717752716
734179844
480760283
462121107
465116765
669622255
574351713
203496783
504250514
390367186
275643943
496727305
502217549
233125649
581957719
396908424
876148673
699707645
310723425
289400408
406025290
476904537
363359927
176476479
305876010
394611771
242576717
681998879
66761394
232704610
427617388
306150205
547473680
421191312
744204619
140729142
597961582
350080967
520315572
321873293
455796080
495282492
175927106
653573590
242133103
410048755
616347704
239791553
179242203
212422693
182257259
2038854
648682338
539394400
584168276
154511437
342738934
353427503
97466371
21103956
57197340
385127843
293619817
650476645
176818651
611039619
419249770
502245443
468566537
305884314
224624849
110694119
254239019
371382350
652040234
729418621
686423171
21494650
271224726
119031717
488577362
422051437
473229945
8975367
86779701
365322530
261962956
60295397
424598699
312183522
570253738
258464794
12581464
200488874
112320292
409376633
405107500
445323782
544584884
21132891
182102134
360888324
328363196
808346620
605829257
408862134
384939382
241693689
229110971
15022986
630720738
351278320
606205240
732968069
249071267
298562960
390118336
125910634
620412914
101069397
226682585
450291164
570737630
561941002
646751256
291769571
61604354
540816279
511487640
463824220
63236622
71173504
643204301
111595787
155286229
651193531
460696489
252211263
215197897
2368814
348244922
16147188
155900721
596533583
467634730
405089492
36704634
399994097
282450565
775828051
567656832
300003294
360725363
163953092
143653736
552169899
42819328
438047383
161012031
444934144
616902199
181165140
49236626
40348198
118828815
441837124
627298521
8626599
610752892
463213746
470798064
271742942
1001938742
15365187
265447608
13929371
728569129
537613354
455889452
496788661
523136798
417773227
83517415
578960646
487103766
699642260
106652364
804666024
644025953
207188675
114801290
7723338
98904052
155015752
697156900
674472574
95544544
117037617
164978747
679263278
153459956
36590019
453662559
240099026
200522980
228990890
294165460
22871494
500853806
659005745
4161534
238931102
360403111
34699839
453069651
481202980
353972832
233161839
586018174
607815247
834062614
116402243
500433486
643143299
1007972799
412091243
46596621
517139325
454955162
529173198
195066476
631184756
381037089
364416922
369990368
453244627
185553560
454078525
991510526
508454133
659131457
291430063
143683725
176865390
189727354
861911385
282780033
201954541
473358163
159627540
93849507
51766077
97230382
380673951
413610214
85911854
241015665
431877102
23822785
316059446
151268283
517536077
601670225
662992392
227191296
120525903
16755701
341694858
178530406
329306074
489066993
110878670
786570199
125759110
318190400
48786038
15201867
331691674
505813671
267479745
201648807
428054414
627985254
33763267
225602196
170746981
511687908
230903067
344013861
345577286
682038427
475769539
143458346
231470217
268950205
633154448
295922461
273533689
51046618
598841051
29182674
536354807
340723680
698843354
632984359
437688058
119234999
231959859
351584573
437384344
53716091
616799469
199916302
76701035
413073335
540146590
116312753
350521630
84185641
61282719
506270856
208913839
245308239
400222888
683275989
355362502
678265965
919284485
317631705
127496556
754137609
742332976
819220901
204228187
740427717
94314374
575174103
4561860
266184299
363371377
586066560
470145076
290457188
655795192
233787726
487273625
738709617
304402719
848155752
628285245
99895233
466685687
111924928
495019911
343173890
342674260
128315892
426169720
334765976
602336974
529559136
535560976
484581856
18338587
728296626
177502248
142080859
426977752
192389152
235369072
757609427
692929828
499079957
464022150
646531067
270922671
630796037
600647138
837927763
757947061
405972876
337978243
62797343
364253429
255428679
106703878
37119482
312676352
668114613
345165952
41528249
561936465
52326423
257245176
22014141
620898576
376723895
345579954
79097994
575305102
577178380
70795102
50162665
650947834
273699826
450684864
151287512
538753107
542588215
416557900
86929945
26062685
525360294
408640747
304624462
537838555
351763890
605711998
703340339
754033822
383451549
270733211
329520223
820969281
666860104
234416764
464649055
64147179
433799676
315087180
592465251
406697721
197301075
297692360
145536173
365094789
150132407
367878267
384772338
173236993
547554626
291986597
574472286
552041792
134484732
37960229
22812118
215617691
75184503
396177467
136783271
392075065
573252204
531004142
604186095
151383620
59536724
632468229
435566129
428088406
132701419
857860551
443167414
236655002
465744966
157228079
276522246
368741186
142244436
181586603
1022035335
729489554
159833366
234709731
443127923
90758923
219871268
531023539
435862421
837133855
63234708
314589515
603506396
642843813
516511527
468019614
888900144
686017101
685952717
170693766
303347807
322756426
61799211
373820171
624716409
699763325
621280841
1345486
293724335
448052125
366509237
342960809
562047547
476611068
557177569
356554787
364088081
464365714
405543428
703303895
184898232
82444231
434784352
167595035
236811280
649349367
515482989
686656137
612674783
682335540
232218461
402419185
35195918
795287690
325799234
144411922
52806890
466297724
644328812
156213359
165790366
462997852
507056275
371519687
124316269
381460814
361862693
137477502
607559730
441877646
55576821
260250481
450259609
96533068
513000959
236061634
337517528
37697281
267719900
624589874
322350379
240199419
581873123
267170414
11459943
67843590
2356435
253089094
661791029
391324772
388942183
244126113
309725603
4507877
557201175
631330191
789701937
440667072
246151244
196827332
462272936
343886620
310348117
807576666
146517029
751434868
518931595
54574992
837818115
66974899
144355327
574717827
371298869
320082270
694655452
706696032
438877173
533683058
615616463
168591781
52070093
397320748
616263301
466683515
270253028
2377317
761443449
871191299
621355194
261826997
326055883
413035562
288482755
174357525
626046887
221237924
839792962
646015059
500645247
591886491
204731392
711457170
22468903
273266628
303249617
101988945
457688413
506969625
143029637
819111714
50057861
240203339
85837408
22493928
763755340
532463498
345410384
702704314
752747996
390726894
405604924
91482270
609556267
534596541
436175601
112403245
324373841
110244075
127659647
266794012
202521749
58211321
276484195
456007680
473268805
333818045
41435508
5853887
454397713
349605930
19881724
349524913
394660756
199537055
63569910
439265532
529733371
947819456
929440361
205743963
571458958
359910706
83026252
754023734
634128937
189787327
681596878
410960635
404825484
42302775
101067977
668687706
620475133
516194027
481825385
318010493
550768632
168787259
566039278
664586137
318817643
435594856
601136569
157369927
13602800
485128251
141407101
80189447
571034875
246131672
364487132
243039899
749284036
389797121
746208533
16073000
403517754
507271021
745083331
680121481
44795038
432265231
523141742
660522102
567537061
347939866
562937424
275324770
56525373
356766180
1018382
231249560
199185444
855090986
377732807
486814487
651739766
158360086
455619742
63845762
383739611
458772750
546448606
488406343
245145889
137845886
302187219
388133364
480138920
826009558
317520567
743624731
487050171
150323825
433493644
836770960
418656701
130669692
72282905
666711082
34827586
641211217
550431343
644911354
67105699
229350679
330808725
534253794
85043588
592519408
106266942
188491937
559983163
291427993
71819640
428015793
676363572
334089419
329256754
292345018
12516468
354474325
154245512
188552000
595753512
708492164
76074957
746173257
573125674
731695840
665549860
699810330
297910802
32805839
64809277
369280542
39304004
733745982
78488587
531476710
286561564
452073216
280158101
179049617
186102307
276220598
389871140
728559226
427606956
343600060
447963757
691836368
275754914
40967899
407541977
81614658
330200676
503384158
447776235
362995018
143622287
829681025
37461096
632825116
6285068
235084551
660142708
606654866
145654147
486128127
10925508
444374065
654382213
341185501
50596336
358647103
402719708
698067291
659001366
57123058
426308409
36021628
434300332
659299142
621748954
250603563
592454943
371854293
647018519
613678564
245146648
406456419
165486622
644973781
204739212
507014693
546099248
152262536
427770068
467667540
83277107
5726634
498379360
97546567
191097587
598993098
69771938
286157580
61943352
338147761
583217197
55949809
652616773
490704707
797769002
436118757
214843067
275783542
550411459
422733032
142753949
192605512
431857158
164522489
187231343
842487201
79447579
614188055
574445594
576649989
276255716
621127029
531002222
116680665
236530767
157043903
398113599
392011140
212298991
426457395
178490059
283862375
485794647
179807701
368724266
205208093
661787843
511580090
224101810
147667047
254515821
462822707
576016310
441780380
357830437
378654362
512294443
50638838
484674574
379618709
587607161
569531864
660589192
136560579
71345743
692427880
430558387
184643806
622022949
746183269
461434540
455108721
411422785
41096443
60059756
718868269
249530314
454170398
557394695
60043615
163902866
56050175
262693073
655752740
47060033
492973979
49045951
321469909
233225083
88649301
274645141
293074066
378306125
48004134
577534266
673630871
229384512
48901629
743228022
346994378
340919410
146769889
813240026
442117637
672376490
750603667
16098427
332734576
217079674
466811254
89631332
279222995
467045955
278761572
101820907
492331885
871884399
205322982
320435441
683605459
237493290
624089214
582084162
490559349
108299
422386890
246934413
721180484
386419555
602131439
62108918
114397743
420131946
387290351
425153708
644882566
639309200
211308015
381370030
43876910
150563113
238197880
516062517
580180204
729050905
445187545
123141597
575994916
536451275
56515844
186846222
573357839
218147774
981727481
445648086
104557925
514371124
614859836
150996689
438067733
86770254
147857252
568802599
81578121
875651763
63685890
485995172
158109919
168836854
438002989
558354089
57860882
548236002
175203188
610447278
653788640
888794403
107705850
45104262
497082334
358950498
774508204
561317232
5308794
42524414
749878026
666560910
263871968
392613594
395310868
276440311
616782328
576242144
589221199
7995539
57375173
313906013
327925448
213500505
61275354
365970877
531076814
44992140
771625857
659452323
283057578
3248546
385348514
654170929
236241901
719104751
80867073
531501147
547250817
357014732
776491302
795797988
606644311
462340763
456573482
316804709
878400776
172007043
16942377
204371342
621774779
355939227
178639283
311028159
435435970
230624258
551746597
365330871
503696241
339424227
529839268
27161077
832085467
448301380
303250917
585549442
40188351
114439994
603130532
95732532
802630439
493968007
123792548
326081467
218083033
379287117
362697434
468665692
280668152
5424873
480121765
799458211
388600517
36978676
352807285
260127143
646939986
781358656
40549066
242538537
496118825
281361489
572310428
19432250
20194414
415710185
21096660
206213046
510794181
607362005
302050633
739212444
631809330
30925886
538398762
488701464
610869653
582939022
248237902
213319226
547877064
310173121
805873120
138707012
493670342
5854693
586196768
792608634
308787971
60230089
527166837
622388350
508453525
319263058
401668146
761672477
668532728
369679238
154527763
279201138
961257426
248954557
255712490
444497532
523500185
138259602
96367167
148692424
92899258
708069016
210327638
249419460
452663075
666539720
24811491
389020659
46556237
204119186
462636301
475998908
148129068
76660999
10546790
170695789
123560786
7656146
434237094
151639905
776413451
194246736
381933700
161871785
269869774
605871983
314971597
696111162
237328823
261609678
180854693
115747293
334507246
592775174
16639262
217688238
124455674
396984470
189125781
538613400
530120072
393744819
273414992
178196227
96923371
582879596
183816627
211006258
579548656
528379108
349327782
399430112
562077162
184137176
513062160
398140661
495878943
586303789
367471705
66996905
772643362
172846271
283114075
548437314
281179799
147856733
597948462
744770233
389466377
501418503
482210965
442658650
760084077
555340922
521490855
342882369
644224133
260206679
567468890
581488259
495932109
477120254
76590323
566661467
695050263
264495214
519864340
38577735
368878285
387523911
41902587
324306672
327321062
311865342
554232918
189200159
662824971
326830018
120636514
278994938
395970592
21953393
251335313
407038582
615113413
51477641
61329960
658299185
759667102
106098589
184296468
745690386
908837205
126035118
331574444
514025284
518747649
120399996
559243363
19272877
445910730
800890707
760536374
395321047
478140760
557568210
485227828
497611079
201131320
141212279
136827015
502823793
25610421
298926851
454687553
8952820
310288717
33415490
811817346
598684861
64670310
455109629
108320728
301506602
452708369
418813685
61073180
577299568
534897717
777383018
267068761
501042025
400191260
126970549
425055023
50720655
354960909
679242813
509452241
127400764
250824510
639925207
32702487
504942631
139047502
676865990
645936359
585087526
605550330
110184934
397541245
421835368
622922495
861531487
581633797
556831156
182566961
370049856
37691580
588796453
422540021
73777625
574600636
230949096
430464718
442365766
604489926
510684309
265722255
591561403
513844696
297163660
499102503
434905555
689331489
423445773
68171502
402841551
629343824
978619791
384628959
590151496
617740245
466088657
260505027
462811916
402914153
66624264
433801461
824083022
151824558
59019222
276956156
168352460
853619890
194759371
628647167
195113485
277300000
504277321
337989546
325579634
540194728
84737190
187891339
502571218
281669896
693350890
281901850
765930284
365992503
726762410
70111566
816923517
522452880
406709489
201298263
58734110
662385586
70693449
510647102
466722120
666590752
199438130
689879487
283699947
249648300
357077649
428410056
111531162
39063980
340082275
295293655
705259788
324912825
736130868
683627038
239664788
485583695
51633484
592789542
123241777
706216861
150001961
393182314
444791301
175804486
93030417
103021719
302901811
720235185
323784335
212058914
11356093
224908079
514476438
572948275
542704501
138678298
88736411
408692422
151223803
515247916
207081541
285933516
635092954
392540299
959108004
258836030
376062943
725391321
133792435
462333276
282728705
565036443
75167048
584663150
210607211
139728701
427166095
415180418
492174402
679854262
697292272
756229809
417299472
387348332
509896211
609610672
729552321
55484883
57552960
587362323
141756779
377012438
406292338
421983820
99615942
58136764
477104259
570717815
468821064
715893360
444063212
183431009
573167334
654936013
36660820
195715620
479375384
192542735
805215794
806998248
46361920
418145306
247370966
683498835
231322215
632182741
24025515
403567793
619955744
593427691
106064241
43274702
39763494
2849721
367111198
48886766
397704238
243144957
558880670
472022168
306472119
570925045
481561346
293408361
633295682
217679443
657717810
437654091
196737917
58080830
593305235
94777991
1977807
457557796
281090867
432840644
579660098
645733501
345606483
326008093
562415993
848498575
124218319
707508468
286481066
438423389
386612903
107433730
263650033
558478549
338834010
439487633
78027684
620406154
581772679
6843915
735229738
213086581
201264933
299451636
430381783
140768736
546508201
824286105
655975327
377050680
157542844
499527387
729266663
267811016
493527607
174323055
152448991
360517549
615456874
983605067
153943861
588163021
344257716
205777261
507566940
573294335
545601694
562508381
39818884
524915454
224534558
437156642
82011575
463360321
277429692
417699662
261249526
337140248
873757185
101344495
407662073
830932609
628355584
276813264
288155142
548303691
773522289
595692169
49234891
77126267
371942793
755197352
572752811
238651476
518092240
220275258
425890595
215092770
1254392
615659814
986157032
163343443
461113426
56251285
97406507
497788046
741200282
120487381
536577454
259491353
327719317
434269430
474008092
487570121
524226167
402601010
182661825
14624212
3854719
406963533
617256677
401061424
502407864
363639230
757993287
368231757
212294372
667072431
465537214
341617205
456380434
441948126
818149556
256055500
538813520
509933039
612096721
528485999
571723382
203137935
509373866
494606261
513941355
368393000
78228155
422880791
712349461
496578998
283572256
408695826
626284872
244348389
504195997
24319805
658153675
570748484
200292650
303897310
405934520
411501133
777668335
578152821
551948050
115160299
230224437
365993862
384292833
234584908
679471085
147223180
426311686
796149868
213054060
26325464
607857765
745717929
357584447
199754880
440118472
787690581
484140488
888400312
339587687
852453386
491916735
150585038
593942069
501319649
611173613
432905859
633553420
623323930
608033491
3851665
289306800
361194643
215084014
725027610
92532725
245585457
400176453
617252502
65152164
831589222
683750462
548785789
425708363
466886579
47817497
220169347
499406956
379497747
107824471
526343805
784426602
539690021
127500696
178740589
75915224
550944921
706498583
183676141
319339232
542828881
250400428
620933860
438975643
505654502
493577868
640071981
243818902
451276301
94065213
190010106
366886128
726963007
171594448
184066012
459766852
317680375
674151926
39690458
37826310
228635380
739992010
312677767
307153996
172137946
273026690
415363239
573100844
487279033
259352166
65826574
507349146
94095033
218602551
198820117
610900177
727635356
532590089
221993838
183447429
454662318
878684735
122458650
643532479
31442069
61191925
551874940
438986818
603883359
316189440
510782229
408020920
569800187
400656642
44975433
400238780
794777154
496466050
164784555
717495733
244577311
750330986
798175154
420863975
86879683
320474708
183347920
346454053
600544476
533598504
129302717
11916731
259529569
171481786
118429003
127145006
570594391
299707854
46644158
472744453
60311735
431611849
255512022
421812067
85516327
537736688
152942769
640582542
899325886
74853251
505728942
810604348
242651229
555069806
711814704
243783132
217892441
204440079
809334038
61006026
531815342
602353197
541427556
458250729
850851234
352254739
275615204
518068715
162940243
626943354
799057377
166278461
431768568
470593933
612709503
775285475
325942742
261942541
41584917
4430697
569276589
394710004
414238814
103485803
781652138
123631505
181913750
168438341
590920870
162494180
856114359
688701438
307053571
712666913
404833525
460171205
249747617
686188324
514425523
242960239
151592058
844955323
293502473
337040198
732780983
368968928
737312695
190161028
690118497
9904549
204253281
122166854
124780787
387947228
484152307
249650693
156135552
102967593
195086189
668203013
127317819
664424361
340136226
136307391
181905582
569751397
271824171
536427228
411295128
582688223
126846203
293941120
659618507
403085467
282525920
444623398
297777873
103732098
641166764
454627391
231157857
628314415
313327061
516106162
386222207
345614829
508168524
919276387
318127526
492506435
583539749
129052975
110278041
278983144
516555047
3333271
157456710
111602638
797322319
522575991
657749928
89232708
529086513
317143354
543934323
440974258
154078886
549495495
195618861
555713415
9533471
650896152
153620233
410115762
101243839
757263626
524455832
250506240
7679307
619860436
278671431
155588148
374221896
575684606
415522129
347890284
620358345
205872521
541920588
69945654
498845318
89980921
67214257
101074071
252790258
483942014
48785667
482300908
157798717
343826357
440047700
79780332
669408827
121554589
633363947
494994603
789309710
303753550
384565388
268236713
299672690
979115471
65468490
30478721
135207086
627289684
304180503
487698132
386193574
449102405
270682841
166989630
176143153
375553959
436099978
494695084
530123429
714065029
109453076
62750511
142107016
252757999
105147499
285893362
631833406
157160731
26375226
753729633
328401721
165509225
453335036
163130270
133597957
342577296
343746982
331669436
775992862
468041340
185415755
765341418
208268160
40949523
81117128
889515369
112840859
329711521
740135221
620146530
331373772
391752159
286917675
199800942
534559848
521732370
321984588
120779887
744677327
187277387
517893774
741461247
57982210
337420702
21924729
634420964
259362081
465016236
511368580
720528672
249345382
532504554
950808550
359348029
435729699
547653102
58278045
112205536
837153457
186576544
461109568
310021782
503161145
619819490
194102290
100248331
561723930
63790821
166638014
71596874
427482051
122230629
329960439
548898631
169136615
391146579
14476977
1329889
438281106
63332828
699953597
247967044
295008246
694703626
497735201
317722745
411926769
213882082
421296479
441333765
390766488
369712284
483856517
656260038
501630109
669943174
152278858
343259543
448140734
606558980
152080557
222707301
351404220
651735129
413201510
674198988
195073155
670091501
202773929
771862790
89530496
403139279
190788009
637945758
386476085
188130939
137902914
357296198
131835935
609556425
174735853
425431836
493017706
543078760
249981244
141436449
639758412
279667900
409789483
745414021
475741603
477397364
482628846
388344854
339659943
570676683
87671521
76886735
528845893
474441297
397682091
613474298
163229042
430956339
597328725
466221091
387936451
142428848
630358693
198993530
680393930
522807825
552831192
337023890
756244834
444683633
274039225
181300593
36735453
109559211
535832187
559463519
403016256
513425959
96517217
627284280
151247266
481843140
128517165
268917731
563110103
274810774
245285003
547523367
48924141
374355694
475392255
540823585
26767704
317416472
625493957
342445644
706429271
396246641
400598655
454326906
103420972
591868547
461845799
569771716
271654870
25996789
430815985
797833233
477698727
25731946
286597307
507088257
102234096
656831704
612622099
641999196
39883849
280770965
660369264
73818566
309032139
670981588
447107313
255554659
295241621
371434054
436023170
68234882
90048892
398085880
517073766
10918042
649574372
597660153
201615402
347477066
692411572
218115373
684385542
254441686
833454646
348029998
441415198
445416482
77459448
419581970
829102201
424074490
109319727
286237917
824617725
834682043
593744328
173499130
562647517
382181227
483685526
681617947
122701856
645743551
126277433
84915284
670067453
115162938
295130498
318900525
18868776
552596424
874070646
892660979
365220954
438916057
240792583
165630740
637606447
135306564
796151670
668335647
308321696
634074643
611086186
518956173
43173530
392195410
573964591
31293583
794914403
405608385
484694999
599240325
79936412
32912633
483756271
885402167
640700001
236228114
534355898
80156863
120340080
84866386
242105524
124090374
494884079
148534470
657313927
79044661
788415380
352866104
148580086
536632402
413380460
480978690
326875166
555185095
21396850
119861771
199644861
84978059
207661794
575332483
1644548
370692040
732750290
88758052
306338743
893013499
669660281
208058772
741025479
167190055
360120809
269421188
706999715
457565702
385235894
499772947
670021922
546665228
347575583
672606395
24990571
559303369
122290407
189745320
308761301
251646676
725643292
396809568
478314028
124695031
285600878
325266797
736349077
635064131
105378386
434049723
517314895
21219934
43739885
812860446
57088
341609728
10362404
98787768
232616665
247692960
194115539
167059375
264581788
304441795
151560523
172122130
138224280
14630340
296483706
45330020
698014861
305740459
60524901
384909277
611575491
355100753
516054045
703767904
42434766
312054017
310823013
527216468
569918493
41604825
559867975
154886960
217144828
654037012
404733422
669014447
159088904
63317578
69539803
317911867
483290063
67812462
195908191
290546854
520381783
406167850
799127049
363718622
9172688
640426162
803692208
499145426
546351347
739165400
366170282
221197845
122874391
719739283
518938101
373770606
162011844
246377834
150850086
87005831
763357554
562784734
734610047
340873664
231391000
381279722
539785490
544285197
119632597
848332174
880582649
806767668
447093686
246881625
428474063
82076499
718488604
618308549
213715389
333139454
150378657
121863355
324593566
505205766
145240788
532523781
768524232
117124974
84002604
443699403
601963786
739010092
197560479
95041240
149430854
481374937
322554761
288776000
298286759
570254059
592236452
618947530
628877252
82803346
390684853
452894583
191104269
440612132
742697925
129686027
397010433
353459912
239620721
105422810
813784505
50642364
14713267
702941957
309696770
387508813
303361744
594723762
743714904
158067514
179066320
261401717
351992806
444365319
786215663
346445050
116411131
131136936
256070077
287434989
436022972
128259090
126953642
222839109
240464304
173221237
38089418
368404073
613484100
605674947
185355208
26542911
152852783
476127498
322407289
600593649
236719519
407154721
490913499
47195591
212362234
494229870
8453250
78470581
427885653
454570646
94627735
15504182
173259884
375937668
411550203
525489480
216350533
215860439
352747839
718675519
500907491
575766135
299603670
692297332
671798671
29964854
410191028
708454313
465888720
169651597
4516253
271864660
20318237
502281779
665661832
485033575
176136770
786359646
256211916
362758738
640852390
140737885
35543539
88811988
488954574
292364734
423817803
603171374
542748447
352957213
475800649
255595892
270459285
60951728
244697962
322424271
249600841
354448994
402374259
473643475
50096194
648840998
127635239
63221952
535499504
163870484
622389041
426461080
326066386
135589619
342813472
475756013
62014003
239857735
316105495
539910395
622340240
757104581
65616911
110982565
410186625
105117674
700907130
142659248
729309213
666460371
650650350
30135992
474207547
354166156
412205930
583947491
375662426
411788070
529516185
100651699
506379268
296258590
834036083
530409438
537105450
283718299
632386041
421698008
373065715
807638050
364680333
124525886
101231946
533717818
607953472
767772342
616567522
413017003
294369687
22284644
479954077
335359353
115674919
60957273
558553416
325733109
381082193
286945073
703720652
490710625
554099515
443645032
413928502
69718926
454414186
413490232
592508700
375989590
443647303
271942383
357209254
111944689
403290415
455226770
644158923
448747395
671369451
583422116
206683861
488232199
792827178
592069600
538290129
332294886
819556625
350229016
90971240
631861564
172817349
312410744
701259453
266788496
144742102
501423300
689765115
74619797
129168040
349104656
860682458
530042986
153782577
570501025
339450914
68496424
288191283
817244535
311958014
483252226
429831638
814105399
486419656
765938276
116891528
61182178
773212735
544235265
422569299
343782323
530017135
320326612
19653268
464447035
497846773
401342918
172451791
53642611
494723656
593229260
687668179
267976619
696813377
720956681
575955885
368456102
349473024
4051549
604051791
519366029
481404484
171562579
608943424
392985878
177487592
264362743
550185084
507119286
587431833
191478585
336071819
10407887
165044853
182955873
343482579
384269805
256078297
444318897
379064740
572012615
727857104
785901951
207690826
85343970
131650914
425969900
578011218
342442708
235604210
461062031
278945809
361533860
82808360
571581678
528662734
500308224
207159920
401425278
408663685
180858288
288969304
280126483
235959836
5018106
122529159
43690590
692525204
324269101
396738954
226609418
212359670
606238541
307683334
375906779
314169314
524360518
379706068
16895060
455730901
536625925
769013342
18615861
643192934
170781332
367863579
437142399
142343769
35615185
68907612
166552474
14482887
451351733
63336338
512777392
41101122
538906539
687354423
240543940
247090292
2602044
278201420
447171526
593501915
549747903
936109206
519854008
579087238
689751529
535545165
92237286
423945407
270914282
185875611
280733613
125865670
628615284
367169092
314834039
508837650
688572321
337509090
38309585
273489525
29234540
194796368
476340044
627233358
291408275
220360468
656902998
304838626
319011816
294089397
393545420
10064316
157759891
237493364
281921154
293576682
138749434
204567226
136662401
28712333
792824546
609903646
692042925
259825842
591648
563080240
643313849
296819487
96029270
688919734
617983706
619017827
659154868
704794066
442222732
523178953
578949935
225964631
160604996
370269064
552565093
109771395
549465523
705135015
411293969
394815603
146173702
126546056
170685626
526534776
341713254
730351371
537544426
127830898
322338352
561010361
187296150
76596144
447468094
488208178
46263678
599116062
278418266
589460645
526564793
558979674
792988824
43609681
390396755
631126107
17226582
591589314
182986464
222556888
237179692
530063861
194815848
470513736
113821604
305753156
574543821
72826162
492259061
759281637
551831445
292035871
170766487
548261856
376522707
563762647
653498860
211788340
107617502
696803225
221457572
360838549
904580529
694300282
580680890
59625606
512528311
708847515
372485195
828808181
513424115
691637897
160484692
242325262
91743484
158441112
552831940
483266408
230041031
380308420
334832642
174628011
428954955
586173987
118972362
124310261
119289156
675261440
525538714
185760664
355547263
115816513
675990608
223100269
224485088
538507281
296910357
307240769
290819762
705487067
686976301
543341052
428863278
102711185
380712109
44632060
811175121
365788666
744311558
494874229
43095619
365349893
745551721
74365369
415407505
36398482
242096972
374005503
167910817
354904050
732389570
43339834
687623245
452097006
447523044
376434053
499651128
338130179
81311697
498955184
546123717
297203815
267233785
78630145
222886746
499441314
297871084
485878064
277000186
557435918
298158243
283383242
301529500
660908408
593839706
316762858
134196268
516207954
604639076
494991666
506702138
777056153
49831600
628483148
489359438
605818181
492741386
173074832
592366748
230894402
74492049
588431049
389947680
770863855
138168490
583414761
397241456
255854197
45385790
416694245
26152892
88104018
773199403
231232650
324910645
473966705
612121806
513136119
495154788
601984162
554110340
624875856
427616748
70750553
79343747
406086512
509653833
465492321
633111705
670196755
150237560
219920698
355760419
183315656
216598390
322427260
398683917
621814718
93723890
132691872
610510215
332345401
81642765
363057532
193262217
361003616
252630175
490482251
59848588
793066604
332467563
70797946
699198210
431787251
578864253
37236453
70771705
736624477
509523631
801343096
112754300
659154876
10496483
444572788
337755136
552730609
244409791
663498826
468781898
118900080
573051773
99151054
494463029
72041603
251922909
229359992
3955872
24021211
598768595
244535129
627560977
563899601
922721170
553337701
250044777
350500546
701178005
321165052
480591308
537277908
622690596
308344030
204887095
271055767
764212717
879968956
476572898
439767668
167174869
249997382
48696459
396404210
69629389
495409828
599710693
85700038
596828261
754877050
500328881
103999857
212269920
154433729
269747229
26396779
453556344
368367869
749235059
322403906
477810792
268800437
489012890
538547252
405460725
456528242
120762177
334883155
253729051
117156411
612687778
448171575
349068500
594620392
353021914
763385762
461127931
297762599
33889025
408739693
539042637
534727811
27934456
415888327
861704833
510339250
350504331
177176975
170066574
224948776
361999609
119066954
450957321
407242684
441766263
260576627
354990378
260297834
357511878
192598734
64383504
655854420
589851115
695216388
663188516
91316162
145312973
604104564
199741503
93321047
88467549
653832253
522549878
384957661
586052378
930307296
513624563
114311637
500632399
810980482
166842629
504895564
140086498
307636105
175615268
612420730
296837833
742404839
206099240
335106417
12919997
493476561
618726498
345387319
501013272
637768210
174100709
665077840
249131927
205231506
21472991
24926069
331545684
384330796
332947656
341933271
827037883
168856259
182937902
136928554
400946317
138068026
806411632
222503308
133968871
270392467
116201518
262811362
467282850
82184639
402874349
135006838
680032618
575487601
59210225
426439401
436658341
385261848
325638787
457809401
222506636
665385200
627187459
156897695
401626260
488426956
85348618
354100021
64095002
690376358
339139986
365589945
350620395
769852927
641431485
352430282
329365585
382812337
258671049
281858365
416857655
7715853
678508994
552487523
117144756
275732270
319886628
402998959
268079434
170526475
174135634
746248818
492629294
430107309
559730412
90986852
267382854
357152198
734414872
379067174
209720754
723685796
824075793
5703558
311863051
208154690
515888823
630474385
512520684
530721403
578637300
163001834
213778594
46269254
509935678
817740316
261076147
528829308
703333804
201207212
27221681
660096128
384589886
670182566
436718969
440902627
612503637
98113640
282517536
703265626
313046616
477966517
353799500
571857566
373414237
132306494
205427502
641209301
92252128
184023876
165748245
318000095
476856104
170894847
138228482
520060428
6626896
694147997
62203651
206290610
656075863
377471352
482526301
94865281
165942871
296146638
480365693
54978961
39593350
547632078
564277130
246688149
76763252
499364043
470090844
14304058
440490632
265772057
157418406
437026851
509758173
317188616
616114061
897974866
489447700
28231513
538425310
290091362
615307926
22522104
687592313
36475470
47501756
13944756
73660262
204089210
393545275
525934386
652440223
538509218
390037073
397884858
414626019
297600823
69217818
864148716
763759931
473394073
292763124
703811657
331819915
285389255
314354789
328523851
82058913
527015914
244808982
437460615
696224168
269416266
409366274
265446406
16407850
334535042
590635446
792887034
28496282
364728277
372067279
315606276
309827025
231188069
286140161
226122022
859818425
13377503
101875569
520621899
403834125
737071012
743824735
486820527
633134551
80806873
455512023
86517186
588704765
539970476
327470369
65701449
610320860
28071594
194202839
98878825
436627259
518600281
389655318
681181840
556879103
373720895
221236482
229710391
402227424
292286073
315091077
341795224
316402642
160930163
786124554
142862269
14172903
215410341
275482347
9871136
930975991
183135911
246541057
427457142
496335369
410547830
874000689
627118494
139990571
781292808
637958038
601748271
835343804
800062566
199744304
452075099
633071847
419297301
803119145
644245575
304403487
216945015
126604349
43971583
619977235
517071728
602949455
395574837
259343262
261236334
198965708
587718324
168438558
124915269
59946715
397428596
697114627
520198076
313198645
438829243
838493401
143234581
573906975
80675427
494049354
362817867
580117405
515083963
628004485
210817610
551885863
830608618
69247478
623000171
422203954
597831164
62611104
402877246
306646874
683840241
657859185
283207116
378980796
48255858
711010171
612904727
243272410
298254040
327921682
34959898
302907154
497238699
352414342
506577235
244923888
405694980
430837389
36353188
134597832
93050275
425577685
111311004
474991131
546483074
292193282
433194180
310514419
1683283
613784734
364003254
52408217
301710766
327371739
448005605
503229469
1418832
141730414
175374502
566561338
688910050
565894111
299962569
830932239
397668398
645538760
419700587
218807376
774349723
306050868
661332737
95334055
62962437
95193074
402796157
824845561
284765708
668947949
609010229
737488577
115776531
120156032
914501422
478657375
584969612
609496783
404284352
226978530
24315926
81560252
544766893
102231699
477273888
126120793
721906639
202111481
18961446
184704448
266315716
324616049
395947810
152253635
100313383
472376140
234399347
455022477
777041830
261441105
728563807
444313432
261790140
293437025
393575367
79672379
641571438
58583176
278595171
372920105
593488905
260318060
727701005
592964584
231206880
604855702
934428184
311255996
122070812
118374753
616777085
507490028
456029670
755019479
316048635
557584810
450877324
246604375
487780005
4697
350421666
393453585
647489799
255352786
518062496
120647493
147484940
102253274
595564661
40784694
387650589
351331665
251883728
563612108
407188730
190029889
486746185
215025226
196666179
377707925
198971037
816153040
217713150
187126042
338778711
683085835
108065966
124451514
316548154
239105278
339788823
450196634
656255668
149936283
773539470
231852651
411574523
392438994
75012364
607355120
548889280
738901750
342491036
233314299
494200141
208488320
86332158
252871507
277527526
237734522
38215335
139332149
297012546
153052461
562744781
418223669
864414945
500257432
240994882
345696464
700759052
492741744
138715440
305038202
688905483
163387642
515983752
700977393
340756418
627234970
30955324
264740453
592734080
318004428
357166754
357870887
542177950
696218673
371593787
329749058
212594444
219749440
397585074
60009306
231454324
573509625
620604186
442241545
705314408
137613463
110089207
336528387
615702721
542776509
481463948
150053966
217130432
578844938
249549198
32022606
309586444
567877532
758719093
14565987
340309127
524228180
451473832
63634607
363545180
719053447
216808461
359397471
68412652
331099759
201462531
50329941
23839332
396682612
552230604
414226580
53712200
155572693
200439466
599634706
432689014
765129248
26636371
611996594
392565335
195383133
560761591
505188255
206406072
541141265
417989765
513873685
630618325
319477998
653672985
645782509
53148899
187232127
705319786
714847739
422728481
30422830
37457152
86869588
255785308
141277534
56538281
77896634
518058078
244852846
355490037
585880791
342975995
802067175
325686973
356747373
382686625
69170987
162644184
300658990
519545158
827277473
127880552
633999953
849940446
582363007
328879587
369837184
27312816
367363580
47562918
621940979
379056640
711908328
311247482
70320261
243222577
698306643
374993228
261136306
83030368
749191064
333429523
399324143
161022170
121928184
19119660
376621743
459943354
605953675
106248607
304581142
545862835
327829516
467504310
29884007
93556672
665224483
294722699
517469764
391742382
239256880
55271675
596577603
326744865
735153235
486138656
242184733
652311604
538835882
15825361
244679823
174502121
235709679
434624844
428303038
625681372
823264401
767006509
232022777
647851602
285418965
201083222
138639999
577437556
829426106
209452557
825951595
703915105
142860139
253446508
187029035
322060198
450242169
327833037
552600383
100675341
270823467
500958521
251626317
676071694
345225647
420967863
543937004
235153394
248414553
238680818
450418183
11632513
795631649
562049552
333364730
691357076
310692329
197139547
85638940
5914630
574918144
111882113
759573798
393076593
445388224
386569793
671080619
111811321
540999271
34443012
804010383
142404035
361294793
3855757
303457058
165868673
775091712
49725748
223642199
517902717
113269660
552820650
614345645
568892343
246207185
471044234
114286771
416445103
557933328
602437349
203524287
618212062
284193948
843024290
388579613
214396856
579411462
281064910
662035587
449166703
220392209
603449216
272861275
227064940
375124610
462020252
234998361
324517416
554637121
42365323
73311804
512997517
722239675
376289386
154265848
223099162
691210141
101025255
695223613
779133341
119241842
184012069
598018061
240187599
709967737
51474321
391043537
115480579
597097299
444998934
457623621
263086911
355622033
580694926
52219832
393988713
338945294
647736574
157829139
525879113
328720272
433789160
367379928
564432145
612968947
252406675
196216238
103858769
699731872
575347288
203819550
131420725
413522680
814835665
508995313
735178112
553483953
395498661
388780217
382394887
232865472
735898627
343966943
19170704
72096934
167137771
348266159
210815581
549352720
251961669
148924350
615355540
395145880
745222744
235467981
99439627
100897703
223353931
304644800
323386890
259050987
572366842
471711677
132734953
159222150
539660795
108344728
472317240
131651768
564955677
178616922
643942121
481332298
545122701
248935654
298693138
451223834
43192072
730544035
617016341
127500093
258358799
60789003
199898263
178009895
703795258
513119868
427914739
643018772
61524167
735821536
385675561
421792589
667259371
966489313
494004812
216657655
159603574
80985337
254940100
229201989
517703046
705453774
613114356
241886789
181518938
354557473
31119861
687816372
776195928
412430111
390307593
206103173
350813153
683897476
691792757
288615490
544972108
644439250
191338170
567779218
57473942
195941209
700660056
629387920
107806163
23796274
175097112
164870840
289745606
47434473
102982328
88642956
646592888
586867196
206750636
295304559
60833200
503139887
783274456
79842717
110827142
476634656
153438216
561999803
312096059
680300001
651745281
42638148
611285473
14040114
608454530
27382690
545701952
628077322
709461143
239406828
371601584
580765188
686937656
69739403
580867283
390605757
231536224
108156977
318194743
401646058
308800130
321185364
206871032
78253811
20691332
683318817
6056978
482788399
307294876
661204676
621562589
638338425
60978628
419640500
52916551
480372116
537511803
193543302
657578648
346800239
769539833
103305758
500885715
486250963
771426570
394540777
518821487
255129052
847815687
476428843
52947595
611996454
727969327
293465769
10335177
132380852
857910189
536570866
703233105
110878986
409743221
11524541
112534330
363583518
670815952
260045488
719242138
242253048
441882561
383931122
856556844
207680691
361188642
280018816
535884797
226520454
241839451
44944811
411756998
566642584
68603468
507799466
424405496
9764993
270914785
345411551
482105509
581930663
604262190
579528973
561761437
760610938
261590066
200977281
346113999
621155166
734837938
576335469
26594715
608516022
451539437
113668533
192410217
286069280
371066051
49127542
450521441
453424266
12475822
2687884
344079851
311447839
275936157
687320222
214880057
254370837
358228843
510677060
141129024
33353549
146764314
562603640
177705710
573581735
630376615
291286594
476657745
363809720
128860874
168286905
244446990
175617808
277970441
748920356
731772011
350323904
164141718
791798333
731760428
381226288
392741373
547252012
834606822
760221809
102449583
21147971
390086447
632110163
6401621
819069422
33911093
303978600
109722324
154970637
124205551
182075545
171718065
802543093
168454924
192392635
473661424
308369686
59310905
333348474
554239367
193494710
782897868
599992113
72397837
153566882
49951359
20156795
132611499
625993380
228600243
858562249
453476851
383609111
726116145
470701454
109668517
709756787
40335468
71190669
219338746
629324132
580717029
718176297
164392859
156115229
597336256
295822653
564488960
531216212
421541596
572071034
545944692
327527977
341745218
491544647
679861008
234232157
396101527
595442745
91825381
162417990
71168967
161321481
565862691
20424784
346210477
470571586
105201697
958300156
398697289
323385317
220696947
256922989
447973106
715079048
22136914
222365139
127067267
76482189
131689752
477725603
66331087
271073051
756896959
997132165
520657030
749131009
276242628
504063129
603353256
466904713
605187714
211072711
346659428
654041408
437756825
346735999
384649457
265608280
172607444
549979726
120466677
160435505
155286084
608876754
236127033
636177410
514638931
107725026
363607173
287271606
196757083
312110905
508341549
560125763
217014007
75445646
260461140
326167870
590304471
800734498
323219954
438663173
570862758
19159328
653198787
594244671
328423320
155474144
408694868
321225726
194194428
620777777
446568335
588172674
508392048
7364205
312327086
592018578
102485355
396963795
760873496
238878772
656420078
361866852
376307871
430408926
65506955
82452832
121715244
90009922
592229441
28703621
221449358
102493594
2117612
123575796
198292508
322487944
71699011
347325894
554812448
509377534
560513416
279277240
543877355
412317807
371240168
215941832
173152231
196473981
138740129
222814385
807768966
283828831
676525722
215003895
358827841
477904932
425228191
372166612
536922423
82557996
321421416
771002824
645329506
281290664
452151558
88666219
951266847
23468012
785718649
264116182
359757948
121233328
473974535
253625133
236206885
312078667
141459166
469965486
67830430
439965677
664397438
526782529
154702640
92246788
123083225
874972422
163436857
502644960
65106312
340539469
467658355
220330829
16334402
232137169
679058403
490018287
71305382
129889631
613669688
122491437
117107129
636231041
239274020
27368899
18078400
488448286
518425443
280284019
364701857
304540341
673307742
604911294
432129558
110352824
340267819
608817960
709956404
628500479
442743153
356591405
903608159
74248575
437645923
756436648
52306593
442103551
173047280
326064665
455931383
541014052
480706531
403457639
208540631
306856862
91461264
77197519
773461419
446161415
101709144
579848660
595226696
40839974
68033453
63131879
635175890
642910135
79543540
255161198
169166087
296222988
858868663
441337878
299220833
111423690
368834545
197108314
263296838
227206533
289839828
36040575
559046725
248833655
99492860
367071975
237518529
379366434
359314671
444436870
50778196
793572821
203663553
614387524
16161176
110229861
48627709
91737840
585431905
448476275
593093096
790415836
182792931
640432319
624956046
215895598
364439036
554124191
244578045
614766626
652109693
277008194
43221247
457173681
111722886
58901602
312731260
317174643
367527125
493770383
642833671
249922492
175031076
423824349
408555415
108743079
80242999
39551832
341439745
331884380
590481801
711606832
126590645
521648974
746169203
134672167
47630806
274939920
78765702
353745777
431749766
103795587
441936787
226135655
503621915
786027211
118863989
514742546
114158018
110162247
20868981
318861935
475272169
558518570
533340428
603841000
339697704
449023714
624356079
663917154
646746151
241454209
634982345
928206934
267109197
322787755
168128390
467741076
345560103
684876276
509390182
358100745
260433913
228270107
567700002
318159382
92113092
545070128
386072943
819673774
442396299
671349122
468693022
851420086
150926622
616343614
721962721
756564099
317255490
332500280
666064384
111874253
735544178
781697035
716540815
761201092
455576586
30815949
249623407
284336359
61409479
681408825
569830129
496773148
142776360
626992569
456738867
204934674
413300108
344821664
778440850
20987473
463494408
206007155
155388678
110942571
488554108
232549402
541274139
371191240
584465240
3634129
572993784
268445152
662091373
614554255
41156248
538585408
49870871
768261924
120340198
20487185
16357106
54321095
716292948
521464968
127627466
177471983
579698584
590456891
6710848
692806529
628352578
29857645
881345126
127741937
359211856
331196111
458443250
111619220
111571179
666600192
491183799
392080529
543885030
597792611
216590158
295901572
156902212
309287441
283762850
308103170
512293776
633011704
144259527
496942983
246630284
493091690
194855999
391140541
370324170
587018010
243619284
613980105
560160145
491768724
644681478
645395923
13653583
263529216
948836288
751603623
390340384
666448227
520195114
8359929
314397147
119539311
665897896
306173286
95168901
584589616
112922178
78652833
460460598
687537556
526261824
138028486
732362973
69599896
31080826
660955685
105754902
330243225
275985080
166565236
559331999
235974725
280669132
99095283
611741137
454882978
437359825
337337382
935485533
179539929
202536298
248791496
530479459
29889079
389316608
550334555
214458491
1602183
98584762
207769518
441057961
476161506
494100822
554792684
173410946
617693272
684526874
641571215
657530718
607151195
548454487
637428968
78628098
334236427
119869174
378494979
820498347
558109606
102972984
495875655
11114874
422204023
200957830
314303970
48075518
471735218
293633111
403280067
281609137
49812044
721895938
170416952
538141000
611280405
190039137
117957370
239471760
773480446
537701621
763579829
526625063
134878604
235454636
516615015
53862486
494524657
294093410
329049544
317591363
431495097
196508197
185618194
542535792
139117168
667205766
7232439
42131257
490636517
404817798
460724274
782503972
498686723
558263999
110887319
261640023
627295910
3457364
38419521
726706529
128048792
543973431
192388854
148699166
116693363
126521349
890122113
520834963
61131437
328269530
322917134
414646379
281229213
749064599
481959611
556133432
659933729
727415798
537171415
58505408
541741259
300935537
376708105
36645379
28105130
267588357
591432201
515849640
743032328
677762552
72047657
427020648
70738294
131177104
500639177
348319389
337173600
651559382
587986988
187486077
462060304
111866261
414620682
428529898
418250756
428804313
41734424
509126895
872228078
496754748
569348972
123570208
541282645
110962002
77980821
250267778
334778398
47131709
454165078
427717480
506693856
249293563
452207585
64207674
74260395
41054747
373080208
593620566
12296799
605907144
10659512
623736811
183678282
320607559
777626785
157482256
658873205
555312414
55785238
418240988
175818098
263176986
227398315
399054716
218452071
397058293
140553629
310736742
175296141
179905985
144826375
362700670
587864449
104094309
171239160
241433853
259508951
151681124
24404063
632868806
235843397
86436282
294603967
224621028
177607622
240654531
181153627
382785869
452114568
448110411
508281566
194315765
549603056
135380456
57964546
349425039
800282683
601656254
349930446
685328815
270998389
368324944
513531363
299091332
752754535
14336488
179464115
48143921
746666545
390054073
10082018
800467055
240167811
130212510
458625008
739477645
32042312
137866455
37819679
130822450
696063678
71634278
213415566
481795597
788081961
62166704
493922003
540767645
567931722
797681148
360818405
882932309
137087232
729130304
387842277
384912741
463035938
595342869
643418574
296281989
324769178
273088898
79361671
210559187
714736260
334740489
232429401
446558461
83204444
847822390
546820193
669756368
497354410
288380057
476602937
694349306
104536314
530902595
20786394
106724830
340506957
79750804
509862331
637559012
330655856
468254270
121278571
573751706
688321671
705979230
415117096
554623435
151407493
495794522
525895401
221609008
97346315
158815663
518527456
251867807
2883102
64683890
527402698
202314452
80756315
645124485
122879541
133326810
54018454
876607781
426729803
578247255
58455785
673054020
254673737
479170648
85165252
6797898
633233500
5021765
477530326
495836913
885737516
394863431
188958774
371327898
598547294
641157559
437334122
57493713
185808020
896434791
553532962
695270645
311402568
415908992
13556710
91743712
292139347
436560036
247010170
636784171
649234381
550616406
130811
80569657
337589309
82601673
462301169
351623661
332790060
28162093
30796873
103293735
255510415
137777767
691659741
531065627
74918334
89280346
306970217
785601834
594942231
268527240
428990335
240855836
61945885
127572906
106127664
479572700
50046837
135918606
674980198
653430869
545199503
157838774
10199425
73399773
415817164
233492336
10980752
228708563
736075551
394669065
519375109
649885975
294932459
15302043
545047739
312864661
60704233
364781761
94755412
526117786
208033342
321739762
142627703
575228002
486817919
896868047
403923349
632955945
153192015
551963609
250854698
746322013
350576605
518453900
100949280
188066453
681135805
576321837
134639232
650425213
402247205
959678241
605202344
362864519
84664837
206008912
797421469
711250747
199545792
195849448
870757417
260456530
558263170
622888019
198445925
661733582
345287047
200723874
555358880
674239939
96736305
151852940
557532516
440252999
461386089
839982930
93837139
295242825
411403242
542186414
556040475
796995370
639426474
712156194
405631729
366731113
191335608
86986010
532293138
99877815
380863389
148087366
639940383
608860488
580003189
389126421
774269367
319695232
117292073
508253620
771462111
958462288
721938497
182973181
172431247
274992533
670348592
564041614
169661533
620632713
602818626
309757204
321342610
909556159
28567142
498240238
741440926
221081318
235871592
396663215
27789499
578465827
264131484
764394582
818558302
669982298
54181439
224052556
35413084
398408611
669925610
272342167
286148629
921878493
721177578
484224612
508402882
151543515
668230696
451842201
253367639
261198406
144604738
358413945
257393287
584955684
50070205
81697833
496984708
148133047
198165626
411231407
591230743
181241775
612787206
187219745
471557312
423560860
627020027
318101600
397952958
683354272
471235583
418064372
331821664
651611183
501870251
97477487
32811530
161545142
527028617
379894071
241387627
615854675
499896967
38122387
564936579
300812421
169933096
856355626
570572774
557975886
284525631
876134265
242382459
728766514
456387504
482307345
509954283
237636417
721448843
412422683
707584083
442217052
618648
218116733
318298102
116322192
143692621
328969908
632016160
699616400
204624277
329824219
429583878
253402094
630042821
454579565
576362778
222625804
112654382
104931094
7087182
207095064
353790301
175097637
72035786
457500971
559295772
173612087
26985033
58415744
79301170
207824126
605940478
39747918
147660040
13413557
576916611
98172236
261670432
628641639
437485791
4521246
78996847
273909299
52806145
484538891
295257237
391584694
163166315
559784366
500327508
476371358
436653715
597885160
539811444
665618871
697764119
259804640
422900633
332674730
318491610
4530625
613590244
10850797
551030137
704028595
718234817
290358404
137354070
712031069
232390465
468997849
382669581
338191316
330427883
86478384
977659980
691426955
898804886
454835650
245995344
291955782
316907673
141537076
614965071
162501604
583424620
109092250
388454402
269275734
109311131
565823147
213071457
594380773
474713238
294703977
407712991
215536117
228055204
265488919
592526092
215367720
441106618
498156881
388600224
223171163
275967504
31228049
730465277
569304017
526827756
357253253
119642446
265702395
224692889
419712124
658578413
941955858
33471023
536808116
294139017
254740315
137184950
127129532
322749174
451414826
631280062
199942312
303358136
89014703
258017041
20552669
516239722
159356412
263818209
546889292
610919531
630694259
150967618
496237266
731586634
553063624
505964181
345759855
43317286
511134516
128979981
524842343
70623269
295175670
391836248
367335826
640869071
191918932
143731959
435968360
745380164
201452027
50840304
529128189
133585497
784950111
163272878
237743459
146401456
524989763
204206217
895531730
273430308
374102486
29589318
223274286
810745780
605095863
143215729
78244603
797455875
472879813
38324726
439134834
187201926
443204252
398960703
340788357
734497
161513562
302811634
276099938
486090735
507970010
337336024
812015003
504752920
514105604
470356121
357033926
335733825
9965067
920557500
531217894
450888806
758907070
232113294
469714199
231770429
310831970
747468034
564235429
387100738
409258966
629473839
195212238
404829335
13103351
328466595
54213163
35275242
355502466
653068572
297338597
479259378
93296361
321196381
484440040
30177731
222362883
230028296
74636024
353713535
108027719
9210479
732438755
809258266
638652535
80337800
444702311
37801077
33044517
363868019
521723276
65112877
557615119
296431980
191804643
523324265
163250143
750466946
284412283
398001420
564717860
579713211
85893518
417539923
853791107
97858816
353632305
333917416
756454670
429269055
690462153
564494488
604559595
323811779
314377299
570049924
22888081
502293434
834303103
795760000
21625909
553084317
119451697
709931585
608819668
328393337
179017359
51214389
399002267
177995015
125235072
395847727
492991287
584294355
537757085
746518055
525624327
614249427
401160465
97479131
69731321
700255367
707591553
622807400
103663676
478844039
556177022
592900999
559440735
396355995
665519897
460942335
393367092
746253298
19408909
364270310
308794156
970364918
263585120
400017583
448602344
545319508
300705813
12765021
294766085
48256474
399456844
397386585
36305590
208097482
569967913
59874710
494658949
521736540
187694327
342593401
101138053
367510933
707384637
516747520
427740789
268232936
251066276
430434437
551933653
425997997
243682093
624203408
70498605
287541052
248532965
333872274
210581346
776127688
813917288
796585825
447413061
92619881
746401433
546184873
30849887
527191982
23790797
258956919
89102492
355407526
517881475
762719887
494903951
411396928
99495038
619351448
206168332
142230581
297777256
285526955
708513418
611618515
507839567
319996482
246085507
282919047
778505281
2789391
68064960
170523402
479673640
235283876
356820132
55665657
339094471
391589008
145129748
298386543
320922001
445978179
70274218
56233495
450094353
624015317
297819172
73705943
383059982
177581366
559273119
143437222
580767521
131491954
385465710
204457042
520957184
714339559
701158275
288156552
178749246
665162687
153608146
222425958
672771217
542688773
605578676
427526462
400772254
295073077
418136580
32522472
541686567
557658826
329719295
174729942
563345143
581705245
538890784
492792731
443481025
71898570
277264453
873332224
296493683
379256478
251785810
758786393
436991553
595436048
921326223
175795288
704099615
446852873
208873450
495394550
772316007
871110350
557058469
537906719
276081256
415710498
214296011
551421480
205359335
676139954
184547174
298678578
187361820
308465319
586965697
255623649
124808490
444923289
607648143
530671229
843095732
497556391
633221908
828568295
45735240
259201108
427291501
547511646
126701452
346311811
427935740
492705613
303402161
570094017
56109725
717023575
656104975
293293886
494015754
549437317
682808886
859632341
142697866
264144193
462888378
495644658
171783548
381708123
535885112
124853475
501043969
388885490
179401199
306413375
279007052
726364860
274223479
539450679
399933676
192557502
100769654
268857923
794935187
458639358
596590236
91516334
521390506
407171013
514159604
306187683
544510526
549235606
676933703
638255175
152048688
81528223
110384480
461920000
920936355
527505902
94477819
441592892
623958669
346573244
55349926
737095911
181930449
504431559
582171924
539618929
520219809
295918938
49021922
435793494
28238480
579462155
338468930
7595069
7994492
307759736
540994991
686263155
620769563
350362528
241098123
16716385
349257379
433595566
506990893
363247820
129761991
91748883
713423561
601091030
707811225
6507641
151876974
9904392
86804987
483868793
273804720
630645579
926010283
814144798
296612863
45113697
979591649
388269640
177434318
603767288
505551732
363331470
615458794
199742848
884207883
256885053
414524504
514331576
213038512
125259941
605281679
92089724
394798222
413594490
770647376
716205627
284352172
526235402
79446968
593711291
498531256
777981814
585432084
435888031
612733800
280212157
77233049
485211911
157513521
747331181
496246410
595615579
184095461
485689865
622588871
30580366
366052691
293752365
47014967
453185239
799997450
619829956
47991427
70773149
5496979
653512185
331063868
186275465
364776092
307551040
584671594
263125372
796581911
54171728
477209913
106483541
455491652
321790076
158394024
773210123
556058879
474839615
164117217
44134715
259547
385571528
434533169
92014877
611464151
405366562
148684972
284018593
95482298
172858554
676969305
639630830
199805863
623115294
614483517
480706992
369453906
491126882
763589486
321651344
199277450
275587783
466440400
138422623
620531596
626846090
74755878
551581011
553306325
695611356
82950962
442585301
267507040
636738360
572839720
417250867
83457539
608713701
107616935
268852670
784106431
308628576
394174549
71027895
305149496
544255365
247887084
409840443
289874610
484043212
670002925
58361978
523343124
216475994
269613387
279608226
945488213
617614324
444732437
116728567
530339437
529114183
118308635
282267930
213674049
663639457
470773492
231037688
154291747
200718168
737176201
782083915
743837468
284157616
11521480
680308818
378568884
444042904
228320628
31384257
760526029
622267194
507549294
1869594
420783606
247831800
709111657
612713670
467095446
771474519
499971228
310974587
606890129
583515453
599755788
899073689
158353841
33132021
625753057
739276080
426905046
50206580
41176828
42886067
247215348
571070591
300818039
78680983
647708320
33531321
489815467
271144255
514587052
200178346
44603121
243141117
384675973
323883953
169278712
79599224
499520455
36899871
128651702
660644859
693274015
787045563
2502114
395245210
132216736
520082342
461697730
84406561
565499816
359260688
380915811
585771282
299348007
445826310
633076089
536401778
191267107
676120366
158302384
547654237
405898559
473203120
596352796
38916438
606759864
697369084
585481231
326678222
268788390
579177517
608948838
245321861
547658904
220538494
108119928
325159088
397001288
455636437
178029774
477553346
61337703
19344451
185531369
206535549
394628131
971968718
308871173
410158788
566514637
448184871
597017741
201009776
429617510
424910500
754764419
462394436
148203997
548165605
206124489
35282106
78922231
233871305
67496270
61838887
245582792
446084645
489958120
977976410
151264680
499609314
455776852
200037978
602574090
76813079
53670314
332182948
142205151
191317495
737052514
166102727
833753596
536296518
541858440
22327223
650717090
296310766
153962741
177200950
375272431
489856535
84625715
178480779
202655486
86130469
410375009
403203851
55611040
662179743
271144501
298349172
432989770
399772349
157869390
922315050
579385136
451363712
475588977
27859602
642097081
419341331
341558938
16851345
382104285
693818408
200727516
503956414
31084359
27783842
258127726
113728945
193840870
259287054
158658
28637511
336033532
338470059
257212029
546663348
374246130
193321153
460349196
18630859
285397341
434725109
619429957
61744952
396694409
110054019
507192496
678941340
484862244
598841802
75271509
670976720
340964710
87436988
209944907
539630203
289792266
127720009
131281704
233987413
341573729
355290626
32552651
339251989
18786771
659937092
148002238
635394774
229713338
310700859
453863668
213915621
460128717
243647072
653933182
500899372
656102243
542288266
314183676
238092551
645567924
121597188
550096773
759137656
251453822
311864963
146259136
88416550
534117669
506140341
113449238
764624612
2598604
636025663
339128233
754459099
306238935
569903794
614037859
420312284
71492117
214378737
419165497
234164015
666212876
591358184
222459506
123345885
768782666
649685572
496178065
166444811
97481220
474733952
31434514
689797872
456530359
839322383
121117038
351557259
380017998
156670194
223225795
306611864
465460038
116481571
450468467
154315403
243941696
216622706
13917263
347877447
123049820
422066974
407111089
507769329
104468012
618963355
191304627
496706772
366724200
583550297
657243400
118231259
529139925
169351309
641747911
262863475
62031596
323005789
310242323
601847862
2804593
475394599
195544321
938517609
432703675
277698378
75696038
629160185
176304481
627884091
580162813
89202175
162032192
658372209
157970309
521855750
692552813
341694753
405800542
