1001662709
1001730479
1001831659
1002007549
1002428407
100290709
1003033219
1003694623
1003822697
1004269823
1004464399
1005095627
1005172643
1006208293
1006253561
1006993789
1007871203
1008365231
1008601669
100884037
1008846409
1008922399
1010357399
1010698321
1010733767
1010961307
1011837341
1012414097
1012708409
1013558177
101392243
1014365081
1014374237
1014674329
1014916003
1016112439
1016439607
1016767567
1016778493
101688623
1017176129
1017196001
1019011349
10193033
1019469959
1019557471
1019658217
1020167179
1020514499
1020582001
1020879571
1021129381
1021269167
1021272601
1021414987
102165559
10216867
1022290747
1022554549
1023858389
1024015099
1024590883
1024662391
1025021353
1026466807
1026568801
1026741851
1027259201
1027341473
1028198863
1028545841
1028920183
1028930431
1029461467
1030060951
1030447247
1030890529
1031561747
1032681319
1032750437
1032895531
1033157753
1033158019
1035273133
10361003
1036248139
1036469341
1037015471
1037245409
1037289329
1037730101
1037739119
1037875841
1038241859
1038618013
103923709
1040672953
1040900933
1041916093
104199247
1042610159
1043384773
1043584159
104372077
104398507
1044133291
1044216281
1044727759
1045243373
1045742179
1045913347
1046367649
1046495963
1046749871
1047100541
1047362969
1047497327
1047524893
1047686021
1047739003
1048058111
1050028531
1050091529
1050410329
105058957
1050847813
1050874607
1050933817
1050964091
1051462229
105192289
1052015509
1052281159
1052901713
1053112681
1054347043
1054805207
105536647
1055429117
105612193
1056197797
105630419
1058022233
1059354211
1059360931
1059394673
1059568541
1059708581
1059780661
1060894691
1061775161
1062294139
106261159
1062681289
106272707
1063235891
1063361837
1063425283
1063425719
1063524421
1063617923
1064188787
1064753717
1064818277
1065828289
1066089511
1066111379
1066167551
1066307321
1067002687
1067442203
1067474983
1068855031
1070096483
1071140891
1071354979
1071884531
1072076597
107218603
1072582267
1072880791
1073677981
1074528929
1075243159
1075805207
1075948103
1075985741
1076216117
107734789
1077494251
1078079579
1078156561
1079577869
1079732243
1079849557
108091289
1081283173
1082116127
108225457
1082934701
1083577681
1084143223
1084398361
10847471
1084954303
1085137951
1085503171
1085800769
1086381767
1086556957
1086948019
1087635223
1087824511
1088583157
1089035203
1089877099
1090233853
109157683
1093019789
1093391413
1093529329
1093805387
1094028763
1094031833
1094497379
1094547739
109468643
1094752103
1094896013
1095234611
1095238267
1095541259
1096367033
1096489057
1097418241
1097636123
1098043097
1099602701
1099990877
1100069021
1101301507
1101520951
1101646373
1102269199
1102933487
1103066633
1103844689
1103866003
1104002111
1104607723
1104883271
1104888401
1105252877
1105455973
1105775197
1105925311
110632127
1106344249
1106446597
1106474123
1106535251
1106980283
1107466691
1107825223
1108387723
1108526059
1108942787
1109165287
1110234259
1110266873
1110687821
1110841609
1110944083
1111078351
1111296061
1111337581
1111975429
1112258963
1112287769
111266483
1113085223
1113144101
1113250759
1113744509
1113999673
111406189
1114631191
1115050337
1115610539
1115741899
1115878021
1116616799
1116782629
1117060957
1117513373
1117724147
1117802963
1118134993
1118379593
1119074029
1119142573
1119309041
112001399
1120207889
1120373957
1120729861
1121057633
1121069423
1121286667
1122002671
1122040679
1122899243
1123015643
1123574383
1123605503
1124011169
112412441
1125280771
1125802297
1125932551
1126064917
1126088963
1126673543
1126871279
1127080261
112755991
1128059453
1128140369
112820419
1128291529
1128344951
1128380431
1128509059
112870201
1128744821
1129692763
1130081993
1130182363
113046091
1130986963
1131045901
1131869119
1133277419
1133610733
1133611681
1133821943
1133831887
1134436921
1134624671
1135260647
1135812287
1136530513
1137350111
11380081
1139068087
1139664437
1140113329
1140147769
1141077907
1141646503
1141813391
1142150869
1142153807
1142176141
1142477783
1143501769
1144313927
114442817
1145322319
1145886857
1146086561
1146176923
1146338923
1146565501
1147783531
1148416757
1148853283
1149363643
1149499541
1149882289
1150022857
115053139
1150705223
1151022913
1151188679
1151492123
1152486263
115293547
1153122133
1153666369
1154085059
1154095057
1154122499
1154356037
1154426393
115491169
1156416571
1156657427
1157373563
115748519
115829359
1158449053
1159052891
11597449
1160220011
1161472799
1161681373
1161701969
1162263601
1162397351
1162802521
1163194811
1163202269
116341331
116365807
1163814133
116524901
1166617951
11666371
1166757983
1166864549
1166923753
1167436313
1168510703
1168620769
1168751393
1169078839
116968249
1170194209
117038521
1170514949
1170596321
1170649741
1170681137
1170883661
1171115203
1171156939
1171243613
117155627
1172019917
1172070299
1172078927
1172195461
1172466121
1172894449
1173712019
1174136779
1174745801
1174780931
1175343973
117582209
1176934489
1177120717
1177438991
1177532221
1177638073
1178416633
1178745419
117925063
1179562507
1179630359
1179729679
1180418693
1180821947
1181165939
1182241981
1182257309
1182526021
1182532613
1182573323
118269317
1183590347
118488787
118502389
1185145249
1185443251
1186123553
1186170677
1186792931
1187622299
1187905891
1188005993
1188569897
1189052791
118941839
1190027857
1190995199
1191657833
1192374319
1192740719
1194255857
1194474499
1194492953
1194636979
1195098959
1195455553
1196614631
119699953
1197672829
1197750313
119775731
1198556407
1198776133
1199143511
1200489127
1200572669
1200637447
1200746539
1200824593
1202028679
1202162933
120227449
1202431019
1202482753
1203003313
1203022001
120340523
1203606577
1203816983
1203832031
1203858053
1204474043
1204649543
1205135929
1205168483
1205757401
1206038201
1206646219
1206671657
1206777991
1206779359
1207158047
1208515141
1209131857
1210121117
1211801629
1212415051
121255591
1212879379
1213152257
1213187431
1213669993
121400947
121430831
1214447749
1214706197
1214808571
1215267749
1215612029
1215960293
12169607
1218091489
1218182653
1218214139
121833121
1218906473
1219098911
1219102813
1219352041
1219388617
1219811471
1219915051
1220743171
1221150859
122161997
1222050197
1222307771
1222634317
122326877
1223543473
122357849
1223766043
1224003059
1224052477
1224252607
1224651829
1224979621
1225070003
1225239221
1225476139
1225866769
122652253
1228005923
1228102769
1229077037
1229271539
1229342957
1229772547
1229828293
123035977
1231142611
1231814401
1231895447
1232391907
1232914577
1233353501
1233597349
1234716167
1235772467
1235921837
1237132667
1237861643
1238235601
1238308847
1238521283
1238635481
1238669881
1239716899
1240452739
1240946659
1241170673
1241328889
1242347311
124255283
124292191
1243373227
124370717
1244225863
1244289373
1244855723
1246004339
124656533
1246681291
1246951987
1247075771
1247421211
1247713639
1247747771
1247982271
1248142559
1248314513
1248447667
1248907367
1249142291
1249658273
1249668883
1249953311
1249988081
1250256131
1250471419
1250608717
1250635823
1250671511
1250863681
1251579127
1251804373
1252586869
1253531129
1253562533
1254465613
1254494431
1254867077
1255188323
1255674577
1255707493
125595199
1256339701
1256351633
1256774899
125699789
1258023113
1258365467
1258625587
1258759303
1259656031
1260005899
1260059291
1260105599
1260495653
1260964433
1261675783
1262424907
1264965539
1265080783
1265222381
1265350661
1265677141
1266018553
1266085553
1266381607
1267000613
1267024117
126726559
1267766999
1268377193
1268436943
1268469311
1269479711
1269960701
1270176827
1270525051
1270573141
1270836481
1271385461
1271432711
1271666807
1272315799
1272578959
1272693271
1273523299
127390547
1274254231
1275285157
1275457619
1275864431
1276008737
1276173713
1276985453
1277107621
1277230727
1277441023
1279286531
1279817621
1280353717
1280590169
1280678507
1280938411
128168011
1281694529
1281696061
1281776147
1282705577
1283683031
1285269313
1285338641
1286017829
1286444377
1286548607
128661733
1286913223
1288900229
1289546837
1290461461
1291356889
1292225719
1292464541
1292679697
1292829401
129292313
1293150409
1293314681
1293437347
1293686291
1295004751
1295220133
1295668403
1296197033
1296295633
1296365093
1296880159
1296924901
1297133147
129750421
1297541023
1298349281
1299890203
130167953
130184269
1301983691
13020233
130313087
1303453391
1305193697
1305628427
130639699
1306520483
1307771411
1308006241
1308129659
1308828511
130929629
1309556179
1309613611
1310585851
1310829281
1310863921
1311777809
1312261519
1312415891
1312908463
1314042941
1314542923
1314635159
1314721217
1314929477
1315280269
1315726163
1316032381
131627123
1316281459
1316913463
1317195731
1317488533
131752429
1317823103
1319038537
1319154157
1319382269
1319768201
1320925447
1321154701
1321879969
1323302737
1324092157
1324968499
1325431091
1325896463
1327485311
132801391
132808147
132874501
1329170417
1329569557
1329584351
1330163257
1330194403
133031567
133067587
133073911
1330793027
1331044417
1331150851
1331972857
133230829
1332951611
1333171583
1333536587
1334197027
1334702819
1335058757
1336628231
1336934153
1337920273
1338271861
1338733457
1339154419
134016031
1340215571
1340892457
1341072011
134140739
1341802823
134339243
1344054409
1344414919
1345218229
1345659659
1346304991
1347066817
1347300653
1347657523
1348124473
1348183547
1348272713
1348550039
1349655299
1349747239
1350252983
1350679129
1351053017
1351216663
1352000101
1352972713
1354003237
1354111901
1354618049
1355005997
1355155801
1355551139
1355949169
1356095677
1356146567
1356229019
1356307663
1356331637
1356482969
1356728407
135676153
1356919763
1357639237
1357752271
1358104849
1358304793
1358394437
1358710979
1358979841
1359418499
1359449023
1359479063
1360812527
1360932641
1361410913
1361471549
1361653669
1362035861
1362147359
136241843
1362759889
1362911567
1363036469
1363271317
1363444549
136355629
1364032559
1364600519
1364941363
1364958151
1365137831
1365573497
1366202801
1366360823
1367314969
1367392669
1367522557
1368048923
1368471953
1369088089
1369608733
1369856993
1370381087
137038423
137056613
1370578819
1371905011
1372327471
1372939037
1373072023
1373424707
1373592313
1374043103
1375025371
1375460503
1376187713
137637739
1376858473
1377587243
1377891869
137830493
1378369073
1378396997
1378603069
1378784101
1379241541
1380034141
1380131549
1380515519
1380755839
1380988327
1382228119
1382406457
13830787
1383443549
1383992999
1384502323
1384505767
1385263081
1385485711
138686371
1386875297
138748273
1387883509
1387909613
1388035991
1388172407
1388475191
1388885041
1389052789
1389070157
1389844019
1389864473
1390100143
1391124389
139154341
1391902349
1391921743
139203269
1392182861
1392251521
1392252779
1392256843
1393205497
1393635853
1394096129
1394133563
1395251329
139605953
139644611
1396736329
1397454167
1397623751
139898873
1399243081
1399287217
1400264057
1400927587
1400958499
1401291139
1401671449
1401851551
1401990659
1402012237
1402038137
1403003083
1403144983
1403532961
1403883079
1404394331
1404723487
1404990647
1405583657
1405745399
1406292403
140729269
1407351377
1407735223
1407878053
1408101973
1408508447
1409032291
140964541
1410021533
1410330611
141044591
1410624953
1411576213
1412602283
141288073
1413135667
1413391667
1413688921
1413817729
1414474693
1414487047
1414489207
1414596587
1414943461
1415614933
1415958259
1416042841
1416887111
1417075207
1417683257
1417883021
141813479
1418586047
1418626151
1418706053
1418733559
1418986717
1419334051
1419408611
1419422029
1419485467
1419970813
1420818481
1421240657
1422134029
1422611209
1423074721
142363367
1423862191
1424073439
1424418977
1424564711
1425266483
1425523613
1425819991
1426066349
1427122751
1429393157
1429772159
1430105279
1430327399
1431081077
1431278231
1431349631
1431616847
1432328039
1432389391
1432787449
1432857077
1433686613
1434246851
1434258457
1435254199
1435271017
1435296647
1435693849
1436051039
1436083469
1436804737
1437124583
1437355279
1438122247
1438314979
1438746559
1439364461
1439400041
1439815981
1440322937
1441437119
1441579793
144181927
1442086601
1442161421
1442397191
1442402543
1443314149
1443562697
14440381
1444240019
1445439091
1446035447
1446130879
1446539209
1447251271
1447251383
1447346609
14483773
144868907
1449693353
1449709819
1450474889
1450626217
145159579
1452529073
1453829623
1454270771
1454530723
1454924671
1455051223
1455159833
1455652459
1455998807
1456325141
1456334807
1456584329
1456589207
1456600241
1456713359
1458128311
1458464537
1459603619
1460214499
1461771239
1461956863
1462298419
1462646513
1462872241
1463019953
1463090987
1463381819
1463493299
146380669
1465111547
1465933031
1466495879
146678449
1467075637
1467796237
1468065701
14692417
1471148831
1471661267
1472311679
1472377927
1472973167
1473210203
1473353267
1474854541
1475171777
1475864267
147610283
1476120857
1476127297
1476163163
1476585181
1476736571
147704759
1477255319
1477414229
1477861337
1477906949
1478100529
1478357521
1479168661
1479334211
1479416129
1479437221
1480199429
1480384513
1481350153
1482701947
1483095797
1483368869
1483444117
1484217263
1484609843
1484745209
1484839709
1485316193
1485598459
148588477
1485936259
1486165781
1486620319
1486793437
1486918793
148706843
1487289229
1487705641
1488388801
1489294949
1489511689
1489822847
1490957401
1491734723
1492078129
149221043
1492271591
1492433903
1492501183
1492731613
1492937437
1493575151
1494799573
149505437
1495553
1496083177
1497587879
1499123729
1499487203
1499741489
149986843
1500043339
1500698939
150136223
1502385239
1502519587
150299267
1503756173
1503843101
1504340003
1506150263
1506444661
1506788509
1508068981
1508282987
1508381977
1508420603
1508841157
1508925631
1509239791
1509385387
1509759397
1509759907
1509912101
1511237687
1511382251
1511988437
1512035849
1512552793
1512694123
1512884533
1513003249
1513003357
1513136893
1513310881
1513406579
1513435667
1514355343
1514362559
1514786101
1514978233
1515223013
1515260917
1516590347
1517508563
151755619
1517689871
1517972917
1518016891
1518628039
1518744611
151903021
1519257821
1519428413
1519643267
1520147669
1520499131
1520644673
1521445451
1521844183
1522666993
1522834139
1522921349
152327081
1523419637
1523606701
1524246917
1524607907
1525434811
1525485037
1525726357
1525743467
1526250619
1526257003
1526513777
1526668103
1528136189
1528154899
1528442317
1528568059
1528888519
1528970371
1529814799
1530354359
153083753
1530857329
153089309
1531281337
1533111191
1533114019
1533322573
1533355673
1534030067
153440939
1535479381
1535785649
1536463567
1536765827
1537305089
1537446353
1537807399
1537971041
1538371297
1538479469
1539552043
1539698647
1540882741
1541309711
1541389621
154228201
1542808373
1542881849
1543992301
1544362507
1545127099
1545698873
1546146703
1546347899
1546922827
1547070451
1547284127
1547503459
1547715347
1547821201
154818421
1548927529
1548999409
1549032997
1549543949
1549583599
1549589851
1549636607
1549650601
1549862203
1550486321
1550673379
1550708779
1551367891
1551706721
1551817963
1552034173
1552202563
1552568467
1553190097
1553425547
1553466841
155373847
1554033967
1554242759
1554780653
1556722169
1556912111
1557132673
1557204833
1557270947
1557924439
1558398847
1558429657
1559046103
1559063017
1559605031
156084079
1561560227
1561703257
156204401
1562526331
156289009
1563264049
1563288673
1564015447
1564046063
1564557697
1565521043
1566783577
1567468103
156833263
1568335429
156905027
1569077681
1569101021
1569525887
15697399
157035013
1570490219
1571555081
1571983909
1571986783
1572158177
1572813049
157389941
1573927387
1574219113
1575009643
1575488777
157584979
1576234607
1576760917
157681991
1576844617
1577915611
1578068551
157881931
1579493081
1579754857
1579870283
158054387
1581193297
1582036171
1582502161
1582888331
1583594993
1584057389
1584177587
1585119617
1585252951
1585464061
1586063153
158704363
1587683521
158820121
1588631111
1589514323
1590538693
1591352569
1591911821
1592157367
1592690881
1592814967
1593263131
1593442801
1593479171
1594101293
159486427
159497969
1595278673
1595364833
1595370817
1595778739
1596100973
1596165931
159620381
1596475883
1596950143
1597244723
1597807633
1597981883
1598038441
1598896823
159977249
1600303127
160056653
1601286607
1602018973
160218979
1602369917
1602547147
1602649171
1602705901
1602750869
1602818431
1602858473
1602955597
1602981553
1603336967
1604112149
1604353561
1604682707
1605238399
1605610051
1605977839
1606916293
1607160067
1607479739
1608376981
1609556449
1609926611
1609994611
161027653
1611367207
1611595309
1611876221
1612195939
161230457
1612332109
1612498561
1612746431
1613406367
1613711663
161389001
1614043877
1615719467
1615913477
1616062219
1616298011
1617033871
1617395401
1617623809
1617653509
1617788147
1617999979
1618101239
1618647451
1619035111
1619249761
1619382577
1619516333
1619629723
1619912573
1620562547
1621211023
1621616837
1622752699
162323543
1623289279
1623656521
1624360681
1624411093
1624820741
1624896673
1624906057
1625275937
1625395273
162541117
1626454493
1626740639
1627858289
1627996501
1628110103
1628263573
1628274343
1628741971
1628749459
162901751
162940543
1629507683
1629685873
1629700603
1629842723
1630133191
1630377533
1630521457
1630607623
163075153
1631143543
1631555831
1633282481
1633546961
1633791077
1633853773
163434101
1634777173
163540393
1635844807
1635897113
163601771
163631231
1636650857
1637477123
1637492459
1638214603
1638266939
1638482981
1638583649
163930513
1639794059
1639835891
1639903607
1640290621
1641085343
1641190679
1641683441
1641758429
1642776991
1643455837
1643748133
1644045499
1644447113
1645330019
1645744931
1645818143
1645926311
1646667377
1647056909
164773789
164829163
1648369087
1648401701
1648497827
1648773787
1649212393
1650080387
1651050679
1652442791
1653026131
1653614537
1655185979
1655197549
1655640227
1656483503
1656633779
1656788989
1656970559
1657793327
1658426603
1659497299
1659890213
1659943301
1660035079
1660187143
1660281529
1660821629
1660923041
1661103887
1662860929
1663357187
1663975993
166399133
1663992919
1664026393
1664350937
1664401759
1665150811
1665160069
1665639809
1665693947
1666023589
1667147753
1667508043
1668647567
1669038509
1669146719
1669442617
1669661221
1670026843
1670564737
1671771991
1671923609
1672458637
1672644527
1673679299
1674977641
1674998911
1675049731
1676346313
1676541899
1677147701
1677358493
1677926441
1678052743
1678438193
167885233
1679190047
1679276569
1679304859
1679461877
1681137713
168153109
1681596419
1681642759
1682367653
1682465311
1682797313
1683396623
1683561821
1683628343
1683997703
1685025689
1685379737
1685420969
1685861371
1686439003
1686611447
1686724517
1686768313
1686932641
1687557061
1689070967
1689358091
16894679
1689520373
1689566491
1689708673
1689827239
169048837
1690669469
1690739291
1691806339
1691942111
1692543599
1692577349
1693371157
1693757201
1694039873
1694175701
169444721
1695744683
1696609549
16970587
1697683831
1698243227
1698870869
1699457677
1699684529
1699985179
1700259221
1700911279
1701221971
1701407233
170211281
1702781657
170285309
1702915499
1703067571
1704198173
1705091923
1705893347
1707077611
1707164603
1708491073
1708608527
171054361
1710709261
1711900973
171192919
171193481
171229991
1712340937
1712592449
171297989
1714435577
1714569089
171507793
1715135867
1715497447
1715942353
1716199451
1716387293
1716557719
1717759319
1717780501
1718670509
1719642269
1719787829
1720038491
1720400351
1720494059
1720679789
1721585387
1722204719
1722246613
172243333
1722941579
1723596557
1724748119
1726505887
1726781339
172689131
1727122283
1727242549
1727406701
1727804977
1727841449
1728001433
1728179303
1728906407
1728931333
172917713
1729334627
1729640057
1729692917
1729959923
1730631829
1731153887
1731308933
1731586217
1731843209
1732121617
1732541501
1733843
1734537173
1735196773
1736350547
1736561389
173700671
1738162567
17389153
1739478679
1739539601
1739695381
17398081
1739939933
1740504509
174051469
1741396183
1742045911
1742245207
1742677373
1742954749
1743761867
1744139101
1744182301
1746424861
1746688381
1747248421
1747425683
1748500297
1749588833
1749987047
1750535791
1750848469
1751225347
1751620873
1752521333
175266041
1753036451
1754926631
1755579823
175562461
1756385339
1758637429
1758646229
1759603007
1759708241
1760294339
1760814311
1761959681
1762135717
1762468991
1762483069
1762792099
1763586199
1763743271
176397601
1763996239
1764089909
1765096651
1765130083
1765333819
1766110471
1767005771
176712073
1767727211
176802559
1768670873
176899753
1770357877
1770401147
1770788213
1770955237
1771188127
1771459909
1772488463
1773242371
1773390383
1773421333
1773601751
1773614287
1773732001
1774193269
1774342483
1774840033
1775214733
1775312779
1775904199
1777113271
1777797013
1777908019
1778015929
1778038649
1778066903
1778228653
1778378167
1778532659
1779412861
1780827247
1781675477
1782018571
1782084851
178212737
1782256961
1782430673
1782525229
1782602027
1782677867
1782831977
1783242913
1783549331
1783689917
1784398339
1784698939
1785702407
1785743261
1786067627
1786174837
17865049
1786986029
1787004983
1788194581
1788652223
1790263987
1790601649
1791180557
1791534917
1791841477
1792251523
1793130331
1793337977
1793418163
1793432923
1794771907
1795148941
1795313831
1796418629
1797294971
1797391121
1797777257
1798657843
1798888123
1799427541
1799436113
1799527949
1799956589
1800038459
1800141803
1801083829
1801240277
1802147869
1802208433
1802747939
1802753011
180312259
1803246877
1803324671
1803508513
1804477399
1804779017
1805315179
180537083
1805386901
1805630597
1806067721
1806351727
1806430739
1807094717
1807875983
1808188001
1808393177
1808614337
1808954639
180901207
180912107
1809488227
1809668963
1809679411
181038961
1810532957
1810724819
1811095021
1811330299
1811464163
1811627347
1811712347
1812084121
181215823
1812499867
1812570469
1812779693
1812903509
1812979121
1813511879
1814319487
1814648207
1814971381
181506019
1815480259
181570031
1815758081
1815856577
1816016077
1816801559
1816915957
1817680957
1818039151
1818238811
1818651077
1819965881
1820835221
182296417
1823068309
1823256181
1823268287
1823272651
1823301479
1823897083
1824867971
1825551419
1827680497
1827985541
1828532369
1829164451
1829198893
182923649
1829256941
1829936863
1830609161
1830616189
1831094807
183112663
1831270807
1831392361
1832277613
1832479889
1832527579
1833005663
1833472637
1833514013
183364087
1834247881
1834539523
1836048509
1836412901
1836444217
1836998269
1837140061
1837898681
1838002891
1838440561
1838504893
1838923907
1839326899
1840372693
1841258693
1841628463
1842232207
1842575479
1842934939
1843213517
1843265989
1843643233
1843945643
1844183123
1844943161
1845255773
1845260269
1845912631
1845940267
1845965353
184601353
1846356269
1847565431
1848194419
1848284303
1848638867
1849210709
1849233119
1849862351
1850271457
1850410343
1850808877
1851246797
1851560077
1851826969
1851867679
1851970283
1852163219
1853268919
185344283
1853626013
1854055919
185405999
1854728989
1854811279
1855073401
1855321049
1855434617
1856886817
1857077449
1857250777
1857480353
1857958763
1857977291
1858581617
1858714849
1858734359
1858760413
1859638999
1859723009
1859992261
1860086971
1860500833
1860799939
18608377
186148663
1862080699
186231373
1862686601
1862882633
186334469
1863976193
1864147147
1864230397
1864466899
1865550691
1865779381
186582043
1866844907
1867178671
1867209371
1867291969
1867604009
1868263477
1868356111
186902399
1869036031
1869550693
1870862537
1871477303
187148557
1871490877
187170439
1871913427
1873415101
1873579063
1874326031
1875101467
1875135709
1875721319
1876040713
1876445843
1877197519
1877865569
1878175597
187825873
1878281623
1878354539
1878404909
1878674737
1878977371
1879084357
1879437083
1879602293
1879649881
1879909093
1879980059
1881179317
18813043
1881978667
188214041
1882829159
1884096623
1884302971
1884788953
1885219181
1885457461
1885859219
1886181883
188667499
1887114611
1887436589
1887461269
1887465379
1888337453
1888817401
1889302321
1889783261
1889850037
1890856039
1891866161
1892174387
1892307803
1892956771
1893789743
1895358743
1895389477
1896358657
189674201
1897933621
1898036869
1898756647
1899262427
1899346027
1899462211
1899572483
1899673639
1900283123
1901971691
1902397769
1902461423
1902863689
1903366033
1903457321
1903655027
1904139253
1904434417
1904489771
1905482099
1906600979
1906640413
1906655249
190717957
1907229223
1907242621
1908161999
1909133869
1909399909
1910310397
1910785979
1911055403
1911706177
1911790217
1911888037
191211101
1912808153
1913166439
1913376943
1913384423
191428711
1914432431
1914451873
1914670657
191473553
1914923711
1915059053
1915234987
1915604267
191563717
1915720561
1916064173
1916300069
19170761
1917512071
191751349
1917881461
1918657591
191916563
19191743
1919238571
1919626481
1919634229
192049829
1921323853
19216663
1921784819
192212791
19224287
1923091699
1923414929
1924345979
1924869679
1925810141
1926542333
1926790951
1927201469
1927444111
1927479017
1927639873
1927798739
1927836301
1928649533
1928890673
1928936969
1929154411
1929348049
1929502297
1929690337
1929707411
1930166219
1930426249
1930963759
1931341961
1931731903
1932396659
1932680111
193293209
1933139393
1933680319
1933796899
1934441573
1934572349
193460009
1934617499
1935327133
193655807
1936635739
1937192219
1937271073
1937421023
1937443903
1937536553
1937687239
1938167837
1938314423
1938564559
1939273043
1939804319
1939929557
1940048731
1941546661
1942386637
1943005787
1943190973
1943342399
1944017893
1944544549
1944694547
1944729119
1945011841
1945668157
1945793501
1946099087
1946200493
1946772743
1946848973
1947563399
1947648413
1948121389
1948174213
194818669
1948235713
1948979737
1949153501
1949429879
1950697907
195220171
1953011551
1953083557
195315853
1953398519
1953459841
1953519277
1953556499
1953568259
1953968267
1954058677
1954229113
1954589993
1954947481
195506911
1955101619
1955175437
1955621249
1956105409
1956202273
1956211091
1957102349
1957654007
195768623
1959140831
1959217223
1959537731
1960014289
1960826083
1961779873
1961948449
196328677
1963537073
196390223
1964414281
1965708541
1965847601
1965868111
1966434157
196657081
1967216677
1967438873
1967830103
1968082283
1968741809
1969368101
1970004247
197003407
1970780789
1972101809
197225423
1972445317
1972498727
1973374573
1974453983
1975137247
1975164677
1976758501
1977770911
1977786661
1977839657
1978612529
1979497337
1980514687
1981034093
1981926473
1982123053
1982815031
1984925237
1985274703
1985905741
1985933497
1986263627
1986785887
1987044467
1987436551
1987596529
1987620443
1987976671
198814381
1988834467
1989233723
1989347449
1990156841
1991422033
1992220619
1992442729
199322503
1993472549
199366529
1993676803
199397689
1993996397
1994246153
1994399191
1994757553
1996002461
199635389
1996570271
1996625879
1997683007
1998803687
1999811743
2000109899
2000682317
200075683
2000930639
2001556343
2001851347
2002749157
2002954097
2003256041
2003265403
2003614631
200369233
2003740579
2004492769
2005364843
2005950509
2006001709
2006049323
2006196037
2006612717
2006632591
2006671033
2006919511
2007276619
200737711
200737811
2007597821
2007690131
2008267577
2008447513
2008778323
2009527889
200986013
2009884637
2010266969
2010276959
2010688763
2011542679
2011615499
201211511
2012896969
201291787
201292391
2013079903
201311797
2013389839
2013593479
2014522273
2015239307
201549527
2015558639
2015713621
2015757343
2016192487
2016627383
2017040783
2017094707
2017511201
2017547249
2018381159
2019540079
2019644839
2020422119
2021106277
2021233337
2021372651
2021521673
2021582833
2022513371
2022711191
2023647359
2023999321
2024046769
2024255371
2024385359
2024429821
202497409
202534261
2025389491
2025406577
2025631967
2025727013
2026289197
202645631
2026787927
2027223389
202781473
2028343697
2030172091
2030557951
2030563819
2030733379
2030805433
2030914013
2031123683
2031962059
2032058689
2033310401
2033392799
2033742097
2033772289
2034107773
2035521199
2036136073
2036217839
2036546153
203694691
2037470437
2038397059
2039155343
2039288477
2041371971
2042025257
2042398213
2042720593
204360061
2043864919
2044866973
2045212669
2046142519
2046365311
2046876791
2046943727
2047813541
204795559
2048531497
2048589871
2048632589
2049131089
2050283233
2050736357
2050833409
2051532937
2051586463
2051740283
2052426731
2053101287
2053488847
2053634329
205383379
2054241047
2054529943
2054558669
2054912231
2055718739
2055924329
2056407611
2056477013
2056862707
2057970157
205807453
2058218489
2059581863
2059737271
205975037
2059915411
2060168603
2060433761
2060621939
2061369283
2061558469
2062298939
20623891
20624257
2062850497
2062972979
2063685109
2063942347
2064359813
2064641801
2065320263
2065935061
2066274131
2066678693
2066926493
2067069853
2067078487
2067085939
2067892217
2067952529
2068110823
2069323537
206975767
2070394801
2072302381
2072585327
207286817
2072887423
2073213293
207329
2073296689
2073830503
2073961951
2074767727
2074994633
2076142151
2076487597
2076802757
2077167641
2077207609
2077773301
2078129939
2078219887
2078288053
2078363711
2078511739
2078873939
207955457
2079778391
2080490857
2081010149
2081309173
2082153653
2082449483
2082801659
2082811259
2083348741
2083497127
2083544977
2083744489
208435471
2084552641
2084766053
2085950863
2086013507
2086191893
2086216463
2086355639
2086692919
2086908119
2087905009
2088781987
2089118527
2089162529
2089223359
2089232293
2090607551
2090980487
209098447
2091090863
2091245207
20912531
2091430837
2091864799
2092326647
2092389697
2092390031
2093055869
2093163923
2093476823
2093597483
2093763641
2094499993
2095223549
2095764553
209584049
2096255219
2096372779
2096464367
2097496459
2098333093
2098395347
2099084833
2099679451
2100105613
2100977981
2101186631
2101390673
2103005081
2105406001
2105636257
2105670373
2105943701
2106249841
2106348553
2106606431
2106784363
2107021219
2107949803
2108422777
2108630081
2109800933
2109969373
2109983489
2110309969
2110614419
2111317933
2111658977
211183387
2111894423
2113014887
2113114037
2113912901
2114736629
2114975977
211510699
2116162133
2116421147
2117579879
211808893
2118486389
2118546007
2118583213
2118636167
2119380661
2120347507
2120424139
2120727293
2120831137
2121404599
2121682963
2121882097
2122452757
2122883657
2122908883
21233909
2123787437
2123923183
2124302017
2124991831
212500811
2125308253
2125577759
2125586273
2125675451
2126554333
2126950433
2127117221
2127399871
2127482587
2127511283
2127675391
2127705479
212808751
2128326631
2128348219
2128434251
2128825423
2129290789
2129296007
2129334073
2131100201
213124913
21313001
2131337279
2131444793
2131677479
2131833793
2131933873
2132089111
2132224279
2132388301
2132614439
2132968261
2133985681
2134461229
2134812733
2134856029
213511421
2135379229
2135953667
2136007733
2136106993
213631021
213687163
2137080877
2137153313
2137719611
2138222501
2138468797
2140045339
2140277693
2140915207
2141152933
214138433
2141586773
2141597687
2141759573
2142183661
2142364733
2142474121
2142695701
214299677
2143701991
2144170027
2144698099
214498763
2145002297
2145268187
2145337697
2145502883
214556633
2146991369
2147044643
214847539
215760619
215920597
216227041
216687827
217019923
217094819
21819601
218446489
219902213
219985177
220198469
220732153
220797937
221095547
221292971
222717923
22293269
223017313
223534013
223694057
223735937
224331181
224738989
225010531
225644897
226255327
226563679
227353109
227567521
227614031
227655031
227788081
228064229
229428391
229615489
229659293
229915583
230302739
230715977
232422217
232569479
232639133
232732609
23328271
233431609
234238447
23619121
23639279
236919827
237180527
237578021
237734989
238207919
238536113
238899371
239069143
239516003
239739919
239800357
240116269
240739903
241187251
242562461
242639753
243428681
244745437
244910287
244990987
245221807
245835901
245841751
246154333
246175921
246393743
246550153
246597761
246635113
246854591
246863233
247371209
248404913
249049399
249193271
249703081
249839671
250065757
250149929
251041939
251567053
251583301
251625457
252867151
252880673
253625257
253734331
25393829
254602531
255218987
25559203
255597389
256099621
256170973
256492507
257072059
257347087
258155239
259321903
260375693
260533307
260933203
261481399
261498053
262287083
262631879
262907233
263972237
264689837
265629137
26622143
266251561
26735669
267372269
26840479
268525619
268700209
26874079
269207693
269572529
269637209
269864447
270071861
270264551
270732401
2708477
270895511
271752373
271932139
272241847
272908523
273175667
273312203
273460093
273726889
273881039
274847009
275929319
276099331
276541981
277160749
277195181
277284701
277433869
27784331
278506117
278761753
279431597
279876173
280196999
280448447
280635479
281032421
281929103
281934827
282222221
282240463
28251781
282555751
282630527
282910633
28318567
28350143
283613801
283858489
283980547
284229679
28443901
284547761
28497563
28569161
28575377
285792569
2860807
286118531
286237187
286487533
286510837
286532867
2866051
286674943
286940477
288094237
288118381
288189767
288398371
288458509
28858421
288848459
289018231
289209803
289794877
290169511
290459443
29059159
290831881
290869237
291474797
291479567
291501083
291527771
292474807
292499083
292703821
293062613
293905021
295140169
295901909
295978583
296107769
297148997
297214601
297365833
297736619
297738253
298218799
298222787
298754051
299098997
299297981
299818531
299861323
300104381
300105479
30015793
301042799
301105253
301141439
30160103
301886831
302094031
302811049
302844557
302904377
303523091
303626899
303934801
303978109
304072871
30439709
304904801
305018071
305157467
306576059
307345223
307644137
307668143
307994447
308306953
309304507
309354821
309655781
310697707
311418889
311432573
312008927
313792099
313811627
313866379
313947149
314104487
314402623
315351221
31572181
316806073
316931141
317423891
3175897
317608969
317753747
318439309
320233183
320457023
320572069
32079889
322234933
322833799
322840043
323330431
324117799
324190171
324644753
325297631
32606027
326601437
326681753
327055777
327154127
327360791
327443309
327658937
328014539
328270849
329584067
329677867
330314837
330678703
330897991
331132819
331529491
331957
332338957
332492179
332566337
333136339
333281191
333417127
333784861
33391543
334190083
334277453
334444963
335086879
335361359
33549889
33557087
335585039
335933603
336571523
337020209
337689791
337907707
338583803
338608943
338662873
338881351
339703787
341108797
341439629
341544013
34183367
34200869
342678767
343078331
343106633
343285343
343612301
343948901
343994653
34436309
344537527
344983651
345488729
345664721
346053769
346242907
346478527
346498367
346634179
347796373
347798851
348422467
348634303
349444301
349856491
350100341
3502231
351245497
351269327
351394357
35281289
352881713
353137217
35323213
354132131
354406141
354441649
354576889
35588689
356212127
356892727
357446813
35787683
358084843
35809261
358766879
358918783
359108909
35934607
360042233
360866437
36127163
361315499
362453647
363287579
363374041
363495529
363574217
363597797
363814459
364905481
366414809
366680723
367267247
368751787
368858447
369278993
369796127
369810797
37016471
370787227
371007409
371256913
371441633
371490797
374010223
374322329
374702347
374746277
375011621
37591187
376322459
376431403
376550081
376787063
376897753
377107733
377335229
378005827
378191137
378332069
378343429
378741743
379227001
379374547
379407053
379858027
379885423
38063161
380984291
381266059
381633169
382162589
382216357
382268251
383319787
383911027
384085489
384344689
384424939
38446439
384503173
384517141
3845717
384694447
384738293
385367977
387527501
387862199
387916567
388070521
388275001
388576739
389050169
389281741
389608099
389788253
389877491
39024611
390533903
391469993
39200611
392191727
392295457
392363843
392380013
392774191
394287247
394734143
394801787
394866841
394975657
394977599
395133121
395543417
396232757
396625591
397975757
398450021
399279169
399625333
400648181
400876529
401110741
401120011
401198779
401218247
40124963
401542459
401889689
402183541
402306997
402683117
403162951
404383151
404383531
404538133
404685781
40546897
405521551
406703491
407020697
407060627
407518513
408648083
411524569
41187827
412265549
412499471
412757099
412789409
413008109
413101277
413273087
413939353
414875143
415106977
415154477
415300129
415926293
416577341
417100601
417255541
417303923
41747191
417846571
417918239
418033537
418417091
418741927
419376929
420107011
420448393
421681297
421807129
421822273
422133587
422396729
422649089
422805583
423698623
424361657
424718171
424888447
424993937
425384857
425487367
425544139
425605517
426701959
427125229
42721529
427438027
427795609
428275733
429044503
429214559
429619067
42979999
430879781
430911673
431125507
431457553
43172411
4318729
43198219
43218271
432465083
433182247
433469903
433506011
433687013
435064271
435334871
435358073
435617813
436180637
436206763
436753727
436837909
436864919
437916463
438049501
438266051
438494911
438913229
439205969
439214359
439231217
439508033
439580923
439775527
440060989
440136563
440240947
440939267
441040499
442116131
442400521
443259097
44362897
444392899
445407731
445423829
445536571
445757693
446383307
446967623
447377017
44747981
447604139
447635869
447735251
447866057
448237327
448999357
449077973
449437921
449506691
450103657
450398237
450540599
450548663
450970249
451424111
452371487
452680901
45280969
452830351
453335177
454159619
454544509
454631537
454743893
454832149
454989463
455522387
455639419
455821661
455825807
455901671
455927071
456949547
457075933
457272961
457417603
457604933
458318867
45914731
459228067
45944611
459857533
459879163
460018267
460723853
461404991
462049481
462305329
463318447
46333337
464650799
464894281
465172879
465878177
466498363
466712641
467459401
467568113
467590063
467833609
467960609
468076823
468769549
469102259
469800607
470740819
470970083
471295457
471555241
473476721
473968757
474131519
474343313
474901667
47497913
475004923
475009543
475247939
475503803
475551767
475686287
476038181
476055941
476251201
476911741
477282503
477823903
477927581
478900297
48067373
481960943
482171101
482307979
482827067
483492367
483566333
483973603
484153639
484789601
485587481
485961739
486161407
486402757
486837607
487051273
487389713
487651403
487843793
488579981
488763641
489400697
491251819
491508179
491699597
491940061
492039937
492325139
492472777
492795307
493048901
493221083
493558319
49356311
493645151
494014247
494114573
494562157
494642063
494884723
495063143
495097903
495517249
495740899
496073251
496085767
496177219
496612283
496732381
497641253
498162149
498199223
498573497
498918913
498929603
498980297
499358659
499412827
499608029
49998197
500019721
500021399
500081683
500613077
50118191
501566669
502973347
503417561
50372219
503754451
503816519
504060331
504777653
505221097
505856213
506854261
507591829
507655909
507748181
508293649
508495717
508516303
509076247
509328119
509391193
509443927
509741411
510871189
51102407
511384607
512820643
512851621
512891861
513249197
51448753
51579331
515953709
515975573
516617729
517026487
518082827
518280943
518348939
518536621
518625797
518733997
519136421
51928579
520191703
520365089
520525127
520916479
522858353
522873289
523482067
523715657
524122939
524190761
524552579
525123751
525320563
525912067
526064941
526295191
526733267
527235811
527786741
528118489
528238591
528428669
529036337
529199389
530821979
530850349
531419827
532311889
532464473
532551541
532930927
534236957
535003451
53579447
535965523
536700211
536838151
537327397
537380189
53775061
538284463
538386559
538427269
538514023
539112263
5391679
539451901
539668121
540541357
5407187
541396769
541523993
541680583
542045941
542419753
543118217
543183863
543911279
543952153
544224509
545712179
546146443
546335857
546629257
54722501
547234729
54746819
547958029
548297489
548991077
549042491
549107659
549457417
549748741
549838763
549840817
550864339
550920467
551109101
551248787
551436637
551482117
552521719
553138813
553655447
553847039
55405247
554276521
554460239
554486123
554595451
555540109
556506337
55658401
556694443
557011811
55735907
55748111
557758657
558262967
560023507
560195347
560609887
560672017
560952779
562202021
562451347
562822567
563022689
563359499
563462327
56362127
564595169
565569359
566979607
567371773
56781839
5680231
5690969
570421037
571003201
571268993
571895123
572006891
572261357
572282947
572397031
57551029
576040249
576162233
576274961
576612901
576626917
577506739
577637497
578003441
578851487
578878819
579553003
580383781
58103699
581453959
582183529
582827347
58300019
583636199
583650643
58404653
58417283
584240057
584281301
584419373
585290227
585465509
586585037
586725967
586759253
586811413
586983107
587223107
587546629
587565973
588478309
588679501
588762283
589403239
589907807
590002747
590050067
59022637
590852413
590883373
591459487
591741937
592377329
593225417
594723403
594762517
596418049
59657119
597633151
597863003
597925583
597998857
598593937
599236873
599281619
600712369
601177807
601617409
601690783
60177421
602975441
60430259
604695067
604917139
604994701
605139047
605333341
605531071
605935829
606650959
606870793
60703529
607433147
608762041
609130657
609841909
610102457
611938009
611974739
612416863
6124901
612937621
613038961
613472861
614373103
61445401
615792481
616887889
617056507
61737373
617737763
618077731
618367759
618538357
618634741
61949081
620160839
620357051
620741021
620803951
62084339
620917001
621113149
621277829
621838363
622306747
623352137
624150829
62434819
624462317
624914813
624988123
625245319
62542679
625664591
626225023
626234773
626567159
626682919
626691887
62758733
627629797
628108519
628933429
629167751
629443337
629474537
629632379
629681401
630100381
630451651
630689387
630952607
631041557
631821301
632233457
632391349
632871793
63294851
633683597
633705101
633905729
63429169
635735539
636690581
6369889
63727553
637440877
637462769
638028089
638062421
638111603
638262137
638389363
638431223
638438533
638553379
638743559
63878063
63881491
63904811
639875429
640046131
640294517
640443607
640638587
640693069
641154013
641559389
641577679
641784151
64190179
642465403
642719611
642816541
642932063
643227173
643271911
643325653
643680251
643719521
643817507
643828649
643878659
644296363
644628841
644722957
645727193
646455473
646673039
64764439
647705881
647816677
647991287
648122141
648196729
648214321
648278747
648331283
648337673
648627113
648656251
648696067
649383607
649596209
649843741
649922621
650170541
651420463
651486809
651538091
651567457
652139557
652535173
652625131
652639087
652725467
653604863
653646971
65374277
654742783
655347839
655436381
655471763
655539319
655546973
655979659
655988153
656532941
656563469
656737229
656802019
657157477
657911231
657956921
658229657
658381439
658709341
6592433
660075947
660291739
660653293
661170997
661765333
661774649
662411809
662521099
662798111
662988259
663132781
663834641
663985921
664030579
664110089
665140811
665536171
665758417
66615191
666843179
667763561
668054161
669270521
669427111
669542873
669581791
669854987
670491967
670818101
6713029
671609863
671864197
672338201
672691363
67304449
673221931
673307281
673327867
673718173
674035517
674219773
674355301
675773753
675778903
675977761
676159171
676287943
676793483
678204053
678510347
678524569
678684857
679136267
679241729
679287229
679786777
680501461
680600171
681293149
682533977
68262989
683117093
684090749
684393317
6846599
684685493
684781849
685213819
685363897
685429219
68574659
686247787
686364089
686390659
686477707
687108061
687719707
688129151
68873593
689096599
689846477
689860573
689894393
690382211
690593251
690882949
690945727
690950033
691220501
691230923
691552189
692110187
693879289
693897409
694405433
694500239
694643533
694845917
695047781
695129417
695453207
69561257
695812217
696210227
696246071
696250741
697516219
698175637
698412371
698653271
698963543
699342451
700039511
700107257
700142579
700816037
701617603
702286279
702535019
702555163
703559743
703724393
703881089
704393959
706366471
706495759
706783801
707645399
70853437
709171357
709289117
711270059
711340199
711981703
712085333
712272949
712604393
712623617
712779061
712935257
713019331
713042893
713311223
713456201
713554157
713676487
71455481
714825341
714949667
715002293
715337977
71581597
715979993
716478877
716764507
717088627
717595127
717840443
718715719
718877717
719130271
71937617
720415889
721668947
722138693
722210231
722342069
722518091
722578937
722954887
723435443
723552629
723921713
724502059
725198207
725604241
72561641
725998591
726040643
726053249
726442237
727373399
727732157
72780599
72814471
728319731
72900533
729094903
729665767
730555543
730883147
730884563
731296387
73136369
731641709
731894311
73215097
732665771
732901979
732980587
733067161
733496453
733547623
733880731
734219077
734296513
734519231
734694263
734836943
734981567
735054373
735145819
73587307
736554031
736789607
737258611
737303051
737681981
737777297
739409507
740033461
740110541
740392529
740735089
74107597
741092857
741495037
741566323
742610723
743040533
743911151
744542923
746242069
746271433
746905583
747647533
748862929
749080181
749530087
749548409
749612653
749901419
750637969
75077741
751022737
751480399
751584523
751771171
75308599
753092357
753120853
753484703
753554363
755493859
755838469
75593929
756115853
756357577
756474781
756863221
756928717
757263343
757476637
757682983
757991873
75853259
759316751
759852803
759982187
760218763
760608319
761011703
761059319
761197447
761463889
761654603
762000037
762158669
762289573
76264411
762740509
763248149
763348423
763514771
764080813
764150021
764432687
7645403
764545291
765008017
765084007
765239507
765271319
765485549
765530173
765625961
767276863
767430109
76786447
767918659
768335609
768364687
769218041
769606879
769942331
769995757
770469439
770959909
77106061
771240341
771524531
77152553
771725153
771859027
771934547
772141451
772286821
77292991
773184887
773450243
773476799
773772343
773812531
773921569
773990029
774417899
77460079
774705017
774849107
774924439
775495129
775551019
776388731
777309943
777429239
778316249
779388941
779603131
780328663
781297691
781306787
781578799
781652483
782039701
782918053
783928303
783972337
784187051
784319359
784560631
784875241
785240629
785654357
78579713
786354253
786428189
786918071
786992249
787268039
787732721
788065319
788301313
788388973
789104839
789320951
789635893
789776341
789813677
790270837
790470599
790705453
791576777
791638963
792039679
793443557
793870633
794795447
795671399
796074611
796351949
796572659
796808449
797795857
798208231
798413593
798599467
79879847
798983447
799241549
799569863
799840141
800954773
801525701
802678717
803570303
803839411
804415991
804599569
804706961
805244519
805885001
806055347
806696701
807478433
807990983
808184653
808197133
80821483
808409233
809555093
809977687
810329731
810395303
810465119
810893
810932417
811020143
811425359
811744553
811829521
812725097
813084577
813497627
813645649
813971651
814046147
814776491
814897273
815408071
81597449
816010417
816113437
817149043
818040403
818161843
818895937
819107743
819343097
819451813
819599071
819721039
820161193
82031891
820350301
820686259
820713259
820894511
821202871
82131461
821657981
823735613
824787553
825224381
825240811
825713849
825716219
826121027
827039489
827361901
827860871
827896679
828229951
830268949
830854459
831248599
831512237
831732757
83218277
832866581
833321773
833623019
833846983
833962879
834243367
835746881
835995059
836131061
836526149
836957441
837574427
837800941
838275233
83870387
839216953
839410837
839850299
840213809
840306199
840507131
840645691
841545247
841641067
842562757
842669111
842672179
84304603
843321581
844011541
844525051
845037233
845085617
845413357
845468539
845894339
84613051
847206137
847309571
84793139
848066773
848106713
84839453
84854989
848784799
849226733
849578489
850436947
852509677
853460021
853610161
853948519
854351999
855360197
856516207
856604009
857652713
857715113
858208937
860230037
86054231
860866541
860920859
861071243
862073617
862096211
862389191
862419457
862605283
862898899
864022981
864311573
86554561
865546309
865581193
865886779
866896001
866899387
86749463
867663889
867749849
868341631
868711001
868980361
869074511
869556827
870660319
871228093
871545791
872576071
872809043
8736647
873745729
873870919
874247999
874320479
874520501
875604271
876332791
876393361
876532387
876656021
876778849
877025341
877229741
877997671
878079409
878669923
878685433
878846471
879116761
879335533
879504133
879622409
880298513
880891447
881085343
881757143
882194303
882495503
882567319
882668329
882766751
884421053
884437877
884656193
884878307
885621109
887132453
887569483
88763887
888298123
888553063
889369049
889572017
889750493
889854827
890008487
890022593
890588327
891658513
892646063
893083343
893196503
89326051
894350789
895033049
895363571
895435657
896065553
896174663
896248351
896443069
896991439
897294421
897745603
898492873
898492873
898717601
899579287
900371243
901324661
901815709
901899731
90261839
902790517
903993869
904164773
905404351
905788561
905876639
905916763
906226331
906275011
907228367
90750241
907643489
907966571
908317283
909644999
909699029
909791569
910255513
91154821
911653243
912037141
91276459
913811011
914005171
915415601
915613441
915910519
91607939
916910513
917356787
917774237
917844553
918547891
918620413
918643793
919203511
919741729
920347793
920843533
921863857
922002229
923889391
925274327
92529643
925862227
926138111
926601721
927476351
92765047
927837901
927857507
927905903
927963161
927995417
928869563
929391013
929574083
930954517
931172677
931849819
932145749
932216371
932569427
932569709
93261227
932637907
932921833
933050197
933247547
933464969
934039681
934803169
93569381
935899273
936973727
937031423
937060387
937077751
937479443
938040769
938180963
93864637
939932633
940340411
940485677
940880509
94137163
942731479
943202243
943485863
944517073
944618443
945227651
945894143
946117967
946429301
946801351
947584801
947917889
948316141
948567121
948867607
949146113
949270979
949904281
950475301
950587529
9512003
951798059
952144477
952672733
952754459
953614379
953915453
954260387
955369169
956084827
956232089
956335981
956610049
957033149
957260767
95779459
95906771
959684897
960676247
961121789
962427523
96274337
962751971
962888947
963066427
963691717
963900503
965387693
96564451
966220067
966307019
967520399
967732399
96836339
968980379
96998983
970381163
970488203
970599031
970762069
97121671
971746733
9723937
972449117
973258061
97330637
97417031
97432919
974535439
975441223
97626877
976630661
977467849
977568887
977589901
978125419
978133487
978537919
978740849
979082813
981224381
981336623
981705643
981831497
981859717
982030639
982715381
982913969
983162711
983167943
983362243
98377451
983848561
984442889
984980771
985092473
985367839
986367479
987016829
987527969
987610331
987611333
98843279
98852729
988618703
988751329
989876579
990273721
990590917
991646687
991868929
992260483
99245273
992734387
992951881
992989553
993815951
993837547
993895333
993911549
994799609
9968219
997071703
997153511
99877919
999120517
999120553
999255821
999300781
99995261