0.000000
21040.367484
46739.801169
118552.387178
134885.290924
138647.756212
181413.096885
262021.972486
332218.489221
448697.736504
526654.982723
604758.267024
622459.032072
625160.865084
633787.798909
654740.719161
679518.080335
721477.046511
781941.456093
792048.922083
806557.973974
862543.537689
876718.565396
927841.996415
955220.453127
1029921.555296
1050202.087970
1079582.359315
1160281.097530
1231518.279511
1302497.111652
1380679.108219
1398218.250270
1471497.662737
1506118.861561
1580480.244217
1645417.261386
1659699.100896
1743926.054199
1813274.618690
1829276.806113
1875160.994175
1936842.288462
2013815.673077
2048154.634615
2085561.412654
2101499.451724
2120295.734561
2128858.161690
2234976.541665
2273830.258402
2358711.664299
2392898.750905
2481802.457661
2500229.211304
2532470.276381
2557758.364195
2670094.615385
2672689.769231
2685131.013041
2698543.328494
2744870.294592
2857089.611771
2874423.514338
2921778.505937
2967665.460687
3034743.442753
3153960.173077
3214418.576883
3305002.635598
3313469.617630
3328993.824328
3395813.344879
3398138.335027
3428348.469225
3468862.097044
3511454.566603
3523728.535214
3603566.051949
3657767.500000
3712545.673077
3712814.072599
3731954.846154
3835897.326923
3903134.423077
3912860.111629
4005138.250000
4056899.207292
4149561.134615
4254086.903846
4290432.692308
4377611.020138
4461721.014003
4540381.535185
4578464.665234
4640365.698928
4705568.765370
4754695.285102
4806712.126736
4840686.583366
4854886.648203
4903968.701362
5013197.067234
5056417.750605
5079158.859621
5101273.931983
5184109.690887
5216161.712879
5246104.121883
5313495.411101
5402076.518391
5436522.445558
5463632.251029
5478714.679989
5556116.689749
5592232.553512
5630734.360914
5632422.315695
5669694.777245
5764671.292255
5847221.684842
5895933.840327
5972972.118444
5973529.154702
6036497.599456
6040693.145864
6062405.832028
6114308.433710
6205650.687995
6229125.938492
6315992.591440
6371942.620243
6461910.343649
6526577.667641
6540221.791761
6600155.084783
6606061.158302
6683820.180019
6745332.868784
6805425.638703
6847314.676767
6949643.044340
7019681.958462
7061319.121109
7065794.157984
7155708.581666
7188494.026546
7233809.046644
7244743.354601
7324853.548954
7349544.398903
7441229.178312
7465847.380826
7472921.741907
7474472.685435
7511407.385948
7604767.443023
7633481.392691
7695237.907181
7735789.659785
7805049.844289
7861403.014270
7914865.942782
7950504.203734
8015840.896534
8066330.567189
8081084.611959
8138068.436989
8170359.283483
8218751.138989
8302131.036118
8312520.099926
8327767.733822
8358774.163967
8401920.754550
8500774.454508
8524414.027646
8596601.684547
8650418.363111
8716026.886648
8800185.209894
8816767.206887
8889856.876671
8914056.485219
8918760.352056
8997788.724813
9022505.953064
9041506.839746
9135081.444175
9185528.988240
9280559.067575
9335498.509735
9355500.072663
9411884.584262
9451047.881801
9488292.653302
9551957.499162
9560428.585513
9611680.718364
9630893.624884
9727498.681824
9780257.305869
9824908.289404
9846457.893154
9900958.389174
9928311.125066
9997542.346568
10042825.846547
10050543.864913
10085326.946421
10182213.251777
10270759.207219
10287051.589245
10375356.473616
10473910.644780
10539094.145149
10555627.222766
10630580.318748
10640410.956598
10704369.895943
10777736.641513
10874831.530689
10910245.655202
10973032.304953
11000056.263943
11056272.221666
11102089.029915
11152714.034058
11153018.948026
11227455.532846
11287079.567372
11387040.759508
11430828.278696
11478115.649319
11574935.777715
11593247.137594
11645071.208520
11672923.481629
11691364.713957
11696065.638419
11778039.438112
11836400.296490
11933375.439652
11999156.065462
12013365.790661
12078369.365725
12098622.536603
12187677.813183
12221599.269508
12246391.581388
12284140.857306
12308993.139072
12349580.964496
12371825.979043
12420426.869606
12439374.505511
12501314.449246
12572497.081065
12582803.708994
12669081.445605
12677432.096217
12704355.846523
12767374.157593
12849510.572350
12886865.662661
12958823.898032
13030547.721086
13085928.765901
13153589.391117
13157379.436263
13251270.449069
13332812.137095
13351279.650680
13398093.837941
13430494.618401
13526256.485145
13567931.763875
13643795.773331
13702205.623948
13801183.661865
13804327.911437
13906176.005591
13946372.144455
14028621.162867
14091803.582869
14091858.020013
14140017.946788
14167297.466388
14245359.978887
14278043.516946
14309890.434168
14360149.399319
14410022.796885
14510258.475544
14592249.747851
14613515.352648
14625038.502510
14721476.591504
14749334.832743
14759686.345062
14784291.396940
14877494.385285
14925430.072666
14955959.967543
15016527.679908
15064766.929514
15096855.035848
15123243.174034
15225759.209352
15320560.053288
15357417.125590
15379558.734892
15391246.138065
15412464.701102
15503892.172581
15526463.082480
15579375.243599
15639747.186323
15693478.958587
15715736.051225
15793240.789062
15818581.074200
15889153.592861
15964000.292515
15983425.423821
16060112.261282
16125028.302363
16185337.174649
16203773.106647
16269712.279148
16279990.471681
16286250.026407
16367370.428847
16468097.876468
16531912.792661
16582239.459593
16615363.309322
16647747.717852
16659407.624328
16755706.543376
16807308.042293
16894116.497556
16974529.989450
17023732.850527
17038810.207829
17112757.012235
17145856.195894
17199350.510328
17283626.435087
17322902.872371
17376545.267715
17390602.620260
17437890.084016
17509864.171032
17532611.352333
17601431.154714
17671142.766654
17718176.276221
17815459.538302
17868339.427136
17877604.944075
17975387.571818
17991510.800558
18015128.269290
18055769.286575
18102604.297013
18132149.601633
18227398.170377
18307947.418346
18377736.634428
18405718.140973
18429428.332930
18435326.639457
18517262.293484
18551306.819354
18627884.600524
18651082.069066
18695084.526619
18716510.202262
18740308.814438
18817978.199248
18899226.900675
18978971.765262
19075010.975778
19169607.507086
19261395.998049
19321537.103270
19373646.377980
19377434.250081
19434215.763781
19496952.448365
19516717.698284
19573852.079509
19593615.309849
19671085.266940
19759746.221705
19780198.476628
19799544.591115
19836457.407436
19866149.437126
19912395.277181
19978570.354763
20028051.327065
20039163.303028
20111912.458628
20133880.580745
20190231.567822
20195988.543441
20247787.850452
20306489.166264
20361053.406977
20412764.363615
20506040.720265
20595201.855188
20649819.786890
20751756.220218
20765318.565681
20766124.154174
20786564.809882
20841470.514945
20905803.018252
20953207.200509
21053118.060982
21084996.086052
21108660.867982
21121885.552802
21186664.598798
21237630.184096
21298997.043288
21351590.616311
21432652.460228
21477677.605590
21574113.712577
21615364.970170
21700810.282663
21789542.942440
21843055.807099
21845529.705153
21879102.063152
21939279.587763
21954332.463696
21978370.567902
22043166.241795
22110035.931470
22130639.002211
22190547.930954
22236277.840183
22259002.632101
22299640.474176
22366058.895586
22390833.821668
22404982.848868
22432883.157036
22471204.729521
22504844.195072
22561152.485738
22660522.934500
22742278.564863
22781145.273202
22815279.692116
22873418.263000
22878927.951850
22931576.027491
23003894.779406
23086980.382543
23143227.334014
23236267.460687
23244311.956946
23334304.780822
23363275.048059
23378615.748195
23422292.637414
23433122.605274
23522153.426086
23576921.381195
23587496.216467
23667226.142470
23721253.660551
23731233.439218
23765835.798253
23784667.938509
23853183.904177
23932752.598077
23981946.687145
23994544.073263
23995383.075082
24007682.391789
24023725.711645
24121650.623263
24126519.101862
24194417.569755
24281288.855475
24282890.792524
24352452.142470
24352514.694875
24424562.552793
24485932.369537
24550457.186406
24612176.366668
24692615.294738
24728755.554933
24776491.562369
24827239.437588
24862940.273776
24908717.018466
24942186.330921
24961361.447439
25045434.650270
25051353.446146
25110606.883870
25179704.555905
25261960.767446
25280943.405854
25359523.159811
25405278.624490
25455036.507846
25528192.579132
25559680.180383
25564341.921687
25598399.545354
25687317.889753
25745323.345005
25767046.495443
25777104.263084
25815338.188621
25854892.962484
25914128.166409
25954733.883634
26020106.456119
26099282.487217
26100205.401404
26129968.713127
26139232.704357
26189566.245090
26270912.296876
26303223.343526
26394090.391230
26421683.167011
26461686.297424
26562841.938894
26563801.144655
26611512.860132
26698701.604257
26751550.081685
26770445.248148
26868969.290721
26934530.173947
27009591.854514
27101385.061966
27163392.662052
27253367.502866
27272729.716501
27343830.801291
27413172.573116
27490051.571023
27552626.993866
27578634.053826
27627659.532846
27673807.249670
27749783.252763
27753771.000667
27844493.648078
27881040.291343
27904873.791628
27945662.611103
28019357.802931
28119414.721082
28121405.489059
28184017.065411
28230107.512184
28292573.077014
28339822.247824
28359516.069622
28372804.248653
28461348.333823
28473856.560525
28523906.661771
28594764.147621
28666294.235784
28722996.429703
28797539.609363
28801609.346611
28865808.571166
28957742.454194
29048618.075567
29115003.044251
29194769.197390
29271560.080011
29344120.799187
29358203.247486
29431515.311081
29486336.053127
29510454.042534
29553471.048443
29620638.022538
29695928.146797
29772387.427116
29831964.887265
29916591.416101
29980514.579405
30013580.240745
30053901.975993
30128747.322898
30192334.219506
30224821.983406
30262782.173933
30270145.536281
30307997.403373
30381626.934607
30477192.330243
30526260.936248
30617507.349069
30671077.516968
30684145.248627
30767142.102047
30852866.523015
30941427.088462
31035359.115061
31134356.918562
31207990.672198
31295143.052880
31297263.741817
31383073.366065
31427526.701170
31495089.422271
31528417.902207
31615754.470049
31644946.625544
31653432.672181
31730205.576339
31784968.731227
31871998.853791
31913655.308671
32010797.459959
32024645.534301
32093668.312451
32110224.105470
32142942.194755
32159211.233792
32248151.443623
32297103.583004
32322640.074091
32414011.823944
32427079.258641
32521496.880911
32539723.155890
32577488.559931
32610919.625897
32616053.038927
32679698.161825
32705716.795014
32775579.799718
32823177.828649
32887589.160952
32893897.494136
32915179.934820
32922704.247380
33007463.455520
33027873.575078
33122896.938236
33212898.388959
33314719.965645
33350400.315397
33365353.964516
33442625.875180
33449366.731628
33529874.029631
33531390.908082
33569698.301080
33613573.592606
33626952.750413
33721992.884357
33777153.627822
33817072.483194
33902545.251512
33952348.978363
34010598.701330
34090808.888005
34176718.915593
34251509.519830
34311057.460804
34416160.128762
34486605.165803
34527492.538860
34619869.152464
34622405.381937
34665628.775659
34669711.504528
34756787.314409
34800116.434131
34826150.686228
34873428.240621
34953176.867811
35040126.354536
35091217.956618
35146922.446919
35152670.317327
35182054.133481
35202726.308633
35236692.856513
35322340.392239
35395401.127955
35436581.580383
35514318.746090
35578863.813713
35647590.363636
35696493.984476
35719996.599906
35772691.825121
35785267.916970
35861945.206398
35904942.233682
35945776.771375
35966607.537719
35984247.824620
36033561.703525
36103232.005763
36116334.233682
36141904.009591
36207465.262260
36289519.007607
36342330.743799
36356785.295076
36402738.268167
36447997.699372
36456887.539457
36463319.343526
36507513.548512
36525911.133835
36605668.856639
36639552.875427
36675879.679087
36760961.203245
36773167.353214
36832758.263319
36879459.325984
36881517.282841
36975996.482968
37041770.991291
37099521.076444
37146730.997295
37202621.608021
37287615.314739
37360837.419852
37369433.042222
37385969.060096
37459514.403505
37516697.998942
37567170.344702
37572426.855463
37667799.926379
37724450.823474
37777425.145831
37825775.875221
37853569.305892
37865245.614489
37874733.846525
37915429.173233
37967381.652240
37982792.202752
38034948.748912
38071061.949312
38155727.174409
38205586.225567
38223986.892626
38305738.772433
38398176.440080
38420996.771022
38479956.306598
38488741.371281
38506497.859993
38541349.104669
38639013.466894
38701600.602964
38794179.287730
38861460.604845
38936157.821592
39010158.370966
39067346.130152
39114805.588335
39139667.199197
39232452.860049
39320093.982477
39355919.359638
39392545.308244
39401110.929206
39476534.524649
39569760.261594
39582384.413854
39641997.026696
39693421.997105
39763874.263801
39832615.724821
39899155.731241
39944364.944255
39969130.465262
40019590.424678
40100252.973421
40140438.933677
40202367.645658
40293891.247515
40395234.498600
40474965.391226
40546589.628719
40644608.694843
40654793.978679
40729529.306516
40806886.904611
40877800.908396
40949120.733457
41006211.305844
41081060.461329
41146908.981725
41148677.308055
41157358.632420
41247326.133149
41248254.567082
41254840.114504
41285880.374670
41297543.180564
41306755.713102
41401493.913682
41413086.187316
41502429.989716
41581638.131757
41671785.773544
41715694.008482
41766926.230763
41808266.877348
41892150.552000
41937390.024075
42022206.268754
42048405.091016
42122467.687065
42168475.908942
42230727.990255
42324569.621869
42387195.312125
42437694.766208
42494503.841874
42541505.289825
42598040.385698
42641170.153683
42685982.924620
42717023.450014
42785692.977386
42817241.411171
42818853.861135
42835234.152718
42874329.297526
42921960.091948
42990010.427367
43004712.017882
43051707.632486
43135522.580395
43197195.758368
43286060.293893
43364383.936430
43368850.986300
43401350.329923
43411054.352858
43469279.385211
43523834.184981
43603353.569799
43653771.997354
43672693.613935
43706993.160358
43796845.077414
43809839.193637
43814837.057477
43841525.921026
43905364.480396
43976889.821749
44000075.715037
44059626.605022
44132990.979966
44145242.699608
44160111.194284
44232561.423145
44254912.898624
44326918.235476
44391668.922145
44441692.592497
44449734.832647
44548186.283665
44605784.447960
44631664.282259
44643923.356377
44719054.318343
44729685.642419
44815001.102207
44893311.492767
44912502.709745
45009231.812668
45091628.749814
45108297.641918
45184465.423486
45229586.987962
45234212.282870
45245883.962402
45342727.914269
45398697.835525
45438685.012181
45470338.482889
45539044.026713
45562854.026741
45642051.085899
45700976.595586
45794498.615707
45799063.468186
45883154.427350
45885411.286672
45923502.413070
45997241.984006
46005109.081383
46011281.194402
46064026.229633
46153489.878513
46239414.396684
46253492.213454
46308802.347760
46344653.804422
46437476.788780
46530662.010349
46546592.035277
46624260.702928
46673702.955022
46767751.385746
46802897.243413
46899248.687245
46946053.364930
47046832.724097
47091261.897213
47161155.439754
47177574.248897
47262866.255792
47272073.871281
47318783.112582
47352735.518515
47410090.206306
47448489.428203
47517922.203874
47522328.188776
47574386.601045
47665677.154727
47750296.517907
47802751.290370
47826787.912801
47831420.438931
47861865.359953
47923205.292425
47947621.716089
47964488.358485
48038196.034058
48100312.818262
48135176.322666
48147436.154432
48232527.584111
48233360.953455
48314971.973401
48404258.860078
48445631.791266
48473819.673144
48497299.564858
48521113.905584
48539335.725901
48583384.779055
48656645.138285
48710212.081454
48752425.587703
48775689.406511
48786646.044891
48870529.778049
48909902.365435
48959910.967362
48976277.547341
49071147.694748
49124564.044293
49167512.520228
49254506.636522
49287427.419668
49366492.540897
49383392.042810
49482157.132596
49575728.431363
49593916.824451
49664590.819439
49756008.298808
49805201.044142
49899400.375148
49974062.166976
49989716.053127
50030635.453612
50031930.728517
50088322.879902
50171622.948326
50201756.569289
50212354.241045
50271360.939225
50341548.486201
