0.000000
29129.991902
68274.972037
225727.513412
238356.061735
295364.925083
346368.607781
431636.913825
450419.466705
471618.489767
531798.948336
637242.206773
774871.327624
829664.162440
859853.697161
902210.126138
949635.057328
992598.227281
1071512.192345
1170454.021078
1179617.064362
1203071.464336
1261288.774709
1292575.895360
1338289.401433
1423447.743791
1461081.862856
1498972.432741
1557803.548947
1627043.619227
1674950.718506
1689518.427334
1742502.354066
1781196.200214
1802980.503040
1859715.898569
1922097.295866
2033450.640548
2039882.133579
2069559.066293
2139750.473332
2236840.736963
2250194.512618
2251154.369785
2304503.292243
2349471.589520
2412113.354349
2443245.849588
2534327.657466
2603281.587794
2641425.800150
2695191.311302
2797596.462521
2877473.280103
2897430.608069
2932319.455884
2950015.420955
2950108.719687
2996712.036340
3061679.058273
3091072.688510
3136099.094936
3178495.556292
3217338.802591
3248396.854511
3275505.779562
3342523.393537
3422197.895524
3514334.615313
3617753.146221
3680508.413349
3681192.086267
3681475.175124
3707037.934625
3760805.388604
3773191.470240
3880553.203945
3918482.863980
3980164.035484
4059469.589241
4113187.566806
4172360.486014
4246388.656208
4346260.909009
4401469.716928
4413476.851314
4500852.382197
4500876.409675
4567861.053838
4639312.225225
4700611.369235
4714455.983273
4782375.694179
4784371.568295
4821480.243679
4889788.706161
4905721.244079
4931524.853642
5030638.720790
5117497.229486
5174506.134650
5180668.481674
5205826.858012
5257649.753412
5271764.654952
5349694.536396
5408593.562643
5439577.349306
5440929.316246
5483645.513491
5559227.483087
5632399.356913
5733163.406774
5780355.321410
5840474.058877
5920997.360710
6000680.147694
6070585.550418
6094755.367557
6199657.245353
6229270.360130
6302324.423165
6377463.067669
6379054.438838
6435821.524484
6461306.530543
6482684.945710
6555953.452809
6638399.237819
6682001.198428
6736030.572804
6819139.799104
6859940.360826
6949841.695040
6978566.173130
6999612.258536
7020731.355145
7053873.144523
7055116.048842
7143219.376990
7224706.880025
7285151.251335
7377764.169331
7421520.765490
7447342.863023
7493088.873125
7557792.444604
7607535.115267
7640273.488246
7657034.508097
7745574.548755
7747491.025098
7835952.331035
7921488.573579
7977417.131914
8074235.282089
8164477.332507
8263376.092563
8328294.143079
8361158.413326
8382855.013410
8452193.769711
8519043.287168
8527215.064824
8560581.635463
8649614.430849
8705359.178799
8799956.004377
8842964.057984
8926830.676325
8956501.354856
9020850.779601
9098228.349715
9127876.113361
9205448.655125
9221901.238176
9307322.721515
9343539.344549
9409280.627668
9428694.633695
9522996.635221
9581886.302350
9636070.866748
9736096.072074
9833695.146040
9879863.680192
9975674.597345
10002101.017198
10081563.272468
10179012.030429
10243203.596612
10299651.692881
10314051.418913
10399676.388211
10490509.744308
10493300.643285
10501025.368380
10586215.955161
10651426.112225
10754685.319533
10832902.042731
10872688.669434
10952040.817786
10963874.588295
10985828.505387
10995776.453762
11097600.757561
11183711.297680
11232542.313504
11286484.291688
11301973.846341
11395760.478488
11464705.166524
11515081.195723
11563739.350258
11643081.164834
11710796.840054
11773261.887132
11788198.737398
11872017.587045
11935976.463607
11992071.548450
12036724.396589
12094622.838907
12157506.955043
12191361.069861
12269206.238121
12361026.281592
12379994.302212
12427288.158248
12506962.033023
12519994.255043
12556280.822896
12638152.111753
12642188.383355
12643667.825496
12662595.386681
12748897.232069
12797856.930726
12818019.784019
12836952.436527
12929759.520716
12936394.157376
12998344.006674
13086899.492910
13146956.354892
13212190.263665
13302409.355854
13360681.864791
13444878.021622
13540761.458464
13584762.182111
13624003.181272
13624863.635694
13685900.156664
13785320.895759
13870777.898116
13958364.145947
14028033.647658
14111951.772746
14160461.104385
14230400.875829
14265313.688729
14327920.444381
14357498.972652
14388380.874368
14454780.947496
14480525.979568
14561873.482904
14631505.515162
14694603.892825
14723543.176003
14780362.181743
14849859.293370
14925702.737355
14975597.773455
15064842.718745
15101612.310660
15117387.927491
15194875.944001
15201528.857892
15256473.815235
15283898.679645
15333852.629578
15427746.190898
15491016.296098
15535463.845548
15571468.137693
15663432.939957
15745553.628157
15831169.603515
15927069.104720
15937551.293137
15995843.781684
16048870.447224
16103359.945308
16175106.051102
16235657.661807
16315682.537510
16380990.232850
16402008.316848
16422172.978636
16517685.368506
16557359.217038
16605938.009767
16623424.176927
16642771.696393
16705538.601643
16795052.996267
16865069.220397
16874625.516913
16938960.975203
16947241.585490
16966267.699333
16968066.217611
17004770.410024
17050597.870825
17056520.334548
17142860.596126
17193073.516737
17253724.300062
17282572.901231
17346417.719087
17425627.995915
17508226.533267
17589385.522555
17658914.770090
17662884.601908
17718274.030948
17720082.610789
17774437.812742
17776387.459072
17780371.504227
17863831.222432
17954906.206959
17979816.789532
18035703.512437
18114155.657400
18138919.345833
18151374.126008
18205968.448268
18232776.909019
18327364.506669
18418189.148319
18448887.910678
18459579.154977
18535587.373582
18568697.262030
18652253.313246
18652350.595178
18743739.112223
18756652.217644
18780146.768747
18854188.781215
18934838.438507
18978801.696470
19016783.737189
19049898.266269
19143351.022551
19162544.214198
19223337.001813
19321238.552904
19420972.971279
19485818.174459
19514298.321247
19583103.888315
19585482.255610
19641960.818736
19651663.295911
19691216.363683
19707709.942215
19785395.618093
19843585.691066
19938670.374528
19941294.476315
19997162.458900
20001868.659341
20064369.925257
20076597.153230
20144792.133355
20236070.885045
20279585.822614
20333486.094667
20389678.522479
20478090.467737
20538215.236218
20552602.086105
20598124.250127
20598879.282969
20658886.704530
20720053.056960
20750378.902905
20780016.286144
20854691.249708
20895559.409434
20945361.474003
21010023.407320
21064663.235757
21105481.394889
21194854.999064
21275746.407408
21308156.588628
21338490.649343
21389294.519236
21432983.911512
21462574.879048
21512136.441835
21593153.635200
21635981.052233
21708589.549150
21717481.654751
21775742.356923
21862165.950892
21897663.540678
21934288.676125
21977215.493966
22021092.731773
22064783.517992
22093177.979597
22130946.655189
22213408.326941
22225401.991764
22229899.353359
22309739.123291
22334436.884450
22345057.411009
22351412.690957
22442163.447362
22506841.565853
22541196.271558
22584231.090781
22628264.732234
22702820.572265
22742874.050640
22764835.046114
22775026.913431
22870315.484706
22939854.772017
22995158.443811
23004127.274692
23065849.463609
23112046.295253
23119716.460988
23170869.832577
23219443.222427
23254634.397928
23316940.230277
23408182.470468
23498480.279075
23524022.942763
23622280.098494
23711436.068761
23750394.469159
23844941.957726
23916445.690695
23930289.882750
23999642.003621
24008960.939861
24091541.470268
24100990.403481
24155282.966331
24155689.140467
24238001.587211
24300510.595426
24321679.971938
24345704.272010
24365743.411968
24457520.447294
24513394.958293
24602903.353061
24637682.035372
24680630.853032
24776509.905706
24850605.317101
24896600.759365
24936292.743968
24940987.887018
25014834.985120
25071393.096358
25165552.747473
25172665.503909
25223956.178410
25225626.641481
25250826.527197
25308159.326323
25377457.378262
25382056.707206
25449918.460794
25466274.688719
25500708.267284
25541333.730529
25593752.467434
25617377.681562
25666497.208351
25670803.251587
25747361.565062
25788538.928415
25879781.892095
25952714.705464
25953161.234357
25960575.220163
26059559.118334
26068839.402929
26163766.026817
26243430.784298
26248853.150244
26320930.279197
26359659.188127
26367898.452478
26381406.016638
26389559.872674
26396674.647581
26484906.716337
26495089.747916
26504690.136441
26598950.389106
26632014.861162
26654818.762949
26677526.272411
26731010.425896
26735809.809307
26746466.221930
26831309.457694
26854809.458454
26949050.860898
27019892.416513
27113977.734040
27169625.850801
27193558.920159
27266008.506375
27340086.994660
27383217.096214
27464900.685188
27510839.924884
27521931.231079
27535677.397700
27547520.736854
27573320.674145
27605571.085036
27648623.120252
27728145.972363
27796441.697221
27840103.597249
27927936.833066
27989347.353322
28068985.857341
28149339.565031
28150881.559559
28197896.327215
28248257.194950
28345840.683036
28387661.961230
28469415.431254
28555709.581196
28575099.718172
28644798.024646
28647153.420333
28667140.720879
28716341.698277
28734270.661620
28810819.007283
28818977.237178
28858339.929573
28955441.998844
28990434.916436
29087194.348049
29156825.415561
29221305.710979
29241974.738073
29248907.367469
29311967.462818
29393705.812714
29453125.917925
29523571.717615
29602138.440832
29651075.980662
29738485.411365
29791579.105878
29812892.010375
29871668.107170
29912804.387014
29934848.721050
30029568.750287
30122849.657997
30186812.634210
30228247.733946
30321498.710653
30391625.163012
30392665.875258
30421268.378812
30510796.655246
30587460.867751
30621186.252681
30632892.412077
30708965.158207
30710187.417094
30754155.344537
30791262.583546
30874161.373212
30941029.160152
31040441.293197
31077952.729058
31091449.627065
31165596.501406
31222677.800046
31301782.257244
31324020.461290
31376218.117827
31397745.333756
31488016.462792
31534047.237345
31562978.186657
31574545.766957
31672963.372868
31724932.006254
31757482.498779
31830663.106756
31872829.255406
31879264.362673
31883041.878639
31966755.056308
32021405.165798
32033633.891107
32060247.210890
32074095.409498
32099895.924078
32117721.047015
32130395.031426
32137196.356807
32199767.562090
32283935.184037
32317270.836569
32415136.755440
32489741.197227
32539163.713650
32630437.236489
32679967.059268
32738684.713537
32812967.351704
32888078.230799
32976101.119689
32991896.333217
33011431.911911
33023262.018820
33060822.414468
33144812.344071
33245581.128136
33325298.211643
33358286.673230
33384823.805736
33398873.023131
33481850.085089
33556413.106549
33620745.289952
33680730.383795
33748988.360797
33790525.456838
33827960.411238
33855430.220135
33897389.330455
33959370.499306
34030548.191226
34066983.851210
34159228.976352
34176141.267315
34177296.346855
34250504.059252
34316809.802920
34344562.943290
34433901.334568
34493558.437401
34508778.342808
34545587.074990
34559820.588021
34639523.900620
34716238.993946
34739587.039464
34811882.022622
34865147.536165
34888785.363212
34921451.027935
34981561.474552
35059263.034740
35110015.307731
35148076.246367
35242213.943783
35289853.281433
35380783.518416
35421416.249575
35498768.078962
35583191.484185
35628137.957261
35691267.727330
35781227.249128
35843419.390978
35871868.635790
35904373.259241
36003337.073596
36036961.267066
36061698.864002
36123101.419776
36157956.922979
36199244.587075
36230676.718258
36291801.287045
36333462.521070
36363675.818308
36439623.681110
36481255.412609
36534152.057630
36584027.333883
36615701.796139
36698852.606108
36735105.502877
36750532.823873
36844321.734277
36917565.225270
36989547.917285
37002140.618964
37093334.357527
37155653.461508
37158838.894042
37232844.229129
37309773.499377
37343581.332063
37354480.830020
37387898.407049
37460373.237671
37466706.535308
37467067.145099
37496959.491108
37583950.786135
37585175.681209
37658254.909034
37721045.628011
37765709.817103
37853149.936334
37956592.296148
37974382.322631
38047493.224684
38057257.555236
38081573.897964
38132337.060162
38186724.657721
38227488.691716
38231698.628684
38292463.372395
38383108.846981
38394436.184509
38462298.435455
38473009.057056
38492210.158299
38561768.284373
38604893.829645
38655652.503216
38655830.039053
38743527.706334
38816057.999502
38891235.983833
38934876.491250
39016016.138007
39115388.028325
39174965.904264
39253937.390844
39342910.762627
39397899.403543
39482374.846508
39541509.686536
39542216.903971
39647308.708804
39681433.092868
39724914.104429
39738182.653779
39761183.700067
39763081.916367
39808922.609129
39841102.346358
39927643.025287
39935712.385958
40011237.739374
40093324.376411
40114461.688989
40153606.236783
40189211.082172
40279614.866017
40363117.546821
40464880.753518
40488979.604729
40582633.700856
40598160.084162
40648964.412417
40716291.105549
40781430.888623
40875721.857074
40896116.902029
40979401.517822
41044685.547978
41121537.002127
41196555.209544
41286065.548081
41364834.022025
41433220.158981
41449880.548286
41525507.986552
41564959.776596
41616913.154722
41695193.099832
41769751.307077
41794488.080963
41854506.916978
41924841.322756
42013712.037051
42051428.224742
42094371.887440
42125675.022814
42178226.086281
42236882.280113
42331506.484099
42427625.032454
42511112.171086
42586139.794268
42603724.395966
42624901.102302
42709116.901952
42768311.347131
42830942.473841
42921758.941919
42929327.942091
42961369.152664
43030435.553227
43091190.377337
43111153.336650
43127612.825449
43206825.944286
43224946.197708
43307798.520601
43400081.776379
43450975.236578
43490651.271433
43509533.169583
43584999.595503
43591031.008116
43661208.578501
43674176.755497
43675068.472038
43750690.535181
43849697.415349
43872288.654362
43969756.287779
44059419.659044
44105769.910764
44147729.294062
44177179.988166
44250755.491475
44260028.077869
44276484.146548
44304302.850880
44338482.975470
44428422.937624
44436108.050257
44461691.681366
44560464.067220
44633785.527396
44706205.126063
44809677.288119
44863901.477475
44870577.262947
44957695.476994
45024689.833547
45041661.364666
45121662.256535
45181147.136017
45258856.926117
45342566.439455
45363401.106379
45420572.221608
45442509.316763
45505906.681829
45548870.084855
45572920.630635
45589847.316455
45609603.980458
45628454.238687
45650421.190684
45695805.883055
45735267.445974
45836239.285932
45883820.798426
45950194.623583
46028491.748740
46035767.579464
46097257.543006
46170848.353685
46263877.245952
46362441.745415
46393104.938132
46409816.367053
46491358.843085
46574268.784278
46578031.057247
46660768.498332
46749526.188895
46766743.403229
46857396.632544
46947363.850953
47024936.491032
47041888.797859
47046873.705365
47070894.328414
47104626.522830
47108102.920819
47184949.616362
47194477.075035
47257303.409650
47305948.901953
47336938.374443
47347511.366258
47357429.616020
47404703.986599
47457428.392656
47520060.941186
47593051.472380
47686619.710313
47725666.652773
47797308.582068
47886103.171610
47930624.326668
48025336.970643
48102109.164733
48190953.832456
48274489.369729
48345181.080805
48377309.555478
48381459.060853
48389916.250316
48459665.133573
48547139.254499
48563521.335614
48640574.270454
48691031.636151
48760558.972955
48823173.645425
48859653.106074
48919394.842576
49011242.700652
49084297.942115
49145195.059150
49167763.535297
49258510.374258
49309117.560080
49315142.633817
49358142.593306
49408521.434571
49438994.818922
49457650.339369
49538191.135157
49556906.161409
49627167.718902
49680964.976247
49732237.716123
49789909.850686
49793910.888251
49825262.525002
49849031.165691
49896035.097003
49982982.530596
50062297.821967
50102714.369394
50151344.014204
50186200.161426
50204858.797518
50210296.363265
50245891.258481
50304477.614454
50395058.011730
50425937.220414
50462393.307769
50521196.775339
50523422.257328
50606814.222686
50690942.460985
50715629.949054
50807495.712880
50839088.854182
50851119.172717
50884644.865892
50956115.661689
50974295.775500
51015322.726572
51068239.558951
51158729.530713
51251554.759500
51341181.768292
51410718.785418
51505552.892935
51600742.763192
51616042.946129
51641887.127336
51681282.920802
51760261.723510
