0.000000
2790.117687
26580.617498
28434.700877
31900.808535
33196.379879
72675.259248
234209.467445
296648.280916
360573.082351
361893.623278
474454.222365
629188.663886
702715.579057
827378.258182
848383.004605
871521.985112
1003754.221612
1110723.006236
1229046.555889
1322314.931316
1324817.944909
1367328.896348
1410240.434605
1504470.742706
1509726.111315
1521404.369581
1546054.321541
1632727.864517
1651285.947637
1740934.346470
1760099.266272
1802737.706590
1898534.822624
1980626.131007
2049474.122839
2065448.588479
2128344.108004
2129571.746045
2188590.420875
2304168.766417
2334309.490258
2410427.983170
2424247.516411
2511096.916550
2607994.452235
2647340.442052
2713381.621504
2782035.234957
2867012.247308
2904876.105878
2934293.045320
3002388.235386
3037584.691358
3105977.202866
3151155.480520
3229685.754519
3313837.433394
3407506.456870
3464285.813893
3495192.825279
3568108.096299
3623935.224965
3699481.414804
3795395.630831
3796198.040413
3809242.549616
3890678.344353
3935443.135702
4033454.552590
4040616.251433
4113532.896997
4137419.474876
4153136.590138
4158717.122424
4223112.051047
4242913.088513
4341495.071350
4431177.251433
4440762.987438
4494036.298485
4526363.253140
4570120.452444
4609507.386348
4675033.159986
4704865.532751
4753672.170716
4760198.507410
4862264.036336
4934760.609616
4958219.267833
5027793.119890
5038729.941791
5080311.009972
5125970.615152
5162175.310902
5261613.153357
5314079.738494
5375128.502067
5411857.712895
5498289.386206
5528182.325678
5573941.062508
5581292.133856
5653449.063033
5703099.648273
5742338.970165
5786822.942544
5832161.706056
5880846.238683
5944908.989762
6036077.110431
6129260.397281
6162708.510991
6212673.152039
6230490.914904
6248595.960161
6306466.738375
6321387.539449
6395850.586612
6465804.227273
6558938.723829
6563634.202275
6596217.365813
6657423.108788
6690527.941901
6774101.033912
6785987.236012
6875065.258817
6970514.974714
7071875.552867
7087931.554808
7154160.613760
7200013.126738
7205507.195753
7278232.689771
7370142.319417
7402736.234911
7438634.247374
7528374.862221
7588178.970241
7648010.187079
7711559.100392
7713653.525441
7800620.201155
7814969.781615
7836681.926948
7841250.705968
7874449.753401
7892866.865392
7968575.249855
7971451.320692
8052521.373040
8147809.404971
8179496.392219
8262412.706991
8264858.383556
8333690.089800
8370615.947488
8439419.465227
8457969.233944
8530138.457081
8598895.009122
8602732.086811
8690272.152045
8777009.237999
8793112.267908
8876747.578345
8899390.716540
8999583.204726
9078316.570780
9104232.780544
9107614.803209
9190563.796541
9195481.784382
9249846.815660
9265412.756731
9357050.910157
9422164.615897
9462504.994616
9483926.994841
9502534.166891
9552272.941080
9557418.537835
9590296.482778
9608239.317252
9670040.867058
9682768.873770
9723609.727645
9785493.611352
9792498.068259
9817479.378070
9846282.835464
9865075.341092
9940822.443438
9963003.277019
10056408.906542
10062650.047578
10081021.596249
10168658.586288
10202687.473201
10218154.495170
10244296.186383
10270108.693881
10352692.101800
10393438.014383
10402786.271150
10464406.034651
10484289.190914
10531757.301710
10590961.706598
10675332.129921
10762256.440307
10825436.597705
10858367.609078
10861259.848317
10910826.603374
10977173.647919
11049780.915245
11120853.159285
11135978.051390
11196548.929760
11215844.697498
11220804.677795
11310599.108721
11390305.839744
11450324.701911
11520162.994324
11536470.733591
11616814.660783
11650311.787029
11731862.081081
11738427.691120
11813048.584030
11899566.888569
11917054.381076
11932698.788925
11992944.011975
12077901.835632
12142594.809040
12190396.566363
12243851.027579
12308577.060531
12378760.248203
12470736.273855
12522585.293510
12608932.272135
12682240.489486
12688070.493208
12715592.421907
12728716.725770
12792327.400396
12876607.508629
12975882.895635
13025276.548025
13038012.405616
13137177.140893
13154247.614663
13190663.479980
13235638.909351
13263480.772752
13306533.773855
13371494.690990
13428703.917206
13469440.291230
13546694.782009
13648425.816878
13730453.430778
13769960.746277
13861382.878572
13922671.138714
14004407.866520
14080605.905704
14094588.659235
14116136.657474
14197872.646120
14217341.840561
14230404.291230
14269419.529093
14364587.303916
14460693.295091
14484792.671815
14511200.975731
14519208.198101
14549986.089906
14615997.882756
14698381.184184
14803747.067247
14826361.188533
14897951.518064
14912791.615347
14936296.577609
14996622.634966
15054577.960526
15057462.993307
15065458.842802
15122603.922228
15188785.034197
15273511.954220
15342164.675842
15384604.450634
15389412.645123
15397705.642260
15411414.649752
15502213.403801
15589924.394331
15632105.727758
15667767.392127
15740560.051293
15793675.841117
15826965.436495
15913099.416865
15987423.334575
16037760.293108
16131698.596193
16166217.483398
16223503.052278
16233156.374828
16274217.905046
16321358.352997
16358712.234590
16420113.776600
16513701.575366
16565356.845355
16635351.526154
16698706.819764
16771309.122697
16830816.599404
16844566.501920
16880285.239172
16951639.628248
16982645.340727
16998258.607346
17034462.208718
17045745.284119
17064303.613113
17101150.225510
17174976.501721
17187890.299909
17240939.183689
17258570.799834
17327528.778003
17344722.268933
17415468.014721
17479612.809903
17486665.106725
17492317.964004
17583033.077454
17630700.471278
17681702.773467
17751544.178115
17796401.007120
17859485.621564
17929099.155468
18019286.407096
18086538.492517
18087253.177895
18165993.367366
18168451.544699
18175247.922123
18197690.061303
18215235.793515
18222189.503879
18316690.940629
18322720.827048
18346279.339730
18393866.485292
18432751.851905
18455777.047685
18520851.252307
18565246.686142
18631219.744118
18649208.173414
18710431.353296
18773999.830410
18874331.223584
18883638.414236
18885378.020930
18938855.552299
18944187.205092
19036971.818087
19097596.018524
19165607.611507
19207802.034483
19269878.427314
19310177.446566
19409154.037364
19429876.005887
19457922.628133
19477287.317737
19488981.413463
19495313.018894
19583211.658373
19644834.093690
19651094.166861
19726436.590224
19788394.194324
19802242.414068
19835898.006768
19883430.363437
19949402.714987
19955655.747855
19990467.986850
20018428.874254
20037774.019569
20085167.920775
20090183.193686
20168903.269263
20260199.391245
20277312.295310
20326657.147270
20354260.426966
20429701.322979
20446650.742630
20496600.756309
20587290.726386
20684863.946550
20718348.716380
20736007.947774
20762422.587693
20843206.678794
20871495.724550
20954121.366993
20957058.067604
21015582.890475
21092200.150154
21174273.977221
21254540.870935
21330197.361800
21387767.303822
21421744.830753
21457195.655449
21536847.417774
21575225.180098
21602898.261202
21680029.584088
21781213.425984
21828959.801131
21895550.043395
21946284.229911
22013030.210890
22044041.043181
22119340.510885
22192387.232339
22216230.533876
22301535.509253
22394187.420085
22474079.076502
22497765.004290
22545469.246446
22594222.572243
22640613.700009
22669594.347361
22701391.071910
22739758.568243
22810718.776573
22820117.537633
22846549.033090
22946220.851018
22998850.919762
23067648.419113
23151339.892245
23183524.543681
23221886.634052
23222740.492796
23241281.218264
23301010.385738
23337173.427187
23373307.806368
23376403.466166
23401587.959596
23434541.120167
23464536.744657
23490210.412906
23522556.350569
23592546.641339
23669656.895029
23734140.297229
23757365.700020
23778041.466747
23800660.568809
23835406.974265
23861068.437491
23879232.726607
23923919.991529
23982561.840823
24042968.816782
24104311.924994
24110339.574790
24121483.773590
24127940.762325
24167654.996263
24212740.160063
24279100.975709
24376386.263147
24456918.576025
24524040.795720
24542421.028659
24623671.960764
24666626.004805
24669907.648338
24771043.833571
24790014.688238
24870693.483757
24914693.030687
24933603.054354
25020482.552227
25061855.674004
25149617.216208
25219515.279432
25299115.252846
25401445.805503
25463091.551384
25528508.640269
25628763.289066
25716200.219536
25806309.382762
25818642.680726
25876948.919002
25973003.553150
26023588.276970
26106269.161888
26108227.380793
26126494.266375
26182763.969992
26273126.325976
26295691.630189
26362318.663231
26408622.442291
26433119.118523
26466998.414703
26500988.362211
26521727.251860
26590984.684874
26685691.518065
26728510.741332
26771802.335677
26846127.322337
26857235.573784
26945014.297346
26963423.335137
27000769.077811
27088300.610813
27181561.714429
27201250.116524
27263924.780388
27346985.004402
27355083.399805
27359965.381188
27420347.187346
27454899.758647
27519305.538339
27584677.588617
27642005.171886
27680422.819750
27749162.142439
27827507.605300
27924962.267733
27949989.302419
28008278.965667
28078646.099060
28101743.794782
28137423.064100
28188617.961782
28247694.926855
28288791.370040
28335318.055385
28352036.139400
28380457.278705
28463693.271343
28499616.355903
28591650.986957
28621269.361913
28707558.430068
28741022.026168
28810002.062911
28879477.859300
28891174.270754
28895323.528233
28965722.259423
28976315.966249
29047978.495206
29134761.538638
29160019.507341
29233480.530053
29310399.210655
29348895.754267
29382177.575378
29479779.930184
29572545.105490
29584034.786147
29639415.736030
29734835.128816
29818381.858870
29871155.836827
29942327.957315
30022767.474711
30034491.028638
30105020.963528
30154276.416043
30180999.966535
30229918.539141
30250412.340197
30315628.897517
30392466.188310
30414774.310885
30446002.556418
30470895.314420
30521373.168952
30524847.441664
30601395.380890
30645645.800460
30674218.230180
30733325.045193
30827814.478744
30831083.934615
30873797.181143
30902160.183554
30914973.704711
30958210.432018
31022457.970892
31027106.168518
31035852.855994
31119047.375335
31137561.118274
31152790.402432
31246962.373321
31250207.906912
31305965.022214
31365049.614464
31465117.844202
31482123.099680
31500796.425278
31523854.689917
31621246.554852
31646932.244474
31737135.769918
31770074.512873
31800811.693268
31842910.409041
31936259.493417
32034042.947670
32088832.267108
32118399.545294
32198885.539978
32232909.990760
32310636.662506
32311753.250705
32330227.157918
32422824.285669
32515523.092142
32560461.830332
32618979.698310
32652933.196522
32714573.463494
32785649.938316
32843341.088070
32868376.953228
32932555.816123
32977373.394290
33056546.105153
33120100.604127
33181939.795098
33182642.774384
33197783.062532
33224042.452821
33245093.751626
33291789.007285
33316062.241636
33397170.647333
33409342.672610
33419061.584094
33426240.724835
33499556.455905
33542566.043148
33641057.641713
33683233.501602
33756382.569599
33844853.945935
33864468.349062
33958279.453661
34022263.932104
34077645.009178
34173668.122070
34254452.297599
34320595.844402
34400646.475218
34416499.930354
34447004.424903
34483185.803586
34572257.328686
34634260.383234
34696522.279420
34721959.375256
34816568.565761
34862038.346854
34960559.623820
35056334.413234
35152813.553515
35201455.546695
35237974.576409
35305353.494674
35351947.002868
35382285.050443
35435099.156932
35458958.152798
35485354.569416
35570523.119404
35609836.018708
35655015.629808
35731807.147019
35773684.090877
35798621.999588
35870517.245717
35874228.209620
35882676.296792
35906185.443029
35910600.334378
35916241.513315
35918559.852126
35977062.292739
35993162.199455
35997997.832938
36070496.539945
36082390.257718
36086394.059479
36182580.365368
36252737.356258
36331772.798932
36416895.469348
36453771.424463
36473548.298339
36542049.757603
36599409.399461
36700159.486668
36778122.766471
36821689.025873
36919730.435307
36940447.032684
36951040.331094
36961486.814711
37041525.733564
37095221.503613
37117426.712888
37209564.952763
37271943.483219
37331808.388571
37407463.704162
37423148.082752
37465131.024782
37474353.965931
37483413.386822
37500037.343216
37543864.356142
37588587.499208
37589878.586213
37624827.745780
37680212.796304
37760406.202086
37858366.186328
37955992.845537
38012998.827461
38048461.261371
38066400.878656
38103112.755741
38124650.076514
38133367.957758
38178714.346605
38278081.153867
38303196.835479
38323672.158557
38393006.015736
38394947.069803
38398396.564249
38467102.038949
38540441.421327
38636414.636750
38677640.626261
38775465.466353
38819426.753798
38900625.925317
38963837.030649
38964298.310419
39029585.316832
39076357.997163
39106817.129708
39140039.670263
39144544.343290
39185497.220568
39237302.188344
39283284.323267
39343731.129594
39385485.240465
39471013.612131
39567409.845162
39630852.396490
39713194.547090
39795098.959046
39879205.431086
39974761.647266
39990401.489100
40068873.819579
40168966.327163
40246853.081907
40282297.222361
40316840.158955
40381696.189874
40466492.649677
40518948.722976
40582473.663106
40664489.721785
40672573.951747
40685492.285251
40695892.210165
40749911.325499
40765558.722188
40771180.447087
40799620.105234
40865392.243570
40928678.427177
40944159.346581
40977538.943361
41014172.219080
41093913.415791
41150122.905314
41210147.382416
41226133.469909
41273592.090040
41359658.770404
41384914.659824
41455970.616026
41500966.226398
41536816.487530
41592072.718290
41689425.503740
41696805.829553
41733608.915344
41764321.803034
41817580.491016
41871426.950434
41874691.955402
41905054.939742
41954459.437605
42033813.334464
42056285.128283
42079078.557901
42141868.087989
42173962.534090
42268855.133244
42357335.453298
42362221.930855
42442315.581953
42466741.897147
42556199.250676
42587034.764086
42603077.775660
42627845.233072
42660259.380221
42721537.428667
42749519.348069
42826413.400104
42826690.980459
42902632.754493
42968959.059574
43023876.227020
43081382.830106
43085069.326879
43154031.335262
43240845.290526
43254598.023741
43257698.298773
43307751.254618
43347601.540545
43413024.877330
43467285.919606
43515178.883845
43563597.277705
43639531.710028
43710631.635456
43764965.574150
43861680.730751
43925046.080602
43980270.969298
44071495.545984
44082033.284843
44092908.510275
44165805.358706
44168025.842262
44231728.591864
44277467.292189
44337240.897775
44353106.231343
44383754.007762
44475120.410146
44500059.782937
44569385.794996
44613162.913092
44662076.757572
44713665.788828
44751671.815491
44780501.601289
44807316.934646
44899873.870816
44973270.547994
45029352.489128
45067044.726472
45168107.689462
45265562.641798
45303475.624685
45338048.692659
45369989.715317
45423238.081239
45448779.655425
45536238.494424
45565001.440332
45619324.642276
45645260.160759
45678962.608202
45723611.679090
45769969.837371
45864130.875815
45911913.970840
45927409.452881
45952573.583457
46051874.850918
46119100.306623
46190813.545360
46242633.857717
46323743.276463
46329051.319627
46399506.946856
46468445.198313
46560181.097830
46587274.869705
46589142.187418
46635287.034063
46725203.848808
46783873.621010
46811536.661781
46870711.050839
46949997.863051
47022639.667631
47114620.707464
47138957.866935
47223195.279576
47244488.382373
47315979.569270
47320739.122709
47324017.171828
47413164.040211
47501511.707687
47521655.785518
47602845.733358
47633264.248008
47674367.392375
47759922.181684
47811964.918328
47832299.265747
47863348.607576
47905163.322521
48000595.951258
48017072.026873
48085007.971215
48159185.978856
48212071.887998
48261083.295274
48298768.497737
48396328.899547
48475020.345649
48517684.935826
48527220.514356
48599100.441131
48655572.808072
48659334.722012
48688214.298687
48732269.362787
48733810.571778
48748000.514282
48759267.981515
48792709.532009
48824177.239780
48890202.927294
48963827.605447
48978539.206766
49010032.667260
49093573.158172
49175065.488464
49237054.029940
49290902.918674
49356745.109050
49442524.827259
49540455.443724
49608034.370466
49684280.679547
49776563.464620
49776955.806069
49816391.781067
49897873.324802
49921388.118406
49924293.246606
