0.000000
54514.372405
80128.401588
141290.836509
233404.280892
269382.002349
318600.409267
319893.721729
401340.742647
451697.445162
488304.900201
566540.014739
579573.369002
580515.380492
631295.817869
707118.519237
730376.378034
735772.275424
824388.942610
883545.344883
917485.420983
980643.551373
1038485.223136
1040819.121875
1077616.337511
1203835.577407
1256758.437527
1310434.515544
1325735.101029
1407261.081448
1422910.194525
1491980.611052
1534405.497661
1543295.495424
1599814.710932
1617819.529085
1671801.738085
1704638.889815
1750708.041125
1835829.204424
1869121.228344
1957422.869252
1960270.265161
2041991.951562
2082391.724777
2132969.264493
2170948.786034
2249317.168254
2325210.603017
2368539.616390
2478872.577255
2563489.389773
2615300.787622
2675971.286835
2719020.185728
2810306.930858
2892966.378809
2938358.676221
2940026.110369
3044695.276693
3066968.462630
3131433.626661
3201320.115576
3223312.341646
3243491.064325
3248245.793118
3282966.052275
3331864.435226
3439527.930356
3473968.984893
3538098.474017
3615688.657517
3702170.968339
3719997.216945
3804440.992695
3848277.430768
3849836.928096
3889743.369186
3967815.485805
4017061.460304
4052181.398113
4094772.582390
4119567.437499
4192394.330830
4210297.164410
4230214.480970
4260793.220271
4268845.810508
4347577.822898
4398846.460068
4470612.863231
4511074.767131
4600898.659821
4601490.329200
4606919.979535
4651000.119444
4736140.973915
4780943.329687
4802730.840897
4857283.127982
4892070.572844
4966067.143642
4980929.483225
5050230.178866
5113494.920585
5187284.644543
5202594.592972
5242039.989517
5309726.897074
5398673.443024
5443727.268449
5458852.344174
5519563.605114
5566383.722040
5621848.774541
5632107.003560
5648457.378112
5681283.262145
5754637.255205
5771747.239055
5812247.351597
5884133.641155
5903993.030902
6000899.865734
6072921.074317
6135000.515622
6173221.087769
6196860.674024
6222151.492793
6261285.922465
6301766.692558
6340492.305095
6345551.209493
6362037.439825
6446330.018056
6471672.224044
6555379.750465
6600479.223076
6666294.210996
6760226.049638
6769554.731697
6852735.054323
6881523.904113
6926989.329894
6982956.433094
7059656.638919
7107886.054762
7189261.099714
7195569.887361
7195962.588185
7258413.445177
7271054.258736
7287648.339934
7358801.765979
7375933.835452
7443605.115133
7503489.508143
7544891.249851
7621912.975284
7652062.370170
7710708.342621
7767000.535444
7857313.316630
7937901.980905
8012771.089141
8085098.766135
8125617.016213
8156596.648480
8196872.783935
8235090.454834
8247396.456780
8290702.770099
8323660.336695
8416077.424947
8509759.564365
8601383.158518
8676022.268360
8715724.997024
8750225.605632
8760730.620859
8766106.111860
8817240.015940
8876443.167619
8936532.178961
9009470.872813
9103428.263221
9140816.136330
9183187.487225
9219929.153929
9237488.145500
9312674.589202
9368714.034537
9375517.356554
9428876.466442
9482214.996362
9533883.904419
9609793.670913
9619356.600491
9716301.633029
9744271.676826
9843441.112708
9882967.951344
9942239.508779
10027641.262397
10045158.253370
10057108.132304
10110458.547413
10174050.745748
10215644.534876
10239265.074067
10310215.304429
10401179.850382
10457057.857198
10471124.527868
10513062.251788
10550269.538032
10596651.566526
10638979.563165
10691399.891044
10707989.192629
10736357.495864
10795080.349428
10814098.651455
10853985.640998
10908780.757552
10918519.120858
10967858.131289
11052770.927780
11074287.295683
11153436.238344
11229636.463025
11276874.806468
11302793.054845
11305376.075111
11324922.642442
11411331.851450
11482823.543870
11498935.582303
11578159.348403
11583715.419858
11673755.912417
11729188.418355
11767178.019156
11771052.098335
11781921.526448
11815264.048991
11905055.541031
11956127.938688
12031442.893770
12068528.754904
12068855.085257
12133514.362513
12154770.767733
12166394.462619
12215806.681489
12295360.674087
12371839.628657
12461408.159765
12507668.436564
12511758.612994
12517016.595294
12610079.256014
12651637.118406
12741229.474725
12799831.692931
12843101.951655
12853596.274812
12888569.589810
12971739.755497
13013899.735740
13091179.480698
13141392.585053
13210730.661009
13231815.949695
13273779.375908
13314119.056299
13352449.064577
13371402.322288
13376718.384448
13381779.908816
13407398.628362
13502094.063083
13515032.543909
13596025.984376
13604126.885391
13680247.678721
13782463.035935
13863323.738961
13889616.690239
13981827.912070
14064205.426460
14065473.452974
14141825.196476
14220591.324397
14259518.511982
14312474.621590
14329584.024719
14375882.618201
14442927.215922
14516713.421075
14550480.999159
14617027.437898
14635321.163083
14638950.785728
14702070.372442
14769110.343185
14819575.711170
14835334.817920
14915582.669251
14963707.605105
15004228.328197
15044128.798251
15119217.789144
15139146.658696
15165287.323128
15234811.928776
15287982.829517
15309476.292649
15368414.540251
15443707.777452
15522561.073411
15577751.332451
15649879.943559
15732295.226832
15775286.428126
15791573.714252
15871977.190026
15911703.515576
15916015.633278
15967643.274526
16016167.535193
16091344.981517
16185050.725428
16226495.802973
16244106.009804
16272350.414481
16320041.192720
16358761.664382
16371415.204585
16421731.696222
16431136.848310
16478808.940156
16566296.824250
16634815.868772
16647415.692221
16709821.375506
16794756.377452
16805519.167336
16849155.088773
16867947.619523
16921661.789437
17021940.833008
17086145.788161
17100269.278185
17169160.244427
17187167.840100
17193177.129501
17225424.082428
17270979.589188
17302449.650158
17316692.361002
17418191.824013
17458292.232562
17511026.837287
17515251.213758
17610244.483883
17695514.175924
17737478.826960
17753297.810846
17798881.177853
17866925.672866
17932506.883486
18023109.158834
18031357.950645
18050781.581100
18100537.717116
18180687.584427
18212448.419323
18283499.848889
18286757.570796
18329376.155832
18330556.289861
18382235.540696
18390291.828092
18404861.410169
18478175.792448
18503028.201400
18539289.411244
18568322.528789
18671394.330374
18694840.120348
18773709.157306
18854153.988603
18946744.613066
18948168.495375
19025694.441263
19050200.591501
19128889.058366
19146559.135697
19188177.718137
19200394.021619
19295781.874931
19357033.184390
19362462.578365
19405571.260274
19432294.721868
19497007.918001
19543945.460356
19577203.112833
19664438.792189
19755633.630815
19792773.984772
19813182.721707
19878486.657889
19937080.276448
19963379.080979
20027456.614979
20060889.162760
20087785.970788
20123054.309709
20220603.441419
20312670.244506
20409340.781413
20429436.221100
20491236.530449
20549458.077148
20600194.000220
20605094.357939
20621509.484150
20647889.856602
20734708.861103
20809530.514899
20815303.238418
20833023.903089
20839416.344608
20888012.885744
20944463.574368
21012303.683579
21106241.456036
21187657.719298
21245899.791849
21247336.756759
21264152.337161
21305807.203542
21378694.737275
21441697.178475
21474963.716637
21551682.390947
21556547.955320
21577694.032922
21657903.123457
21676561.618888
21695249.307466
21738980.896531
21796155.430430
21868455.533804
21905407.262787
21941112.875367
21962126.561950
21997116.188278
22057361.844853
22135438.680188
22197092.370462
22274671.285126
22324379.000588
22361636.653241
22395571.760729
22485767.240103
22553114.872134
22593463.067454
22608661.415638
22697157.958343
22722590.760846
22765193.428571
22846963.539894
22862907.562257
22916993.064737
22993384.661744
23048625.240668
23085326.943426
23095305.015873
23110552.026445
23112111.766645
23170708.287378
23246603.344775
23260241.236700
23331294.500294
23387417.962065
23393037.517204
23396433.462192
23471238.191064
23499957.043504
23583149.690768
23614669.749047
23696487.545903
23711002.151951
23735841.031802
23779794.067657
23873156.733142
23947470.155239
24022277.534764
24047000.511947
24097351.736174
24194943.968056
24228691.834528
24276098.016071
24291165.775432
24347245.191652
24421150.426921
24440922.750347
24479281.951205
24528257.362405
24622398.723931
24656381.901245
24708421.471605
24713161.479459
24794097.710196
24799631.129241
24868379.956594
24916499.099545
24963987.855470
25033276.998188
25038686.497537
25071121.267404
25072720.478346
25117523.935961
25183088.820894
25211208.219026
25260353.597918
25339775.148573
25437654.034098
25489583.182705
25503622.884748
25547219.595966
25620934.605958
25681097.685659
25705004.424296
25722297.911510
25752421.621921
25783269.088518
25852848.296137
25941413.008560
25951954.898225
25984561.452040
26079281.993726
26079376.900881
26099122.597975
26176789.615701
26226047.203344
26263411.303650
26268961.555047
26269971.221634
26285393.464586
26382238.460125
26435188.917424
26525128.974721
26555262.187537
26557196.353909
26600812.627866
26686136.226731
26726643.141093
26756236.052464
26773962.480027
26870685.393708
26938237.273369
26997273.878895
27076171.043013
27109527.156383
27205342.955415
27290363.889738
27356936.133448
27436052.177301
27473619.058344
27499223.276308
27574367.949343
27580685.620658
27611690.461713
27639602.947452
27702451.668795
27765334.793590
27832272.188827
27883989.241348
27960006.031137
28022326.089652
28050113.302174
28140347.568361
28205997.990891
28227206.452598
28275807.071475
28330538.765545
28368046.306454
28381024.827102
28381779.844421
28466005.933930
28527072.587313
28558757.465350
28627604.252856
28688923.522679
28696451.543324
28715474.667488
28740565.361465
28752133.649211
28825369.250302
28912981.158983
28970121.188586
29055934.469746
29120372.425597
29154900.395992
29230394.253252
29272465.466257
29372625.144639
29471769.543874
29561440.033106
29589257.781440
29608698.210986
29660628.258435
29757628.385987
29792273.052793
29797585.809462
29806142.182334
29866155.561479
29917981.166807
29975845.593596
30024158.920392
30113229.569384
30181972.916163
30255863.557812
30260325.891951
30320875.340970
30391063.886839
30446231.725061
30476346.829919
30519223.816719
30565796.876411
30598801.697511
30639855.023980
30711109.375324
30729595.913096
30731729.629427
30774779.978065
30828313.098150
30892060.004101
30918995.968910
30938161.068314
30948477.300394
31006450.999502
31062027.421315
31092538.221293
31146668.504592
31168642.326218
31241920.338228
31266556.469467
31344544.369458
31360473.049658
31415814.376322
31442469.872711
31474356.807789
31568481.127242
31640974.688400
31652578.125895
31700582.683986
31748975.061024
31750534.567728
31799036.102180
31841012.839659
31855089.204218
31894019.992574
31920696.349508
32004685.924662
32094217.301654
32187940.098755
32211791.355290
32232262.365090
32309476.268473
32388786.226090
32418374.129427
32492278.501301
32511931.382331
32553171.992378
32628227.140301
32645900.070034
32718171.189841
32746602.240729
32758555.590006
32764141.297582
32834365.206088
32837478.641649
32900683.024863
32921021.086846
32931348.882090
32983903.742156
33020808.644768
33095403.427017
33106278.703410
33150095.357388
33172547.183045
33172792.427967
33263945.654150
33271834.780323
33308298.961846
33352477.914816
33361283.822335
33374533.816712
33426113.218375
33518197.295825
33614778.273910
33667584.257273
33687332.143972
33716144.793426
33772773.474129
33830353.140850
33834108.221350
33900430.645878
33988896.690120
34032200.821359
34099591.060647
34171134.931592
34235846.262431
34314068.773492
34324992.425225
34419984.928293
34517550.420206
34554028.452644
34582681.163398
34671882.152245
34720089.974320
34752077.938550
34783823.462497
34839920.792499
34898622.946510
34907770.595594
34921018.641602
34939419.867274
34965474.310932
35017218.653893
35081499.804597
35176742.522958
35232538.791663
35297638.594293
35300172.461387
35332792.342132
35371723.400502
35378959.941677
35395230.490659
35453491.862766
35522810.249047
35538445.457477
35555570.944049
35583211.286551
35615137.660284
35664988.516777
35704659.470257
35708188.319965
35720498.424249
35813130.834975
35900750.686263
35920004.314787
35947560.905303
35977876.165815
36003213.553102
36094814.523256
36159552.570675
36241587.960489
36338220.189230
36378193.024741
36440911.179233
36468529.143151
36561498.865544
36615927.210316
36680319.023516
36704795.871840
36747646.159575
36798057.946612
36864162.511572
36899782.753896
36979718.237507
37069898.520282
37073682.546491
37138547.097072
37141316.065821
37200742.194229
37244117.597975
37292063.956917
37374286.849792
37451571.426303
37451626.581552
37503633.150964
37587857.867392
37618150.387575
37685135.605368
37732784.341459
37825240.831354
37910254.500553
37967237.119980
38050836.439925
38057808.137496
38118755.521839
38180034.293728
38200287.968453
38203491.501403
38222318.744990
38278691.610442
38289733.422205
38325663.830375
38368395.169393
38410649.410261
38478866.546240
38540973.082164
38599731.663584
38684215.417093
38723012.317455
38745467.346686
38754576.961821
38821686.272748
38844440.410401
38940449.002788
38954266.239335
38963418.447253
39018838.169161
39103248.024352
39148279.472581
39169209.635282
39210909.185123
39264268.919172
39290584.847433
39328494.880266
39361517.086120
39422774.473786
39442587.638135
39535617.924601
39540906.641042
39585629.350543
39617271.652621
39679064.555128
39753812.778707
39767893.382281
39778511.350281
39848432.215413
39947536.962467
40013217.702098
40042723.823632
40064485.738451
40083137.434902
40148861.944642
40221267.607206
40243204.772624
40339821.892359
40427619.762615
40452306.608719
40460449.876714
40558543.277563
40641329.148272
40695739.461222
40773265.614200
40816545.286397
40830556.473410
40854939.020196
40910512.143386
40978874.658331
41014665.507432
41053776.193275
41096207.612270
41139533.429242
41220457.100373
41318503.255970
41366828.078562
41445885.066595
41505608.076093
41529194.769979
41573421.683892
41581954.678900
41669308.147867
41708065.173818
41779728.998022
41851520.742788
41915474.854207
41922839.379072
41935941.567803
41962287.300563
41998916.814489
42005754.728844
42093907.282533
42174090.656936
42220797.225507
42221298.103569
42288991.697612
42314753.088650
42335963.256936
42362228.925248
42397203.002200
42423033.593131
42467486.698310
42479840.114516
42524605.968983
42544901.486719
42634334.457472
42640871.167910
42686775.013201
42782688.620325
42791588.157821
42882128.503235
42891542.654617
42949021.951934
42980852.766837
43057512.328683
43069247.706198
43165556.759378
43253977.355836
43312724.903676
43409911.654145
43437889.904834
43502110.990802
43564253.126396
43591874.053019
43626021.125478
43631671.525743
43701814.505868
43728080.068774
43770424.941199
43777327.129863
43846775.451488
43881213.955056
43907928.507012
43917816.368010
43928467.726643
43969425.157232
44001318.992863
44099147.174104
44131656.111049
44172582.463927
44229454.957975
44234886.630155
44259511.736538
44359534.422925
44375871.427083
44428504.436794
44466905.135445
44549522.494595
44563266.326191
44611888.389338
44670598.275632
44717194.875094
44777607.160675
44802379.130923
44837941.936635
44863990.822464
44897686.538754
44962128.202783
44989023.793346
44997560.698571
45052315.994151
45087287.816635
45177135.304133
45272147.684750
45326581.266458
45401479.766905
45453112.004731
45547097.430030
45641083.457171
45710744.839380
45737157.552325
45838002.095013
45869063.186610
45932514.638162
46015868.378267
46074155.303990
46161111.158745
46258355.823192
46303886.970784
46378391.173162
46408960.865157
46485058.747328
46555139.071526
46584318.116828
46632311.431184
46724849.132305
46762371.598913
46857924.602102
46925620.520297
46937552.312808
47010407.323397
47064464.918459
47164054.828965
47178759.873933
47183780.999599
47238203.274376
47263567.893077
47333321.972128
47336571.104226
47419105.355820
47442550.474058
47471815.522168
47474626.956224
47574441.167978
47609080.475258
47697988.918107
47758449.696224
47781909.130911
47783954.418197
47839914.458483
