0.000000
42465.015091
47133.949625
49347.914772
158118.788646
205540.615719
207566.614676
245299.439401
308349.516153
353626.872756
394683.756449
419007.336131
422091.951610
474747.100242
539590.726099
625609.911834
679560.356552
680641.092972
741204.163440
832499.259352
861084.661376
909060.920746
1039802.148150
1086255.371410
1098904.121998
1230054.349488
1280309.601034
1370815.682136
1408329.881534
1445019.617703
1492174.532073
1556050.860437
1607282.937520
1694428.085784
1748632.770853
1785192.285629
1845239.321426
1933551.185154
1963343.043025
2012785.328594
2081824.057576
2140789.559513
2154893.013800
2207399.172874
2239853.264571
2294126.812626
2296929.198775
2305904.660842
2398546.894204
2432783.212337
2436408.107868
2468367.214485
2542401.456641
2634108.364396
2654394.514642
2766940.465946
2816640.757368
2882206.816550
2955839.434796
3035713.991648
3082712.930650
3141675.226333
3210200.822974
3217653.446287
3311510.791065
3340413.491950
3371463.557939
3397161.445925
3440935.307325
3507906.063705
3562429.173697
3567696.293879
3692200.724140
3783482.988286
3860136.654226
3895941.603250
3903847.934064
4011565.379483
4062666.517358
4118318.972902
4195257.687087
4206873.106981
4274100.790006
4298270.702295
4298849.506531
4392395.841536
4448018.329114
4449304.618883
4548752.788662
4605629.154991
4665220.117832
4674760.796654
4724328.816388
4834922.769420
4851916.238381
4901622.873302
5018106.253062
5098915.814852
5149814.427158
5150340.469410
5155425.496800
5190480.468475
5261502.898460
5375334.654900
5431039.930831
5458264.248742
5507581.992232
5585819.323184
5679894.711974
5696496.096259
5740918.005283
5759829.913911
5847275.020769
5941463.731234
5972192.505500
5979956.402485
6061535.662286
6155990.702908
6196816.380410
6227224.194904
6230218.633983
6302191.723096
6339822.296617
6360268.182874
6441538.827162
6445265.847054
6479644.023152
6534728.414651
6540407.160439
6606496.683591
6673195.515838
6755709.557303
6796184.159655
6852371.267025
6878949.633244
6975085.343100
7019736.442619
7072634.834210
7141609.681568
7246126.499472
7333304.837734
7359917.523664
7424737.706751
7436548.305474
7449947.713352
7521878.687779
7573530.239376
7615177.254669
7691266.335457
7742591.185791
7771734.167557
7841904.951444
7853981.892807
7910367.452517
7992317.755675
8083448.739320
8140506.392796
8187114.629161
8196691.269588
8221985.800278
8289178.292566
8379242.602604
8386175.574585
8461384.001171
8515125.724008
8524972.001463
8628544.580471
8728096.212482
8814425.719875
8827108.957861
8901453.522130
8929437.125393
8981439.248160
9039226.057674
9119267.930049
9137391.364551
9153160.051176
9229039.374575
9294418.575870
9299374.900813
9399753.694809
9399780.173547
9424647.352947
9467882.028039
9541200.372464
9626651.453933
9700968.279198
9787289.685505
9853865.534988
9939487.144637
10015425.270164
10048768.656256
10126240.554639
10201008.930382
10239089.831609
10248756.286328
10283316.155806
10346373.550906
10424230.181581
10485985.190345
10514821.448998
10548585.589767
10640623.406059
10685103.463098
10746752.478049
10786893.487145
10808375.745241
10816063.930628
10918248.463339
10968899.419189
11054330.400324
11124391.813954
11178584.921217
11185597.306272
11257899.656509
11336886.219877
11421859.733681
11482817.655289
11540174.678387
11554211.332311
11634807.890464
11646544.722584
11703332.384812
11749664.228766
11800537.109445
11877709.168567
11916346.950783
11923253.110626
11996925.856612
12088085.269971
12181553.809643
12258107.948605
12310841.860988
12332638.832787
12412986.986873
12453882.066686
12476654.800250
12576793.451538
12646965.761646
12736501.122002
12841378.971909
12913421.476773
12918914.823924
13016338.379962
13059170.268468
13101882.157936
13148538.921743
13218696.429303
13250955.530729
13302083.708835
13356550.149218
13411885.721034
13439217.062770
13511674.164248
13588824.171253
13642521.137212
13673077.545575
13736066.885243
13802549.746528
13834270.629748
13887037.217264
13957589.405896
14034700.223196
14080758.997903
14169594.922727
14243909.722591
14301616.026187
14331136.600398
14390641.881903
14416899.736792
14486559.979510
14505307.313044
14564375.488843
14663564.904385
14728444.844178
14780767.574870
14792992.549980
14813625.073817
14814935.115079
14852163.359059
14881994.623528
14890712.832758
14955020.085245
15014625.501092
15090999.904259
15141090.222888
15178883.248283
15196535.430287
15219806.615142
15241303.691881
15304597.664434
15377598.206382
15445736.810968
15447723.500996
15507601.188578
15592486.084720
15681458.053825
15716936.613317
15724314.125706
15786978.744437
15802336.825678
15833371.823042
15865810.354275
15925369.907900
15950179.324686
16010216.623341
16061160.112035
16128339.151546
16129613.314348
16174324.273224
16222239.115157
16285457.892863
16300148.312582
16304009.783984
16362831.216151
16420070.570262
16454211.368746
16499433.996741
16561567.811916
16565180.462191
16567593.962008
16636040.335968
16637445.908959
16656690.977806
16713727.360966
16728530.561485
16733436.544135
16784312.743000
16790009.846110
16875928.685661
16978000.082871
17014200.391826
17041069.693696
17093060.182093
17150605.690885
17169042.111357
17245677.222673
17307308.335329
17348133.905875
17425420.639489
17496598.723818
17537009.835787
17616472.837806
17709045.306232
17767130.156417
17785640.092535
17821350.493380
17916133.358138
17976468.326208
17980416.042110
18074399.424342
18119536.655838
18153842.041911
18184083.561791
18214044.646146
18246439.218354
18303577.613000
18338501.921769
18413994.634127
18492318.847820
18520867.624738
18554557.969198
18613981.363802
18692943.117476
18733422.113475
18734560.466167
18795502.219167
18836444.040115
18874204.196526
18929392.959839
18994795.683563
19090443.969398
19115441.443888
19121600.965907
19222185.358982
19284560.055011
19376791.737182
19436274.219300
19508611.586968
19584436.038363
19655514.015753
19676864.158091
19680220.375252
19734985.406586
19748449.029556
19833738.479312
19910524.731662
19978420.355318
20001677.342021
20078777.402411
20169659.742366
20250516.999798
20267076.257985
20318590.480450
20393032.980626
20420260.034062
20446302.642754
20470613.508803
20530961.443044
20574584.212900
20655527.837159
20676555.046310
20696660.334991
20755400.676554
20775985.115764
20801121.472025
20869633.557584
20947879.614577
21008721.251361
21060035.423418
21094963.860041
21163028.840780
21212171.279191
21250992.723716
21262154.986915
21357225.902576
21424868.210389
21481116.151487
21523368.835082
21584596.579621
21645350.092332
21670693.273855
21739078.524302
21832047.613295
21844876.358988
21921231.036905
21977253.378809
22039041.576926
22079714.545623
22079976.787909
22158740.646157
22235730.851889
22330568.973316
22386023.058609
22426260.493422
22514912.000782
22607780.758680
22665434.356900
22703774.383438
22736587.544245
22753402.575548
22757928.129609
22764391.840643
22846832.545062
22938770.703443
22969391.297492
23039768.527973
23053935.045248
23068040.136325
23101614.413947
23124660.554572
23160368.782384
23174472.467692
23218375.868215
23233834.303514
23243895.294389
23338446.527654
23339482.148723
23412329.456432
23472693.424683
23506789.331112
23556691.489168
23614887.451165
23716833.233602
23794932.361957
23886264.069136
23914262.182105
23964204.579317
24039068.400646
24056204.937358
24157998.270780
24164932.522158
24206230.919316
24261345.951171
24342393.264615
24399449.691130
24422019.340318
24492928.030435
24574703.620235
24630112.451443
24637328.968854
24737695.758422
24759935.347519
24776471.932146
24829092.794692
24855357.988309
24927816.992027
24960338.753961
25001073.967846
25009492.367042
25027928.414743
25056466.455661
25090264.312473
25120481.364391
25188501.209285
25203836.705532
25304955.818011
25349869.912272
25391585.753848
25459204.328995
25488301.174845
25553446.567159
25565220.941889
25599383.941623
25626815.011546
25644939.624057
25704826.827690
25752506.763370
25833683.126036
25881870.103690
25967210.689720
26015665.737647
26025512.534652
26041856.143212
26127158.253855
26188283.902181
26222898.195918
26320015.520637
26371117.501901
26382340.571643
26458738.004314
26503929.198170
26511195.694279
26583554.957764
26608953.778871
26700246.266561
26727951.985529
26770741.111947
26794768.974869
26799587.458511
26896658.486252
26931628.328245
26949877.775327
26976288.055991
27039130.526230
27138532.162333
27168136.757097
27186281.171859
27261544.139253
27327841.562071
27383291.658837
27472684.907694
27506064.597182
27556812.462699
27566781.084371
27596255.002024
27615421.458444
27650944.085257
27734642.908598
27806583.483108
27880080.095631
27979406.184419
27986688.975550
28041565.305280
28060943.940559
28068160.173192
28074213.426225
28164578.903013
28261401.508823
28301742.514535
28319958.446206
28371540.663998
28460687.514863
28527816.150784
28544953.225894
28588167.843177
28598633.604842
28678784.181853
28761012.250125
28850394.474777
28947750.201516
28993930.558862
29022348.748685
29061063.882223
29152921.314760
29213494.076139
29267605.613283
29348993.535356
29424747.256447
29493570.251586
29574965.583987
29658456.449559
29717979.336145
29794207.369491
29838627.590279
29849073.025217
29931231.253695
29931290.795371
29997534.184433
30004331.490071
30043395.690415
30098620.396014
30110443.492011
30162789.633854
30209456.032418
30276160.478097
30279911.715473
30364955.582517
30447839.879969
30538233.463096
30614277.134812
30691669.954651
30696524.106128
30697607.202749
30758861.784496
30814947.278021
30870471.896325
30888230.369259
30915699.464304
30972690.729729
31055638.976956
31113741.419332
31165224.654079
31262344.493832
31314596.092319
31354316.989183
31418021.961325
31449250.287785
31545913.216622
31585130.509666
31624280.243603
31643232.061358
31731149.919967
31773061.174975
31869436.140272
31900157.445056
31976888.485859
32052490.281436
32074350.188317
32150065.803891
32197795.412882
32278873.968875
32351783.329419
32404456.585519
32405539.770997
32493352.980874
32520867.035958
32616105.492689
32696100.635712
32790199.362159
32798128.920892
32806773.682499
32839292.122162
32869379.079115
32880660.673276
32891595.366984
32915336.583317
33012704.974849
33099459.083946
33177912.431016
33207291.826982
33250242.771042
33289772.186425
33388570.691487
33466120.003464
33534781.934405
33578745.795746
33663802.726410
33678966.532527
33740656.814105
33823803.603205
33898052.220166
33986171.165058
34042201.263094
34132898.658256
34225416.765724
34318898.009948
34331117.638821
34350961.412857
34437983.965470
34500612.782601
34572265.176788
34652627.984003
34689687.404756
34751552.306612
34763769.141920
34846984.994789
34873297.948707
34900611.984600
34976467.978974
35038975.643381
35089949.363866
35186527.880576
35216378.829422
35267029.290898
35293553.225532
35342028.641986
35380420.545722
35461694.292104
35488999.802460
35490389.844310
35496047.735138
35547735.280093
35622445.402198
35637251.170278
35705645.098646
35719630.501554
35749471.011449
35830820.953264
35874527.342383
35880311.929378
35955622.289959
36056134.425966
36080849.922227
36149828.222337
36210883.144967
36231140.671289
36315152.632368
36344506.037969
36440006.545988
36468505.502935
36555362.184343
36575979.497650
36598949.532033
36682074.311549
36686975.773126
36742222.848417
36761112.445420
36822826.483337
36835013.175441
36891595.688824
36986588.367907
37035960.614798
37139944.475306
37222469.919629
37316283.188031
37390952.300759
37494475.924129
37537339.783544
37557484.282769
37624938.697364
37644430.041670
37724183.803940
37789015.579490
37848311.810468
37912279.368467
38007228.623619
38012963.395882
38089140.683776
38182849.327312
38189187.947672
38235272.819595
38303200.153415
38333440.422627
38363400.203017
38421214.375716
38518715.192423
38582460.923483
38666055.217786
38722568.591732
38774661.564014
38837975.618820
38896024.224829
38903845.272992
38933635.496466
38998931.721771
39014301.304764
39091379.986415
39176947.939823
39203352.757583
39248026.434401
39334688.770033
39344033.039632
39424807.544092
39456405.785685
39523118.610821
39548104.983551
39566283.500757
39656397.907811
39744982.685285
39808522.139543
39882229.759220
39940150.432194
39974979.376885
40020161.224070
40102120.035045
40187425.214863
40228718.668235
40260876.836217
40300104.899803
40322026.568213
40327809.988716
40413358.317049
40464028.373546
40480852.526065
40481661.846783
40491034.989536
40520529.426839
40552474.697487
40622568.588571
40714970.691434
40801929.348562
40818599.835603
40837516.396786
40884170.663811
40931410.942750
41030867.631314
41047255.343066
41051526.889668
41069013.509550
41078376.153934
41118266.887462
41176203.218610
41244359.784948
41258897.942977
41287720.685484
41307656.383259
41351439.223511
41354912.483736
41370903.109900
41408435.004638
41462265.657069
41495526.201247
41567749.740679
41634323.924019
41731618.358086
41783760.480047
41830222.201257
41879759.037224
41913302.955687
41919084.819013
41961565.167308
42043698.455236
42127195.713569
42155691.378605
42240139.152471
42321332.748513
42411281.999680
42423230.445135
42455834.685050
42519490.022252
42586582.344161
42595687.591481
42648712.009181
42724535.533967
42744442.150486
42835058.276480
42840771.759387
42934789.491593
42969599.865756
43040889.620863
43054654.887906
43128395.252837
43130741.091786
43213146.600042
43229121.999936
43308842.105507
43388076.414382
43436833.083961
43509053.556957
43578526.264962
43594563.549145
43691683.143320
43701579.918941
43790234.026275
43841478.220535
43881103.396039
43896972.795870
43900459.813577
43918750.476770
43924490.815259
43942508.420332
43958999.470786
43972906.772973
43989001.748424
44065583.761027
44146043.265195
44180726.387768
44208042.275859
44307591.165826
44396908.579261
44443919.711644
44489513.287936
44548292.333810
44604807.738546
44651516.155528
44715964.632682
44716091.711496
44786901.910098
44797258.011766
44883002.915647
44915779.578110
44937656.653174
44951629.667507
45050368.991383
45075026.794098
45173250.509458
45259380.908214
45319266.427701
45406069.386852
45487258.400799
45517919.898565
45590815.811861
45606472.777337
45644895.243622
45730310.186593
45804791.309155
45890565.211597
45991616.875849
46081662.967633
46127098.031496
46202383.691467
46257054.821564
46309420.049447
46317510.105406
46367775.477342
46455104.842298
46529702.291925
46626446.652253
46626862.446397
46704592.329267
46805385.149399
46843503.674313
46916510.092931
46936949.297456
46941216.533206
46993963.602595
47015510.529320
47106517.440211
47131279.192163
47144684.698014
47206328.003855
47268664.565189
47336052.055473
47400982.901496
47485361.364582
47581137.232025
47607524.844091
47685637.858681
47738089.583468
47789841.914334
47863193.486630
47902637.196452
47952220.337257
48008837.757458
48072509.240794
48096682.679587
48129497.123431
48203000.514588
48288258.649976
48315582.168221
48403064.105179
48484631.907366
48491219.411972
48538823.999260
48555189.834596
48559989.948730
48595886.913395
48631727.506453
48697988.910292
48718557.731050
48752627.836505
48765365.210252
48820792.235564
48870936.656725
48923443.871183
48985294.652836
49004840.558539
49038121.434415
49078839.848615
49106605.662203
49142118.763334
49168371.071994
49238815.260526
49327365.071571
49377783.572514
49477111.233635
49506627.097127
49514626.141033
49549841.628467
49574072.902653
49627127.035700
49707689.543218
49805716.418862
49902437.597532
49987492.241472
50057745.404681
50142239.765306
50213820.522616
50291349.955531
50312918.256086
50411404.249475
50497846.432303
50549316.910887
50631984.655735
50647681.437158
50649114.303279
50691730.417612
50756384.230855
50757861.736767
50831183.244102
50866807.677338
50942265.148336
51002510.647921
51030445.904009
51063033.743936
51072011.666246
51148742.211787
51166126.853300
51234653.464901
