70 100
&&&&&&&&&&&&
59 1 577
11 18 513
41 11 6
7 33 1
25 26 577
3 57 516
28 5 3
13 56 0
2 32 7
66 53 517
42 31 519
41 34 70
37 54 579
24 15 512
70 32 512
51 49 64
55 19 69
3 31 517
24 8 582
44 45 513
47 58 517
47 41 577
33 22 519
57 41 0
70 50 67
3 6 6
14 43 6
21 1 579
32 27 576
62 7 514
39 36 69
12 60 6
43 61 582
8 43 64
68 35 70
62 32 0
21 58 5
62 26 1
51 27 581
12 6 519
55 35 1
65 14 1
54 53 576
68 37 6
56 50 71
32 8 583
10 28 5
43 45 5
23 37 65
17 20 4
9 36 70
13 35 512
62 33 583
24 39 70
27 16 2
4 34 1
70 55 6
31 4 580
58 25 513
69 7 2
7 56 582
23 55 66
38 19 69
24 20 1
20 57 519
14 15 579
17 57 516
24 44 3
57 68 7
8 3 518
3 10 517
9 38 4
66 22 68
13 10 513
60 69 513
31 1 6
26 12 576
2 13 518
45 68 66
35 53 518
37 18 580
30 29 583
18 23 3
40 60 71
12 68 69
60 64 515
16 25 519
54 12 1
24 44 514
16 42 68
13 46 2
5 33 514
70 3 517
29 25 71
64 35 512
28 26 519
69 30 583
34 19 576
11 19 71
65 28 581
