70 100
|&&&&|&&&^&&
70 50 200
51 46 9
48 33 163
14 64 137
53 54 96
32 24 160
7 22 8
40 66 192
12 22 74
20 25 66
7 40 97
27 13 192
3 15 96
43 16 195
23 6 74
7 34 33
5 5 98
12 26 99
44 38 8
27 44 32
10 67 42
19 12 234
6 39 65
27 24 8
58 13 106
37 69 32
4 2 163
33 65 168
3 3 107
56 65 8
42 53 137
32 53 41
63 58 232
6 4 130
18 21 64
20 53 234
21 24 160
58 5 8
47 46 65
57 23 194
41 35 1
65 43 33
68 29 74
53 47 40
30 35 0
70 58 138
11 7 129
12 34 10
62 6 64
39 55 130
7 5 232
43 5 168
52 30 2
5 35 1
10 65 42
19 65 40
21 29 97
29 18 11
65 18 136
27 45 65
57 5 67
22 63 99
39 21 33
43 19 74
48 50 8
29 58 225
45 16 3
9 46 137
30 50 138
1 48 129
9 47 32
33 60 202
24 18 106
55 47 130
38 17 33
18 11 3
33 57 73
45 64 130
44 14 234
21 18 32
30 35 1
2 6 8
29 53 32
2 61 3
31 37 66
29 39 192
54 42 35
11 49 74
70 53 234
68 9 232
68 4 66
26 53 3
20 45 10
6 29 2
40 27 99
9 30 105
32 35 98
54 69 10
18 26 232
21 22 131
