70 5000
^&&&&|^&^&&|
70 55 35
32 4 2338
1 45 33
69 4 2337
55 51 2338
26 46 2050
8 5 33
16 51 35
32 10 1
18 67 257
12 37 2307
34 6 2051
30 10 33
21 35 2082
4 27 34
12 4 2337
44 34 2082
11 17 2338
1 2 289
22 2 34
39 68 2304
11 48 289
44 26 2080
57 12 2306
69 15 2338
16 65 2
51 67 2048
1 5 291
64 48 289
26 12 2048
25 7 2337
69 19 33
13 3 3
34 68 35
21 62 2305
19 7 2080
65 10 2337
52 36 2050
67 39 0
11 19 259
35 37 2336
59 15 289
28 34 2080
10 44 32
7 2 32
2 22 2338
47 14 2337
11 22 2336
39 64 2336
53 56 2081
63 31 290
38 29 2336
46 52 2305
44 33 2304
32 31 2307
11 31 2307
4 57 2306
37 11 2051
55 6 259
58 34 34
34 54 2083
4 62 1
12 21 33
62 46 2304
45 11 3
54 13 2305
14 22 2306
23 45 0
42 4 258
11 45 2081
43 21 2049
1 54 257
60 31 2306
23 61 2080
62 55 289
50 49 2336
40 9 2337
1 14 256
25 39 35
11 61 256
59 16 257
40 18 2339
33 49 3
28 7 2337
20 52 32
45 70 2339
8 14 35
33 3 2049
54 54 259
35 15 2049
63 28 2337
12 9 288
61 45 256
40 16 33
63 60 258
61 6 34
40 59 291
47 13 2051
53 35 3
43 7 2307
69 11 2337
36 4 2337
6 11 2307
13 19 2
59 21 2339
17 39 291
51 69 2083
64 22 2080
27 69 2306
15 66 32
45 11 33
9 18 2304
13 64 258
61 45 0
58 35 2082
67 59 2307
42 70 2338
28 38 34
8 10 2339
47 59 0
8 11 2304
20 17 1
50 53 2337
18 15 2049
19 6 2305
54 44 259
9 43 2
29 57 35
23 28 2307
49 34 291
24 45 259
31 62 2336
60 24 2306
63 60 33
33 23 2307
23 21 258
35 62 259
47 40 2083
18 57 2338
3 6 2306
63 34 0
56 39 289
30 5 33
35 34 2305
9 59 32
60 20 258
59 6 290
35 17 2304
45 20 34
35 23 2083
55 45 2049
58 36 2306
8 9 2082
12 3 2082
13 42 2082
48 39 2
27 59 258
26 35 2081
53 35 2306
39 65 258
8 33 2083
41 24 257
3 26 259
69 42 290
17 33 2082
50 66 2050
29 65 35
34 52 35
53 52 2337
58 68 257
24 33 2339
22 59 2050
40 61 2339
48 61 258
65 35 2048
26 23 257
56 28 3
59 59 289
8 63 2082
5 17 288
32 61 35
3 32 2051
58 32 2306
34 57 1
67 11 2083
49 57 1
8 20 290
21 3 289
3 7 2083
28 66 2081
64 10 0
63 70 2307
56 13 2050
4 2 288
61 23 259
26 45 291
44 37 2304
9 62 2050
35 45 0
53 14 256
4 38 257
31 42 2083
16 25 2336
51 29 2083
52 66 2304
68 20 2307
50 50 2337
37 44 2338
48 6 2048
60 12 2304
14 6 2336
36 48 2049
61 10 33
12 22 291
20 51 288
41 8 2338
13 63 2306
15 16 3
50 11 2306
5 9 33
24 36 32
41 41 35
14 67 2051
44 30 2049
2 43 257
34 42 2081
5 10 0
28 4 1
40 14 2081
33 67 290
37 61 2339
45 36 2081
23 58 259
8 11 2304
26 17 257
25 52 32
25 11 2336
28 55 0
21 41 3
44 24 34
23 41 257
20 62 288
25 18 2305
10 66 2081
57 44 35
38 52 2307
57 37 3
63 35 2304
2 37 256
27 66 33
53 1 1
40 18 2048
29 47 2305
39 2 2080
10 49 2336
6 8 288
37 58 2048
12 18 290
34 39 288
54 68 2
30 69 2083
40 68 1
69 29 3
16 9 2050
47 64 0
34 45 2339
32 59 2304
13 1 290
9 45 2050
46 33 259
33 6 257
34 65 259
4 1 2080
7 53 2336
1 47 256
43 35 288
40 49 2048
27 37 3
68 3 2307
36 34 1
58 43 2080
5 51 289
11 3 0
52 50 289
37 29 2336
38 50 2
8 40 2082
41 62 291
14 60 2082
28 59 2304
57 67 2083
59 16 35
66 39 2081
43 65 34
4 65 2083
67 59 2
43 32 0
16 55 0
26 13 2305
40 17 35
40 48 2082
42 13 2049
55 40 259
3 41 257
32 23 289
2 39 35
50 45 288
47 62 2306
58 46 2049
26 35 289
62 19 35
68 69 2338
10 28 291
17 40 0
40 44 258
48 12 2051
28 47 2339
62 35 258
11 2 2081
45 35 2083
50 45 288
14 51 257
19 43 2336
10 56 2307
39 70 2307
3 15 34
46 33 2081
10 37 2338
57 4 288
58 15 0
1 2 2083
51 51 33
21 3 2
10 59 32
53 64 3
60 30 1
58 33 1
49 59 2082
12 46 35
43 27 291
19 9 258
54 12 2080
44 13 2050
16 10 2337
33 59 2
16 30 2081
33 19 0
60 11 258
1 42 259
36 11 2336
40 11 258
30 26 34
41 9 289
58 52 35
26 58 35
66 65 32
27 51 2304
13 52 2050
17 4 2051
37 67 35
10 43 290
5 52 256
48 47 2336
16 59 2339
48 70 2307
9 22 1
2 14 32
32 15 2336
18 4 34
12 32 2337
62 4 2338
46 17 3
66 64 2305
21 60 34
63 9 2305
65 63 288
42 63 2339
9 14 2336
45 30 258
49 35 1
5 69 2
31 52 2337
40 12 2304
56 4 2337
18 14 2337
32 23 3
53 45 35
8 50 2083
31 42 2048
31 43 2049
69 52 2338
60 47 2339
12 51 2048
47 12 32
3 22 34
10 56 2304
25 22 2336
46 51 2304
41 16 3
35 55 2304
8 48 288
3 55 2048
45 58 259
28 62 2337
55 35 2307
5 28 2081
1 24 34
10 52 2
46 33 0
12 34 2051
25 16 0
35 23 1
11 45 2338
54 44 35
21 11 2306
62 44 288
22 57 2081
30 27 2306
27 40 259
11 16 2336
56 64 1
32 29 2305
61 21 259
60 56 2338
60 30 257
61 37 2048
66 36 256
35 70 33
51 57 2338
1 4 2336
15 31 2337
54 38 2051
9 30 2049
18 29 3
4 1 2080
31 70 2049
62 60 2306
20 44 34
18 48 2307
2 15 2082
70 44 2
44 38 2049
38 17 288
36 49 2049
19 33 2049
35 39 2307
25 42 289
54 29 0
46 53 2339
27 45 2306
45 32 35
56 38 2337
63 5 34
36 24 2304
39 53 2081
62 36 2083
70 13 2081
25 10 2048
51 11 2
57 48 2081
69 23 2337
58 55 2337
43 66 290
69 70 289
11 15 2306
9 17 2336
11 23 2307
64 29 2339
55 15 2337
25 48 34
41 65 291
29 35 259
18 42 2338
51 55 35
34 67 2307
48 58 257
60 70 2081
50 17 291
43 21 1
49 28 2339
42 58 257
70 21 0
64 66 3
68 22 290
62 49 2
42 65 290
45 57 259
21 24 0
53 49 3
1 17 2
41 61 2
54 42 33
16 29 2083
56 65 2305
52 22 32
31 1 2338
49 56 291
36 67 33
39 26 2048
67 18 2083
55 16 2338
47 23 3
34 57 257
61 64 2083
57 54 289
56 16 2339
17 34 2338
33 58 2305
35 28 2082
18 17 257
25 42 1
22 68 2082
4 38 2080
40 66 2304
46 2 288
37 1 2
43 63 0
45 42 2080
11 61 289
61 55 33
11 52 2305
24 49 2
56 18 2336
62 68 258
38 29 257
55 4 32
31 35 288
39 27 2049
10 60 2082
50 34 2050
53 13 2306
21 38 2081
32 26 3
37 59 34
53 44 2306
6 66 2305
10 54 3
46 59 33
2 13 2304
27 53 2339
67 38 33
46 30 32
49 6 2336
16 20 289
21 65 1
18 65 2083
1 47 256
54 19 32
61 15 34
1 54 2
64 12 289
23 48 2337
16 11 258
3 26 2081
3 10 291
27 68 32
60 46 32
57 45 290
29 24 2080
8 30 257
39 14 258
70 60 2338
62 55 2304
41 19 33
44 65 2082
15 65 3
24 44 256
55 53 291
41 8 2338
56 63 2081
58 46 2
4 4 2048
57 59 2049
64 31 291
54 10 2305
43 26 34
14 4 2048
40 49 288
53 11 2305
43 66 2082
70 28 2080
40 52 257
50 62 3
33 34 2049
60 25 3
52 44 291
12 41 2050
28 60 290
17 50 2305
53 59 1
44 12 2080
42 61 32
61 16 2049
1 67 2304
28 10 291
6 24 2338
53 15 0
31 70 256
23 12 32
11 41 2083
34 53 1
8 7 289
50 55 2306
6 60 2
24 29 288
59 3 1
12 47 2082
61 54 33
15 42 2051
65 15 2336
60 57 2049
10 7 1
50 40 2081
34 53 257
27 8 291
49 67 288
11 17 259
25 59 290
33 31 288
28 46 2337
21 9 1
12 67 2
44 54 2082
58 49 0
56 67 2080
28 58 2051
54 4 35
16 18 2338
52 37 2307
31 58 2049
39 25 1
2 40 288
11 43 2337
18 30 34
27 8 3
5 19 289
23 26 34
51 26 259
7 59 2051
7 36 2339
51 5 2080
5 35 2336
21 35 291
58 59 1
42 55 2082
3 34 290
45 61 2337
20 9 33
20 14 2
34 47 257
48 70 3
44 65 256
68 45 2082
69 68 35
24 47 2082
42 16 2306
36 18 2081
19 11 2082
60 28 32
13 21 32
4 67 2307
49 69 2083
11 6 2337
58 13 2337
5 70 35
52 14 33
42 27 33
31 5 2336
38 27 258
8 11 2050
16 56 258
17 66 2307
62 33 289
49 14 2336
39 14 2080
27 35 259
67 54 35
63 24 289
14 9 257
4 18 34
42 34 33
53 27 2080
20 5 34
43 21 257
64 43 35
48 47 2306
56 11 2339
39 57 2304
59 69 2050
9 66 2048
63 59 1
57 53 259
12 16 2050
5 35 257
48 19 2050
40 27 2050
48 14 2336
56 15 2083
17 38 0
12 54 2304
27 32 2049
12 39 291
3 50 2048
18 8 2082
52 25 2336
29 36 2048
49 27 2306
15 54 2051
58 57 2304
44 43 2306
13 18 2049
1 10 32
6 9 2338
54 15 2049
8 51 2307
36 69 2048
54 1 258
10 6 2082
10 35 258
47 53 2336
60 30 289
39 43 2338
50 61 2305
67 35 2338
37 42 2080
1 9 2082
52 32 0
62 47 2337
2 30 2
27 4 2304
28 58 291
36 57 2
30 65 2339
7 57 2050
4 37 2
25 13 2307
62 53 3
31 64 0
58 6 2050
61 5 34
50 63 2048
51 60 2
21 38 2080
26 57 257
14 12 2336
55 45 2082
4 39 33
31 7 2050
58 32 257
14 66 258
19 68 259
38 56 2336
16 2 2339
6 25 32
70 45 2
45 2 2082
45 11 35
37 39 257
17 18 2336
53 35 291
21 32 2082
27 6 3
21 53 289
38 31 2339
2 29 3
3 8 2304
51 61 258
26 18 2305
13 36 290
12 57 290
59 8 289
16 57 2306
25 22 2337
70 55 289
67 26 2304
65 23 2081
40 68 288
1 10 32
36 12 288
63 69 2048
48 45 259
11 4 257
63 14 2082
54 45 32
32 57 259
38 33 2081
60 34 32
51 59 2338
57 9 257
23 61 2048
7 32 33
3 17 289
44 7 2306
4 62 2306
33 1 35
59 61 2049
66 59 2305
67 32 2306
6 19 2083
32 34 258
8 29 2
65 33 257
8 3 2
65 61 2082
37 67 291
42 38 1
69 4 289
26 69 0
2 36 259
43 20 2305
50 10 2305
65 67 290
15 69 3
67 37 256
34 56 2048
15 43 2307
30 22 288
26 27 0
13 52 291
45 52 2306
33 29 290
24 48 291
17 67 256
44 63 290
30 63 257
3 32 34
46 46 35
17 54 288
12 41 289
20 42 34
44 43 2083
24 36 2336
8 33 2081
70 50 2051
34 51 2339
9 47 2048
59 16 258
11 61 3
28 26 2336
3 8 259
23 59 2080
6 43 289
70 29 0
28 60 2307
5 6 2080
36 41 2049
27 3 35
60 68 0
14 12 256
9 56 2304
35 32 2
50 31 259
6 58 288
35 12 33
26 26 2
29 4 0
46 41 2051
48 25 2051
57 59 289
13 63 2339
65 36 2083
30 56 2304
46 8 2050
3 6 2305
56 61 2083
14 63 2049
38 6 2306
53 38 2048
60 13 2080
32 3 2307
64 45 289
15 50 33
13 38 0
55 58 2083
14 12 2304
63 44 2049
26 67 257
14 4 2304
1 38 2080
59 48 33
57 59 2336
51 52 288
51 4 2304
65 25 35
45 42 35
56 25 2338
48 18 2
42 17 2083
55 63 2304
45 31 32
31 30 34
8 24 257
27 10 288
52 27 288
60 45 2
33 34 2083
5 41 2049
66 68 1
17 14 291
31 31 2336
65 24 2306
20 29 2339
17 12 256
10 9 0
70 38 2081
39 58 258
25 34 2304
41 38 2083
70 35 2305
3 39 256
11 58 34
17 10 2051
60 10 257
33 46 2338
41 9 32
52 56 2305
33 58 291
25 5 2337
57 48 1
21 48 2051
14 37 258
52 59 2339
7 6 290
9 23 2048
68 30 2336
58 62 259
62 52 3
49 29 259
61 70 2051
30 9 2050
28 5 288
39 38 34
43 60 2306
69 43 2048
64 69 2305
64 2 2337
41 54 0
46 31 2
49 56 289
38 12 2083
41 53 259
53 1 2051
11 45 32
16 19 256
60 4 2305
51 38 2337
44 16 2306
33 68 2
16 24 2304
27 66 3
31 8 32
57 33 257
12 53 2080
37 60 259
66 6 289
35 17 2306
20 46 2082
32 66 0
49 47 0
33 44 2080
62 35 2082
19 36 258
27 63 2049
21 33 2307
25 2 34
46 47 33
13 37 291
2 46 2082
67 11 35
27 45 32
65 27 256
51 21 3
49 29 0
48 16 3
10 34 2339
1 10 2083
24 40 257
10 8 2051
16 47 2
56 7 2080
26 64 1
47 28 2339
40 27 1
40 8 2082
53 18 259
16 60 2050
15 46 35
36 9 1
5 48 256
56 25 291
29 12 2306
9 56 256
70 55 2307
32 20 2339
60 49 2082
61 45 2083
22 38 2339
18 4 256
23 40 2081
15 52 2336
46 34 2
12 4 2051
33 4 2048
33 64 34
5 65 2307
50 7 2050
33 20 33
50 40 2338
25 30 259
1 46 0
67 38 257
17 36 32
67 47 257
67 18 259
10 1 2048
52 46 2082
46 70 2336
26 22 34
21 8 2337
20 1 2339
18 43 2050
61 32 2337
20 60 2050
5 17 2081
69 40 35
48 64 0
20 48 2305
69 32 2082
65 47 2337
3 18 291
47 60 2049
8 45 2
31 43 2049
1 8 290
16 16 33
67 58 2307
7 49 32
32 18 2337
45 49 290
22 27 35
68 1 2050
67 11 2048
5 37 291
38 31 2338
63 29 2081
47 19 2082
54 25 2339
43 32 2306
37 50 2080
32 55 290
29 43 259
56 70 256
27 16 2339
58 23 257
39 54 2048
55 67 2080
41 67 35
9 32 2304
58 43 291
35 53 2048
22 11 258
6 20 2337
49 8 2307
47 27 2083
28 47 2050
10 31 2080
70 40 257
40 9 2307
11 63 289
60 12 2050
64 66 2
50 40 290
68 35 2051
18 22 2338
32 64 2051
10 35 258
57 48 2082
31 69 2050
16 22 2337
38 10 3
31 22 288
48 17 0
23 34 0
64 70 2336
31 30 33
64 30 2083
7 19 256
4 15 290
2 18 2339
62 64 2306
28 51 2305
21 70 2338
6 14 34
49 41 290
52 45 2305
69 37 0
7 37 2337
51 6 33
9 9 35
32 63 1
17 18 2051
10 19 2082
28 26 2048
56 69 289
54 31 2048
11 31 289
38 11 35
49 21 258
31 64 2307
65 19 2082
65 25 2048
70 52 2339
44 7 2339
10 24 2304
15 60 2336
31 10 2338
57 34 2051
58 36 0
5 34 35
34 52 2051
15 2 2050
70 3 2336
30 26 259
22 70 2339
64 14 2
63 48 2336
67 52 33
45 42 1
42 19 33
5 6 2082
20 10 2048
29 66 2080
22 65 291
45 58 2336
7 29 2048
61 62 2051
7 38 0
48 10 2338
44 45 2339
70 60 2081
22 23 2306
23 58 3
41 62 291
8 46 291
20 21 258
53 51 0
20 36 2306
33 14 258
3 5 257
46 49 258
58 62 2048
67 52 2
50 19 33
20 65 2051
22 51 35
68 49 35
26 19 0
62 5 2080
12 58 2050
11 44 34
44 38 32
50 53 2
44 23 1
9 60 35
42 43 0
61 49 289
24 37 2339
62 69 2080
67 5 2338
26 9 258
65 38 34
34 4 259
51 31 258
30 63 32
11 54 0
37 17 290
49 34 3
55 65 2307
37 54 2307
67 45 2338
3 24 290
12 1 2082
31 11 290
27 19 2048
63 64 3
21 68 2305
46 1 2305
22 26 2081
68 16 2337
43 56 2304
43 12 257
24 64 34
28 23 2304
58 15 2083
27 51 290
37 42 2080
40 17 2305
45 41 32
39 58 32
54 33 35
44 32 2080
27 39 291
9 32 32
64 17 291
37 26 2339
14 64 2050
11 64 2339
8 25 2082
51 58 258
70 23 2049
53 28 291
1 20 2305
22 33 2306
58 49 2
14 25 288
46 45 2304
69 9 32
1 15 257
4 67 2
16 69 2049
27 32 3
25 64 2081
43 49 290
33 58 2339
70 67 258
54 24 2048
68 2 290
5 47 2307
8 50 257
6 39 258
67 21 2
31 11 2339
30 31 1
51 35 258
42 44 2338
29 4 259
1 49 0
46 41 2336
13 30 2048
59 16 289
18 34 2051
7 59 2080
19 12 257
21 7 2050
24 70 35
36 68 2081
49 25 257
29 41 2048
12 44 291
49 1 2048
23 12 2048
39 42 2307
2 33 2307
16 49 2304
13 6 288
2 32 257
15 57 289
15 24 2048
48 44 3
2 52 2082
66 22 2336
20 38 259
18 6 2083
6 1 258
14 21 2306
57 17 2083
24 44 2080
54 54 2337
28 43 2083
52 60 34
64 53 3
32 33 259
26 64 289
37 31 288
42 19 2050
39 49 256
28 20 2049
33 20 257
54 54 2304
1 43 258
38 2 258
29 12 32
49 56 2083
32 48 2304
65 31 256
12 46 2338
12 56 2305
17 21 2
3 16 1
70 32 3
21 22 257
16 16 257
47 52 256
45 58 3
49 13 2
13 3 2
50 52 2337
21 2 291
68 47 2049
60 70 2339
20 17 32
13 59 2338
30 14 256
21 2 2336
67 29 2306
6 54 291
55 40 2083
63 16 0
58 38 0
18 50 2080
55 50 3
53 36 2337
67 31 2339
16 5 2051
44 62 258
3 40 35
8 8 2306
6 53 1
31 18 2082
50 50 1
4 23 2305
6 30 259
13 69 2081
29 41 34
22 66 0
11 15 2080
69 13 2081
42 24 2336
53 32 2
27 7 2050
43 65 35
5 7 257
63 58 1
19 44 34
38 27 35
48 21 2049
65 62 2049
62 6 33
35 17 290
19 59 290
58 15 32
1 2 2048
35 53 2336
40 57 2338
39 32 2049
48 31 2338
58 18 288
60 51 2083
18 3 2306
58 6 256
48 44 2050
10 65 2050
31 36 2305
70 38 35
44 36 3
35 5 2304
30 18 2307
1 58 3
8 41 2305
50 66 259
29 24 259
57 25 0
22 61 289
16 46 2083
35 33 33
1 8 290
66 63 2049
50 20 1
13 38 1
12 17 34
37 1 3
41 17 35
33 68 2339
47 70 2339
20 35 2337
32 45 290
61 57 2050
42 56 289
57 39 0
1 11 32
59 51 259
60 7 2306
18 17 290
18 64 2336
49 68 32
68 17 288
65 69 0
9 56 2306
62 17 34
30 1 290
5 5 2080
24 59 289
60 48 291
58 21 256
54 16 35
50 45 256
32 16 290
52 40 2051
40 7 2339
17 37 2337
70 69 2339
4 59 2083
45 6 289
18 47 2050
52 57 2
51 64 0
69 17 289
22 2 2305
44 9 2
17 36 2051
23 58 35
3 29 288
36 16 32
9 14 2048
11 3 2049
47 4 0
22 63 2048
32 39 2338
33 19 2336
56 47 2082
2 65 0
35 45 33
24 10 0
11 63 290
15 46 291
49 21 34
8 60 2051
17 66 2306
53 32 2048
52 62 289
21 25 2048
20 33 2336
16 31 2049
47 54 2080
63 24 2336
68 58 291
33 5 2050
15 50 290
45 2 33
70 42 2
33 49 35
35 70 290
23 33 289
61 55 2304
55 36 2338
7 66 2336
69 52 257
52 6 288
22 60 0
70 30 34
60 62 2049
28 18 2305
64 5 34
51 67 2080
54 24 2307
15 60 256
16 69 256
19 48 258
66 2 2305
30 49 2306
53 51 2083
26 2 2305
24 17 2339
53 51 291
25 31 2049
48 36 32
25 45 2337
24 56 258
70 30 3
37 42 2048
55 16 2304
4 23 1
41 19 2080
39 62 33
7 4 2337
36 47 291
54 62 257
32 68 2307
9 66 2051
55 16 257
41 33 2
19 12 290
2 64 289
58 17 2081
42 64 33
46 60 2051
38 15 2337
35 33 2050
23 56 2306
54 5 2336
40 31 258
27 2 1
4 4 2048
65 27 288
25 42 35
5 30 289
53 16 2049
13 7 2306
4 10 288
4 60 2305
54 5 288
65 40 291
17 58 2081
11 15 2339
68 9 288
64 2 35
36 28 288
54 22 290
57 25 256
12 46 35
62 68 256
62 22 2049
33 59 2339
18 48 2304
64 49 2336
68 8 259
66 6 256
46 63 2339
62 3 2048
37 38 2081
4 60 2304
62 36 1
6 5 2083
2 35 256
10 41 2083
20 28 2337
42 14 2338
6 27 2
59 68 257
15 57 290
44 48 290
32 11 258
53 37 3
20 59 2082
40 49 2051
13 6 2083
52 37 2305
38 68 2338
62 53 259
60 18 288
6 25 256
46 68 2083
29 30 33
37 59 2051
55 43 32
13 3 2081
33 27 290
43 57 32
38 21 2307
46 5 2306
11 54 33
31 48 3
10 52 2338
9 23 2081
24 15 291
65 10 256
13 7 2082
33 68 35
23 50 289
53 62 3
8 54 2304
63 42 2305
34 8 2339
2 4 2082
49 57 34
62 51 35
47 11 2083
62 34 290
60 69 2337
31 28 2050
43 36 0
28 9 258
9 59 2306
11 37 32
52 43 32
14 55 290
65 45 34
60 39 2051
61 51 259
51 49 33
18 17 2306
60 38 288
34 14 2050
5 56 2336
57 27 2307
60 49 289
3 67 289
34 66 288
51 56 2336
48 48 2081
5 26 291
26 14 2306
67 57 1
19 36 2304
41 10 0
9 8 291
12 62 35
59 16 2083
27 56 290
65 56 288
46 59 3
28 30 2
35 2 289
3 26 2336
44 39 2338
35 15 3
56 48 2305
49 45 32
17 61 2337
63 13 2307
55 20 2051
63 51 291
21 5 2339
1 3 1
44 15 2
34 10 259
48 44 32
50 33 2339
13 28 2081
47 61 2339
42 2 291
51 43 2081
25 27 2304
27 22 2051
16 15 0
14 38 2
48 15 256
40 32 2050
69 39 1
51 54 258
5 60 32
2 52 3
49 19 2337
14 48 32
18 59 2082
62 35 1
20 23 0
21 60 35
66 65 32
70 20 291
61 6 32
5 24 33
40 10 2083
34 47 288
1 18 2050
45 33 2336
21 50 2049
27 27 2082
4 61 35
49 32 259
15 17 2049
70 41 2048
12 52 291
52 46 2339
49 59 32
49 56 257
44 24 2336
13 15 2304
26 57 2049
39 35 2081
35 64 2306
34 46 289
61 40 291
43 48 257
19 8 288
18 67 291
34 34 32
33 32 289
66 70 2082
16 51 256
29 29 2336
39 31 3
48 44 2339
68 17 33
28 1 2339
60 50 2082
61 35 2081
36 38 258
15 67 2307
7 20 2082
26 19 2
33 59 2083
50 45 2306
14 57 256
34 61 2305
50 47 2082
5 49 3
53 15 2083
23 57 2080
9 7 2051
45 37 1
1 41 2050
51 20 256
42 59 2050
11 11 32
7 14 3
18 46 256
30 56 2050
67 59 2083
27 15 288
15 37 34
50 43 2304
20 65 290
54 28 290
46 29 2051
9 14 2080
54 30 34
16 6 2083
49 55 2304
54 58 2306
16 28 289
28 3 3
18 3 257
21 42 0
48 4 2
33 23 35
39 34 34
50 62 2051
19 41 2048
13 25 288
28 14 2306
8 63 2306
46 49 34
65 2 3
4 68 33
68 46 2306
27 27 2338
48 46 2049
67 61 2082
23 27 259
59 39 2338
35 33 0
1 44 290
62 41 2336
4 35 288
9 34 32
16 12 2338
2 45 259
26 46 2051
4 43 2081
6 53 2336
17 20 258
41 58 289
40 20 2305
34 63 257
45 27 2337
12 3 35
68 39 32
60 53 2082
36 49 2048
44 9 2338
22 17 2048
23 42 3
15 37 256
50 48 2080
7 61 2306
13 25 2338
17 69 2049
37 65 256
69 43 2049
2 50 33
43 16 2082
58 40 256
34 29 2306
17 33 2339
39 29 2338
27 17 257
45 11 2306
11 33 2
69 15 0
52 66 3
3 53 2337
55 3 2050
6 31 290
60 54 258
29 53 2
65 18 256
59 48 0
52 18 35
39 9 2050
9 28 288
7 55 2050
48 39 2336
3 31 2304
1 37 3
12 7 291
52 5 0
59 52 3
54 49 35
53 24 2336
33 63 2080
63 36 2337
6 58 259
69 20 2338
9 56 2049
70 19 2
21 41 258
24 37 2338
55 17 2048
57 58 290
50 15 257
57 69 2306
62 70 2083
63 47 2338
7 47 2049
34 7 32
23 35 2336
35 39 32
48 36 290
68 55 1
13 44 256
22 9 2305
31 32 2080
65 63 2
59 5 34
65 39 2307
66 14 259
6 39 256
65 2 2307
8 43 257
19 17 35
40 35 1
17 9 1
13 19 1
64 32 2304
37 30 289
55 57 289
42 45 2307
45 26 2049
44 10 2081
22 40 2
23 16 2049
64 14 2
40 38 289
28 42 34
53 26 259
44 57 2082
58 57 2304
31 31 289
22 36 3
37 63 2048
8 38 289
33 42 257
58 60 32
27 14 2305
18 68 33
25 40 289
33 24 0
49 50 2051
3 58 288
42 68 2337
10 46 2306
39 30 2080
45 45 3
60 22 1
60 43 2306
65 30 3
15 10 258
2 60 258
9 3 2337
70 13 2083
69 59 2049
48 18 2338
3 44 2081
12 55 2307
61 64 2337
21 63 1
10 61 2339
15 12 258
30 48 2307
59 68 2304
2 66 2080
53 23 2304
57 60 2307
61 20 2050
29 2 2306
59 65 259
3 30 2081
67 25 33
16 19 35
38 56 291
14 31 2304
11 42 2048
28 69 259
60 24 289
39 53 2305
8 33 2082
7 6 2082
53 48 291
8 48 2051
48 13 2050
41 3 2306
6 27 258
66 46 290
18 61 33
68 68 0
6 46 2048
38 21 2080
37 43 289
63 9 257
3 66 2305
25 34 291
52 55 2338
4 12 33
29 35 2083
18 2 2336
35 39 291
69 52 2048
40 54 2
11 51 2050
40 24 34
4 15 2051
38 14 32
65 43 2051
7 29 2051
29 27 2080
23 66 257
25 63 2081
5 21 289
66 60 258
48 50 291
38 23 0
49 32 256
43 17 289
21 46 2048
6 23 2083
24 24 2048
66 52 2
69 2 2306
20 6 259
11 1 257
9 58 259
23 24 2306
5 7 2048
51 61 2082
53 65 2081
42 65 0
20 55 2048
37 6 291
30 65 2336
42 7 258
7 67 2307
33 42 2336
33 39 2083
2 42 34
14 49 0
5 45 35
3 36 2051
61 54 33
7 47 2083
1 20 290
46 25 2336
8 3 3
37 12 2338
27 64 257
54 8 257
34 36 258
55 19 2082
30 7 2048
7 21 288
64 5 2083
29 4 257
12 3 291
13 57 32
27 59 2
53 59 2051
52 67 2337
42 23 2336
9 25 2048
42 46 2083
19 11 35
64 26 2082
53 28 33
42 1 2051
66 46 290
45 61 2304
66 28 32
62 69 34
56 47 2080
11 12 2336
18 29 2306
33 54 2083
28 43 0
15 7 2051
6 38 2337
41 13 2304
65 51 259
62 66 290
12 11 259
3 60 2306
51 31 2048
42 15 2
9 30 291
50 38 256
50 34 258
34 40 1
27 46 2082
1 27 289
22 5 2305
64 17 2081
67 37 256
56 18 33
44 66 3
4 5 2338
27 49 291
7 8 2305
43 4 33
68 20 2080
43 37 256
1 30 2051
12 61 2337
49 5 2337
14 21 32
61 64 2083
55 51 2337
44 22 288
58 10 2306
20 58 34
61 52 288
58 42 2
48 48 33
54 67 289
33 54 34
67 39 2080
25 39 291
12 52 256
64 62 2081
25 50 256
65 62 257
70 7 290
42 2 291
22 53 2339
64 48 2051
13 70 3
31 13 2080
9 35 2082
48 35 3
17 35 2307
1 65 291
39 14 290
52 54 2048
27 19 2306
9 34 2050
53 27 3
17 24 0
52 66 2
32 2 2050
30 10 2051
41 44 1
7 7 34
67 9 2305
14 45 256
54 10 2082
61 18 257
69 53 2304
32 57 257
69 54 1
66 31 2051
47 58 34
49 22 2051
27 60 2304
67 9 2339
9 23 2
2 44 290
69 41 289
46 36 2336
70 25 34
18 48 259
50 70 290
62 20 2051
25 69 1
43 55 288
27 55 0
1 52 2049
14 61 2082
43 10 2050
60 29 32
47 19 2048
6 21 2336
5 37 288
39 39 2083
51 38 2049
48 11 2083
19 55 288
64 26 2307
35 4 3
16 63 2337
50 24 2081
12 26 32
28 37 2306
48 45 2082
61 16 256
14 44 2048
25 39 2306
36 10 2337
37 61 2083
55 35 2050
13 54 2336
33 20 256
11 16 34
47 50 259
23 43 2304
53 69 2049
57 7 3
20 21 290
13 51 2338
43 68 2050
42 19 33
64 5 2307
59 53 1
17 49 288
28 35 289
53 44 2081
35 12 256
43 16 1
68 62 2306
47 60 258
17 61 2304
4 1 288
30 32 35
41 1 2081
13 19 256
30 66 258
25 66 2338
68 69 291
44 67 288
26 26 259
29 42 2049
29 65 2338
36 21 2082
46 70 2048
64 9 2050
48 51 2305
10 67 34
18 69 2
44 5 2048
69 50 32
19 67 34
40 61 35
64 26 290
33 68 35
29 19 2081
61 63 0
69 58 2083
3 15 290
35 56 2
37 6 35
65 4 2083
19 49 32
26 5 291
11 35 256
66 36 2081
52 27 2336
7 30 288
57 15 256
8 67 257
19 51 259
31 61 2082
58 36 2306
31 48 2083
43 37 2304
52 51 2048
27 32 2304
63 27 2
70 31 259
53 60 35
33 60 2
49 41 1
46 59 0
69 59 2304
11 19 2049
66 18 2
32 52 35
25 69 2048
48 9 256
32 44 2080
69 64 2339
28 46 2081
16 56 2050
3 65 2336
62 5 289
47 68 34
24 39 291
40 10 35
26 45 2049
21 25 259
28 70 2304
54 36 2304
26 1 2
64 57 3
41 47 33
22 46 291
36 55 2082
18 19 2336
60 28 2048
42 42 0
14 32 2337
22 64 2050
69 17 2051
1 42 2050
65 31 0
20 17 2051
25 18 259
62 46 2
65 52 34
13 54 259
13 27 2306
35 47 2337
21 39 34
29 24 2049
1 13 2049
36 39 2050
40 14 3
36 25 2
58 27 33
31 20 2338
3 13 291
67 19 34
34 66 2
14 59 2338
34 58 291
33 47 2306
54 38 2051
21 70 2080
56 9 2336
18 4 2307
54 15 290
39 60 2307
57 49 257
29 26 2339
49 5 0
4 23 257
34 29 259
46 17 32
15 50 291
70 19 2337
31 5 2339
39 54 290
26 62 2049
55 60 2307
67 18 33
24 47 2306
2 11 2080
66 61 2306
46 54 290
66 13 2336
39 24 35
10 27 34
61 25 2081
19 69 2339
60 3 256
62 21 288
9 32 32
43 50 2
63 47 257
37 29 2083
2 24 2339
7 56 2050
52 29 258
50 63 3
51 4 2081
53 27 2339
47 2 35
70 32 2050
29 66 2080
28 43 2082
8 14 290
60 41 256
29 35 259
6 18 2082
57 67 2338
10 17 2080
44 70 32
47 37 2081
46 30 32
30 42 2081
27 70 2337
68 67 0
52 35 2081
18 65 289
20 62 2306
67 45 34
5 58 257
37 38 2083
33 17 1
13 35 2082
57 15 259
28 57 291
24 53 2050
46 60 258
39 52 2305
54 3 259
1 27 257
18 59 2305
29 15 2082
60 53 291
25 46 256
55 60 2304
41 38 1
55 41 1
14 59 2081
38 66 35
14 43 2306
42 45 2048
32 61 34
35 11 2049
23 15 2
69 13 0
64 41 2080
25 68 35
13 62 3
30 3 2051
17 45 289
68 5 290
23 61 2304
66 55 291
5 58 2049
27 65 2083
12 38 2081
60 61 3
3 44 291
50 70 2051
9 61 2307
58 68 2336
55 65 2051
50 7 2306
2 19 2307
41 29 2049
3 11 2083
46 5 2305
50 24 34
50 67 2080
3 28 2336
41 11 2338
67 7 33
61 44 2338
40 51 256
39 24 2082
46 49 288
2 52 34
44 14 290
15 1 2304
36 14 33
29 46 34
17 4 258
12 24 0
9 48 259
70 29 2304
36 7 259
47 19 2050
45 51 32
53 23 258
7 51 2306
57 16 2339
26 67 2339
48 17 2082
3 63 290
67 70 33
1 57 258
44 63 1
25 58 257
36 34 289
30 36 259
5 22 2305
29 41 256
7 8 2305
47 7 1
64 70 259
69 49 2049
37 3 288
45 13 2305
8 36 2048
16 11 2307
45 11 2048
21 25 289
16 28 2082
27 11 0
46 33 288
60 18 2
25 53 290
2 14 2306
58 24 290
57 63 259
7 6 34
38 55 2051
54 51 2305
3 5 3
10 20 32
12 3 2307
41 1 2051
16 31 32
40 54 2338
45 63 2304
43 65 2081
53 17 33
3 24 2305
52 10 1
60 50 2336
57 12 2336
70 59 2051
49 12 2050
39 5 2048
59 18 35
33 13 2082
27 42 33
41 57 3
42 27 2049
3 30 2337
23 27 258
41 29 2304
8 43 2337
17 46 2082
38 11 2339
23 19 288
3 38 288
62 31 0
67 69 0
38 32 2306
44 50 2
18 51 2
62 38 2338
30 44 1
53 47 257
46 29 258
34 9 0
57 50 256
38 56 2336
4 64 2050
58 45 2048
62 66 2080
48 59 2306
41 63 2051
32 12 2306
35 68 32
4 36 2338
41 67 2050
56 51 2051
11 59 2307
41 6 256
26 56 2336
47 20 2307
66 22 33
40 62 2337
33 27 2
25 36 291
4 51 259
32 46 3
46 68 3
42 29 2305
6 59 3
10 67 2337
26 48 0
38 57 2048
17 50 291
65 58 2082
61 65 2336
58 17 1
61 1 257
32 31 35
58 32 3
54 57 2337
22 37 290
19 66 33
9 46 2336
42 1 2081
1 26 2083
63 70 2305
61 31 2050
58 41 2049
63 26 2050
55 29 2336
1 64 2339
51 40 288
62 63 34
30 68 0
32 64 33
8 32 2080
50 59 2304
8 17 289
40 68 2336
27 45 257
39 49 288
26 9 2082
25 53 290
49 56 2306
30 34 33
56 35 32
65 17 2082
24 23 289
65 4 1
44 61 2304
2 62 2338
5 60 2050
14 52 32
5 14 2
66 7 291
28 57 2083
45 29 2080
6 70 32
17 42 2048
19 54 2080
48 54 32
69 22 33
67 45 33
18 2 257
42 2 2337
50 10 288
9 59 2339
65 37 33
28 12 2339
24 47 256
14 69 2336
61 2 2338
67 46 256
34 9 2080
29 46 257
50 59 290
48 51 2306
58 33 288
30 60 3
3 29 2339
44 43 291
46 31 2
34 31 1
52 62 2080
43 7 2049
69 69 2305
24 24 289
63 51 33
47 28 2338
61 36 291
62 14 35
19 12 290
29 60 2082
7 36 2338
35 29 32
4 26 290
10 23 0
33 17 2082
70 20 258
34 20 2049
43 32 2083
39 30 289
39 4 2082
16 17 0
65 17 288
17 16 257
53 14 2307
19 54 2048
37 52 2
35 21 2080
64 18 1
64 10 2339
42 39 2082
3 69 257
22 15 32
33 38 0
33 9 2083
48 22 2083
22 14 2051
47 52 2304
62 60 2305
67 23 2081
7 27 1
43 39 2306
8 60 2048
15 34 2339
33 15 34
40 45 32
10 69 2305
12 32 3
65 5 2081
65 9 2304
59 49 2307
8 40 2339
59 1 2051
54 51 258
62 25 291
29 30 2081
38 19 290
25 47 2338
6 5 2050
7 25 288
49 51 35
55 20 2050
17 54 256
26 59 32
12 4 1
57 12 258
9 26 34
64 27 256
28 69 2304
18 14 1
14 64 2082
27 3 33
64 42 258
15 12 2306
14 62 2338
54 40 2049
39 11 2336
44 40 2081
52 23 33
33 42 259
17 16 2304
41 55 2304
9 20 289
27 48 256
39 28 2050
67 24 2080
52 28 257
51 51 258
48 41 289
23 13 2082
57 64 259
40 54 2050
51 59 2083
55 21 2082
33 59 3
3 17 35
56 62 290
9 26 2338
48 44 2307
7 48 32
51 67 289
45 13 2080
59 49 2339
8 31 2339
3 32 0
38 31 0
18 52 1
22 32 3
8 6 0
68 12 2339
51 69 2306
66 51 35
6 62 2050
69 30 258
55 25 2
59 14 2336
26 60 290
65 50 2339
13 60 2307
14 22 32
2 11 2051
22 19 2048
47 26 2338
6 70 2305
66 25 291
56 26 2082
57 50 2338
42 7 2305
41 54 2083
12 20 33
61 40 2050
60 9 2048
13 3 2049
4 11 2049
43 16 2082
27 14 3
12 66 34
42 25 2339
2 56 2337
20 57 259
45 48 32
20 1 2336
35 35 259
35 46 2307
6 69 2336
62 18 1
10 50 2081
6 23 2
3 44 3
27 11 259
32 27 32
10 45 1
48 57 3
58 62 2306
59 41 2307
29 17 2048
14 25 259
12 55 2083
9 20 2048
36 28 2337
31 8 3
54 68 2049
66 43 2048
64 43 2337
23 26 2083
30 60 2051
19 33 258
49 63 256
63 50 2339
4 8 259
22 51 2082
5 18 2048
37 44 3
41 15 2051
4 16 258
58 35 289
19 44 2
27 48 35
19 42 0
36 21 1
59 34 2305
43 68 2338
42 19 257
36 1 34
68 7 2083
49 18 259
57 17 33
28 58 2049
35 38 258
12 61 291
1 13 1
62 32 291
68 36 2
27 41 2305
11 51 2307
68 51 258
3 33 2305
25 11 1
29 68 35
34 19 258
34 61 258
39 30 2339
50 6 2051
21 37 290
41 10 2
56 64 2081
67 53 2338
60 68 0
3 21 289
49 40 1
52 27 2081
6 17 32
61 31 2
38 69 2338
62 22 34
65 8 2337
43 21 288
2 31 2307
12 68 2049
27 27 33
17 8 2338
60 22 35
22 16 288
28 43 259
29 14 2048
1 6 2048
20 15 3
30 66 2049
4 55 2304
50 45 2
23 61 288
33 61 289
19 2 2081
32 55 289
44 52 32
5 32 289
17 63 2051
50 6 2083
8 70 290
47 38 0
23 7 2336
20 58 2051
65 41 1
23 55 2051
36 49 2305
10 34 289
60 8 289
3 66 33
45 29 290
3 11 2336
47 37 2337
20 16 2049
43 20 2048
59 35 2307
57 32 2336
59 48 2339
11 8 2307
40 33 2050
63 41 35
58 62 33
49 25 2051
54 9 290
65 49 3
45 51 2307
24 9 2083
37 55 2081
23 9 2338
23 8 2051
41 22 2050
45 57 32
56 47 2339
40 65 2307
6 22 2048
48 26 2082
56 61 2082
13 33 2337
30 26 257
20 16 2082
1 13 257
1 40 2083
24 67 288
65 39 2048
32 69 2337
33 48 34
65 66 2083
16 30 2
47 26 2081
40 17 2081
25 10 259
16 66 256
45 19 2083
69 45 34
20 60 33
30 62 2081
18 22 257
24 15 2082
42 13 2306
4 28 2082
17 27 2307
44 29 290
55 14 33
69 38 2337
41 59 2080
63 69 2081
67 28 2083
24 46 34
27 67 2305
45 52 2337
66 53 2083
4 46 2048
9 23 259
58 55 2339
61 37 290
66 53 2050
62 1 291
35 64 1
17 61 258
42 62 2338
70 57 2307
27 25 290
44 54 2050
52 6 1
15 12 2336
49 27 259
30 30 2051
25 38 2080
59 69 35
54 32 2305
40 5 2337
65 12 3
50 25 290
58 44 0
20 52 2051
42 59 2337
67 24 2306
37 37 2051
66 28 288
17 23 2336
61 64 290
41 50 33
18 16 256
32 28 34
57 14 288
6 44 33
21 6 2080
53 22 2339
37 28 259
37 23 257
15 27 2051
56 9 1
37 11 34
19 20 2338
67 54 258
3 15 2051
64 14 1
25 48 2081
17 49 2049
11 43 2306
4 4 2336
60 17 2048
53 25 2339
7 40 33
3 32 256
7 56 2307
16 43 3
41 7 2050
36 45 2307
64 19 0
54 21 2305
54 33 291
38 58 34
6 43 290
38 34 2304
14 67 2339
37 40 289
33 38 2338
28 24 2339
1 27 32
69 21 35
30 39 256
61 30 2307
67 35 2336
65 40 2080
3 47 2339
33 56 2050
54 32 2306
1 32 32
55 6 0
34 62 2083
20 37 291
67 18 257
52 32 3
28 55 2307
47 1 2048
17 29 33
42 23 2337
2 46 2339
25 27 2304
49 5 2337
69 70 256
25 19 2048
11 1 2049
24 57 2051
51 2 2337
63 64 32
30 9 2050
70 49 2082
8 38 2336
24 7 2082
60 41 2
14 22 256
54 31 0
19 49 2080
11 68 3
12 17 34
67 46 32
32 36 2305
57 66 35
32 64 2050
12 70 290
36 30 2339
54 9 289
68 69 290
63 38 2305
28 43 290
24 54 33
12 57 2082
64 3 2
49 4 2304
11 32 2338
64 17 2050
67 25 257
47 4 288
15 10 32
1 17 2048
4 69 290
11 50 32
54 24 288
23 33 2
60 13 2338
15 67 2051
44 48 291
5 24 258
4 31 2338
38 59 34
34 59 33
13 14 256
57 55 2336
40 41 2081
26 30 2304
14 36 1
41 40 2051
24 55 291
18 48 291
27 59 256
23 3 2080
43 30 289
4 24 0
13 43 259
52 63 35
66 69 2307
4 10 2336
30 32 288
18 18 2051
65 65 257
52 20 289
60 43 34
31 18 291
12 10 2048
68 12 2081
41 65 2307
45 35 2082
66 14 2336
4 10 35
15 7 257
15 20 289
67 9 2049
17 4 3
65 59 2338
35 50 2338
2 52 3
53 52 291
4 49 2307
37 42 258
69 27 32
65 51 258
68 31 1
48 35 34
20 46 2049
1 9 288
51 39 2050
47 16 2339
37 40 2305
70 2 2337
58 42 288
40 47 35
66 15 259
52 50 2048
10 6 259
48 67 2048
22 4 2339
32 20 34
13 48 258
31 42 2336
10 12 1
51 34 33
30 57 2048
15 30 2305
49 23 2306
53 60 2307
7 13 3
4 61 258
42 15 2080
22 4 2305
53 51 33
63 43 2304
20 63 2049
21 5 33
18 14 259
59 61 2307
31 50 258
24 12 32
65 38 2338
52 5 259
30 70 2
68 51 34
58 31 2050
19 24 2339
26 56 257
12 25 0
6 61 2338
23 61 2307
27 67 2083
27 38 32
20 60 2306
44 32 2339
32 19 259
14 34 2338
22 27 2080
41 44 2080
5 20 2336
36 36 35
64 62 290
50 48 2305
54 19 291
56 26 2338
43 1 259
31 69 2307
37 54 2304
6 55 2304
57 26 257
53 39 2336
28 58 32
69 45 32
59 50 257
14 52 290
20 7 2336
52 60 2336
59 62 257
12 59 2306
68 50 2306
10 17 2307
17 51 257
34 66 2050
58 1 0
43 31 258
30 11 34
5 5 2305
48 5 2050
61 55 3
1 60 289
24 7 2083
23 49 2051
69 24 0
7 64 291
68 6 256
42 69 2307
42 23 2049
52 62 289
48 56 3
26 29 3
56 43 2082
21 22 2336
50 51 0
24 12 2
50 22 2305
70 68 2081
50 59 2082
19 47 34
50 64 2307
63 33 1
10 27 2304
21 52 34
8 70 2336
6 2 290
31 31 256
49 54 2048
68 69 291
28 50 3
44 53 2337
15 16 34
6 22 2081
52 18 2339
49 70 34
61 47 3
65 69 258
61 25 257
46 35 2
69 49 2
45 25 35
65 10 2051
62 67 290
55 29 2307
29 55 35
28 62 2049
1 12 0
29 62 2051
58 27 34
32 32 0
45 6 2048
16 51 2338
21 45 290
69 10 2080
17 54 2083
53 17 2306
39 11 34
69 15 33
24 36 2048
11 12 2048
9 53 289
31 41 2337
44 33 290
30 25 0
22 59 259
3 68 258
32 29 291
28 37 256
65 50 34
29 14 2305
56 18 2048
2 56 32
32 17 2338
16 22 2080
35 2 2083
27 52 2051
51 23 2051
7 55 291
59 45 32
22 43 2306
4 8 2049
14 20 34
64 31 2339
43 57 33
21 38 2
1 3 34
8 11 2306
35 3 2337
24 40 256
2 67 2307
66 64 258
1 26 256
53 24 32
10 45 2336
31 61 2337
25 28 289
26 58 2080
34 40 33
66 68 32
24 45 2306
20 4 2082
30 49 291
23 69 2339
69 29 2082
38 52 3
70 28 2305
56 21 2081
21 49 288
44 25 2080
3 62 2082
62 34 2048
38 33 2339
51 8 2336
1 21 2338
37 29 2339
42 43 2051
2 55 0
29 10 3
54 62 258
38 43 257
4 45 2051
4 22 256
23 7 2
47 67 2050
50 10 3
20 53 2048
44 23 257
56 14 2082
68 31 290
60 67 290
7 9 2337
47 39 259
12 59 2306
9 36 35
48 25 289
21 17 2338
63 56 2304
14 6 32
44 26 35
62 42 33
67 4 2050
30 68 2305
34 60 290
59 12 2083
20 10 2050
35 28 3
34 32 258
38 36 2050
61 17 256
32 16 1
8 15 2051
43 69 2082
32 65 32
27 16 289
31 41 0
31 34 2306
29 25 0
70 54 258
40 36 257
70 18 290
68 54 2338
7 50 256
66 47 33
25 3 2337
4 39 2307
29 2 2048
65 39 259
41 32 2081
39 8 291
48 1 289
39 53 2082
25 17 2082
34 19 291
13 4 2081
45 69 2051
69 48 2048
51 34 2337
43 53 257
57 36 2049
5 49 2050
25 4 259
14 51 258
50 68 2336
26 45 291
69 33 2082
47 47 256
27 10 291
52 66 2
26 49 259
18 17 1
49 62 2337
64 48 1
51 2 2305
24 50 2049
36 10 34
22 21 2305
40 44 2304
11 61 290
11 37 2081
35 27 258
40 43 2083
14 59 2050
58 6 2080
6 34 2336
55 28 3
58 19 32
12 36 2050
50 54 2304
23 70 2338
7 43 259
24 51 290
32 11 2051
10 15 257
61 16 290
23 51 291
24 3 2305
50 64 258
1 44 2049
53 41 2336
63 22 257
35 44 2049
48 67 2306
70 17 2051
23 6 259
27 37 2338
42 51 288
29 63 2051
36 57 2306
21 25 2083
56 34 258
8 36 2
26 10 2
33 57 2081
66 21 257
34 2 257
7 21 2050
63 54 2051
28 57 2337
30 40 2305
33 47 2049
57 33 2048
3 61 2336
31 14 2337
44 48 2082
55 8 2306
70 22 2082
40 4 2081
29 9 2080
64 34 0
22 41 33
69 51 2307
40 44 259
20 23 2
28 26 290
54 41 289
51 50 2
26 53 3
57 47 33
12 6 288
69 23 289
49 28 2305
51 64 3
38 17 2082
31 40 2306
40 41 2336
1 20 2307
23 62 2306
40 21 257
54 62 2307
17 42 258
26 39 2338
29 55 2081
49 62 291
37 54 2
56 31 3
16 39 0
63 16 259
29 11 256
45 17 2336
15 33 2307
54 37 2049
27 4 291
19 60 288
10 48 2082
58 33 2080
44 5 2305
48 18 3
68 4 2049
18 57 2051
65 3 2048
37 41 258
17 1 2080
2 50 258
55 43 2305
61 34 2337
5 43 2337
18 51 2081
63 57 2304
66 37 288
17 5 291
57 26 2305
35 1 33
31 62 2
13 62 2306
20 40 3
8 22 2306
18 60 258
50 41 2048
32 59 32
30 62 2304
36 15 1
30 7 2082
10 47 1
54 29 1
26 43 258
49 35 2307
46 46 290
9 64 32
61 57 288
58 17 2083
39 34 32
17 38 2305
69 51 2304
43 15 2049
40 4 3
20 57 290
49 55 256
60 34 2
13 69 2080
19 9 257
57 9 35
54 64 35
16 55 257
52 61 291
13 26 2
10 30 2336
38 44 256
38 57 2306
1 8 2338
54 38 0
45 23 2305
67 50 35
69 12 256
20 45 2305
5 43 2080
38 40 2306
21 6 3
31 17 288
59 43 2050
3 66 34
25 40 2083
20 55 2048
53 50 2050
62 6 290
10 22 289
33 18 2
37 70 32
27 20 2083
65 44 35
50 24 0
21 4 33
9 21 291
48 23 3
63 4 2307
46 42 2304
54 38 2306
65 48 258
69 17 288
60 59 2339
66 42 35
29 60 33
36 22 2339
11 55 1
25 70 291
37 25 2336
13 45 2307
62 49 2050
49 69 2
55 56 2336
18 62 2307
35 13 2051
2 61 35
70 20 2306
30 33 2048
70 43 2307
18 69 2049
29 31 33
17 17 35
66 68 2306
8 21 2337
53 54 2339
38 62 256
56 10 2083
14 50 2050
18 54 2305
27 34 2337
41 38 256
24 46 258
57 15 2048
69 11 2336
65 11 290
65 57 2049
11 29 288
34 14 33
36 15 2048
62 24 2307
9 59 2339
50 55 2305
69 16 2050
1 49 259
10 43 288
53 28 2049
43 70 2304
34 45 2339
69 38 2048
12 51 259
69 31 288
64 3 256
42 25 258
44 16 2080
36 31 2339
10 16 2050
60 22 2339
58 59 2049
1 52 33
12 57 35
22 11 2304
25 19 0
43 8 259
12 69 2083
33 5 288
7 65 258
60 42 2049
60 65 2336
31 16 258
69 33 291
12 29 288
34 7 2304
70 66 1
43 60 2048
14 34 2339
39 43 2307
12 59 2336
65 29 2337
67 26 35
9 46 2307
34 47 258
12 9 2
17 53 2339
26 46 2049
60 55 289
41 7 2081
53 43 2338
19 34 257
70 4 2307
67 44 2080
8 5 288
38 15 2081
40 29 2337
2 59 2048
38 14 2081
26 17 2336
9 65 256
60 26 2048
21 59 2339
36 36 2307
20 4 2050
9 70 33
32 47 2050
23 36 2082
68 13 288
63 33 290
50 43 2080
35 5 2339
68 33 2049
5 16 33
42 47 2336
63 11 2336
24 54 291
67 6 3
59 60 0
42 37 35
19 37 2337
18 54 2306
13 13 2337
68 33 33
20 23 2306
47 69 3
37 3 35
62 53 2083
46 37 2051
35 33 2336
53 25 2049
62 67 32
40 14 2
3 19 2304
60 21 2083
10 26 258
42 62 2337
29 9 2080
31 42 2339
43 33 0
55 33 2304
21 42 2083
47 52 2336
38 23 2051
19 41 2081
64 39 288
51 39 32
68 67 2083
47 29 289
55 20 2081
65 52 2080
36 48 2307
34 61 2080
34 8 2305
4 57 0
56 62 2081
21 28 2048
43 2 32
20 14 33
69 31 288
35 40 2049
42 40 2338
39 9 35
48 64 33
28 60 2338
45 57 2081
33 60 2304
9 27 2048
2 68 288
41 67 33
8 11 32
42 47 1
3 33 2307
65 40 2081
53 58 2338
1 12 2083
8 33 3
56 41 3
7 67 0
29 34 2
1 64 2048
24 33 2305
33 15 288
41 61 2307
46 43 2051
30 49 288
17 60 2305
14 13 2337
64 37 32
11 37 32
65 6 2080
66 51 2081
55 28 2082
65 60 258
49 13 2051
44 42 291
35 19 2305
56 57 2083
48 20 2049
67 12 2339
25 44 2051
36 15 256
41 54 257
25 31 2305
67 13 2307
17 26 2051
48 30 2082
10 16 2083
48 69 288
32 13 258
14 28 2048
49 58 2304
2 13 2
56 51 2083
60 39 2049
9 16 34
37 56 2337
22 46 2336
24 61 2050
11 1 2050
25 56 3
18 63 289
46 24 2050
53 64 2083
6 53 33
41 58 256
24 55 2080
21 51 2306
14 58 3
2 70 35
69 44 257
9 57 2051
18 55 1
30 22 288
17 46 32
10 59 2339
67 46 32
67 29 2080
2 60 2304
52 8 2306
51 49 2338
45 7 2050
1 50 2338
66 41 256
66 70 291
56 20 32
6 60 2051
60 19 35
38 16 0
57 31 2080
36 40 2049
4 14 2306
45 61 2339
12 2 259
42 8 290
25 24 290
36 3 2336
63 44 291
40 13 2083
35 42 0
44 47 257
12 62 2081
54 68 33
58 16 289
23 26 32
69 39 2338
47 52 258
57 16 289
26 34 2304
66 48 258
2 63 2081
45 38 2307
42 42 2049
67 53 2307
70 70 32
52 32 0
60 11 1
64 60 2307
19 40 35
59 6 2
34 6 2080
9 65 2307
44 27 291
10 39 2339
40 42 289
43 6 2
51 37 291
11 66 3
65 7 1
29 10 35
7 9 32
13 46 259
5 27 2050
21 52 2338
55 55 2083
15 24 2339
12 39 2
69 4 34
26 23 35
56 26 2080
32 3 258
30 36 290
41 43 291
64 46 2051
29 3 2049
48 14 2337
42 32 34
43 57 2083
12 27 258
1 33 259
70 57 258
40 15 258
35 1 2336
70 3 2304
38 64 2304
57 36 33
10 41 256
8 26 2307
41 47 259
15 63 256
35 31 2083
15 47 2048
56 36 257
23 48 3
38 1 2080
52 61 291
43 3 33
68 52 2
12 17 2082
28 5 33
12 31 3
23 67 34
25 19 256
28 47 2307
31 6 256
66 54 2304
18 65 290
56 11 2305
63 43 2080
5 6 35
13 26 2080
1 62 288
18 15 288
48 11 2081
41 35 2
35 64 33
62 44 35
55 69 291
39 37 259
2 18 2048
26 14 288
21 52 2081
30 4 256
58 47 2336
46 46 290
18 22 35
1 33 258
65 10 2051
1 17 2081
34 63 0
46 23 2307
58 11 33
67 70 2339
47 5 2
60 9 2307
38 17 2304
5 20 259
59 49 1
28 58 2304
39 21 32
66 41 257
16 34 258
15 10 33
45 10 2304
8 14 2305
27 51 2083
30 15 2306
21 62 2304
27 41 258
52 24 2081
43 12 33
23 36 2051
10 4 2048
67 31 288
28 28 256
22 39 2
19 69 2081
10 16 2051
25 56 259
2 13 2048
38 38 2082
20 4 259
44 21 1
50 44 288
37 40 2080
40 24 35
8 47 2304
11 5 2336
2 32 257
15 64 3
58 67 2339
27 23 33
47 16 259
55 9 3
40 2 2048
27 61 2083
53 53 2306
38 45 289
6 45 256
17 54 2304
22 29 2050
54 46 2081
43 9 2051
5 37 291
65 43 2048
63 41 288
42 46 2306
24 31 34
59 56 2336
68 7 2306
32 15 32
12 5 2338
17 1 2081
8 34 33
17 36 2305
14 29 256
28 53 258
56 64 1
61 42 2336
69 16 2
13 42 2082
17 8 34
60 49 256
14 62 2083
2 21 1
37 4 2307
67 29 290
53 33 2083
35 51 288
29 30 2082
48 25 288
25 25 290
50 16 2081
36 48 258
63 57 1
67 43 2304
8 60 259
70 21 2082
45 56 2307
18 37 289
56 10 2050
61 66 2050
39 54 3
36 48 2049
55 22 2081
1 48 1
22 57 2083
50 9 258
67 59 2339
63 50 2081
16 55 2082
70 15 35
67 17 0
38 26 2307
69 38 289
45 49 2338
61 68 2082
63 37 2049
5 60 2083
61 57 32
64 42 2304
31 32 256
48 62 2049
5 56 3
50 64 259
51 11 35
38 41 257
33 56 35
64 21 289
11 27 256
39 50 1
34 18 2337
39 33 256
27 48 3
12 13 2307
47 18 1
49 46 2304
43 32 256
32 17 2338
15 38 2337
49 59 2339
36 25 257
33 68 2080
12 49 35
14 22 2305
57 18 2082
42 32 2051
40 20 2306
35 15 33
56 28 2081
36 42 256
36 55 291
12 20 2304
60 1 288
44 21 2081
56 18 2304
43 5 2051
48 63 257
57 26 2306
15 31 288
26 4 2080
37 44 259
34 20 2304
13 12 2083
7 20 2339
59 7 2338
29 13 35
1 50 2
59 33 2339
53 47 2337
13 2 0
23 70 2
66 18 0
31 25 2081
10 69 288
43 1 2080
70 13 257
42 60 2050
27 15 2080
54 30 2307
6 28 2337
23 11 2080
54 21 2082
25 46 290
12 24 34
13 1 32
22 14 2083
28 10 2081
36 6 2080
68 69 3
69 43 2338
16 16 291
64 51 288
55 19 3
62 59 2307
10 66 256
27 56 2307
70 52 2336
45 10 257
70 33 2048
5 9 0
31 17 2082
70 67 2082
51 30 3
32 9 2306
8 9 2306
4 11 2051
65 19 2337
23 56 259
32 38 2339
58 43 258
61 31 259
50 11 34
56 37 259
42 50 2304
63 45 2082
44 29 2338
54 23 257
6 49 2339
66 22 2336
46 10 2049
23 32 3
15 59 33
27 69 2338
56 69 33
28 40 289
45 18 2
55 67 2082
59 29 2082
19 64 34
7 18 32
48 57 35
19 69 2050
9 31 2080
10 2 33
65 40 259
21 39 2305
22 63 289
33 54 257
26 39 3
35 62 288
19 48 2
46 30 259
35 14 2081
66 68 2050
41 45 258
31 50 2305
25 55 2051
21 45 2049
30 22 32
39 35 2082
62 14 257
5 8 34
25 40 0
45 10 2305
24 65 2051
47 1 2080
60 64 2081
36 6 3
53 68 3
17 9 2305
68 67 2081
11 26 34
52 50 2049
70 37 288
70 58 2082
38 51 256
25 55 2339
42 26 257
60 21 2082
23 43 2050
27 10 2
21 51 291
27 2 2337
27 48 2304
16 3 2339
41 62 258
66 10 259
17 51 33
15 26 2050
5 69 2049
70 68 2338
3 37 3
1 5 2336
66 16 2083
1 36 2306
32 64 2
12 42 2304
50 59 2337
6 70 33
53 56 2304
19 1 34
18 43 2338
63 65 2082
13 4 32
5 40 2304
53 45 2080
3 63 2082
39 52 0
53 12 2082
65 33 2082
30 38 2307
8 8 290
19 1 2050
63 23 35
29 24 2307
18 32 2081
34 28 0
64 55 290
52 33 2
30 61 2080
7 26 289
20 54 32
14 16 2083
57 70 2339
27 28 2305
54 64 257
18 24 2081
16 39 32
70 19 2048
56 20 3
21 56 2049
60 56 2305
30 5 32
5 11 2
66 48 34
63 26 2306
1 23 2307
47 59 34
58 34 2337
65 23 2306
12 53 2048
18 69 288
11 1 2306
49 2 0
1 20 2049
21 29 2082
20 48 2337
38 12 33
63 6 2338
16 66 288
23 13 1
59 67 2337
70 34 258
30 26 2080
16 24 289
69 51 1
58 2 256
32 36 288
57 4 290
1 23 2306
47 34 34
56 34 2083
4 2 33
52 62 2049
26 3 2050
40 34 2306
28 21 2307
41 48 3
53 69 1
60 46 290
47 63 2082
55 30 288
34 7 2049
67 15 2
26 18 2
15 47 2304
9 62 2080
1 47 33
3 5 2080
34 5 2048
59 8 291
54 3 2082
28 7 257
54 69 2337
30 14 2339
49 38 2080
6 15 2048
39 63 2049
10 21 2305
32 8 258
32 22 33
44 68 2307
10 39 1
49 48 2336
34 46 2050
53 67 1
11 9 32
51 8 2306
49 49 0
70 55 2083
44 15 289
22 51 2338
55 50 2082
69 45 2081
31 32 35
45 12 1
13 34 0
57 59 3
50 3 3
40 37 2050
65 41 34
25 35 2083
42 39 291
39 38 2080
26 57 3
47 59 257
44 53 33
57 55 2307
64 24 35
50 62 2
7 31 2051
14 36 2339
34 31 258
47 26 2336
33 68 33
7 64 2080
1 62 256
30 14 3
52 12 2336
35 47 2306
41 5 2307
36 61 2306
69 18 2080
38 53 2339
54 6 2080
42 49 258
4 57 2081
56 2 2339
4 25 257
68 16 33
47 34 33
39 2 290
43 39 2336
28 7 2051
4 46 2048
23 29 257
22 51 2304
42 54 2337
51 60 2306
32 7 257
44 34 2304
22 36 2307
3 13 3
18 27 291
60 33 34
34 43 2082
45 55 1
2 30 2307
13 62 2336
56 6 0
68 16 0
22 21 2081
37 66 291
20 47 288
66 70 2336
49 51 290
1 18 2050
16 12 2081
31 15 290
37 28 1
42 69 256
64 65 35
64 21 34
36 52 256
62 68 257
67 27 2338
26 18 2049
10 45 290
59 64 3
48 26 32
34 30 2049
18 35 2339
26 59 32
64 12 2049
70 25 35
22 23 32
31 10 2337
20 15 32
13 68 258
24 44 2306
3 12 288
25 11 0
47 32 2336
31 39 2305
64 70 3
47 49 33
66 30 2048
47 26 291
17 21 2051
5 23 2307
25 11 2051
45 47 2338
13 31 1
49 17 289
51 68 3
3 29 2051
49 40 2
62 2 2081
7 18 289
30 1 2083
68 37 2304
59 17 259
8 62 2050
2 57 2337
5 55 33
62 55 2
52 44 2306
19 15 2339
28 50 2049
70 46 290
3 58 291
36 62 2083
57 56 2050
57 12 288
23 60 2080
27 13 2337
27 37 2306
19 14 33
68 17 2339
21 58 256
36 5 288
24 4 35
40 48 2
25 26 0
15 1 32
59 27 2080
22 56 2082
47 8 289
50 11 2083
49 18 2336
36 44 2336
70 53 3
18 12 2080
51 5 1
34 32 289
57 21 288
14 29 258
51 31 259
1 32 2083
4 3 2339
30 2 2049
13 23 2336
38 66 288
7 19 2082
18 25 290
53 16 2336
64 55 0
55 62 34
32 36 257
16 29 289
26 54 2050
12 58 0
14 2 2336
35 49 291
12 25 2338
33 51 2082
44 1 2051
28 25 290
20 36 2304
9 21 2049
3 41 2306
58 41 0
17 69 2082
13 14 291
38 67 2049
34 23 291
38 56 2336
41 31 0
40 53 33
27 45 257
56 13 2337
41 16 2307
34 27 289
44 17 259
4 39 2049
1 28 2081
42 21 291
25 37 2048
2 39 2082
26 32 259
47 20 2304
13 2 2337
25 40 2306
52 34 291
56 54 259
63 22 1
28 55 2081
3 57 2305
3 15 289
49 60 290
22 57 34
16 9 1
41 4 34
49 54 257
25 32 3
21 18 2336
70 36 288
61 2 32
9 7 2336
59 64 2051
53 12 35
65 55 35
55 65 2307
38 25 2082
2 70 0
50 13 290
48 45 0
69 8 2080
6 23 2307
30 40 258
35 68 290
25 7 2
36 37 2307
18 6 257
42 36 2050
33 69 256
7 65 2306
62 38 257
34 33 34
53 35 1
47 43 2337
38 16 258
33 29 35
19 2 257
34 63 2307
54 4 33
8 70 34
25 10 3
27 4 256
39 30 0
63 8 2306
51 48 2339
6 10 2
59 16 3
64 8 257
65 39 2083
28 63 2080
59 48 33
20 7 2306
68 69 2
27 41 2080
46 68 288
64 45 291
14 37 257
52 7 258
67 13 2339
41 55 288
36 8 2082
4 60 34
30 65 291
40 53 2048
62 69 2080
29 29 34
35 15 2338
60 25 288
29 10 290
9 11 2307
33 24 2339
4 60 2049
49 48 2050
13 22 2338
62 9 2049
64 49 2081
6 11 0
61 18 2081
18 55 1
12 28 256
53 15 0
24 53 2081
30 58 257
62 49 2307
11 16 35
12 23 259
38 54 1
7 48 2336
62 43 0
11 11 257
52 20 290
24 52 258
30 24 2081
4 62 288
16 9 291
58 24 2307
8 46 2336
12 64 2082
52 70 33
63 43 2081
45 15 290
44 60 288
11 49 2304
8 67 288
20 24 2082
19 47 2081
67 21 288
8 17 2307
12 62 2083
38 64 256
70 57 290
34 11 2337
43 58 2305
35 47 2305
51 21 1
31 57 32
4 23 2048
36 67 2304
70 44 0
35 35 2081
45 41 2305
50 45 288
18 43 2306
8 1 2336
34 50 257
7 18 259
56 37 0
34 43 1
66 65 2049
29 28 2306
65 7 2051
8 3 2304
64 14 32
40 27 0
41 25 2081
9 51 256
70 68 2082
40 65 34
27 8 2081
67 46 2049
41 24 259
35 5 3
26 9 2051
9 3 289
43 15 1
12 20 2339
22 25 2307
46 54 2081
5 70 2082
35 30 2082
32 70 289
43 48 256
19 52 289
58 27 0
69 27 2337
31 43 2049
3 26 2082
59 30 2080
66 52 2307
50 12 291
60 13 0
18 26 258
6 5 2306
54 21 2306
34 25 259
17 65 2050
2 22 35
40 60 0
27 35 2051
10 3 2339
6 61 2049
60 65 290
4 49 2306
61 46 2051
46 47 2083
61 18 34
60 14 2306
27 53 2081
8 43 33
44 41 2307
45 63 2
44 36 2305
3 12 34
18 39 34
35 23 2339
12 8 256
17 38 35
64 8 289
22 2 2337
44 33 32
18 46 1
1 62 2048
18 13 2
6 44 258
63 60 259
58 35 258
53 1 2048
25 55 2083
63 4 35
1 24 33
10 23 2080
40 26 256
35 21 259
70 21 32
41 33 32
23 54 33
57 19 2
67 45 2082
17 37 2050
11 13 259
42 69 2336
65 11 32
62 59 1
18 63 2
68 44 2
33 54 35
50 56 2083
5 49 34
19 22 2083
33 16 2081
24 36 2051
38 64 2305
6 28 32
43 32 2307
39 25 2306
67 54 2304
58 11 2050
28 5 2081
35 29 2338
47 30 289
29 30 291
5 50 256
16 33 35
23 48 2
7 56 2307
32 36 0
4 48 289
29 70 2080
59 38 2306
48 41 2050
60 66 2049
4 45 2336
13 27 291
49 51 35
61 21 290
2 6 35
58 32 2337
22 20 2050
68 38 2305
24 22 2081
8 65 290
12 1 2306
39 53 34
38 20 2339
62 59 33
2 53 288
5 18 0
42 21 288
16 20 289
36 48 257
6 41 2304
20 47 2082
48 53 0
1 50 289
10 10 2338
25 1 2080
49 52 2081
10 15 35
35 22 2080
51 27 2339
44 66 291
19 38 2082
46 58 2338
23 51 290
41 60 2304
7 65 2337
53 54 2337
54 18 2307
36 61 289
16 32 259
8 4 33
28 48 34
36 66 1
13 43 289
37 52 2083
60 4 2
29 36 289
57 40 2337
54 33 2305
25 42 34
31 11 33
55 31 2083
48 37 2051
14 22 259
55 60 32
52 65 257
44 6 2083
37 6 256
64 4 3
43 32 2305
26 65 3
35 59 2307
7 44 2048
11 8 2051
10 43 2338
16 62 2082
56 14 2048
70 50 2082
21 44 2339
49 41 2083
53 55 256
12 39 2307
6 39 35
22 46 2305
57 25 258
29 29 289
25 62 290
57 51 1
16 14 2048
65 55 33
69 20 2305
4 24 2081
10 49 2306
1 21 2307
40 51 2083
2 20 256
18 9 2338
23 16 3
21 28 2305
68 29 2306
12 20 2049
45 63 2337
33 42 2080
38 3 257
30 16 256
2 30 2306
61 56 2080
23 28 288
22 40 2080
40 3 2048
33 23 2082
59 54 291
64 64 2304
44 64 2051
28 50 259
1 13 2082
39 7 2338
47 60 2336
51 33 2082
47 60 2306
39 47 288
28 24 33
20 32 2336
43 35 0
41 60 2339
34 66 32
34 46 259
55 45 2049
10 9 2081
3 48 258
3 61 291
55 56 2083
67 51 2307
17 7 2339
39 8 2050
46 69 2082
24 34 2307
15 31 2306
66 3 2306
36 43 2080
15 35 3
13 69 2307
52 29 32
57 23 2080
18 38 2048
52 61 288
23 10 2337
18 66 259
47 48 258
32 9 2051
46 58 2338
47 34 2336
25 63 290
49 62 2048
39 22 2080
46 31 259
27 41 34
35 12 2304
24 17 2082
66 46 2304
41 35 259
41 32 2307
59 10 2082
16 47 2080
47 33 257
9 53 2307
27 20 2049
40 55 2081
20 3 2081
11 22 2336
56 46 2082
6 15 3
52 53 257
46 14 2336
57 5 2339
13 12 257
2 42 289
24 40 2051
29 7 2305
63 24 2082
58 7 2082
67 46 259
31 1 2337
33 62 1
17 54 2081
68 31 288
17 38 2082
51 16 259
52 65 32
51 68 2339
59 24 2304
2 62 35
46 7 33
37 27 3
24 54 2
25 1 2306
46 21 1
60 49 33
39 43 2080
22 55 3
34 9 2049
6 30 288
39 39 1
10 45 2304
34 51 2337
29 3 32
55 57 259
46 27 2307
52 49 289
4 66 2051
33 17 2338
38 16 2336
3 50 2051
42 5 2083
58 46 34
55 59 2305
15 9 288
33 61 35
54 63 259
23 2 32
6 26 2051
54 56 35
35 5 3
10 38 35
11 33 290
14 33 2336
59 39 0
70 70 2305
48 56 2050
41 30 1
50 7 2048
2 20 2048
62 16 291
50 25 2049
26 39 2336
42 34 2049
20 40 290
37 48 2083
10 50 2080
49 66 289
12 32 1
16 57 2339
31 18 3
15 4 2306
12 16 1
1 50 259
59 65 257
40 39 2049
14 34 2337
14 36 2051
65 44 2305
5 69 2081
29 42 32
31 36 291
14 46 2051
2 62 258
37 40 3
65 49 34
48 51 2083
31 5 2050
54 44 2337
14 11 2336
51 29 2080
38 33 2050
47 52 291
37 66 2050
20 4 2049
1 66 2
26 21 0
31 16 2083
55 62 2337
50 29 288
2 38 1
63 26 2082
67 59 259
34 52 2048
27 39 2
46 61 290
9 43 257
40 70 288
11 41 288
48 13 259
42 70 256
22 2 2339
10 31 2081
67 64 257
27 10 2050
53 44 2339
5 13 2336
37 26 32
10 22 35
67 13 259
66 63 2306
55 39 2051
30 40 1
47 26 2051
13 64 290
40 47 1
40 5 2048
38 44 258
34 47 32
10 66 2337
3 13 2305
14 28 2080
54 29 2080
13 56 34
61 5 2336
18 26 288
46 31 2307
44 42 258
40 15 257
63 44 35
20 1 2050
51 65 259
14 23 2338
7 48 2080
62 3 288
40 9 258
27 62 2339
2 5 2083
59 34 2083
46 30 2337
49 66 2337
12 33 257
14 38 2
43 10 2
4 54 2082
65 66 256
52 56 32
58 27 2337
65 63 3
25 63 2048
67 46 2336
3 3 257
30 15 2304
38 70 2337
12 22 259
36 49 35
68 16 259
24 70 289
62 31 2082
60 23 2307
35 13 34
21 70 291
68 26 2305
3 39 2082
52 59 32
33 39 2051
68 28 1
69 21 2338
23 10 2049
25 17 3
26 34 2081
68 41 33
25 26 288
42 28 0
55 16 2050
30 25 1
2 26 33
60 63 2082
7 69 35
38 60 2082
45 24 2080
55 50 258
30 50 2305
28 32 259
37 2 2306
70 69 33
30 60 257
5 61 2083
18 66 2049
15 31 2306
69 70 2305
55 3 259
45 39 2304
41 21 2051
56 9 258
63 55 2083
