70 5000
&|^^^^||^&^&
44 16 0
53 69 0
27 35 1
54 69 1
25 16 15
12 58 45
66 33 2504
55 2 25
33 68 56
39 58 2
66 8 39
30 54 65
43 67 6
38 55 531
11 47 974
33 19 706
3 52 6
38 50 756
39 26 408
52 16 1086
26 3 110
65 28 37
63 30 1
18 44 117
30 4 778
38 42 23
65 48 203
70 42 14
24 39 390
30 17 3
64 62 29
13 40 235
36 59 0
12 44 1018
69 70 13
17 43 20
19 4 480
14 49 15
14 52 0
12 2 58
2 10 1
19 35 2726
48 48 0
4 60 2129
18 44 10
37 61 3824
22 18 450
13 5 385
68 19 6
54 67 19
65 62 1771
67 16 22
59 7 2095
2 60 52
69 37 450
65 19 81
59 6 30
24 40 683
21 70 7
19 23 0
32 19 3582
6 37 75
57 59 3
33 51 0
50 1 1
59 15 31
30 5 0
57 36 28
22 45 1
38 55 26
51 14 14
60 49 175
51 9 13
20 37 0
6 46 3656
15 13 315
43 57 748
40 37 2019
54 42 12
39 65 37
65 6 2
52 49 735
9 9 255
58 26 1
69 1 1
60 29 28
41 34 0
35 21 217
28 46 14
45 18 195
1 2 3
35 29 11
24 35 50
37 8 1012
61 27 323
48 31 61
41 33 1633
67 42 21
35 58 723
54 10 1612
50 65 5
27 66 4
15 38 0
8 62 203
11 44 11
67 69 10
42 55 196
20 11 1303
43 68 140
47 60 3
11 66 456
50 28 3
64 54 3
32 15 156
21 12 3
14 19 0
54 66 2255
18 15 254
53 33 2
58 20 115
49 42 97
54 2 15
64 40 52
8 66 873
54 11 888
68 64 1057
27 19 643
30 30 1977
19 54 56
17 1 0
46 43 108
20 67 1
9 52 5
24 45 366
38 53 5
66 11 1
60 22 227
30 53 117
14 16 1467
25 26 14
15 58 0
20 60 14
54 4 113
33 3 2394
48 55 202
14 66 19
50 8 3
46 20 3
45 40 39
13 26 124
8 50 2
5 10 1
48 15 20
21 35 21
6 8 0
50 20 163
2 7 104
50 1 3558
24 54 452
36 64 5
28 2 11
26 40 816
68 68 28
31 50 10
55 43 1
12 61 524
60 64 8
12 42 7
19 63 0
52 66 7
56 19 93
46 53 29
68 17 4
51 23 501
33 47 207
2 68 1
47 68 104
15 70 28
31 24 4
53 36 4
63 57 1384
29 57 1
8 41 24
27 50 2
59 44 3
25 46 1025
22 26 2
32 41 245
2 60 1984
50 16 1
47 14 44
9 18 452
65 12 0
45 18 3
2 64 1159
11 51 16
48 32 5
8 60 0
19 36 199
30 51 0
25 44 1125
51 48 428
16 32 3793
52 18 9
12 65 39
11 33 8
51 57 1213
55 31 148
8 43 54
70 60 11
13 53 11
51 12 2
10 52 139
61 14 0
44 62 32
21 38 106
51 25 338
63 28 7
48 39 800
24 52 6
41 62 8
20 37 1900
49 36 899
2 40 63
58 43 1657
47 49 408
68 50 416
50 6 4
7 59 1
8 26 0
24 64 1
6 38 11
7 44 3552
64 69 2
12 70 1880
47 7 3121
16 33 10
63 23 120
62 43 10
9 43 29
20 48 18
40 46 43
49 21 1794
14 12 830
47 53 667
27 30 69
11 9 1
43 6 8
42 13 217
36 6 6
18 17 1
49 63 8
46 1 53
52 59 29
49 10 109
56 17 6
5 10 229
22 54 1
48 23 0
60 34 970
21 42 1461
27 18 87
30 66 63
6 49 407
19 5 460
45 13 3384
9 35 12
46 67 7
15 19 3
8 36 26
59 9 778
15 66 18
21 2 160
50 48 36
45 3 13
66 38 1132
67 51 0
28 34 0
20 13 5
35 16 2410
49 31 762
12 38 337
70 1 30
33 19 43
64 40 98
23 58 1
52 5 117
69 33 1
9 12 0
18 29 6
5 2 6
52 18 104
68 27 305
48 13 1
18 28 27
49 55 94
41 52 379
26 42 1115
30 19 3045
2 18 25
54 16 50
51 42 2470
42 2 8
42 24 230
2 54 2
59 44 0
42 53 81
3 62 560
54 38 0
59 49 403
22 7 1741
41 33 7
9 45 1
53 58 171
67 39 54
66 36 1789
5 28 498
59 6 1121
41 26 23
30 59 2481
58 64 15
14 21 44
14 59 38
12 17 1792
61 42 82
31 8 6
20 29 2
29 21 6
59 44 15
59 44 477
8 44 144
66 56 3
56 58 5
70 13 13
29 59 59
65 64 12
55 69 917
51 26 361
29 28 1
5 45 132
10 58 765
45 64 1779
11 68 1588
13 8 12
21 41 0
6 53 3937
34 62 3106
63 66 1
40 1 46
61 37 9
30 44 111
11 60 1
64 34 0
61 66 1
39 38 2719
19 12 37
50 58 19
7 49 111
20 29 334
6 33 1
67 33 0
43 54 3
42 13 1
59 56 99
22 44 3143
69 17 1
32 17 1854
23 7 25
62 62 0
18 61 125
17 32 17
23 69 0
55 48 64
66 53 30
38 54 107
26 37 198
25 41 129
61 62 0
61 31 52
62 16 22
61 57 267
7 24 0
41 52 45
13 50 3
10 27 0
7 6 5
19 4 1690
29 34 3
30 69 164
52 15 2
14 32 159
31 17 14
53 36 0
39 3 27
52 29 0
45 2 30
16 17 1886
58 7 148
15 43 62
50 70 27
65 67 5
41 47 315
21 5 3
18 19 28
35 10 0
20 4 13
65 41 139
57 3 952
60 67 1632
33 26 9
30 9 50
41 41 3
18 40 52
55 52 0
56 64 344
14 66 2
60 61 0
54 50 119
30 61 3992
42 8 3
52 54 219
13 5 883
22 19 7
5 60 5
26 27 271
8 51 0
52 7 1
55 9 0
35 18 29
37 7 12
58 28 881
36 47 301
15 35 1529
41 13 70
42 44 967
7 25 116
8 31 1720
59 42 0
6 2 4
39 10 0
48 15 6
7 1 193
56 22 6
60 27 21
8 47 1
39 43 2045
7 11 348
12 57 233
46 33 29
16 22 388
2 39 126
9 12 4
60 29 18
18 5 12
14 22 882
27 8 4
48 65 0
43 57 29
65 17 24
32 60 9
62 33 1837
61 23 4
8 39 5
59 13 6
59 25 190
12 64 10
7 61 1917
8 60 13
39 31 0
11 27 68
21 26 1
60 43 11
57 5 228
41 59 38
9 9 2062
44 17 23
18 21 4
33 52 2221
38 25 0
52 12 13
67 67 130
7 50 1552
13 7 16
31 17 1
8 19 7
63 68 2320
18 66 0
38 19 107
19 26 0
68 35 1
33 34 0
29 3 0
59 26 2
31 13 5
17 61 3
25 20 4
20 65 1
24 13 2
12 22 8
35 41 1
35 63 1919
33 17 54
9 38 1
16 32 0
34 59 0
46 9 253
53 54 563
6 60 0
67 12 857
15 19 1
32 17 866
39 28 631
3 44 1
19 48 118
4 12 35
2 30 0
61 8 1787
34 34 32
70 34 11
29 23 2
4 18 487
59 27 8
37 20 211
67 61 149
50 69 5
56 24 0
61 18 53
14 38 0
12 12 76
18 57 0
60 25 0
57 70 203
1 42 22
35 9 4
21 62 20
65 9 319
30 4 347
2 67 482
64 23 61
57 28 476
21 15 3702
67 64 1610
70 22 1
18 59 2116
10 59 15
11 34 9
48 8 16
55 68 3
12 2 1
17 28 93
27 8 42
65 67 1040
40 43 100
9 7 264
52 47 5
35 34 5
35 57 467
21 61 2614
13 33 2733
22 36 0
14 31 749
58 39 24
20 60 61
33 10 7
14 13 0
60 25 1690
16 70 11
30 22 101
67 4 19
54 35 456
4 19 5
22 4 240
53 1 0
56 4 197
65 36 1
2 14 2
68 9 11
15 32 483
30 50 141
14 4 0
35 63 3292
58 51 9
44 44 3
57 7 6
6 36 460
22 59 33
37 61 8
63 24 71
12 40 56
61 69 51
68 29 4
68 21 1
47 55 1749
39 7 24
16 67 5
19 37 2
47 16 2325
18 60 19
8 6 441
43 46 3200
36 69 1
59 33 256
28 51 902
54 5 41
6 12 10
51 68 400
55 5 0
11 35 69
3 53 1225
60 54 986
20 66 0
13 46 5
30 59 1
6 60 17
39 57 10
27 31 787
56 33 15
60 53 1
6 45 1
49 11 333
34 42 11
36 17 1
24 36 839
42 38 1000
4 15 72
15 59 114
59 35 232
38 38 83
69 45 1689
59 52 23
11 29 116
17 30 50
41 20 1
20 46 67
6 6 334
55 16 7
4 7 22
14 62 39
54 6 7
2 67 2
40 5 3
36 12 118
31 14 2
62 54 4
48 36 39
67 39 201
11 57 3
45 55 10
10 67 18
70 48 25
34 52 1
29 24 39
67 44 0
36 11 1
36 12 3
35 69 1
58 30 1
5 63 6
27 47 966
32 27 4057
56 70 1002
46 4 285
13 14 0
20 65 974
24 68 15
19 70 2
28 23 182
59 11 13
66 13 3084
69 65 248
52 31 1966
18 21 96
33 15 1
1 55 354
69 13 3
30 58 2800
54 46 2
23 62 239
22 53 439
69 68 16
47 16 7
9 17 47
29 52 3
10 14 31
8 3 1114
20 69 5
21 59 485
34 24 127
54 68 686
60 51 1906
16 18 1061
47 33 2
54 42 21
61 43 1800
8 59 9
4 24 31
46 39 0
62 44 17
18 51 15
44 11 57
12 57 5
57 70 18
43 28 53
28 2 2
61 40 90
68 60 1
32 55 322
25 13 120
24 4 0
34 34 2733
38 33 14
50 63 3
62 22 3
19 13 0
42 26 1
70 22 349
30 5 0
44 67 0
26 38 11
12 66 112
69 19 21
11 66 3861
7 4 250
43 16 3340
37 37 0
9 56 1
21 40 79
47 47 10
42 16 30
30 15 13
69 69 0
39 13 2
39 18 6
67 20 30
67 27 38
57 3 23
1 56 1835
67 56 141
14 52 15
11 27 1
19 21 3
36 20 1
68 37 6
27 43 2
17 40 8
12 63 176
48 32 149
8 50 0
33 6 334
24 24 1
47 3 0
43 54 75
24 3 10
17 52 29
10 33 276
20 64 0
17 3 0
57 11 29
24 17 185
14 9 10
38 34 18
57 34 1305
48 7 4
67 18 106
8 61 0
30 70 2
40 67 5
63 68 359
8 7 373
36 5 779
10 57 44
54 40 429
43 53 988
62 59 14
70 9 1
48 59 239
22 2 5
5 50 212
54 1 252
51 69 0
10 26 1
23 23 1
1 5 913
68 8 29
8 19 113
68 37 0
21 7 13
8 46 4087
43 46 10
6 29 27
24 3 1287
47 49 1
46 9 1367
46 10 20
35 33 52
14 61 60
39 45 82
38 21 57
64 33 17
67 36 43
35 30 0
22 54 288
24 30 801
40 56 2209
59 54 398
57 24 2
45 10 968
1 21 1
56 6 720
54 66 204
53 62 0
51 25 106
61 54 1
57 43 1
25 18 2
21 4 541
39 24 508
42 26 40
54 23 3529
2 67 2439
14 33 24
42 51 1568
60 20 1
34 13 15
23 67 304
41 37 663
14 49 28
36 10 566
59 30 1481
7 62 1757
49 29 0
39 60 0
69 61 5
12 36 0
61 46 835
31 21 1996
12 17 210
43 62 4
56 54 4
16 42 89
58 2 160
39 65 211
25 46 23
48 28 201
62 56 1
62 34 1
68 15 11
8 57 2
14 34 2
3 15 1
13 15 454
21 10 3
27 17 284
40 20 268
46 11 437
30 60 29
11 2 255
5 64 204
23 47 2
61 61 6
33 52 401
23 22 515
34 35 8
54 52 1018
13 1 35
11 31 4
24 67 0
31 46 128
65 53 405
67 15 2
35 22 0
51 8 259
28 64 52
55 64 398
46 11 0
35 49 1617
64 7 79
60 10 651
42 64 0
13 11 483
58 44 53
34 63 54
56 47 60
13 6 499
16 11 15
59 58 136
56 9 62
16 13 0
8 31 21
50 28 21
60 20 40
61 55 0
7 7 4
49 68 51
49 52 244
55 67 0
4 57 2
61 65 47
34 44 8
42 10 0
35 40 8
46 28 1
25 42 24
66 68 0
7 66 30
62 62 46
48 14 15
61 37 4
8 37 20
2 68 430
7 26 1
11 39 1001
51 15 1
25 69 1
53 48 0
5 40 15
57 10 240
48 27 8
1 47 981
51 48 1283
27 56 291
24 38 22
9 34 22
29 59 1
18 33 1
26 41 19
2 13 2989
47 45 1
48 23 2
28 44 526
50 65 31
37 13 451
67 25 84
24 33 0
47 2 2
17 20 91
27 57 786
42 34 248
47 25 0
55 18 324
2 61 1231
56 41 74
29 24 176
62 23 20
14 59 161
7 54 18
56 31 285
11 33 128
3 23 1
25 67 1978
54 19 1583
39 1 792
37 47 1006
8 38 952
16 9 0
46 14 28
54 22 1
29 45 1009
70 20 3261
35 43 386
27 66 1
44 61 26
36 10 11
37 56 102
39 3 3
31 61 28
59 11 4
4 34 21
25 49 236
44 23 6
3 26 2184
66 60 1
33 39 1921
33 47 167
54 20 0
12 54 2563
10 16 0
51 53 13
57 40 43
46 27 378
22 65 70
19 9 590
33 19 44
27 48 13
31 51 6
60 3 44
63 69 14
14 17 71
14 45 8
50 26 7
53 69 179
20 36 2
12 21 23
13 5 1885
5 52 2195
54 32 93
7 50 1
29 27 93
62 47 37
26 59 1
12 8 7
23 65 3
69 44 889
55 29 36
36 65 254
41 63 113
18 42 42
69 70 13
2 32 3030
59 64 0
35 38 3
6 36 108
8 2 6
10 17 0
54 29 6
13 7 1
31 49 8
2 47 536
20 53 131
40 65 5
6 23 319
30 55 206
63 2 0
8 70 630
22 35 3463
50 12 1449
35 34 41
70 11 1898
4 32 4
59 53 3
13 15 2437
27 16 9
32 66 116
46 3 863
63 51 53
25 49 58
53 21 276
46 19 14
62 14 601
61 34 2732
66 10 13
44 67 12
11 16 9
15 55 135
54 63 0
63 69 144
58 20 1
17 41 3
34 3 4
28 59 246
14 6 40
26 69 25
56 64 3
31 1 202
18 43 152
17 18 311
31 57 671
40 57 12
31 56 0
25 17 1
16 65 472
15 70 102
4 52 8
67 69 48
15 1 2511
55 42 0
40 65 706
3 7 2
20 10 320
34 56 88
64 21 239
49 34 0
56 54 1
59 47 1786
38 2 15
30 51 530
32 13 2
35 8 293
67 37 1954
27 52 1451
28 55 214
53 43 0
25 66 407
21 64 331
26 22 403
67 10 55
56 27 29
2 7 1765
18 20 2
40 33 444
7 54 3934
40 19 50
64 59 1
66 2 4
9 34 23
29 27 254
34 25 0
10 39 27
3 11 1
24 11 2
42 66 36
64 24 1
9 62 733
34 7 3300
18 24 245
59 44 191
42 67 1
23 45 279
33 56 576
59 35 1230
58 21 5
42 10 163
18 16 551
16 62 2
11 70 35
4 38 3
19 34 7
20 24 0
15 58 11
65 13 48
56 33 0
19 42 3598
45 40 2041
69 37 52
58 15 155
22 47 1055
56 65 156
54 28 0
58 32 1
35 59 0
70 8 2
37 19 1
37 2 1
5 33 3
17 7 89
66 43 3
62 27 822
42 12 764
39 5 1415
29 12 2
39 20 67
66 61 123
57 45 1189
70 58 27
56 53 309
22 64 29
53 28 0
59 60 116
67 25 469
54 12 2395
64 4 115
41 19 1061
55 47 133
26 15 9
39 63 194
29 56 0
20 11 15
9 38 365
50 19 1
20 53 27
70 49 57
63 15 59
35 5 0
54 50 6
1 62 241
70 44 5
60 56 18
35 40 51
14 37 75
7 52 32
20 56 174
3 30 3064
15 55 410
23 43 115
26 41 1936
23 6 83
50 39 1866
70 4 263
41 17 1
3 63 1154
1 14 31
29 64 0
34 20 6
28 10 1660
20 55 214
10 26 1866
34 70 41
54 25 1381
14 45 1
33 14 1907
55 47 7
13 16 2673
52 68 6
55 34 461
35 14 369
70 7 21
50 21 43
23 27 10
1 52 14
35 24 0
49 70 9
54 7 2
36 41 1805
35 21 2131
56 52 392
13 69 40
52 55 2810
55 59 1
54 40 1
24 68 142
65 20 10
45 40 509
4 24 13
13 23 31
27 65 1001
59 61 87
12 67 12
62 30 37
55 18 1226
41 27 28
35 62 350
10 67 23
43 61 39
17 14 6
17 47 21
29 62 261
57 67 6
26 39 58
33 21 0
3 9 329
7 18 422
55 57 849
50 70 66
12 2 9
3 14 0
31 3 4
34 69 932
25 13 4001
3 14 1
14 20 5
55 52 1
43 41 375
36 13 774
69 65 968
4 48 3
8 52 1
29 19 204
60 28 23
8 48 124
9 69 207
68 19 0
48 40 20
54 35 8
62 35 22
45 28 1
18 13 2
4 7 5
38 55 1
13 41 792
2 31 1
9 63 15
38 17 25
15 23 643
52 46 3
1 19 1863
17 29 3859
8 16 3
17 51 163
66 7 3
51 59 225
65 34 85
54 28 1505
1 3 5
50 51 9
14 24 489
38 66 96
10 40 1
26 42 372
56 43 6
22 29 6
56 67 34
27 33 8
56 53 964
63 58 1099
7 68 2
42 42 35
49 6 1
7 33 17
60 8 142
49 43 91
3 66 163
40 28 20
22 43 31
33 62 1
16 62 463
45 64 1
68 55 1149
38 4 105
10 69 20
65 10 2
64 45 152
42 23 2318
27 26 282
36 20 4050
59 49 25
34 2 110
46 17 2446
61 22 27
22 19 47
61 48 120
52 40 7
40 6 81
53 63 0
56 31 194
24 26 1047
10 63 125
31 6 1
27 9 6
32 66 1955
39 48 393
9 5 126
57 61 45
30 32 210
12 35 1714
3 53 2
66 51 3584
45 24 1
25 13 101
42 49 15
48 48 0
22 15 0
62 10 1
52 26 52
53 25 52
6 28 98
61 13 105
46 43 53
25 30 415
18 6 661
64 16 1449
65 15 95
14 11 12
27 37 5
24 1 225
62 55 50
15 14 1508
22 54 365
66 60 1
50 12 1668
57 61 1
3 36 3785
35 40 12
42 19 1
41 32 160
2 24 989
40 9 203
44 11 8
1 53 5
12 14 1
37 48 27
46 2 1
55 61 5
30 60 90
45 23 375
17 5 1491
54 20 186
2 27 7
31 14 2
52 37 11
42 11 50
37 65 5
32 35 3263
50 16 0
46 47 6
1 4 0
36 9 1
11 43 222
31 36 5
18 5 628
16 25 11
36 70 454
29 32 977
44 43 204
63 25 1664
1 55 2
33 63 0
32 5 696
48 13 41
24 12 1
63 33 3
55 62 1
58 32 58
33 15 5
15 9 21
14 32 10
19 43 12
58 11 230
24 47 1362
69 8 0
32 47 1
2 55 289
1 33 3
10 12 51
7 33 0
19 46 3
13 52 3
9 51 12
37 4 6
58 49 527
23 23 3815
70 60 2
60 56 280
24 65 1
17 39 1046
41 35 21
37 58 6
23 61 3693
18 63 8
8 42 20
37 24 680
22 55 2799
28 45 0
1 20 7
43 26 1469
56 50 41
69 11 19
48 63 316
3 51 7
9 57 1832
47 64 0
41 68 114
48 9 47
68 57 26
36 7 902
39 34 1841
49 20 44
61 12 15
45 69 3
30 3 407
48 59 3
28 23 1
65 2 116
60 51 89
28 31 5
9 30 1125
61 4 6
54 53 3306
3 61 7
37 51 23
54 7 1
1 29 29
36 19 748
9 45 12
14 3 651
47 46 500
50 60 7
37 36 14
31 21 103
13 12 2590
40 1 2811
44 42 959
68 7 2266
7 15 107
50 42 91
7 68 27
4 21 10
69 58 2
61 61 69
41 31 1
57 37 1259
17 49 55
39 64 25
50 31 3251
5 4 110
51 49 6
57 15 61
31 49 147
28 60 15
18 28 3788
64 3 215
8 58 3
9 28 2461
41 59 994
3 49 3
19 29 296
27 35 21
70 47 0
55 56 73
37 49 1
65 7 5
24 50 563
34 3 16
26 11 303
30 36 3798
6 9 1
23 55 297
23 6 9
29 62 2103
53 47 839
46 4 1384
62 5 23
52 52 1
19 46 200
34 26 0
50 61 230
25 35 29
18 47 1
41 17 71
38 26 32
24 18 5
38 6 112
39 44 1865
18 24 507
2 62 67
65 31 204
1 51 135
48 20 15
47 25 0
64 16 57
61 33 33
31 29 439
30 4 8
48 13 4
11 51 103
53 66 2343
60 27 685
37 12 93
29 32 7
30 11 7
8 66 167
69 25 0
70 1 0
52 10 4
53 56 902
38 60 1
48 47 467
20 65 704
66 4 274
52 64 3700
27 29 5
50 2 5
40 38 1
34 25 8
28 13 191
60 11 10
46 26 490
31 65 2
2 20 541
19 29 66
36 57 93
37 24 921
24 45 0
70 29 78
68 28 307
24 58 0
15 56 13
62 9 49
66 46 359
42 55 11
23 17 12
59 3 1320
42 5 5
27 35 2
61 22 1
56 40 1236
26 21 39
31 18 3543
51 36 25
10 62 44
51 13 63
7 7 4
29 27 58
33 42 6
67 53 3
60 59 0
39 53 1652
38 47 1
30 53 1193
24 26 1
13 69 2
34 30 7
52 28 2292
42 40 129
48 64 481
18 26 407
24 26 235
41 43 1048
49 25 429
15 65 1
25 22 985
34 63 1
65 30 13
17 7 21
50 27 1
17 20 503
68 62 0
27 3 2650
70 30 42
67 22 362
59 20 33
7 58 1
59 37 2293
11 57 1962
47 46 1
9 23 10
62 15 1
32 14 23
29 15 6
39 10 11
34 57 149
41 40 2806
24 29 1
68 63 0
69 66 2968
66 13 139
55 23 1
3 69 3
33 58 12
1 9 251
69 69 26
47 48 21
20 57 29
7 20 4
13 27 0
6 58 14
23 60 1
55 15 1619
54 6 49
45 6 116
52 40 3897
64 26 97
60 12 2
68 53 3161
65 38 835
66 40 1154
9 51 4
27 29 29
60 49 1
3 45 0
29 54 91
9 45 343
33 17 3
44 47 22
15 8 0
17 40 2
32 27 1590
6 15 1752
8 3 6
29 61 2551
19 12 1
47 41 25
3 33 0
13 19 742
69 47 12
57 46 251
56 20 1
13 27 29
21 17 9
49 35 3
36 65 0
14 19 0
38 21 30
24 25 120
34 59 20
51 12 4
43 23 5
34 37 679
30 32 55
13 31 231
4 8 178
1 26 22
60 68 17
56 60 2
13 18 45
57 11 3
34 35 795
20 21 33
16 2 1
21 32 1
52 16 12
64 22 2236
25 21 2
47 61 1
68 53 10
14 48 1
5 9 136
27 51 7
27 9 0
60 30 2
13 55 1473
67 20 2609
21 47 10
59 26 272
61 25 192
42 1 0
51 17 123
18 59 13
56 1 0
52 14 239
42 6 184
17 34 300
17 54 156
39 16 1
24 17 10
39 60 1
59 68 1
23 38 1
62 57 2
70 61 4
53 13 42
55 59 89
50 70 4
33 67 814
20 42 646
4 63 138
21 33 879
35 10 147
46 37 59
18 38 847
20 25 1
43 66 203
41 69 25
25 41 2
13 40 30
40 70 78
44 28 1946
58 32 9
35 36 28
36 62 71
50 51 2
23 68 2621
67 43 0
57 7 758
43 32 8
45 36 341
32 50 0
11 30 58
69 38 11
65 41 5
53 60 778
17 38 2
14 16 0
68 53 5
62 62 1473
60 51 341
34 46 21
59 56 4
6 10 245
38 40 3871
67 32 87
56 15 407
16 49 2
66 56 5
31 64 8
56 70 7
52 20 267
50 49 44
12 21 11
66 56 2
62 22 1543
70 28 2
39 65 31
15 25 238
13 16 1
34 56 61
27 58 198
7 20 0
43 68 8
2 31 1497
26 43 626
4 15 504
10 56 27
22 26 21
44 23 93
56 48 0
1 14 79
39 49 0
16 49 27
32 51 355
41 61 3
52 53 200
44 14 0
16 7 98
45 45 1913
63 3 32
33 24 310
19 21 1
70 70 1
24 13 906
44 9 635
54 53 411
9 58 327
4 48 66
13 51 6
17 24 580
12 54 806
32 43 123
34 68 4
48 15 3176
61 24 5
54 23 277
50 58 5
41 13 1
49 30 125
16 42 9
43 67 3
31 33 15
50 36 0
53 70 1
33 41 1328
5 17 0
5 10 122
22 40 134
22 33 1709
16 21 74
25 27 1935
40 23 98
69 58 3470
41 5 110
68 69 1581
32 60 724
40 56 3
24 51 397
56 45 578
67 7 1
1 11 101
54 1 29
56 19 345
70 55 120
25 18 295
23 66 0
67 40 8
21 11 996
28 53 1
54 55 1805
30 1 13
5 17 79
21 37 1365
52 13 18
54 35 0
70 31 91
60 29 5
29 46 0
57 61 1
22 3 18
36 27 29
34 30 109
34 37 20
50 44 2
59 3 16
33 69 84
6 29 1
32 64 788
25 20 1973
57 11 499
26 49 17
7 67 35
63 58 0
38 11 406
14 69 116
5 22 12
4 18 1
52 61 30
14 42 2086
53 62 1
39 5 1484
4 3 7
36 59 1681
61 1 116
47 63 1
2 19 3
50 52 0
32 60 29
65 37 785
41 26 360
6 13 89
54 25 36
47 57 5
48 65 1
49 64 9
16 20 44
37 57 773
68 64 2
37 22 1576
55 5 147
41 59 25
5 61 1299
34 13 296
45 62 6
51 6 204
56 18 2613
18 21 1713
55 25 3870
47 18 17
62 46 0
5 56 360
63 40 349
20 46 18
38 60 6
31 12 343
64 11 11
37 16 3671
52 13 4
6 2 46
54 38 11
51 29 1
33 33 3906
8 40 8
22 46 0
55 57 10
19 29 1
46 63 1385
7 25 91
11 28 29
28 53 142
20 23 1
61 66 2507
39 66 1
1 4 449
4 63 0
13 17 1374
44 29 1
48 14 59
14 35 5
61 34 57
11 14 4
30 11 144
49 23 14
54 58 5
46 65 0
59 46 7
2 47 483
3 62 188
49 28 0
10 23 2144
70 22 3
53 25 3
65 37 405
15 25 4
34 36 286
50 9 54
46 68 1
47 37 139
27 43 0
58 21 18
50 2 973
8 41 104
69 58 258
53 13 0
55 12 4
67 11 393
34 44 1927
26 63 626
56 69 1
66 40 1
22 40 758
42 48 487
8 59 70
64 55 1970
8 39 0
30 27 3
11 66 105
35 29 433
16 55 0
12 27 2
23 50 11
60 67 332
33 20 2370
65 45 3183
5 60 839
32 63 96
10 29 4
47 21 0
25 41 742
65 24 12
58 64 1384
5 30 6
29 4 1
14 9 7
61 48 3369
38 41 20
32 7 233
58 53 196
67 33 2155
51 61 1003
14 64 3
59 56 253
16 59 491
27 52 199
14 47 11
37 55 62
30 30 4
60 10 1865
57 27 185
43 8 405
12 36 0
1 59 7
17 45 4
17 45 3
48 19 1
12 26 829
18 39 460
45 31 7
29 59 1
68 12 0
4 50 1
16 25 3
11 50 8
58 55 140
13 61 31
19 57 654
25 46 875
37 2 2034
41 19 1
60 55 40
7 46 831
25 59 42
35 50 812
38 2 5
7 7 20
42 28 4
45 51 5
10 2 656
48 54 197
8 48 300
42 44 63
47 64 1384
62 9 0
15 31 1
54 28 39
65 68 7
47 12 1
43 19 60
50 56 40
50 38 1
47 20 2
46 22 3
43 34 105
66 67 24
35 24 1
4 37 87
46 47 689
16 40 1
61 12 123
22 49 772
48 13 1
31 29 171
6 70 32
5 35 9
50 26 1
3 22 5
68 54 3
27 39 1917
67 1 1
41 68 1
55 8 2
18 20 0
37 7 48
46 2 1
27 47 5
18 21 0
18 52 8
53 33 11
42 37 51
55 12 53
17 26 3
64 26 6
34 3 1
5 20 250
46 11 200
6 38 13
5 18 570
55 20 0
14 9 21
16 19 133
57 61 2
39 25 103
66 36 21
48 9 8
4 25 3
53 52 1
19 16 297
45 1 26
5 24 1
52 9 0
3 57 12
56 54 812
43 22 471
36 44 113
30 45 57
24 18 1
29 65 266
56 17 58
41 22 474
59 8 233
54 11 62
29 14 1
12 60 98
42 3 12
37 36 0
18 24 155
63 32 0
55 62 239
9 26 26
2 5 3
67 11 166
39 63 90
10 49 0
51 16 2
2 63 1
20 30 253
14 6 11
66 18 15
61 26 41
7 61 0
4 29 1
42 59 7
70 35 5
11 41 221
28 19 3
26 25 49
49 53 466
34 4 742
12 67 506
23 45 83
52 13 145
23 36 1
59 28 16
24 21 80
55 17 0
36 22 224
25 25 13
11 2 766
68 63 56
24 18 892
29 48 709
61 25 331
38 61 901
34 38 64
28 28 317
31 13 94
63 44 36
7 37 506
6 12 6
66 68 4
32 61 26
2 62 3368
46 3 1
5 34 164
20 57 2602
38 32 202
14 45 615
12 30 2
28 10 102
31 17 9
29 39 24
69 10 32
43 21 142
42 50 0
53 3 3
16 4 97
42 54 218
24 39 7
42 11 872
17 1 150
24 11 1
41 8 311
32 47 2
30 5 0
64 39 14
3 60 314
12 55 172
44 60 190
19 43 438
54 33 12
36 6 5
40 22 4
2 57 652
68 60 0
17 64 24
65 21 9
12 15 3
60 55 132
54 3 47
39 19 126
31 56 112
48 48 0
21 12 4
1 27 1413
26 51 18
61 12 534
20 27 298
7 63 78
12 28 56
68 17 62
25 42 0
36 46 0
53 27 91
21 67 103
38 9 55
40 38 678
53 23 6
28 60 1
10 11 303
13 15 33
34 28 244
18 12 4
66 49 201
40 36 341
67 24 436
38 51 6
62 55 108
31 66 13
52 24 1
67 53 3
67 54 35
63 67 0
30 53 1
22 21 824
21 57 2036
49 4 0
69 49 2202
4 48 1795
16 31 294
26 35 3
67 32 23
40 47 6
39 48 509
1 9 26
13 70 240
19 50 1359
13 47 1888
69 61 1
10 1 85
3 49 3
50 65 21
7 42 475
41 4 405
25 44 14
11 54 6
65 10 2422
57 36 9
30 2 1
34 38 68
22 1 8
34 64 22
19 58 3
16 4 1833
65 65 3309
30 32 543
27 40 834
47 14 0
65 15 321
62 14 1332
29 7 897
24 61 49
43 19 11
36 33 482
39 47 29
68 41 63
36 58 215
18 23 19
22 20 192
37 34 1319
1 51 5
3 55 100
32 31 0
42 56 45
64 50 50
16 34 86
47 66 2
22 28 820
18 30 458
53 63 7
9 22 335
38 68 88
69 69 63
23 62 12
65 67 1
47 34 0
26 26 94
27 14 20
55 28 632
51 41 1
17 65 2071
47 28 2
66 15 2
67 70 2
57 67 1037
64 45 154
69 16 8
28 38 25
9 52 2097
22 2 1
8 16 33
62 26 7
66 7 5
62 10 685
30 56 156
16 67 6
33 5 1
9 65 26
6 69 1225
70 61 110
20 31 1
25 53 1055
48 1 40
53 53 1968
66 15 1276
16 34 55
62 49 51
13 22 853
49 35 3838
8 33 3
54 54 6
2 64 6
55 26 17
35 65 460
44 19 3
37 20 0
54 46 1
5 57 2
2 53 2
23 34 12
66 4 4
70 24 30
33 66 0
20 46 844
59 42 3615
22 48 998
67 34 2660
2 66 331
65 39 30
53 27 11
5 3 425
20 33 918
52 24 62
56 14 115
4 2 31
9 25 458
36 50 46
69 70 23
21 68 525
53 23 2
53 7 392
39 68 262
26 15 1
70 10 259
52 35 34
19 14 420
29 24 0
15 33 260
43 51 85
57 63 11
46 7 1611
66 69 1222
8 47 1372
40 59 1
53 55 212
20 39 0
15 21 3
38 17 77
41 69 868
44 30 217
18 69 6
52 15 724
3 12 1
17 12 18
39 36 1
29 69 86
43 12 4
13 69 510
42 69 60
9 19 1
44 48 101
54 55 17
17 49 71
62 36 0
63 51 2345
49 59 1041
32 3 12
40 19 27
15 53 0
2 33 23
45 24 0
34 43 0
22 6 0
59 14 0
69 41 1533
45 45 4093
58 13 12
47 23 17
60 57 0
21 16 17
42 10 117
15 41 25
11 61 145
9 53 1
27 9 108
24 7 2127
26 39 446
12 54 17
21 62 0
39 13 7
64 42 0
62 66 231
13 18 355
56 25 368
3 4 99
32 66 6
33 39 1
6 15 40
24 65 1663
16 70 2665
46 50 118
31 55 0
7 66 89
8 48 3154
34 35 41
30 13 0
36 24 15
25 12 29
69 39 1755
20 51 15
57 12 994
62 30 1
40 35 26
37 27 4
66 18 166
51 17 0
46 68 142
22 68 26
65 40 2
32 39 0
44 49 168
54 40 1
57 27 0
15 51 29
34 29 1
35 38 5
16 18 3
30 65 61
7 13 2
1 54 10
20 8 4
70 24 1
32 60 68
31 58 181
44 35 9
57 3 1
21 7 296
25 69 912
11 15 59
30 66 14
66 35 4
68 22 6
18 68 457
39 37 277
45 4 85
60 13 262
17 39 6
17 51 1713
12 33 137
31 38 1102
54 25 675
6 28 44
53 63 149
23 63 40
20 7 84
53 29 0
19 16 2
24 37 122
41 61 2
58 42 0
5 68 75
25 30 26
31 7 1623
65 40 1
3 9 111
11 13 22
10 9 281
29 11 1663
13 69 4
29 18 2
1 54 25
46 55 5
55 42 126
57 20 1018
28 36 2
70 25 0
20 7 36
65 64 95
46 19 54
50 12 64
50 58 59
16 9 1
37 57 4
51 11 24
7 8 3
7 62 105
24 66 2472
41 58 146
18 22 6
7 28 66
49 15 298
46 67 29
62 7 6
54 33 0
44 51 696
69 57 0
8 24 0
33 38 1
41 33 3
32 64 1
23 47 13
29 62 957
56 7 5
27 46 118
49 22 14
54 68 2
35 11 1484
14 44 1
70 61 4
18 7 944
51 24 122
60 67 474
34 9 50
12 53 1850
55 19 277
53 45 61
23 45 29
20 45 0
5 3 597
45 6 0
2 3 4
28 55 16
34 34 1441
65 10 3888
70 50 907
11 11 10
44 17 241
47 33 3092
61 59 923
23 4 551
28 45 235
38 69 107
26 10 2
57 5 1
11 42 1
16 54 28
56 12 1
57 58 2
12 50 54
8 31 1296
63 57 0
33 7 50
68 50 34
4 16 1
24 41 14
58 40 0
9 4 9
47 44 367
36 2 199
17 39 0
39 53 0
62 37 1
10 40 1659
17 21 2906
9 33 26
40 39 187
58 24 217
46 42 907
64 12 74
63 53 21
54 26 0
4 4 60
56 1 1
10 69 693
13 59 7
63 56 3156
61 43 8
1 14 818
12 47 1993
29 70 1706
16 35 10
9 58 7
42 9 7
61 37 2
47 52 44
61 7 14
30 40 8
48 34 93
24 27 217
14 39 3292
55 12 47
54 37 2
20 41 15
35 49 3
12 55 0
21 40 36
25 11 1558
55 63 5
36 68 2539
1 12 403
47 4 142
51 19 671
7 18 2
50 69 465
64 36 0
32 41 0
41 3 41
63 67 1
70 58 141
13 44 17
67 17 2775
43 13 1
48 41 55
47 48 10
6 15 463
60 14 2009
36 43 140
56 25 0
38 8 76
24 50 1815
20 35 52
38 1 6
34 10 1
6 58 34
13 58 478
12 29 2653
67 42 25
30 37 331
38 28 20
70 41 3
8 41 1958
63 38 1
1 7 1
50 36 183
50 30 0
61 67 150
44 33 1698
10 12 1
47 7 112
27 8 1714
33 15 1
37 50 2016
29 42 46
53 60 793
25 64 1
53 17 1
39 9 596
3 39 1
64 29 180
35 32 49
18 7 58
18 54 24
8 23 0
42 16 4
43 64 731
11 36 2
56 61 3726
16 57 779
25 15 1
38 21 38
8 12 48
7 59 1
17 52 103
60 40 1813
9 19 2
45 51 2332
51 11 0
69 2 50
1 53 11
57 31 12
39 33 382
54 23 4
43 49 456
11 14 2
48 47 19
47 70 2
47 28 45
8 25 2
9 22 853
43 69 12
2 22 43
15 45 763
58 45 181
36 39 2
35 7 41
11 50 168
32 17 1
40 70 3175
60 17 2
25 24 324
3 47 3
42 31 31
32 40 1
17 66 51
23 35 5
46 58 17
63 42 4
25 22 0
1 58 241
7 15 5
66 38 3
28 36 916
6 69 257
32 5 824
49 44 3
64 28 60
68 30 682
52 59 13
54 30 7
27 27 12
46 66 0
23 4 1656
27 19 1347
59 22 149
49 56 110
44 11 7
54 56 9
50 29 4007
59 45 855
52 29 58
50 58 6
26 21 60
63 38 32
63 48 105
22 6 2734
4 29 6
8 41 1357
39 64 3
65 40 93
23 40 5
4 2 2
33 42 3
39 27 695
39 13 8
13 54 997
49 47 0
59 29 3
30 18 1616
61 21 10
32 45 107
44 60 396
27 9 62
64 34 399
11 17 27
12 60 0
18 37 7
60 45 137
34 61 695
4 49 192
61 42 2
10 52 66
42 27 3102
42 15 57
60 7 118
61 11 1
19 10 3
46 39 0
14 30 54
22 21 3
34 13 3384
54 24 0
7 68 3130
34 13 1
57 40 1317
35 65 1
41 7 3
13 66 5
63 6 552
35 27 3
36 25 7
20 53 481
28 37 6
15 32 8
2 53 32
16 43 1
9 29 41
2 15 145
12 42 1
44 42 21
51 27 1
53 62 99
51 65 6
55 62 433
14 51 1
65 14 63
23 56 6
16 67 384
54 38 49
52 5 4
57 61 1
17 12 127
45 15 1324
20 43 451
57 24 2463
19 69 0
11 23 0
12 10 20
1 41 2776
47 54 2
1 18 1
10 45 2
24 12 0
33 23 425
36 61 0
31 60 447
52 42 2002
48 21 2
28 32 2
55 53 2
6 28 578
63 40 9
22 17 15
59 6 3
2 17 9
8 45 36
7 64 0
12 67 97
25 49 78
69 45 0
49 8 9
68 16 3
36 10 12
36 32 1
9 57 3
33 39 27
31 66 0
31 61 1
10 9 391
19 46 0
10 29 375
15 9 0
51 32 99
17 33 0
4 39 237
43 20 1
35 22 98
66 46 10
58 68 636
19 16 380
22 60 4
18 62 29
19 8 11
19 17 19
37 32 1
38 40 849
52 36 0
64 34 0
11 61 102
43 68 5
16 38 0
38 43 20
64 63 0
21 32 463
61 3 917
2 58 4
49 3 1
53 1 5
40 66 57
61 42 3954
25 34 36
25 55 13
51 22 72
21 66 1
45 14 6
24 28 494
32 63 594
12 11 17
66 49 1117
12 20 2478
44 43 184
62 1 3
31 15 14
26 27 78
8 23 3083
55 58 0
25 5 1
54 61 255
20 26 18
21 18 1
56 68 896
28 48 199
7 1 1
16 5 841
64 9 0
15 31 173
66 39 3
33 15 409
14 2 50
44 25 63
27 9 135
2 63 1653
34 61 515
4 15 17
26 56 2559
7 36 111
60 47 1419
56 13 15
54 41 2
64 48 67
56 66 10
4 41 3
7 40 84
62 48 133
50 49 32
37 41 3
65 56 18
38 55 17
24 42 463
4 7 145
32 35 7
33 56 191
59 66 0
2 8 3015
62 53 36
2 19 6
32 13 712
9 32 213
31 41 6
54 33 0
10 27 195
54 30 8
63 9 177
1 39 2376
63 41 4
17 67 25
53 15 78
9 62 216
49 68 251
42 20 64
8 67 237
59 54 3
54 50 1
24 61 1
55 37 46
2 12 11
47 20 1
1 36 43
48 19 281
38 18 9
52 32 515
66 13 442
67 5 6
8 53 255
64 28 0
19 17 102
43 46 84
64 29 61
26 12 3
2 40 3
32 31 92
70 14 13
31 12 214
52 49 71
43 10 328
36 16 496
67 9 1658
18 61 1
24 23 12
45 37 2
31 33 3
51 31 5
21 34 114
52 20 2
62 17 248
65 28 24
26 54 82
65 57 20
3 41 15
20 4 1
57 49 121
62 31 205
2 45 286
44 35 19
11 36 6
70 59 1711
6 69 0
10 34 472
68 17 1
47 37 1747
48 49 0
4 49 0
9 15 56
64 10 701
26 31 7
50 23 0
49 61 1228
27 66 14
32 49 2
11 40 158
68 42 1252
4 48 1
23 14 0
10 16 94
59 32 3425
44 63 6
14 13 585
24 38 61
60 1 3
16 57 800
26 43 7
9 45 341
33 62 1117
18 37 3543
19 18 1
1 51 207
54 39 3843
35 67 0
51 10 517
25 59 249
12 19 8
48 50 402
17 6 926
35 14 115
13 23 192
1 44 15
53 3 732
59 11 0
25 34 82
33 22 13
8 67 255
13 60 0
1 11 2
37 67 12
20 8 45
11 33 10
2 35 205
37 55 84
48 35 1
67 58 12
4 15 0
61 28 1540
53 43 2
62 3 126
27 27 554
67 17 209
68 23 0
39 60 531
6 3 457
50 38 3
68 56 5
22 33 477
47 22 0
53 15 3445
30 48 6
34 3 0
8 38 74
19 41 1780
44 33 117
23 3 15
9 42 350
16 62 1902
13 58 4
42 25 5
18 45 352
2 65 0
24 22 64
30 27 988
67 1 1
16 68 0
60 51 2
36 30 17
33 10 10
10 14 8
46 47 0
18 25 4016
11 60 32
62 35 6
6 55 7
5 2 3191
14 50 122
5 52 117
9 14 18
66 52 4
47 49 421
49 33 194
3 7 7
44 21 244
18 34 67
32 67 3
20 27 1781
10 38 116
37 7 114
63 20 11
4 14 804
36 64 435
28 59 3024
30 37 29
62 52 33
11 24 13
43 1 3
62 40 148
47 69 1
12 35 247
55 64 3
32 47 172
6 28 20
32 50 26
8 38 0
41 15 844
8 20 174
68 32 1576
58 1 0
29 51 25
1 42 3813
23 69 1095
66 56 6
59 36 1979
21 34 804
21 68 3794
70 43 1216
18 17 6
37 44 3
14 58 1
46 45 72
1 59 1715
56 34 28
21 49 3
21 2 6
20 30 34
30 37 21
29 66 213
60 67 10
54 2 5
1 9 0
4 4 467
45 64 533
69 68 139
55 21 918
66 52 314
38 16 0
43 43 505
53 60 89
10 32 4
66 32 146
58 9 6
28 5 0
16 55 88
65 19 15
69 41 47
28 59 1477
3 35 928
24 1 1484
62 13 164
27 5 8
42 60 2
42 26 5
34 7 1
32 7 242
49 54 0
27 26 37
43 59 25
6 8 34
69 36 800
7 50 1
37 16 20
1 67 7
39 13 0
29 44 1492
48 67 249
21 35 168
31 57 104
55 4 174
34 58 1
68 58 21
61 20 1880
67 11 29
43 38 1
11 25 0
50 46 11
54 29 151
46 64 46
60 19 0
9 22 92
20 69 500
60 12 3
29 69 652
26 68 373
15 54 17
5 51 108
51 39 0
18 44 54
61 47 15
53 51 6
52 49 59
31 17 5
3 6 1
33 54 3544
52 16 67
54 67 5
29 53 1
11 68 937
34 10 2045
36 33 11
2 19 1
30 20 523
25 13 5
57 50 0
45 65 90
11 33 2
67 54 0
56 46 51
61 42 0
51 23 70
26 47 98
50 66 3612
66 52 150
51 32 6
53 33 0
20 40 0
5 21 494
37 44 400
56 1 3
20 60 3
65 63 486
61 69 161
32 47 7
70 43 608
57 34 1822
41 39 3
13 21 6
10 36 0
41 59 10
6 15 33
2 29 102
17 37 46
47 48 11
64 2 1578
31 59 1441
25 69 3
16 25 16
60 52 942
40 60 1185
69 11 0
51 33 10
33 35 0
16 40 275
37 29 105
11 16 1125
27 27 1783
28 70 13
8 1 1
62 3 13
36 6 43
55 70 464
49 14 35
42 10 3
19 64 64
7 70 2
41 16 128
1 4 1
51 44 14
28 47 0
52 66 7
35 2 1703
62 27 3206
54 16 846
29 34 13
47 32 74
30 3 13
23 59 1
63 51 3
22 52 255
33 7 7
59 5 15
6 40 8
26 3 359
2 31 61
49 11 0
63 46 89
4 59 557
46 69 0
51 65 0
48 42 103
68 4 328
67 15 718
10 12 1
23 17 0
11 55 1912
24 40 5
21 41 2
46 36 56
63 10 3890
12 32 846
40 12 210
16 63 119
32 8 94
12 48 1
2 40 1
46 58 405
22 13 202
52 5 227
56 5 15
20 44 1443
65 42 3
53 28 5
1 34 19
25 51 567
5 58 209
38 41 0
50 2 17
58 8 1295
52 53 32
3 61 2
70 21 3659
14 22 9
62 46 277
19 15 339
34 65 829
23 14 31
46 51 1186
31 66 689
69 54 114
65 52 448
60 52 25
19 31 2770
45 61 40
53 67 624
6 10 6
67 16 948
26 70 351
50 23 1
35 56 0
46 31 103
53 60 0
62 12 19
10 65 716
35 24 0
64 47 25
36 48 0
35 2 3
14 3 3944
60 37 225
49 31 0
31 30 60
53 42 360
56 41 6
6 58 2987
31 57 365
21 62 2
25 65 0
29 10 8
48 58 1802
49 60 3520
53 53 1090
59 35 111
13 41 3226
61 15 1079
64 56 514
40 2 1913
10 21 19
52 40 644
31 17 7
38 52 14
67 34 11
67 60 53
67 58 60
65 63 588
14 9 103
59 19 0
33 45 25
34 56 259
64 37 1
5 3 11
23 28 4
44 54 50
17 56 7
59 9 377
26 19 2056
9 8 1755
63 7 5
15 28 7
42 25 549
46 8 15
4 10 889
27 57 1520
63 64 230
36 38 1
30 65 809
14 19 9
22 52 0
62 15 281
11 33 10
3 70 1073
47 33 274
24 67 0
62 15 32
31 47 1
68 8 3
70 65 23
56 59 0
30 25 4
69 70 5
27 21 15
20 46 7
41 54 72
27 53 58
37 9 84
28 60 7
40 23 1
39 16 2
9 30 216
16 58 49
65 24 11
46 64 4
52 37 1
18 19 49
12 46 55
11 55 689
69 7 801
2 37 46
28 51 1
48 5 67
9 68 1986
33 55 0
17 29 190
69 69 44
33 50 40
31 59 48
25 70 1129
60 70 208
57 38 1494
18 18 2
2 16 98
22 23 41
52 68 0
64 11 150
68 7 4
67 36 696
55 33 540
22 9 0
7 1 45
42 1 13
32 26 195
14 58 6
47 11 0
11 29 4
22 35 426
56 7 0
70 7 0
7 26 499
55 7 1
18 61 18
40 10 7
41 17 0
21 8 0
49 20 0
36 22 21
2 46 91
12 24 5
55 18 0
19 66 12
68 3 1
8 67 12
43 25 1335
16 63 36
60 68 6
24 8 136
28 28 423
18 21 3
14 45 5
11 16 1068
35 16 0
8 18 82
47 30 1
20 41 123
39 51 43
25 6 1552
69 68 454
29 47 2
5 47 823
8 40 262
21 12 9
43 21 7
51 52 102
62 47 78
11 12 12
25 13 1
56 16 252
70 52 0
57 35 126
36 9 2
7 66 152
32 54 75
36 42 19
10 3 3215
50 35 0
47 60 300
53 46 1
13 4 514
31 47 7
22 45 60
19 55 7
32 6 1
28 60 7
69 40 7
60 54 2
1 18 2
65 50 28
14 19 0
10 19 40
61 3 2022
7 27 316
34 7 3037
23 35 6
7 17 1899
17 46 8
26 49 2
42 61 3842
10 42 14
68 56 5
45 11 218
24 3 0
51 25 2
61 66 29
69 46 1
20 24 0
17 68 2009
61 6 1256
43 44 455
19 54 520
70 9 0
23 19 2
14 60 191
55 39 50
31 66 0
38 68 357
25 3 281
42 66 3823
61 64 1798
4 9 211
58 12 56
24 54 0
7 10 16
70 41 24
42 1 0
15 66 235
22 32 1
68 13 7
31 10 1
15 9 117
55 13 1185
54 39 2
1 26 119
54 14 3
58 32 213
63 50 0
39 40 3662
17 60 1
24 2 32
60 23 13
62 18 2918
23 12 5
56 58 60
38 55 7
55 44 467
52 20 419
55 58 29
16 58 2
64 63 2
43 59 1127
27 46 0
32 46 5
60 19 0
51 5 395
21 35 3
62 34 1
31 32 20
68 3 208
37 68 1
24 21 138
10 53 1
55 61 7
1 6 18
37 65 67
24 56 53
17 63 0
2 28 232
60 13 50
54 52 10
50 59 115
20 6 88
29 15 5
52 24 79
11 34 50
41 65 0
4 54 0
64 8 19
6 10 263
57 46 7
38 33 45
1 15 1
36 31 453
60 69 1
28 68 5
60 26 112
44 34 810
64 9 300
69 4 8
22 31 8
25 26 72
18 2 21
10 13 801
28 24 54
7 49 22
39 31 108
61 64 2
69 53 1
37 16 191
59 16 1744
9 10 1058
48 68 1
34 20 40
43 49 163
67 59 3413
5 1 3544
36 66 338
32 54 29
52 36 2
70 60 15
23 54 1
10 53 925
65 52 1
38 59 575
57 65 7
69 15 882
67 70 1550
5 25 2
37 53 75
34 65 17
61 62 312
40 65 63
53 51 1678
70 28 66
24 37 339
64 61 13
7 39 12
7 38 2
53 68 325
23 70 413
61 2 4
69 29 176
34 16 443
15 29 34
27 69 788
9 54 21
64 48 61
14 35 55
8 39 0
15 13 3
57 49 873
31 50 32
67 44 24
42 40 6
32 21 546
58 2 1
22 54 0
7 52 212
6 4 5
11 24 10
4 10 36
43 25 0
26 59 97
66 70 2
58 25 880
9 11 62
66 63 49
62 1 419
55 4 34
11 19 1
57 40 3
25 15 1
10 10 1020
63 55 13
34 54 27
39 62 1504
45 3 110
27 58 81
62 26 3016
13 13 57
61 32 11
53 20 2816
18 15 1442
68 45 3965
25 46 2062
63 37 2
14 65 0
39 4 1
62 60 110
42 20 7
24 15 49
19 4 16
55 45 0
38 52 2
6 2 6
40 56 2
54 32 9
6 40 95
42 7 0
48 29 46
70 4 253
51 20 43
63 23 247
70 14 69
22 17 8
51 44 339
52 10 30
31 41 168
28 56 0
65 23 312
70 45 291
19 39 1
60 56 0
15 26 2
20 21 4092
2 7 23
33 7 28
24 65 1
45 62 110
64 14 746
41 70 6
47 62 1
8 2 5
60 68 1
57 30 2
13 31 50
9 57 9
39 40 13
42 61 31
6 51 9
51 39 10
1 39 883
34 8 71
3 31 22
47 2 14
28 65 2
66 6 1967
39 38 162
32 23 36
13 10 447
53 63 2
26 54 936
28 3 6
60 63 13
2 6 190
51 56 48
9 33 103
67 10 771
59 65 3848
46 19 3
68 14 50
66 58 309
21 19 0
51 49 37
6 32 34
10 12 4
58 37 185
19 13 367
32 46 29
33 14 3
69 25 100
14 16 7
24 69 48
46 30 713
52 16 461
38 42 975
56 48 12
6 47 15
4 65 1
55 9 13
70 32 1892
28 69 0
27 26 13
15 46 17
43 4 386
49 36 969
9 26 163
2 22 2
14 59 204
43 43 1
67 7 3330
21 43 31
69 11 94
13 13 3
22 52 82
20 58 759
46 54 3
59 63 23
29 61 113
56 25 25
46 28 452
54 25 2
49 22 54
1 10 4
32 38 4
7 48 0
55 57 9
26 44 3
52 54 462
14 41 11
54 65 0
20 48 13
15 44 5
70 20 47
6 22 4
67 41 7
70 69 7
27 68 454
12 60 1788
59 36 392
8 14 98
28 55 1818
4 12 1
58 48 7
52 30 3
47 22 1
43 6 0
70 25 327
49 46 3
27 33 454
69 15 19
14 22 544
70 25 2
19 47 184
50 9 2
51 56 1
6 55 3509
54 10 31
18 68 2
25 13 118
54 62 22
53 20 1
52 15 290
16 47 307
52 62 1
63 47 3326
61 29 18
17 52 0
29 43 542
58 34 1
28 50 3765
4 7 1
67 40 1
20 56 88
39 60 251
35 29 311
13 20 200
15 50 0
69 21 0
9 47 69
42 19 2
47 64 19
45 2 11
65 67 412
52 68 15
6 44 264
7 28 54
12 69 3980
2 5 52
49 22 3
58 3 2
57 5 2201
11 41 14
12 10 120
43 45 7
23 30 3535
58 25 237
69 53 3
21 6 0
62 23 2
39 11 5
23 51 2850
14 11 31
27 16 22
7 32 38
54 62 381
67 34 609
10 17 0
29 57 2
7 23 398
57 54 3
50 39 431
30 11 3
65 20 33
52 55 101
53 50 83
31 22 3
31 42 1224
69 3 124
22 39 71
48 26 1
43 43 1132
16 30 840
19 54 3
36 55 104
45 22 2042
67 48 0
55 4 75
16 4 7
15 26 213
50 28 925
45 18 15
63 11 133
56 58 644
39 12 11
40 64 627
63 5 1
24 13 11
50 38 6
16 32 4
50 1 405
41 28 55
11 45 1657
60 10 1781
50 46 562
26 23 7
63 22 6
56 70 20
48 45 1
57 42 0
35 41 0
63 23 262
32 19 1
46 66 70
35 63 32
26 57 0
13 3 805
65 51 3
13 14 81
7 68 5
14 57 3357
59 10 25
43 42 7
12 9 2
24 2 3846
24 7 11
28 26 91
21 49 1
41 57 3235
19 18 4
1 39 6
12 64 0
60 13 0
49 56 14
29 68 0
45 50 2
5 10 162
41 16 182
8 20 0
58 45 405
23 33 624
27 29 10
56 55 1
23 66 3348
8 19 73
8 27 167
44 48 1
2 23 10
27 60 2
41 40 24
13 31 546
65 22 0
49 32 1009
36 56 13
14 58 1007
43 10 18
26 65 10
65 68 1
13 44 5
36 62 0
29 25 738
36 58 2829
44 56 1
64 60 0
19 70 1854
62 49 5
7 20 261
10 20 0
36 42 3097
7 37 96
65 29 199
1 24 24
44 31 993
9 51 51
2 59 1792
61 37 504
13 16 1178
50 25 110
68 69 13
27 44 74
69 40 0
32 13 706
62 27 0
69 32 0
52 43 1063
46 67 13
17 21 1054
31 47 218
27 63 4
50 14 1565
61 62 18
67 56 0
30 64 6
51 53 2
67 21 91
9 36 140
49 13 7
45 36 116
28 54 2
40 66 59
22 34 44
37 10 0
37 53 123
28 37 4
55 5 1
42 64 144
42 29 128
52 43 196
47 17 25
62 42 0
67 37 14
35 66 0
35 8 4
65 61 759
62 62 1
65 18 6
47 3 14
58 8 28
49 41 1481
35 46 12
16 62 782
70 7 2
46 13 11
70 2 967
59 43 1502
57 63 2
54 63 470
31 52 38
25 4 18
70 9 28
55 12 1891
10 57 7
10 41 689
29 31 1533
17 53 609
50 36 2
6 22 484
5 23 643
9 49 249
3 51 83
7 10 1632
20 12 2
21 14 835
53 52 214
49 8 6
21 29 215
8 49 835
40 61 912
29 15 11
55 64 937
27 7 14
13 29 1
21 25 1
41 46 78
62 24 12
55 38 49
8 24 1
45 16 24
2 35 642
28 12 111
54 7 54
55 47 1
17 42 8
68 40 0
58 29 3902
50 24 1434
19 44 37
31 20 0
2 37 0
34 48 3
33 63 702
13 45 67
23 17 0
66 13 4
67 32 4
65 26 941
31 7 20
53 57 6
6 44 1
29 65 51
1 46 643
43 4 288
45 17 134
57 42 3
5 30 4
37 13 2498
10 36 65
65 47 19
40 48 12
39 31 6
28 61 62
2 53 2
45 44 23
25 21 29
21 22 498
22 18 73
20 36 318
12 49 0
33 15 1369
3 36 75
15 3 2
37 22 3304
42 17 2842
3 15 110
2 61 452
28 4 3
36 24 86
62 19 2122
29 42 952
70 57 159
64 33 1
28 3 1
54 29 127
67 34 37
68 43 157
42 51 8
48 8 55
69 35 51
54 11 1
60 12 908
5 19 1
18 26 21
35 32 221
33 44 82
10 30 3055
39 46 2
59 28 3129
63 15 1
2 59 5
56 44 106
55 42 0
26 33 44
65 21 387
33 47 27
55 63 69
57 25 1
59 44 723
23 31 3408
66 13 1088
1 10 0
7 26 1150
5 29 48
19 24 324
15 19 82
57 28 2987
31 1 47
30 44 5
46 61 85
56 30 1
30 32 13
36 53 1
49 60 90
22 51 7
41 19 1
42 41 5
23 50 20
67 3 161
69 52 312
27 29 48
25 19 15
61 17 2
36 68 5
32 7 98
21 44 63
64 50 15
45 4 493
11 44 868
68 56 5
49 16 45
43 21 819
50 40 2
27 33 33
20 22 7
12 25 3
46 66 437
16 69 11
25 58 1353
67 45 2
14 70 29
23 69 9
42 45 168
65 38 133
67 62 197
34 1 12
66 50 4
44 39 1214
9 28 10
57 70 56
60 59 28
11 70 63
8 11 386
59 10 101
55 65 1
58 52 0
1 29 8
22 47 48
16 8 3
58 52 18
66 48 14
27 45 396
37 37 59
17 9 0
22 26 3
69 37 49
36 53 401
38 32 279
32 54 2722
24 13 0
62 23 20
51 50 201
13 10 15
35 53 108
38 10 238
66 70 110
55 1 383
28 25 17
62 17 51
39 61 2
31 61 1
8 44 788
7 46 18
58 58 3213
68 59 13
13 33 41
42 56 1
58 39 18
32 45 198
35 61 18
3 69 56
67 63 1177
42 32 1813
50 36 1
40 44 1
2 41 497
69 17 1918
35 61 118
29 69 86
59 69 0
18 48 53
35 61 1132
30 58 0
69 24 9
6 3 11
32 65 0
21 68 200
47 38 5
65 3 62
69 25 42
24 64 0
6 9 25
28 33 8
13 31 7
39 61 7
20 38 3
25 3 6
31 34 0
9 54 3308
32 45 473
70 5 0
67 31 70
22 68 90
21 69 198
51 4 3
20 57 553
56 9 14
57 8 2
54 51 1
51 52 25
44 3 1
64 56 5
54 25 0
7 32 5
47 36 48
46 67 147
70 8 1
17 24 454
55 30 7
11 10 525
62 24 7
25 2 1335
24 62 5
42 58 406
11 59 25
36 18 1306
33 11 3
62 38 14
5 70 1708
6 47 3
2 30 19
17 21 1550
41 17 235
36 40 16
29 23 13
42 35 268
21 11 40
37 20 42
26 28 1
7 5 13
18 56 1
25 40 2
20 61 3
56 38 150
48 4 0
59 48 7
3 66 338
30 59 23
12 35 2
55 36 12
38 7 184
36 54 724
34 37 15
15 4 8
46 14 20
27 5 0
65 59 993
66 67 21
42 58 7
40 16 41
28 48 4
29 11 8
11 45 23
57 29 475
52 6 1940
65 17 50
67 3 4
39 55 3
66 44 205
26 8 1
68 34 4
49 16 17
3 4 1
41 23 446
59 34 1
26 15 278
23 22 9
44 49 0
2 13 53
33 39 137
54 31 411
69 34 174
28 54 1
22 59 140
64 47 34
56 15 11
10 28 450
8 23 8
40 55 1931
16 21 17
17 69 98
57 27 23
9 18 221
35 67 11
33 2 41
46 52 5
43 22 10
50 45 394
56 54 125
27 28 423
22 19 3035
10 55 1
39 70 0
3 63 18
29 55 430
33 48 0
6 37 633
37 20 686
7 66 2931
36 15 42
14 22 106
43 56 1974
45 30 264
14 51 0
70 9 77
60 8 837
40 43 11
54 1 5
12 6 6
38 38 112
50 35 10
66 58 3
9 7 0
58 64 380
45 62 82
2 21 425
46 51 0
28 13 10
62 25 53
50 37 31
61 25 1
8 27 775
63 48 824
12 11 863
67 14 2946
5 48 1
38 26 915
49 10 14
5 3 4057
1 4 2107
9 44 6
41 25 715
40 69 0
26 46 16
4 8 2030
12 23 23
44 4 1487
26 20 3
18 39 1
54 18 76
55 12 1
45 19 1628
31 58 2
57 17 2
61 31 239
51 69 133
9 58 1
15 46 74
61 1 1
34 43 213
13 3 2
70 60 21
7 62 13
63 59 32
41 27 85
64 21 120
10 17 15
37 26 21
9 16 234
30 17 2
25 45 242
18 44 1999
52 28 3
53 53 1
18 37 26
63 35 189
53 6 189
6 65 2672
3 13 19
49 37 22
3 10 12
21 9 1
9 13 431
7 10 23
33 33 0
2 34 0
58 30 1
34 55 285
57 6 725
21 40 3
4 6 113
7 39 106
49 49 755
46 35 40
36 44 98
21 6 61
60 18 838
52 7 3365
44 2 1
54 9 1221
63 61 3
48 68 1
68 13 47
69 36 0
50 10 2
50 33 4
50 12 3
28 26 759
11 59 2004
60 69 1046
58 67 4
67 51 145
4 6 9
18 19 1657
47 30 70
53 47 0
25 18 666
13 7 2
40 28 5
44 28 1
14 15 59
47 13 337
60 52 68
36 65 69
18 21 26
17 65 181
53 62 1
18 32 6
40 3 126
62 41 103
13 67 413
50 10 0
28 70 9
58 31 3
25 3 31
25 67 426
45 45 223
7 70 300
15 38 1
25 44 28
14 6 29
34 51 8
67 6 79
21 56 1
30 40 117
60 20 9
54 59 107
7 31 0
45 6 4
28 45 537
43 3 768
21 11 2
32 37 739
34 70 3
36 37 59
17 53 15
60 50 1394
63 25 1285
38 40 2018
58 23 66
64 67 468
45 18 195
9 14 1404
69 45 57
34 2 102
13 60 1
64 19 123
8 68 40
5 1 68
54 51 4
38 68 0
20 18 557
20 54 21
23 70 1489
22 1 931
55 56 294
16 68 337
16 30 50
47 5 28
66 19 1
5 62 1889
9 58 0
26 52 38
11 3 40
15 66 1796
60 61 37
51 29 14
60 66 13
22 39 32
1 50 36
29 45 143
33 6 118
12 27 765
1 47 332
65 42 7
61 56 5
28 70 0
49 21 0
9 51 362
23 53 2
27 42 1863
65 22 446
23 2 82
50 25 12
37 10 30
60 61 439
44 31 46
68 68 13
19 15 0
4 42 7
14 45 68
70 53 6
8 39 376
69 15 0
53 50 507
45 57 818
12 21 1
11 26 126
16 14 1494
56 70 142
28 47 2
70 66 0
25 55 11
52 10 3
36 66 503
26 47 0
43 47 69
19 39 17
62 50 1471
18 9 3
65 51 4
62 54 3
39 34 1
65 53 1
40 12 806
19 60 2250
56 46 7
6 52 256
9 32 4
64 6 30
61 47 1
22 60 164
65 30 0
17 12 914
42 62 60
2 12 811
54 34 126
10 4 7
46 33 311
41 48 9
25 53 3
34 63 0
66 48 263
28 20 1
60 69 685
69 23 37
42 19 410
1 30 0
39 50 0
14 14 507
65 38 26
38 64 37
33 20 1
24 42 48
28 20 10
65 28 0
67 35 4071
8 35 25
42 27 8
6 64 237
38 42 177
64 51 68
9 58 77
39 37 497
24 21 3
60 26 48
67 65 371
34 41 0
10 54 37
2 9 21
53 69 64
21 28 71
13 62 107
17 16 967
51 46 139
47 48 3
11 34 1
35 2 2146
48 67 1951
70 56 37
33 27 741
66 37 768
57 5 6
12 33 186
34 60 172
26 57 1
16 28 33
16 52 206
22 46 62
41 70 26
2 9 0
54 21 234
50 13 232
8 32 448
68 46 627
32 43 0
61 45 20
32 1 603
7 58 0
33 16 1
55 27 1851
41 44 73
36 65 3
33 9 2573
40 55 164
27 4 1
43 18 11
4 10 20
65 28 331
30 57 49
33 46 4
4 60 0
66 29 108
38 19 1789
34 51 6
70 34 2422
57 63 1330
68 67 2423
62 9 1774
7 30 2673
28 10 26
37 35 6
44 11 538
47 18 1
59 16 58
62 14 2639
48 58 29
14 38 801
1 35 17
24 40 857
38 22 241
40 54 30
41 30 3
48 13 0
4 54 14
56 35 6
5 68 2888
63 18 256
43 40 23
10 50 5
49 64 42
65 65 252
46 53 221
3 50 58
26 61 2013
21 29 70
62 33 224
20 26 0
16 34 1
3 38 4
25 44 13
65 6 10
35 42 428
51 37 21
49 23 242
44 24 1
1 7 1770
37 67 14
26 13 12
4 9 112
35 2 4
42 56 48
21 40 172
54 14 13
60 36 5
57 41 3
64 6 1
37 31 6
66 36 116
49 58 868
61 48 22
61 50 3
57 50 2
70 40 9
46 42 0
36 6 1
17 69 203
28 38 77
51 34 3
68 9 28
26 46 2436
33 5 0
21 54 669
56 9 0
26 31 131
66 3 146
15 68 115
37 35 0
64 66 23
13 2 0
66 56 22
18 53 3
30 69 1
14 67 403
19 17 3
21 28 2
24 45 1020
39 69 1
59 42 46
36 19 3
10 42 3
5 39 3
18 30 10
2 14 1786
14 50 2
19 66 14
30 12 1
15 32 978
18 51 0
23 65 38
27 41 2
25 20 467
50 3 267
16 42 3
15 30 1
41 32 378
6 14 4
67 57 7
15 48 179
19 56 3
21 30 261
70 40 730
67 3 1
50 70 146
11 42 23
21 18 17
28 13 3
17 52 666
53 61 224
40 56 11
53 66 15
38 56 221
33 1 0
43 57 7
58 62 0
7 3 31
56 31 359
55 48 370
19 44 30
54 11 761
62 61 14
22 65 1439
20 18 43
7 20 1407
39 27 0
67 16 2
37 53 631
8 12 0
21 58 608
31 23 320
7 14 38
6 47 486
28 43 1389
21 52 7
66 51 2661
9 26 123
16 42 194
63 31 207
61 68 0
62 26 6
51 32 307
34 67 1946
51 33 62
5 20 0
25 12 2045
44 31 9
57 50 385
28 29 435
60 47 92
42 49 1367
4 27 479
55 36 3
36 12 1
13 2 524
44 22 9
49 34 1305
10 23 1172
25 32 28
18 43 14
61 20 1152
38 57 5
63 4 1388
34 59 4
8 60 0
35 61 1545
49 19 955
59 48 14
38 41 0
28 37 333
56 32 16
62 2 0
15 55 1
37 37 4
36 12 3
21 25 0
1 3 40
3 66 1
34 23 6
3 23 575
43 45 0
10 34 31
64 50 229
23 43 259
16 51 16
56 57 25
47 25 88
66 50 0
7 27 0
42 24 0
41 6 40
65 5 446
61 32 1
15 12 131
23 20 5
59 44 950
55 4 2
18 67 559
22 20 2
43 22 23
31 50 643
46 2 7
25 43 2877
33 65 1
47 61 1
5 10 22
45 13 106
22 70 364
2 13 92
8 61 338
9 68 0
40 63 11
67 20 0
57 53 2
35 44 1
24 24 593
58 57 15
22 4 8
57 35 41
44 68 50
3 59 0
66 44 250
43 21 4
11 44 42
52 44 14
63 11 12
45 9 726
60 63 3729
34 61 23
33 65 5
4 42 135
45 56 4
64 7 326
27 22 178
62 70 2
21 24 1
42 54 502
3 39 1
46 47 6
34 70 1
63 6 860
54 10 493
10 59 3
23 46 2073
54 64 23
68 61 1
56 14 0
25 60 983
43 62 32
17 3 83
61 33 51
7 30 224
27 53 250
61 30 1724
5 28 6
23 23 68
53 64 45
67 15 10
48 69 1502
9 9 0
55 38 1
27 42 17
16 49 664
8 57 13
35 24 7
60 31 7
23 67 7
42 41 1083
25 65 76
1 13 11
59 51 12
4 55 88
62 46 197
20 13 39
51 57 1
7 10 0
34 24 116
36 23 63
65 54 3
56 36 183
22 36 7
33 55 14
33 14 18
16 50 13
4 11 14
5 8 3
49 55 13
17 54 3019
12 64 76
2 34 114
34 54 114
42 2 238
39 39 1011
66 7 68
15 66 48
61 21 7
3 65 426
69 24 41
40 23 215
20 4 255
