70 5000
|^|&&|&|&&^^
21 30 91
41 38 827
52 4 429
66 61 101
28 62 416
57 44 124
24 4 572
36 21 175
40 30 2104
18 47 468
22 25 429
3 65 10
22 11 2438
61 22 58
49 43 40
21 6 1573
37 33 340
11 7 1629
50 18 489
55 51 1499
4 2 194
5 45 44
5 59 52
29 12 90
15 40 16
23 2 817
58 34 584
28 69 3269
37 43 255
66 60 673
65 31 15
43 41 35
46 32 416
25 22 2987
61 50 1744
11 44 36
36 10 113
57 26 3151
2 47 474
2 54 98
11 21 8
51 16 147
10 5 109
33 20 37
54 7 341
46 2 342
49 66 173
57 2 39
18 33 213
18 25 256
41 6 46
52 19 10
59 59 170
51 26 8
47 34 454
24 42 235
58 38 394
33 12 55
63 65 546
4 30 41
35 45 112
46 4 122
65 12 41
25 1 110
63 42 312
6 47 43
48 47 717
12 28 260
1 28 665
13 65 56
13 45 21
28 17 2
58 61 76
64 57 919
62 31 2878
24 61 1217
60 33 55
44 35 467
34 66 1696
20 33 216
61 28 138
35 43 408
19 63 559
39 14 334
10 46 40
10 2 153
33 1 1754
11 27 94
6 41 80
13 49 1732
33 9 3684
58 3 2027
27 20 95
9 32 985
27 21 4048
34 46 879
22 18 10
50 32 25
41 56 1718
1 64 1800
37 34 365
4 44 1021
62 70 907
60 65 47
52 11 71
48 41 226
15 39 63
41 7 28
36 14 69
19 18 1656
27 56 35
54 44 79
34 44 3211
7 19 28
25 66 22
3 58 372
38 65 606
69 66 307
7 63 56
24 50 1007
59 9 92
57 47 68
11 38 2784
43 59 5
42 51 21
19 46 11
9 33 94
14 10 1785
69 52 462
16 29 821
69 62 142
44 57 710
59 69 223
46 6 403
7 46 48
54 4 166
49 54 62
41 12 111
62 43 2
8 43 12
54 51 1269
55 47 1846
26 18 8
27 42 92
43 64 1565
41 61 82
19 26 38
12 39 100
30 35 1644
70 27 69
67 28 174
59 57 144
24 69 554
48 66 333
29 39 59
29 69 12
21 20 247
69 53 28
39 40 167
29 13 85
19 49 189
66 54 9
40 26 2003
44 11 548
28 18 61
15 59 79
68 3 853
43 15 2
6 24 122
24 58 91
1 16 104
59 59 59
42 26 54
44 51 112
33 11 103
55 65 39
30 47 0
2 42 324
67 15 151
41 39 798
58 56 534
65 68 599
12 67 121
2 30 236
49 38 165
55 50 50
40 12 47
64 68 326
38 2 77
66 8 95
21 59 442
9 65 569
46 57 196
58 15 17
22 41 55
57 47 60
61 6 46
27 40 84
7 4 359
17 63 1734
17 66 2170
64 16 219
23 27 39
32 38 828
15 5 393
45 3 18
25 64 942
45 17 161
70 44 1451
12 37 4072
23 60 1202
36 3 2032
5 33 49
18 45 99
2 11 1542
62 68 417
27 64 342
42 30 222
34 60 91
60 23 666
61 43 2133
32 33 733
48 43 15
63 48 1313
35 2 225
24 15 77
54 60 78
18 22 264
32 59 156
38 61 257
13 57 560
52 38 105
62 13 377
58 69 204
25 23 888
11 30 1490
37 53 304
31 43 173
4 18 1219
24 41 493
47 6 47
54 60 115
69 63 3013
53 43 843
18 23 838
41 5 3504
51 16 56
41 10 365
65 19 1451
11 7 191
26 48 921
59 43 1502
45 70 437
12 30 5
57 34 1776
29 14 51
31 8 1350
7 57 54
15 65 385
70 50 224
15 49 156
55 48 26
27 46 20
62 53 52
49 45 1101
58 11 63
31 57 86
19 32 47
34 14 43
32 29 121
20 65 149
41 40 831
46 56 14
66 40 1921
40 49 435
7 62 1
68 12 158
40 16 105
17 15 26
16 13 124
5 12 1431
51 64 946
7 17 15
66 1 64
50 26 161
69 60 3308
43 4 1968
56 1 26
15 13 2963
43 49 216
67 49 569
32 31 3983
49 64 3
45 31 17
52 8 1387
35 44 87
51 16 1936
21 7 94
48 55 52
15 41 269
41 54 30
16 52 44
42 41 12
56 52 801
2 64 143
59 35 13
10 45 29
66 34 376
31 63 1938
49 60 109
28 46 136
60 4 67
30 50 650
54 6 2830
26 9 436
59 7 25
62 59 64
12 50 7
19 42 59
28 34 2835
27 66 1707
47 14 56
27 58 2370
1 68 762
58 45 552
38 24 813
49 55 1762
52 55 1286
33 18 35
42 9 607
66 31 590
37 61 291
13 58 55
23 50 181
31 42 496
1 23 29
45 54 477
55 40 1876
34 34 3084
47 53 19
45 17 89
69 65 2588
20 32 14
21 64 20
8 23 124
10 11 229
51 19 36
47 3 55
1 11 1027
69 42 915
12 16 200
47 54 3368
32 36 77
13 36 35
47 59 121
68 31 1043
23 2 1
7 1 70
18 4 460
3 10 189
26 45 5
1 53 1534
28 48 371
8 46 612
7 38 27
23 25 1002
10 4 550
2 59 72
67 2 1457
67 38 45
61 46 151
59 23 16
24 27 3197
10 15 187
18 57 88
35 65 5
45 27 31
59 40 11
25 47 59
62 9 795
58 19 41
29 42 121
50 59 194
30 9 1
44 30 153
66 24 26
66 22 2980
59 63 103
35 18 1258
30 63 20
64 7 999
25 25 477
7 63 362
11 9 198
70 57 499
48 4 74
3 63 106
14 38 126
35 46 62
69 66 471
47 50 45
66 31 154
46 34 123
10 8 475
61 2 950
9 5 544
30 70 42
58 55 215
3 2 116
7 61 2840
49 35 23
9 53 1824
51 2 232
38 15 41
52 65 378
7 20 415
22 8 631
41 36 390
68 10 126
45 42 1722
28 37 28
61 56 129
1 45 17
49 8 196
53 37 1090
22 16 230
60 47 3328
41 55 27
18 4 714
61 49 1043
62 35 25
53 59 26
15 1 78
19 52 1776
35 12 11
64 32 220
39 27 2
58 46 887
70 47 95
36 35 197
28 57 14
60 38 645
29 34 3262
53 63 5
67 31 434
13 3 69
4 4 2117
46 60 341
22 61 163
59 68 857
12 22 3036
52 62 37
28 31 1
24 26 63
50 6 385
26 48 51
70 59 30
32 20 46
36 69 884
7 11 1548
46 23 224
23 44 36
56 11 50
50 24 88
52 20 2402
25 1 106
9 6 2179
3 45 195
53 40 351
24 33 603
34 19 0
40 24 766
69 68 47
15 3 984
21 13 340
11 18 51
54 31 6
4 56 392
30 60 2075
39 33 886
41 69 127
38 66 46
37 55 888
67 2 98
42 16 99
39 10 329
67 10 13
20 49 51
41 48 2510
26 62 1979
48 20 1361
52 33 172
30 35 87
10 37 41
32 45 52
38 50 13
14 6 123
56 17 34
27 21 18
4 65 366
9 24 154
21 70 2966
12 13 28
17 36 978
64 7 912
23 4 1061
12 61 95
28 29 48
30 66 1029
59 44 121
27 61 1569
46 55 177
43 39 158
51 61 37
6 69 131
36 39 1304
16 6 120
61 59 406
34 24 57
38 31 22
2 11 60
30 61 24
15 15 1668
28 56 173
68 49 57
43 9 107
45 65 89
47 18 97
32 68 3047
4 27 27
11 1 635
19 28 47
70 43 60
22 33 4017
13 24 694
69 58 69
28 54 103
41 7 90
51 11 81
55 46 236
62 25 1850
51 23 3211
35 3 756
67 57 905
70 6 3294
63 61 38
30 51 20
57 15 1013
68 30 85
45 2 87
57 35 40
20 61 509
41 36 852
55 44 13
65 6 1
60 7 42
32 57 225
41 69 55
20 45 251
45 5 650
52 7 154
43 40 85
69 46 283
20 19 0
59 69 731
40 67 3747
59 44 3923
54 43 12
67 18 25
54 35 577
62 52 151
64 34 13
52 18 12
15 51 142
60 48 205
30 54 29
26 33 627
25 17 3
43 15 872
20 39 35
60 53 172
48 25 423
14 52 109
45 4 2226
49 68 172
35 68 758
2 15 903
25 41 34
31 56 168
46 63 55
4 47 629
33 25 2184
21 16 36
42 2 100
57 22 59
32 34 415
48 31 150
37 56 42
48 61 1599
62 23 176
20 35 117
41 32 822
70 45 290
18 43 46
64 22 67
36 23 46
67 14 54
60 48 846
11 33 117
23 53 414
4 67 1826
41 27 25
25 6 39
17 32 954
11 35 29
22 12 90
14 20 71
50 19 151
50 6 120
27 65 45
31 33 54
12 19 25
70 43 695
59 56 54
42 31 97
18 30 111
47 17 76
16 4 223
64 58 1189
61 4 1282
39 20 915
68 54 763
63 27 49
30 46 117
32 6 30
43 43 834
13 45 30
23 36 89
6 64 229
64 34 355
61 37 101
22 42 656
57 14 3024
7 16 3021
24 23 979
4 41 1264
11 47 903
47 50 2148
63 9 987
6 20 74
19 68 1407
51 10 169
27 13 1498
50 47 208
27 3 415
29 56 1
14 40 1362
5 7 124
16 21 82
49 31 117
64 34 994
28 65 201
12 2 4030
57 66 221
7 6 171
53 14 60
37 59 1771
30 39 370
26 28 28
5 8 203
47 33 16
63 7 571
20 42 53
53 6 221
24 9 19
10 18 140
46 44 704
9 57 29
21 29 82
17 65 1916
29 39 2769
29 14 73
67 17 641
13 23 133
58 4 220
61 50 21
69 22 496
56 34 1986
21 17 4
19 28 134
2 28 1652
46 47 836
22 8 838
60 66 1871
24 19 931
31 24 670
29 36 2270
2 65 1773
39 22 169
49 40 366
42 22 1576
5 45 233
27 63 1004
37 8 59
17 51 12
54 12 39
41 35 2328
62 35 3777
2 62 240
28 14 113
59 13 1299
22 8 2928
62 4 704
47 38 5
1 35 1286
56 36 369
43 61 4
26 32 40
66 66 175
29 50 45
67 9 45
13 46 123
8 33 1361
8 61 1957
66 10 17
66 44 57
2 43 61
6 15 1313
15 19 855
24 36 3426
22 45 142
28 10 424
51 22 1877
55 4 426
28 27 551
49 13 157
20 56 1974
70 27 38
32 8 171
33 8 1606
65 23 126
4 17 24
3 46 1185
40 4 105
48 18 176
53 18 35
39 8 73
30 19 61
66 37 184
10 51 901
11 4 38
52 66 227
38 30 136
57 65 4
45 46 92
15 11 117
55 50 48
40 37 51
9 11 276
57 36 815
30 64 41
20 63 1028
31 45 37
65 38 148
42 45 318
8 11 1617
25 44 463
47 14 686
9 41 29
55 34 210
41 12 2017
28 51 201
27 68 27
5 21 36
65 65 38
37 3 842
10 58 1691
67 40 30
61 28 27
37 12 61
42 21 38
24 62 2031
2 27 1310
2 58 573
54 3 383
32 14 43
54 63 11
21 65 59
57 8 1466
44 21 101
60 28 1458
43 24 412
36 45 82
18 37 205
50 67 292
49 8 39
4 3 1210
69 7 1741
59 54 177
19 30 58
49 15 385
39 26 76
36 22 60
55 69 22
14 31 440
30 64 0
21 63 438
36 27 53
56 58 70
39 69 28
46 20 120
24 61 231
60 32 3379
34 53 248
60 38 3860
16 67 207
22 41 5
27 2 3009
37 61 26
58 23 62
45 21 326
28 5 57
52 52 103
13 32 25
51 49 59
23 32 17
36 8 117
64 11 240
16 25 3602
53 7 12
35 18 330
23 55 3543
32 5 10
57 10 60
53 36 1476
24 15 79
66 11 26
9 11 1868
13 68 109
51 14 194
15 6 355
22 28 959
55 51 2080
7 54 109
56 44 47
25 8 18
44 61 1357
62 43 621
7 64 3044
56 11 54
16 33 1701
38 46 12
3 42 58
69 7 47
25 10 36
35 66 3
7 28 4004
27 23 93
15 14 472
54 39 1541
9 55 3314
30 69 551
59 14 29
26 42 332
66 17 44
18 37 32
15 2 65
32 39 31
7 18 507
2 15 117
50 59 19
20 61 1813
31 52 220
62 70 31
9 70 38
29 24 24
37 6 558
2 39 70
56 41 124
20 42 199
62 22 44
15 66 1009
18 19 645
11 28 154
37 39 68
55 67 276
24 37 28
4 45 1804
65 3 172
50 26 630
63 23 176
25 30 474
37 49 1217
14 13 58
5 22 226
6 55 44
51 33 262
58 19 62
11 41 456
6 44 46
50 30 491
32 50 177
29 17 26
13 67 32
20 55 1911
17 43 16
25 10 244
1 38 39
40 48 267
23 21 948
2 46 34
14 59 674
11 21 856
50 54 383
45 9 248
50 17 100
45 69 179
39 29 227
26 30 113
68 4 1355
53 68 195
52 38 359
5 68 1978
8 68 40
45 41 186
38 17 1881
9 64 834
65 41 194
68 56 131
60 22 20
61 50 36
6 70 1834
69 40 38
55 22 177
50 7 1267
14 50 194
14 22 104
41 25 523
20 38 388
70 4 119
8 22 10
33 53 315
52 57 603
7 54 60
64 65 104
58 39 4084
28 67 250
19 70 86
20 4 202
61 7 910
28 3 112
65 23 18
5 3 203
41 8 1120
32 62 1176
2 68 773
13 9 94
56 69 302
27 18 25
35 60 1005
32 4 271
70 69 1200
12 30 23
5 68 2005
36 27 2314
69 57 1045
48 23 93
62 28 740
61 6 533
60 68 3146
60 16 1078
2 35 227
44 33 904
69 51 96
67 40 88
51 28 398
12 10 38
57 12 3829
68 58 1821
43 46 3999
53 53 63
51 65 401
39 47 253
43 14 17
16 48 1598
70 52 3985
63 61 2007
16 48 254
18 9 2391
34 44 33
53 3 171
61 32 44
33 57 189
58 18 97
18 5 41
69 6 16
21 70 792
23 26 192
27 69 882
27 17 85
48 66 427
50 51 8
36 28 421
46 37 43
34 26 50
55 63 235
64 36 699
56 55 487
10 8 62
13 13 91
42 39 43
46 16 759
59 67 31
36 23 138
19 68 37
32 51 268
65 24 2316
26 30 131
9 34 1428
23 63 162
1 56 53
49 59 60
64 63 230
69 65 341
2 2 2643
45 19 46
52 38 2
19 31 117
24 7 48
38 2 26
59 50 103
3 47 76
56 55 370
55 45 104
58 63 1293
50 2 1018
43 48 818
17 40 80
17 58 74
18 17 3712
34 2 109
9 14 3296
54 40 2016
37 54 1582
4 41 894
41 55 13
47 46 77
35 49 379
15 36 0
36 1 864
67 15 180
70 29 61
68 48 2968
64 16 2424
24 60 76
3 62 178
49 15 124
55 24 180
39 57 235
17 35 3
2 18 72
49 58 1414
30 40 29
9 54 161
59 41 357
8 29 664
48 28 109
6 35 244
20 40 22
62 34 133
41 54 124
23 65 950
46 57 120
19 42 3
14 13 239
62 60 77
46 21 97
44 3 169
67 24 56
11 36 230
14 25 7
61 30 277
17 29 480
23 34 450
60 69 33
29 21 58
52 67 624
14 45 32
65 10 219
33 1 1567
32 61 2417
49 43 340
11 16 770
22 70 1001
67 25 396
45 49 103
9 5 55
61 59 505
13 69 637
45 9 3896
26 49 54
63 43 34
29 29 25
41 37 55
33 19 50
31 10 660
17 38 100
30 20 199
27 45 21
69 3 1663
17 14 124
64 44 124
60 17 1105
69 5 28
65 34 441
49 45 41
39 39 23
15 70 1019
56 33 225
54 2 55
29 70 103
28 57 432
44 41 17
40 5 38
63 33 200
63 54 42
51 58 3664
9 3 2165
49 58 788
21 44 246
43 43 2127
52 62 359
36 2 240
69 31 101
26 19 3471
69 46 30
40 9 895
18 15 179
39 30 315
43 60 2041
52 42 3044
1 26 1402
11 15 188
56 18 264
46 33 223
27 27 600
21 5 96
39 33 86
17 25 17
67 32 649
39 42 110
61 29 74
42 2 172
31 26 58
70 3 23
6 58 72
8 13 63
53 36 1613
65 5 179
19 51 53
34 9 47
32 12 392
21 6 2398
30 55 39
10 18 5
25 3 515
62 11 176
52 44 113
26 47 829
16 16 600
67 25 224
32 3 232
36 68 1146
70 47 3
34 70 235
27 32 1413
26 57 393
64 61 816
6 62 77
70 5 36
63 60 31
4 45 22
18 55 2780
42 19 0
43 40 57
28 63 198
4 70 219
16 40 166
45 9 1603
67 42 216
63 24 1582
38 16 363
67 23 1
8 12 95
62 34 728
47 67 10
47 5 19
12 58 146
8 51 343
35 32 3642
18 46 1130
35 15 9
25 5 190
18 65 18
30 65 159
8 52 61
22 40 500
55 55 718
1 6 62
27 51 163
15 28 2065
58 50 569
8 11 1546
54 54 21
27 10 3175
28 46 37
44 6 235
44 53 4
18 24 976
35 36 1843
40 35 270
24 21 108
53 68 244
33 63 100
58 41 119
11 2 1783
1 64 681
48 47 9
27 58 1837
51 15 928
14 59 4090
12 28 349
67 64 28
58 41 26
63 61 79
42 6 392
25 51 159
34 9 374
17 65 1006
68 17 385
35 16 980
2 37 78
63 70 46
22 36 85
42 42 18
13 40 107
3 9 487
16 38 420
60 6 59
37 62 1913
31 9 15
9 60 125
11 67 1769
70 64 458
43 9 1370
15 11 1926
43 13 58
33 36 705
24 12 610
37 51 115
42 55 59
49 40 52
31 13 570
65 45 105
64 9 287
43 52 9
61 40 9
66 13 1824
1 32 285
27 54 253
29 34 943
8 69 1991
39 54 3667
35 66 7
58 37 436
28 23 35
63 20 366
41 29 67
49 12 36
64 55 20
44 25 189
46 67 1386
32 64 286
51 40 335
16 52 76
56 4 91
62 69 45
41 63 127
49 16 235
41 31 77
59 13 24
16 67 3108
56 24 41
68 7 1283
62 57 1002
28 29 555
9 26 61
11 51 82
54 47 283
43 12 91
65 30 23
17 64 411
15 42 204
70 46 83
9 32 1
66 52 1379
28 14 1995
49 20 95
26 49 788
13 27 136
56 39 85
6 20 1519
68 39 3613
58 9 51
21 10 61
2 35 1006
40 15 507
34 63 80
35 28 35
49 52 48
70 48 18
43 10 73
60 12 38
6 37 2847
52 20 12
47 51 447
40 58 23
55 24 731
33 58 865
13 23 267
15 57 3183
51 41 58
9 66 1256
18 18 42
29 57 1369
17 43 2683
47 55 320
25 5 180
53 29 375
66 68 702
40 4 571
17 30 17
33 46 52
11 51 1179
2 26 27
67 55 6
18 70 510
32 12 342
30 16 349
41 29 453
67 64 3277
51 34 48
30 12 346
70 11 3281
38 3 34
33 25 852
53 41 24
55 15 191
1 15 53
42 38 59
8 12 1848
1 16 264
33 47 63
41 6 501
12 53 2084
47 41 264
22 5 202
13 46 1872
46 7 41
53 17 167
35 12 34
9 41 16
70 67 79
12 65 49
68 22 2772
1 28 58
7 45 123
27 2 18
38 18 61
22 55 1626
53 19 40
21 22 39
30 44 99
59 57 593
43 29 6
5 23 618
68 42 73
5 40 9
54 49 34
20 35 127
42 54 991
52 61 5
44 54 776
10 32 494
50 57 55
54 20 1565
47 52 1558
8 59 105
69 18 13
54 19 189
62 13 73
69 14 185
23 41 54
38 10 1756
58 64 364
13 54 66
14 16 187
21 27 171
29 3 121
64 48 178
14 48 794
41 40 42
24 56 36
70 37 719
29 25 925
34 63 12
7 32 241
51 51 2305
22 31 319
38 36 3974
55 16 29
9 17 29
36 53 172
7 69 53
70 69 1007
53 38 2519
7 62 569
46 21 0
67 58 80
2 15 35
28 45 164
60 21 432
32 21 22
37 66 887
54 56 47
18 68 856
1 9 342
23 13 102
68 5 75
15 53 1935
9 58 48
1 18 263
2 48 69
8 18 34
57 44 47
28 18 265
38 32 232
12 42 816
63 51 124
12 69 123
24 24 85
50 63 834
40 43 212
63 18 84
10 27 299
28 21 45
13 52 613
35 46 13
57 57 38
37 57 753
13 38 3666
58 50 74
60 41 1929
8 63 74
34 55 64
49 10 27
15 22 1104
63 68 12
37 5 3851
13 50 2820
42 48 116
66 41 16
28 27 123
65 4 28
34 16 212
58 63 14
10 42 750
23 5 114
64 40 26
36 51 432
13 35 45
13 64 19
46 31 3011
13 36 76
47 45 35
24 47 748
47 54 112
31 10 12
22 28 40
35 33 18
68 34 40
20 32 24
2 9 109
19 36 884
58 59 2616
24 35 42
28 46 162
51 55 54
30 15 202
64 40 4080
40 26 224
69 36 2
65 42 381
5 45 37
10 60 1013
12 40 364
42 7 344
10 6 1129
4 11 519
23 46 18
4 19 2752
47 18 177
47 14 42
42 58 1017
41 54 883
60 2 2824
25 35 42
53 41 18
26 44 103
7 16 40
57 29 586
11 36 1222
29 53 515
67 57 28
18 35 63
65 70 623
45 61 28
58 40 2193
54 36 31
21 70 576
65 1 391
4 3 285
18 59 212
8 52 78
28 1 845
40 61 38
11 2 3616
24 44 482
67 23 377
47 42 1344
67 27 155
3 46 43
34 47 2
55 28 561
30 8 398
36 33 1438
38 48 637
2 17 44
23 23 326
8 4 37
26 36 108
12 53 109
66 5 50
58 18 41
43 54 180
20 49 88
26 24 6
48 35 194
27 16 73
3 47 126
55 36 59
54 29 2864
42 62 591
67 4 418
34 68 1881
2 38 978
48 36 100
37 61 1660
10 9 53
35 7 1043
42 9 169
57 30 31
23 7 293
13 66 9
68 9 3020
69 37 87
51 7 1043
63 18 151
11 22 272
57 24 1448
18 52 1657
44 48 243
19 17 58
65 52 409
34 26 493
16 30 367
27 38 1879
34 46 74
70 42 3044
20 7 123
4 16 298
18 59 390
23 64 75
49 16 79
40 8 214
46 29 615
27 4 343
37 51 629
28 14 150
53 28 59
38 15 1284
44 33 252
38 39 367
11 46 28
37 67 119
57 60 51
5 7 171
64 44 51
19 29 296
24 54 110
24 4 54
52 39 1012
56 29 67
4 26 226
49 11 111
54 27 32
56 5 309
53 22 78
34 21 1845
6 26 24
16 19 740
54 25 743
48 25 37
38 55 196
21 6 328
35 70 795
54 39 650
25 18 34
67 35 11
7 42 1995
50 65 311
2 61 41
60 48 1533
68 27 71
36 6 45
44 51 4080
3 20 210
67 21 115
21 58 62
26 23 1823
52 64 54
3 56 124
66 48 9
41 11 43
64 54 62
29 56 89
70 33 794
23 8 1918
12 50 23
61 33 83
34 29 838
3 1 24
44 13 1486
24 47 57
50 9 3511
6 29 336
56 19 1035
4 68 815
12 15 52
66 39 246
37 49 49
33 1 53
68 28 20
63 32 458
12 66 65
60 62 310
52 39 2692
67 61 449
68 5 101
70 45 46
55 24 547
10 43 478
41 49 236
31 34 452
52 21 56
23 16 177
15 54 529
49 25 56
62 1 289
21 29 3729
4 55 203
3 20 158
5 62 112
57 10 38
62 28 62
59 6 1729
58 46 1047
37 12 48
18 27 26
31 60 1251
60 44 745
41 68 123
28 23 47
17 49 82
25 41 155
48 44 226
42 66 472
6 11 656
66 2 4013
54 3 596
43 13 104
3 65 64
51 70 195
8 13 1618
49 28 2036
41 38 2187
40 6 119
25 59 806
32 17 3
55 33 496
1 65 253
66 22 580
48 47 4
65 44 366
8 59 82
27 3 2239
11 49 242
49 26 69
5 37 990
22 11 1242
44 53 60
63 45 520
40 37 873
62 70 102
27 16 730
52 49 26
22 33 1101
59 65 67
9 43 847
49 39 549
59 33 249
19 42 913
35 64 909
5 52 91
17 51 266
1 18 23
10 47 1940
35 56 185
27 19 50
10 43 244
63 48 1
28 67 130
51 34 389
24 17 837
65 19 1062
27 59 389
24 10 26
25 64 306
65 70 93
9 27 1587
8 24 1045
23 55 7
70 60 968
34 42 179
20 57 47
58 9 329
9 7 394
38 8 253
1 33 267
43 25 708
34 39 925
4 51 3937
45 6 66
26 54 482
15 70 880
14 35 272
58 11 103
40 27 222
27 18 7
2 1 13
35 50 228
55 70 94
27 51 23
30 9 57
55 32 455
36 26 58
13 11 18
52 60 1278
30 37 2183
21 61 34
19 3 1411
2 70 51
47 44 407
62 30 479
3 33 165
5 47 327
59 21 739
55 64 471
46 65 318
51 9 905
67 54 153
35 25 61
63 7 29
57 38 330
21 60 69
43 47 52
22 52 3808
63 50 117
67 44 60
11 38 61
44 36 3291
49 33 27
37 33 26
37 52 81
8 61 278
35 36 525
50 54 125
66 23 170
14 67 91
33 49 2
30 40 78
19 5 102
41 57 62
19 61 739
37 59 2998
47 39 509
25 63 20
53 25 11
25 52 89
51 51 26
4 3 194
7 13 219
2 47 85
10 34 1301
25 8 39
29 46 15
18 11 507
14 6 194
27 10 61
56 38 4035
46 46 55
43 30 247
20 67 56
26 27 12
12 30 2413
45 4 2789
61 10 38
65 55 561
50 11 2666
41 6 94
64 28 3573
44 9 246
25 39 41
41 1 155
39 20 2431
69 16 15
33 7 172
59 9 94
13 18 943
61 38 2033
11 28 18
65 26 410
8 59 752
69 59 30
7 17 124
59 24 3509
63 20 108
20 65 271
28 52 41
46 20 473
20 10 23
37 14 253
38 51 2796
64 2 7
13 2 59
35 31 949
54 56 122
24 60 58
54 60 815
50 64 208
32 16 1650
50 50 3084
9 20 301
41 26 11
64 33 1570
24 61 308
37 42 967
37 64 57
58 38 1694
37 36 41
56 28 9
17 21 26
8 49 444
6 60 2527
65 28 42
24 36 156
33 24 61
57 20 265
34 26 0
31 62 79
62 11 1694
40 21 1417
47 14 8
64 43 704
4 12 228
9 27 11
25 25 227
14 28 36
27 28 90
63 25 9
5 6 2755
3 64 250
3 56 4
69 61 5
17 18 117
56 40 249
51 10 9
26 30 970
32 4 153
45 13 56
12 66 47
13 39 641
19 51 348
42 5 200
12 33 165
37 8 198
59 3 497
23 64 44
56 17 118
16 36 9
31 12 275
56 63 339
52 26 205
7 64 33
64 65 43
33 54 2128
26 4 3611
56 18 93
17 30 181
63 37 159
9 30 50
54 11 144
34 42 1198
31 1 92
8 13 96
23 36 30
19 64 538
28 55 33
35 24 732
33 38 1003
4 9 103
3 67 410
36 19 191
50 27 667
24 45 70
18 4 239
33 26 146
21 39 3
53 37 119
52 57 2213
12 46 684
10 59 607
40 63 29
60 67 247
34 10 21
33 46 43
48 7 3794
65 43 978
3 25 3399
43 53 1
30 67 59
20 7 364
58 32 1125
20 33 2468
7 29 80
42 10 44
49 25 74
28 45 291
18 64 204
34 7 118
68 65 3
49 38 48
56 68 75
4 58 284
50 14 518
37 29 17
50 26 714
6 42 105
9 48 592
31 46 48
69 16 93
10 55 81
12 33 477
53 25 155
57 2 295
13 67 32
63 58 2
27 18 1856
62 45 38
16 11 63
38 49 29
15 49 1269
60 19 1049
54 6 1420
20 6 68
48 13 41
20 43 6
42 49 86
15 38 314
12 63 284
60 60 767
38 56 79
62 35 58
9 53 127
54 40 4039
31 69 143
17 7 1544
3 66 1955
18 56 464
4 69 440
22 66 150
34 57 449
2 36 231
27 67 47
44 26 60
56 57 100
37 44 78
61 44 28
5 9 937
8 28 82
61 10 97
21 47 596
49 23 290
45 58 755
56 41 686
43 70 309
8 16 1267
6 34 160
10 13 1891
69 67 178
36 57 557
62 59 16
7 37 56
67 29 197
54 27 20
7 29 674
13 62 1010
19 1 239
6 40 223
32 53 401
25 70 797
6 6 21
17 12 41
16 24 1767
5 54 722
26 66 728
1 57 7
62 47 691
2 31 2281
7 70 71
52 44 69
3 6 419
32 64 499
5 42 168
69 1 1573
50 58 3425
22 5 392
65 35 427
34 61 53
49 8 515
14 3 66
17 35 401
45 21 453
62 37 167
70 39 581
25 23 172
62 8 3333
12 11 52
49 31 59
25 64 23
57 1 235
40 47 150
67 58 1026
65 43 21
49 24 135
46 1 975
61 68 3466
54 50 633
9 50 917
38 33 422
2 42 316
45 8 183
48 29 24
19 45 1413
1 62 1394
44 45 67
42 27 1
54 9 76
30 22 111
14 64 1079
28 56 411
22 21 1446
54 67 2844
12 27 1843
50 16 3781
6 8 408
33 66 425
29 33 8
9 3 2445
59 53 871
29 26 2288
45 59 93
53 14 728
55 54 391
62 2 77
15 25 1195
21 1 783
21 52 1052
68 42 206
32 62 27
13 23 2345
4 40 1685
52 66 10
66 52 2766
16 58 144
23 12 230
52 21 872
42 12 4069
62 9 30
33 57 37
54 70 1211
23 48 169
34 63 900
7 65 32
18 46 2055
11 25 221
42 57 84
18 41 329
70 18 385
33 6 3125
40 35 462
56 13 136
57 17 101
37 11 1432
60 8 119
4 23 21
13 7 325
17 48 902
57 23 489
43 18 561
20 67 294
11 59 310
15 11 654
21 66 632
23 40 46
68 43 36
53 30 68
63 55 27
54 14 124
5 51 170
11 44 1714
17 58 46
62 23 3598
5 20 15
35 36 91
44 5 120
59 35 3752
11 13 215
46 50 17
55 30 257
22 17 740
11 8 417
14 5 49
42 10 8
29 33 63
67 31 102
46 29 428
12 57 567
15 70 5
26 9 296
46 7 886
69 13 2472
38 61 426
51 63 577
7 11 277
30 35 1975
68 56 178
15 38 1053
63 48 1088
24 60 28
34 68 2897
2 45 156
57 39 1949
59 15 115
8 20 356
27 20 1048
11 36 499
66 15 167
36 37 42
6 24 636
24 33 576
43 62 16
48 7 39
28 59 3436
57 56 4024
26 35 188
19 22 679
44 34 2297
41 31 328
41 2 57
13 59 153
67 65 74
42 27 830
62 26 52
43 70 777
45 30 901
45 45 135
22 44 10
20 28 532
51 55 212
29 66 186
38 46 1572
48 32 126
36 48 111
49 68 955
60 65 54
64 35 1455
24 12 371
25 18 45
58 39 3673
19 41 7
45 64 57
15 32 5
63 9 352
47 25 693
41 3 950
37 5 44
32 60 486
41 8 1718
2 17 763
53 60 402
34 63 13
10 57 14
36 46 473
19 50 297
56 16 1732
34 68 486
29 5 369
14 43 126
51 44 972
63 52 71
8 19 91
55 49 984
52 31 82
62 18 148
12 3 10
64 36 238
40 70 248
63 51 44
5 51 440
37 61 481
42 24 23
67 41 34
52 67 28
65 44 119
10 32 33
59 46 210
12 27 71
5 54 1897
16 29 18
53 62 402
9 3 288
17 28 18
42 16 5
57 49 921
41 19 357
15 19 73
65 42 181
6 32 1532
57 22 312
61 15 84
25 67 125
22 44 3644
40 5 422
2 20 24
21 6 1551
24 11 1126
67 53 71
47 47 143
37 37 97
49 58 7
14 11 15
6 18 428
59 47 206
27 45 3646
16 48 3250
8 52 616
48 12 131
48 9 71
10 50 1662
2 42 146
45 56 12
19 24 933
35 4 47
53 34 24
61 37 100
50 28 2632
46 37 21
5 32 23
6 4 196
48 59 118
26 69 209
2 68 2
45 9 7
9 57 355
66 14 128
17 6 24
8 27 2488
21 56 198
13 45 58
11 55 1458
31 65 10
31 38 662
33 3 21
51 28 52
66 8 2034
28 11 53
26 54 338
35 64 640
54 42 1543
61 39 122
12 40 128
61 18 1
25 29 1061
70 53 36
69 46 47
23 45 680
20 36 41
30 69 2270
3 46 212
37 30 76
4 22 56
18 26 189
54 41 110
68 42 278
30 45 103
34 65 105
64 47 2514
9 8 55
63 4 125
66 55 756
47 41 49
17 63 299
31 4 2016
19 50 1716
43 13 596
6 7 348
5 60 111
46 19 24
53 51 54
20 1 532
3 24 278
64 31 143
42 70 783
64 68 127
17 28 15
60 30 1922
20 15 68
13 37 299
3 34 196
31 70 134
36 52 2917
2 16 592
38 68 119
21 1 495
59 60 343
66 23 563
42 69 3106
13 70 15
63 65 236
9 54 2056
4 60 928
60 4 11
25 55 324
12 59 3382
27 33 34
37 8 1091
42 63 3497
14 18 915
2 47 1262
55 6 25
67 62 52
3 35 9
32 49 24
42 5 234
26 16 54
2 39 35
66 46 58
39 62 937
54 29 46
64 1 122
32 23 51
10 49 4
43 30 56
59 5 451
48 2 876
59 20 320
8 45 1390
48 21 1594
61 47 260
30 37 495
58 16 21
18 13 45
33 1 468
60 52 1081
43 70 255
27 27 93
43 3 467
38 61 57
29 70 80
31 13 876
54 36 1837
22 40 161
66 44 1491
2 39 2904
43 53 49
31 43 337
70 70 63
33 21 78
23 9 72
63 7 1085
8 49 337
60 59 340
60 26 22
55 47 247
66 52 59
32 62 28
28 23 425
7 4 292
17 41 88
58 11 75
20 16 732
66 54 1922
49 46 695
44 43 59
12 20 45
49 62 49
7 49 2019
22 61 3322
70 57 3063
49 17 2408
12 26 362
51 4 1538
65 38 178
68 11 3506
39 58 506
55 43 3424
26 51 47
10 13 136
13 6 401
60 15 816
34 21 908
68 31 677
49 40 191
30 29 10
25 69 15
22 13 118
32 66 228
34 39 170
6 22 520
19 27 121
39 15 177
7 28 4084
17 33 28
31 2 1401
15 35 151
21 67 542
39 11 166
24 61 86
45 63 616
7 61 490
3 15 396
45 52 63
30 46 858
52 33 39
45 45 270
13 25 17
42 40 93
40 13 394
24 26 58
27 70 110
1 61 1126
21 4 513
70 15 36
49 44 178
39 30 2
11 41 325
2 48 240
7 31 1467
56 14 27
49 28 182
56 18 295
42 15 527
64 18 1780
64 56 56
4 21 220
57 12 675
58 42 34
53 45 703
66 1 60
11 44 119
43 23 1802
47 1 110
42 2 1321
31 4 244
18 39 1683
40 60 8
45 52 425
35 40 49
8 47 121
13 64 328
38 58 40
36 46 21
61 15 3890
44 51 363
37 63 1283
9 29 1818
22 20 835
56 10 54
6 8 37
1 3 503
52 39 424
67 54 540
26 6 1545
62 23 764
12 28 100
49 10 594
46 62 43
69 40 1701
8 23 704
27 68 1841
36 64 103
29 56 12
2 14 4
61 54 33
61 29 1898
2 68 233
2 65 120
41 49 395
29 18 301
42 16 1609
37 26 886
4 54 466
28 25 141
34 54 305
26 4 98
62 66 157
9 22 81
20 33 84
37 18 530
50 37 1841
6 25 39
41 27 1776
57 16 20
22 6 2445
29 50 332
21 35 194
40 24 351
15 7 19
42 7 573
36 8 28
53 57 148
6 64 25
27 37 117
39 3 228
3 28 3960
46 27 86
25 4 481
20 17 8
3 26 180
36 65 1210
22 35 90
41 25 720
11 68 260
4 49 902
48 44 209
63 62 43
36 59 131
40 26 58
21 47 376
14 15 3415
37 29 220
27 46 216
60 42 103
69 31 647
32 45 244
49 45 685
56 32 37
31 67 149
18 13 122
27 9 52
8 8 220
48 64 882
1 11 5
45 46 475
56 32 2658
70 67 23
44 22 228
13 11 726
26 6 4
45 63 2599
53 29 3190
70 38 599
65 55 68
52 4 7
32 21 937
36 45 3212
34 12 28
12 39 44
28 35 49
47 57 5
11 49 497
31 57 226
6 32 1725
9 60 251
7 24 1849
20 64 3310
21 54 66
32 28 1497
26 34 127
57 24 516
27 27 39
49 10 1582
18 40 432
33 53 56
42 25 406
52 4 2
38 41 554
29 52 59
46 15 8
5 14 264
37 43 547
20 47 446
54 54 70
14 40 66
46 35 336
63 8 126
40 20 21
34 5 873
22 56 27
24 1 23
2 34 211
10 7 12
58 25 1499
26 68 56
33 58 87
29 35 196
46 68 362
36 34 62
59 49 118
64 52 402
58 10 2171
28 63 603
4 40 8
4 35 222
7 55 125
70 58 46
22 56 825
45 59 251
6 70 1997
60 40 129
24 37 33
15 65 2347
65 55 1960
19 59 1356
5 21 799
58 49 14
9 62 4
55 46 5
62 61 123
25 62 57
53 65 964
65 9 365
60 64 740
33 68 167
37 63 81
58 51 25
47 30 683
26 56 22
61 55 7
64 45 57
51 35 39
61 6 206
58 4 20
51 42 477
46 38 53
68 34 233
36 69 975
67 8 50
68 70 634
47 10 29
70 22 34
45 15 1100
38 35 43
62 18 958
59 26 324
64 7 1570
9 57 19
41 29 50
35 61 347
69 15 37
32 62 19
41 13 38
49 15 6
67 69 128
28 16 1481
25 56 948
13 65 3322
46 23 36
27 21 150
37 37 3210
14 3 703
19 49 513
24 37 331
12 64 93
60 2 2017
58 9 3
33 51 58
32 15 271
53 62 528
52 21 207
56 47 21
44 68 2421
65 69 143
29 46 687
42 4 352
40 8 1230
58 68 24
11 39 78
43 35 71
52 14 45
63 20 911
35 57 177
35 27 2407
60 61 18
31 58 1037
11 37 51
46 40 1837
23 56 31
25 3 60
4 50 38
28 10 206
40 54 11
61 3 863
45 33 272
61 58 95
29 65 83
30 26 1522
13 1 3371
53 59 932
33 15 23
26 18 27
48 65 106
28 60 13
25 21 3
25 32 33
3 47 1623
60 67 56
68 51 21
62 34 2303
22 39 138
4 13 1822
63 13 45
33 62 505
61 54 96
52 60 474
11 64 74
63 13 830
13 34 203
8 11 1185
49 21 4
41 9 49
16 37 339
52 58 481
65 54 705
68 7 169
41 63 2295
19 62 2793
4 59 110
1 12 51
30 12 56
58 49 102
1 12 3662
53 32 119
47 3 167
62 37 74
64 13 1840
60 33 57
70 70 809
38 53 449
67 52 123
56 17 61
21 5 111
14 32 484
41 4 438
60 45 336
69 51 7
66 36 1437
17 32 211
66 1 1239
12 39 148
65 19 109
13 52 1978
42 9 2001
51 5 46
29 23 41
23 2 42
52 9 185
9 38 90
1 52 37
28 27 24
70 57 53
53 20 1191
62 20 200
31 33 180
60 5 32
9 61 1696
15 41 86
70 37 45
55 69 119
4 13 163
58 42 1711
49 43 744
28 67 112
54 47 377
31 38 28
35 58 804
47 20 25
39 5 1493
58 48 1220
16 1 85
40 28 38
64 43 1905
20 42 2099
33 10 78
8 54 238
63 53 0
19 40 551
17 7 437
34 33 31
31 15 2045
55 39 245
48 19 22
17 25 4
12 52 3740
42 55 434
14 20 56
15 4 135
19 26 33
57 26 423
66 20 1177
60 69 449
22 49 61
40 48 8
69 13 56
5 13 22
52 59 25
31 64 2788
18 54 1615
56 48 448
48 23 24
65 38 59
56 46 700
14 19 1836
64 36 53
60 16 250
34 46 33
31 12 84
25 65 2545
49 29 127
68 9 1754
65 7 157
54 40 32
38 49 246
35 41 80
46 23 1641
53 7 1408
15 28 449
9 28 1277
67 16 1297
32 47 300
59 42 81
9 48 1581
5 33 286
53 1 4
57 47 557
27 12 622
57 7 55
30 47 468
21 64 2943
37 49 2697
4 21 13
46 24 1382
33 61 243
3 51 351
20 56 1676
62 19 79
66 63 20
61 57 3
5 27 148
30 3 765
9 13 316
49 34 228
54 27 2402
45 18 422
6 25 1347
19 24 13
26 39 208
9 6 159
62 19 42
60 23 106
17 70 476
38 30 3
33 15 274
60 22 2779
54 63 497
31 46 229
38 70 396
29 69 674
37 7 90
1 13 1378
60 17 794
7 37 3203
58 24 2516
69 11 172
67 70 1080
37 16 44
51 38 276
46 35 772
16 56 306
6 9 957
47 58 34
52 51 2235
65 62 23
51 59 3646
5 4 907
41 51 242
38 24 262
22 30 2640
55 27 73
10 40 179
34 59 112
3 19 558
7 68 659
50 69 141
58 15 24
33 29 90
2 52 2801
64 57 746
13 20 120
8 13 510
62 10 21
6 12 379
47 54 105
16 46 8
70 35 1044
1 42 51
69 67 99
43 5 2
35 2 1954
1 68 2015
36 57 2811
66 67 118
9 38 18
5 23 330
18 12 48
16 48 2661
10 25 1847
6 61 120
21 16 60
69 9 281
5 27 27
34 54 179
38 56 3
23 17 1544
2 1 101
66 44 255
47 26 3512
40 32 57
39 52 902
42 54 572
53 70 651
29 30 4095
1 45 1398
6 30 56
38 55 2026
64 60 22
17 12 557
2 64 44
7 6 441
21 69 37
26 15 44
10 63 23
55 39 2316
49 32 37
57 24 196
45 61 19
33 1 585
35 40 176
23 36 0
39 2 495
11 53 2026
57 13 166
5 63 1164
35 17 43
45 34 392
34 58 61
23 1 599
32 35 2161
70 36 55
13 26 51
64 61 454
47 66 841
44 50 45
45 14 161
5 29 60
49 18 1633
15 21 25
6 65 733
30 49 239
28 40 95
24 53 112
41 38 73
57 22 650
5 33 286
46 27 111
63 65 3433
29 66 127
7 43 34
61 42 0
15 24 870
30 9 65
26 19 1848
4 41 3707
63 6 277
69 40 107
51 38 1004
34 31 1420
1 15 7
46 70 405
63 45 103
11 10 26
33 63 30
68 34 12
6 35 1373
42 38 39
14 67 14
27 70 1435
14 42 49
57 61 178
62 7 217
5 19 76
51 49 695
25 44 0
52 38 1549
49 41 113
52 20 17
68 19 506
62 5 220
13 6 187
23 68 264
30 33 2063
42 52 121
44 57 111
17 63 61
55 26 2716
63 23 783
70 14 337
26 20 3
50 34 39
61 15 1762
7 59 853
67 15 45
19 34 35
21 42 221
63 13 151
30 35 3390
49 23 117
32 63 9
23 32 211
55 42 182
45 12 83
23 4 13
36 18 11
28 67 3939
35 20 10
8 28 2520
16 35 160
40 1 39
4 33 45
16 10 25
67 31 2492
3 27 381
65 10 67
61 5 115
61 37 3815
38 22 123
44 46 491
1 58 22
14 56 108
41 65 33
15 29 8
53 20 982
58 62 12
57 57 346
27 23 11
52 10 40
17 16 884
35 20 125
49 70 50
52 39 4
56 16 88
57 54 541
51 47 208
14 41 1784
12 25 1687
1 17 236
35 7 18
15 15 22
68 47 508
47 7 606
33 4 803
20 33 1868
23 66 726
42 18 24
3 55 2249
9 46 646
12 46 12
5 12 60
20 1 95
20 48 368
52 43 7
12 52 183
35 40 3436
33 4 135
2 39 23
41 35 773
8 65 1950
44 54 123
53 22 1618
38 29 1891
47 24 597
32 7 218
4 63 905
9 43 1833
30 15 1009
26 64 62
34 6 121
34 38 583
66 40 86
43 34 53
50 10 435
56 37 264
13 65 284
50 48 243
31 60 1677
43 4 148
1 68 3909
24 57 1896
2 40 289
20 22 483
48 64 38
44 64 44
28 27 2708
59 64 0
19 24 2190
68 19 1418
20 61 323
59 51 489
6 46 99
47 26 1302
27 31 92
24 21 1910
54 18 54
17 30 115
38 15 178
62 5 229
34 19 323
47 55 83
35 60 1004
60 33 3524
32 39 141
44 21 262
60 5 627
69 27 0
21 58 130
9 21 226
35 9 53
58 22 499
16 6 30
3 31 359
54 33 1965
37 5 121
23 17 80
4 42 53
30 10 22
53 7 55
5 7 25
6 46 43
48 37 1092
57 6 164
39 18 839
33 47 58
28 22 1953
41 9 588
33 49 2918
57 42 186
12 14 33
31 11 75
29 53 4036
59 60 63
31 16 384
59 58 46
60 15 54
49 59 872
23 44 27
4 9 494
23 11 208
65 16 791
36 50 963
3 62 0
67 64 767
62 49 137
55 38 830
30 56 304
42 21 462
4 45 744
41 15 105
33 6 1555
14 12 46
1 37 52
30 31 3231
19 19 5
52 9 62
33 28 245
69 28 120
45 50 614
45 13 1262
57 42 48
5 3 197
18 25 255
47 59 388
36 62 971
35 23 7
51 17 1303
42 30 406
67 17 155
29 27 459
62 8 17
69 39 501
27 50 123
26 25 4039
50 56 180
28 15 75
55 47 11
20 11 857
23 36 396
46 50 20
32 17 3460
60 13 1155
33 19 928
33 68 223
43 28 839
57 13 438
4 53 194
56 33 985
10 11 449
14 15 489
16 29 640
28 35 4
20 22 828
26 67 607
40 48 3645
49 11 28
56 24 35
33 57 1442
10 1 1287
38 58 57
54 12 911
17 45 181
28 2 167
60 36 3269
48 18 50
63 20 238
24 18 51
42 36 4
29 42 171
6 69 846
26 27 177
61 35 31
9 31 544
70 56 44
3 49 141
58 17 854
70 49 188
56 63 836
67 69 858
26 42 254
35 68 289
32 49 36
11 64 15
24 38 16
16 53 18
49 48 511
7 48 26
5 40 402
14 65 205
67 4 56
22 25 95
29 35 62
18 47 80
48 61 212
57 47 3996
17 66 247
43 57 337
26 9 62
39 11 28
10 48 1
7 21 203
35 13 95
16 38 55
48 11 42
64 26 1949
46 53 26
32 50 174
69 12 20
46 4 59
6 53 57
65 33 95
67 19 102
23 38 169
30 17 271
7 39 89
22 38 583
22 31 144
45 63 0
60 20 40
6 70 279
49 59 7
67 33 203
6 63 38
6 38 823
59 5 55
31 26 45
20 9 725
29 43 13
46 11 45
34 10 27
44 68 3991
3 5 44
7 68 84
2 69 289
21 13 395
8 59 429
63 45 120
57 13 619
52 10 43
17 23 193
24 67 280
39 57 37
14 49 23
46 49 122
36 11 227
60 8 2016
44 36 1701
34 10 9
15 66 489
64 56 12
45 3 39
38 9 71
21 4 60
31 4 30
50 6 12
28 66 1
35 54 3658
5 58 241
29 55 683
68 1 135
36 51 207
37 56 276
43 49 508
23 18 1166
42 56 157
4 36 2830
3 22 452
4 2 265
6 58 38
19 52 680
59 49 1280
1 14 813
32 5 1085
25 65 225
60 48 562
57 3 141
49 54 206
27 23 1352
36 38 13
2 59 791
11 42 255
3 6 7
57 65 0
23 41 518
45 13 45
16 59 995
23 60 927
7 3 410
14 44 326
42 12 66
46 19 194
55 7 52
33 54 2236
47 42 193
26 66 463
42 25 691
24 49 888
7 33 398
4 47 125
51 2 88
32 39 393
46 41 42
29 22 326
38 38 350
16 26 91
42 4 1012
1 33 470
5 23 2404
28 5 3514
46 21 681
50 61 20
62 33 49
15 35 4
10 19 29
69 34 366
8 18 212
10 33 784
8 48 31
30 6 1208
2 52 559
35 21 24
35 40 5
59 25 24
57 1 486
50 44 31
45 43 465
55 7 144
4 37 537
46 17 50
47 65 246
59 47 1301
14 64 596
19 1 224
21 8 2
40 47 784
24 6 108
1 50 819
39 42 19
47 2 52
3 20 65
25 9 449
12 7 377
45 55 603
51 5 859
63 26 32
24 65 1105
66 70 55
44 23 238
18 5 167
25 52 507
49 39 55
43 43 45
44 34 2138
33 20 325
20 4 1921
8 19 839
63 25 168
39 14 52
31 13 1068
61 17 3
10 22 7
25 41 3086
61 1 1018
57 29 558
1 38 488
20 68 5
53 34 174
42 41 742
67 15 98
65 33 1639
24 49 196
38 32 3290
6 28 497
20 65 30
62 60 484
50 59 53
22 40 84
67 7 3260
69 70 52
59 19 86
9 46 119
66 59 70
48 58 123
40 19 19
17 49 3224
25 43 887
25 61 12
66 27 485
28 11 67
21 2 97
5 29 290
57 51 282
51 55 503
63 22 63
47 17 15
9 36 418
69 58 225
45 58 1453
42 57 127
14 30 1125
67 34 1776
23 19 1773
69 52 596
59 58 44
40 50 73
11 23 1238
65 62 813
59 56 519
13 46 470
38 26 1001
50 24 58
24 37 180
5 39 11
34 43 63
33 51 16
17 5 476
62 48 1754
48 4 2219
58 16 247
69 42 33
44 40 1431
56 18 2161
12 57 233
15 25 177
44 13 1
42 46 1996
48 4 489
66 42 272
69 40 20
27 38 974
56 67 445
70 27 1
63 7 187
9 18 42
58 51 2931
70 23 1106
31 17 603
67 52 41
46 47 28
4 23 1507
41 61 345
12 19 100
66 3 500
19 37 114
56 50 56
37 35 173
35 48 388
37 70 934
19 5 38
26 2 2407
25 20 159
62 29 739
11 11 4019
42 24 1458
44 65 1877
27 7 1841
18 43 42
50 59 246
34 50 3262
12 22 192
33 26 943
39 29 182
21 24 360
17 34 1702
26 58 395
35 52 2221
70 45 764
21 13 1798
3 61 1403
40 6 924
5 8 49
40 40 454
21 60 881
57 56 163
39 33 51
26 64 170
58 12 246
57 60 1825
60 6 1181
6 31 2825
56 35 298
9 36 46
55 2 421
28 26 100
61 69 1706
18 68 1184
65 20 840
27 34 1589
16 22 3250
38 24 5
6 13 190
16 22 468
41 8 97
43 10 66
12 15 34
33 37 407
70 14 146
32 19 101
2 64 99
50 26 76
53 20 1392
19 49 235
15 61 568
13 55 357
53 30 184
51 62 23
40 49 310
17 27 173
46 70 283
18 8 38
3 45 1870
48 66 606
28 46 197
10 52 34
35 3 1431
13 29 2507
4 23 56
18 16 528
63 33 1654
21 28 741
2 44 136
22 46 967
49 15 229
38 66 53
62 5 176
23 16 807
46 69 465
18 34 11
40 11 62
43 21 42
3 9 1188
53 12 1469
60 67 101
12 69 48
32 12 90
11 19 633
37 36 80
28 31 208
3 25 510
3 39 57
52 52 22
39 39 115
16 42 262
36 51 1708
58 44 149
45 58 946
55 26 47
67 31 1633
36 27 55
44 6 2053
12 60 1419
14 13 1251
23 4 564
19 12 1637
70 34 1648
51 29 225
55 56 1359
41 6 292
9 39 227
36 1 1282
49 53 909
25 61 231
44 55 50
64 42 775
36 9 16
45 31 415
44 70 198
36 14 1084
39 27 167
66 3 1051
21 47 121
19 62 13
52 67 5
70 16 1043
8 49 175
63 18 166
38 19 22
9 47 9
36 35 185
70 41 126
53 63 41
36 23 21
67 68 53
63 30 90
37 45 41
14 50 80
1 32 578
13 52 15
25 5 413
7 51 314
17 34 276
39 17 2166
59 56 18
7 53 2773
35 47 81
45 68 87
24 13 3608
64 21 44
1 16 31
35 62 66
68 55 2170
54 1 1994
65 23 23
23 42 2227
34 15 497
56 60 2848
32 13 84
38 11 249
41 19 118
69 20 1023
20 60 684
62 48 1692
40 48 80
12 42 2278
59 25 540
22 17 3354
8 37 98
6 2 162
11 68 62
48 65 819
11 60 647
2 28 28
16 52 53
21 34 50
24 66 404
42 7 111
37 61 700
35 9 817
12 7 28
56 44 68
7 49 34
20 22 56
29 6 22
23 7 1711
24 8 50
23 30 1110
52 37 425
44 60 23
6 8 1400
9 26 24
45 9 58
68 60 249
21 37 36
38 62 1614
25 16 33
48 27 1735
42 64 112
28 27 18
17 7 3863
43 36 46
70 36 528
36 40 608
24 8 80
15 51 58
66 52 197
23 64 562
69 9 322
26 5 235
41 48 519
21 8 211
62 30 1818
41 51 71
60 30 402
50 53 121
42 48 155
67 66 3791
12 9 41
52 31 210
67 19 21
40 53 1275
44 1 30
70 60 681
6 1 54
46 29 37
31 38 30
42 64 968
17 27 432
52 48 40
41 15 2965
5 34 483
64 23 85
54 6 393
20 24 9
4 69 617
47 46 123
70 53 361
13 51 686
53 49 595
66 20 275
3 39 249
22 10 809
42 4 411
38 47 20
58 18 10
31 56 1957
48 11 62
20 49 44
3 57 657
43 34 152
13 45 4073
9 5 53
48 18 12
64 61 9
45 11 19
11 42 390
57 43 552
67 66 1270
49 70 3383
8 26 238
42 57 458
11 57 399
31 26 55
20 40 218
53 48 51
49 31 987
67 53 44
69 20 744
56 41 12
51 19 719
37 59 65
23 1 244
7 28 161
51 31 32
18 4 734
30 18 3
13 44 895
34 18 1056
40 56 433
52 34 60
25 15 13
67 21 34
49 41 258
54 43 66
9 16 23
1 2 911
66 57 3861
5 68 988
49 19 82
4 10 160
59 25 2646
17 19 587
5 39 156
68 10 89
20 53 1075
46 47 193
64 56 1763
8 31 59
4 33 31
10 56 7
67 30 443
62 23 149
54 34 117
11 42 821
24 12 496
17 34 90
7 26 283
26 7 2863
24 15 40
32 14 144
58 20 53
29 11 535
60 52 96
19 22 385
35 34 23
60 15 1325
13 13 1221
20 61 151
34 19 598
56 46 512
15 22 93
36 40 2111
45 51 23
40 68 921
48 47 285
39 30 12
58 32 197
61 26 1023
7 25 1906
35 19 112
20 51 1202
43 22 456
66 52 1418
46 47 84
49 52 145
29 11 3376
46 37 1040
69 59 102
53 18 53
11 3 83
7 59 992
5 55 206
25 63 396
23 8 397
34 49 115
49 3 87
39 64 287
67 25 466
64 55 22
5 7 13
3 36 3
31 56 572
67 1 700
50 48 63
41 50 47
27 52 591
28 44 417
47 26 90
63 35 472
1 68 285
10 3 38
63 32 251
25 17 51
60 27 69
21 63 63
35 42 39
66 45 100
30 56 1447
16 53 322
52 47 114
25 36 49
54 65 86
4 35 2211
65 6 3628
24 5 207
31 64 1090
12 11 32
60 36 907
68 1 69
67 10 14
32 63 113
25 25 56
33 36 29
54 66 383
7 28 1673
41 64 8
54 67 17
19 47 48
9 63 3632
16 10 1322
70 31 1697
16 7 43
56 29 55
59 22 13
56 56 325
12 67 241
52 9 722
24 32 119
56 39 223
30 23 34
65 67 546
10 7 926
2 55 52
65 67 1540
20 66 927
18 29 1759
48 14 734
44 6 223
1 50 458
56 39 220
11 59 22
66 15 127
4 28 87
4 13 38
9 29 44
18 62 3887
9 35 175
60 26 4047
27 17 0
22 7 244
36 56 692
54 34 49
23 7 56
70 4 2079
36 33 204
59 7 0
18 63 53
49 68 462
59 9 155
31 41 838
58 14 968
11 31 83
24 3 673
64 37 434
44 12 704
57 47 56
44 38 157
44 10 41
27 5 4015
64 27 3871
48 65 1212
50 15 1075
38 17 74
24 1 83
66 14 924
1 21 111
1 54 29
14 58 59
53 21 81
47 21 547
68 43 2963
47 19 39
28 47 391
13 45 11
51 50 435
15 38 337
4 37 208
8 45 219
30 27 7
40 48 142
18 50 16
24 17 433
40 61 36
39 25 1913
22 7 306
3 21 172
10 41 3415
41 47 73
28 7 167
48 57 342
39 48 2311
24 6 79
11 26 97
18 29 113
21 44 127
68 52 423
49 56 262
35 2 95
20 46 231
62 28 372
2 63 177
11 34 6
6 53 781
66 39 49
43 6 53
9 53 394
29 22 301
42 53 355
51 51 331
50 16 116
67 52 14
4 33 244
33 7 12
56 56 133
8 13 101
24 38 95
43 40 62
69 16 27
15 9 33
12 68 13
63 16 113
55 39 248
15 37 2460
46 38 92
68 50 60
29 33 69
23 33 893
59 55 341
17 45 35
42 6 4
63 30 30
6 53 645
29 11 113
20 43 196
23 11 2494
5 15 350
1 35 489
18 43 23
38 12 147
34 53 1417
45 13 223
17 45 33
62 47 126
33 13 102
18 49 181
3 44 719
41 26 38
57 34 524
4 10 1631
19 30 824
40 34 813
26 68 234
31 24 2900
70 4 236
55 5 61
28 6 91
2 50 96
36 65 1842
11 27 130
41 49 510
3 49 34
4 3 37
39 12 251
25 30 1704
35 3 50
9 64 1453
48 70 1
64 57 480
14 62 271
65 65 275
6 30 40
62 38 113
34 61 940
60 3 22
49 18 585
22 16 268
11 44 972
43 47 113
7 40 32
64 45 224
43 47 944
11 6 1344
34 28 222
26 5 49
16 25 53
49 9 1292
53 37 251
65 1 249
63 52 103
67 32 373
19 3 133
64 49 3662
70 43 186
35 60 887
52 20 254
57 52 357
16 6 10
52 31 15
3 43 63
52 14 1538
12 59 120
54 27 22
50 38 1129
10 2 244
62 62 37
27 66 75
21 66 1469
55 31 34
4 54 32
8 60 146
1 34 10
42 32 84
52 5 3865
52 55 43
67 11 5
70 9 3330
44 48 63
61 30 129
35 68 162
50 52 452
70 12 302
30 27 786
53 12 140
43 6 75
13 32 207
16 53 67
31 50 296
40 47 2538
60 2 705
34 41 91
61 23 312
65 34 130
51 22 93
3 8 581
20 42 78
2 17 176
28 62 812
22 44 630
9 25 525
36 39 1209
4 43 1475
41 41 1
25 33 237
20 62 46
16 26 62
36 1 550
12 39 59
25 44 85
42 44 172
23 14 1871
30 49 161
5 67 1444
7 41 250
39 45 515
49 68 50
31 63 370
30 15 283
29 51 15
62 51 29
21 45 1502
70 70 254
30 14 36
4 27 44
5 18 187
18 18 6
29 31 1928
5 37 2395
28 60 148
65 10 29
46 21 133
52 19 61
49 33 3354
52 30 74
6 38 21
54 23 459
11 18 1912
14 7 26
63 38 71
55 44 388
22 64 987
23 65 3461
31 11 1339
57 33 1352
70 66 57
21 44 96
50 7 1276
8 39 2539
49 53 27
2 70 223
27 47 261
42 44 1502
36 28 62
29 40 64
47 46 101
26 9 974
42 55 3619
51 53 1283
11 1 27
39 43 47
27 61 2906
62 6 221
64 4 51
38 32 757
50 24 36
3 7 31
27 4 147
34 51 88
10 35 37
70 31 20
59 68 621
29 66 142
66 61 10
32 57 419
49 43 469
5 37 855
20 15 354
41 17 123
51 18 59
38 3 141
5 20 222
70 58 6
13 69 19
61 48 3688
60 46 2700
18 34 905
44 8 590
68 17 106
12 15 2663
14 55 10
30 23 1209
32 48 184
54 4 59
2 19 265
32 58 334
32 49 1391
45 47 19
1 27 420
49 28 1473
29 69 1111
38 31 30
59 14 352
2 8 78
53 12 433
23 21 830
38 11 2272
7 21 4034
41 60 85
47 23 692
35 27 75
30 38 2
45 48 192
51 25 291
50 59 9
21 10 97
9 40 1552
25 63 17
52 57 234
51 11 47
32 42 198
61 57 292
69 44 850
63 47 18
34 7 50
8 48 933
60 15 134
39 50 201
19 54 112
62 14 7
36 6 512
18 12 2527
35 25 13
69 44 524
6 41 381
40 60 146
10 33 48
58 35 511
10 47 1544
10 2 37
67 21 244
61 42 3628
45 52 80
59 6 238
2 46 399
48 65 468
36 67 987
22 33 2412
17 51 1670
40 31 105
26 36 68
15 47 15
62 70 466
13 22 92
59 56 41
30 44 2017
15 68 892
27 31 135
13 16 2540
53 18 32
28 40 300
18 35 85
21 55 1570
48 35 342
67 11 190
16 17 51
4 14 100
27 67 355
5 19 38
16 56 486
17 15 165
18 52 47
58 39 343
20 39 195
35 46 745
28 63 383
17 64 250
59 61 110
65 46 538
40 44 280
3 27 77
61 40 691
55 43 39
64 10 1801
50 52 106
56 69 43
60 44 251
49 55 98
70 30 12
58 44 1319
45 32 443
27 3 20
58 16 30
70 14 92
37 44 268
53 56 286
10 50 1420
50 48 1487
49 52 216
16 34 175
11 47 162
11 27 27
69 68 3001
4 57 950
54 38 194
57 22 35
66 41 286
11 23 3952
11 46 158
21 30 129
37 51 68
51 49 346
8 61 563
14 48 8
44 40 74
44 61 190
13 26 4
21 32 18
27 7 300
14 41 597
14 34 37
52 35 199
37 16 103
1 22 1003
41 11 1069
15 58 1282
1 48 74
16 52 41
55 11 987
45 16 1016
21 57 131
69 60 14
38 46 469
51 57 319
69 47 35
2 35 735
41 67 114
12 61 409
67 46 50
26 26 586
20 12 61
45 38 381
8 26 446
9 22 38
14 54 28
23 51 27
24 4 182
55 30 512
26 18 3550
9 53 1453
54 60 64
60 6 50
66 1 187
30 11 63
38 10 163
41 66 4
10 33 174
6 1 488
57 6 222
6 29 18
21 33 94
60 55 3434
30 8 248
10 42 1288
66 11 367
63 28 48
39 68 46
31 20 3454
53 41 77
68 60 321
39 42 1851
57 46 185
25 10 5
44 32 100
54 1 1599
51 15 901
51 28 208
58 45 22
69 29 12
54 56 17
14 70 351
21 10 3910
59 40 181
50 8 163
67 52 19
32 31 91
26 25 63
38 5 252
34 44 738
66 7 18
13 47 106
13 16 14
63 46 0
55 48 122
31 46 49
41 67 31
47 38 85
54 34 17
45 20 42
29 47 1270
59 9 107
55 29 995
16 58 797
13 47 59
59 24 1335
66 30 106
22 52 782
57 42 65
9 38 1232
34 26 50
58 21 326
56 39 1398
25 28 53
17 67 115
34 51 230
68 28 42
59 48 1470
11 24 39
35 59 13
16 67 4081
50 9 462
16 64 833
6 68 1753
14 28 223
36 4 144
51 64 121
12 44 1579
18 3 457
21 59 919
49 14 306
25 56 113
44 67 22
58 17 40
37 7 22
17 23 62
5 28 52
16 43 75
43 6 9
33 65 2004
38 66 896
38 33 595
12 2 1787
57 58 314
26 16 2011
51 62 250
70 23 45
55 64 1064
44 70 49
12 50 425
69 7 90
27 64 13
38 58 209
63 34 121
63 39 3649
32 60 657
45 49 110
68 41 6
64 32 32
42 24 1684
24 33 52
20 27 429
52 1 42
36 31 84
64 56 30
64 49 2448
46 52 56
8 27 707
5 30 1890
3 31 49
28 62 37
37 38 235
35 2 1201
3 32 441
14 42 27
40 19 38
27 40 39
40 49 45
16 40 324
37 52 1596
3 32 2035
30 37 2907
20 11 275
40 1 107
3 53 27
51 31 26
35 32 603
53 68 2850
62 63 4091
28 9 30
38 70 92
41 35 629
22 22 123
40 42 598
6 66 2663
33 16 482
48 21 3576
29 59 165
34 47 1975
8 7 339
4 46 2612
4 2 1752
70 54 893
24 66 473
56 23 1561
37 64 152
15 4 41
22 29 73
70 54 0
70 58 63
31 50 61
52 64 47
37 21 111
16 53 16
6 60 185
23 53 144
5 45 2327
20 53 101
68 55 2015
35 34 410
26 43 412
23 34 293
53 12 1757
49 59 3
63 7 46
49 53 221
30 64 1801
45 62 627
4 17 161
51 52 19
62 35 407
39 6 7
64 53 45
54 63 475
25 58 33
49 10 110
45 16 92
7 47 414
13 65 60
70 41 1328
68 59 2896
5 33 84
14 70 65
69 53 1156
54 4 325
56 56 76
6 2 34
60 39 1427
54 42 30
38 21 539
63 14 935
41 61 37
24 34 239
31 26 96
47 1 417
38 41 68
23 2 173
44 60 2804
3 24 10
11 27 14
48 26 518
61 64 481
69 27 1424
48 35 170
16 2 132
19 48 42
28 18 476
61 27 1415
22 34 249
61 61 383
39 45 3322
38 68 677
15 14 172
18 64 1175
30 40 45
28 51 199
68 34 34
39 53 56
19 54 681
15 19 34
30 59 468
48 62 206
32 14 18
47 38 372
32 63 124
50 31 903
26 12 71
62 22 466
12 24 251
61 17 121
63 2 2306
45 35 113
53 38 611
7 12 34
16 46 1304
43 56 11
8 57 1888
48 64 230
12 2 234
37 60 509
45 65 91
33 37 120
63 34 57
68 61 14
21 67 475
29 1 172
39 31 1002
23 69 200
22 32 60
39 10 79
12 52 422
69 36 491
9 51 63
28 10 426
55 43 47
52 66 249
57 34 45
38 33 133
13 5 41
25 51 38
43 3 239
65 50 658
24 30 741
18 11 61
30 17 459
58 32 75
53 58 81
27 9 48
53 8 48
57 29 293
1 47 920
3 1 33
59 56 3923
12 51 157
66 30 13
44 8 2604
47 37 877
21 13 1612
31 43 928
46 34 145
59 24 22
53 13 253
27 4 161
31 38 242
48 39 2
50 37 976
43 56 4
58 18 4054
33 5 981
69 15 4
41 52 0
63 27 169
48 3 615
51 20 124
68 13 76
14 7 708
61 32 103
64 37 803
35 42 1727
8 26 47
22 51 40
60 52 669
47 29 992
48 59 3368
3 26 833
24 40 38
3 42 153
11 36 4
28 11 665
23 70 24
23 56 68
1 51 14
56 61 451
29 15 78
30 17 33
62 2 764
17 5 1528
54 29 683
29 29 3
3 8 284
23 51 239
18 49 4
15 44 350
30 56 167
59 62 63
1 36 16
64 13 89
68 70 952
53 5 60
61 34 1249
14 8 154
49 6 419
10 34 5
28 34 767
46 9 206
44 23 0
68 2 3728
29 20 7
64 34 2432
62 31 9
33 44 124
7 55 125
45 60 1020
40 68 16
64 14 30
18 66 2555
60 2 2792
36 37 318
46 25 450
53 56 107
32 66 100
26 54 61
66 14 805
65 48 2568
23 21 1769
45 13 808
40 69 20
46 34 213
33 60 467
35 58 3480
39 44 1895
31 15 157
31 41 45
49 41 40
20 6 258
16 33 592
63 69 200
49 46 202
5 9 1194
12 58 975
53 3 59
41 3 465
17 14 39
14 53 10
32 63 212
8 13 1972
23 4 194
36 15 41
35 20 1117
45 50 1820
39 38 62
18 68 56
58 17 30
48 30 17
22 53 149
53 3 2
44 7 88
31 52 25
64 23 279
9 33 68
15 51 3167
3 36 249
10 55 341
67 6 615
3 55 971
15 68 168
23 25 42
31 50 93
65 7 297
2 7 312
40 64 930
4 15 23
48 18 12
42 41 1
1 57 86
38 59 53
25 59 2347
59 16 4
63 32 1335
36 43 114
12 9 720
27 28 641
34 12 1964
19 37 117
70 10 14
59 61 201
10 34 578
46 55 295
31 28 3092
37 30 294
17 6 816
13 34 584
14 20 49
18 56 241
39 65 309
19 68 288
36 70 2975
50 34 113
28 66 182
3 3 19
6 21 35
58 42 834
20 34 250
7 17 329
1 15 451
25 27 653
23 32 39
24 60 101
1 58 29
44 14 36
9 1 489
70 55 235
65 52 52
11 60 433
55 53 1143
1 67 472
30 63 276
44 64 1689
22 45 17
35 22 57
38 65 409
54 24 418
62 55 1287
21 60 10
11 15 391
51 20 0
62 53 106
53 49 24
32 56 1924
17 53 59
47 66 250
16 28 27
46 14 991
45 54 487
35 1 1095
62 36 3211
4 42 1443
27 66 1371
10 37 198
13 47 325
42 55 84
6 1 3268
21 21 89
42 10 105
41 16 1859
41 15 51
58 58 773
4 10 93
59 21 206
40 20 481
33 4 43
54 62 60
50 66 61
49 39 3088
5 10 191
5 67 93
39 26 442
19 62 3280
7 9 302
4 23 81
18 24 447
19 44 258
33 44 58
51 27 1678
41 26 2
12 12 253
34 25 10
61 41 63
27 17 291
3 25 50
41 49 54
52 20 200
16 30 66
2 62 43
10 69 4
1 45 109
52 51 1816
43 61 9
52 16 58
48 22 1422
69 69 62
29 54 51
37 63 108
2 40 177
65 22 75
35 1 443
7 65 1173
55 31 131
22 24 3452
16 59 40
36 64 100
31 51 2146
65 16 71
7 37 77
9 15 42
37 59 2694
6 49 111
19 60 8
56 11 334
65 61 845
29 7 1854
32 12 444
41 51 429
38 15 324
62 17 47
3 47 44
36 39 57
61 34 111
9 31 53
38 39 264
14 9 1155
26 10 70
70 69 106
10 25 416
15 28 117
10 10 86
68 38 536
1 7 118
47 23 94
58 33 673
9 70 33
3 70 171
66 34 3682
44 10 94
5 16 252
57 15 729
