70 5000
|&&&&&&&^||^
27 2 3619
3 18 1697
45 25 2859
64 30 3146
37 10 3409
19 21 3183
61 35 2477
57 62 2807
51 18 3143
54 6 1143
54 67 3318
41 31 3845
45 58 2720
12 17 3023
43 48 2461
66 67 1613
41 3 1283
2 23 1695
38 7 2450
33 44 966
13 64 2730
11 53 1447
58 19 3376
19 27 3559
49 46 1433
70 10 1525
65 62 1200
67 66 1599
38 68 3683
23 16 3182
67 4 3882
49 22 2056
49 69 3120
15 48 1222
40 10 2283
25 35 1444
58 50 1189
4 6 1679
40 35 4024
61 47 1438
19 14 1910
19 47 3462
36 34 3427
59 52 2190
58 31 2074
21 14 1572
48 5 1272
70 31 2227
42 50 439
47 44 2315
33 17 1576
22 27 3653
42 34 1598
29 20 2018
68 63 3696
39 55 4050
65 67 103
17 16 1187
13 35 3905
31 52 458
24 55 2891
33 64 3497
19 26 3376
2 36 2086
62 45 3912
11 20 1333
27 54 2846
61 24 290
36 63 3516
19 29 3057
65 42 3334
28 42 3537
16 39 3928
51 45 3381
43 27 2649
4 41 1685
69 50 1428
12 29 538
46 30 2529
24 66 983
26 29 2806
42 18 508
3 42 1954
36 33 513
12 37 758
42 50 566
31 31 2728
60 8 2011
41 39 4044
11 68 410
12 56 3934
16 24 1832
68 24 2104
42 2 3164
55 60 562
15 39 2938
25 26 3284
42 34 2241
32 49 1688
20 29 1539
57 21 3817
22 50 1037
8 61 510
33 21 2697
50 52 953
43 34 1462
26 19 3406
57 52 2593
59 26 3846
55 63 589
56 25 197
45 33 1024
48 59 186
24 37 921
68 7 550
45 67 3544
65 48 551
39 24 2732
55 2 3954
56 12 2072
37 7 3379
7 9 1615
36 11 1060
21 27 1545
19 62 2924
53 8 3925
16 20 1592
25 1 1500
10 48 2086
30 8 1495
41 5 3799
27 21 3849
13 63 1771
53 49 1873
9 55 1923
58 53 3607
52 9 191
60 41 3819
26 10 387
45 19 3712
55 61 3944
28 40 1834
51 18 1766
64 67 196
10 29 3875
46 32 1736
54 34 1500
56 20 2917
44 70 3209
58 68 840
8 59 1514
4 35 1181
35 6 1501
29 38 3546
61 58 2616
55 33 2084
59 10 3107
54 68 3343
24 45 1828
43 10 984
3 35 3557
4 66 397
48 44 1968
5 20 862
28 19 202
42 35 1267
11 24 1682
28 4 1390
38 56 1264
49 69 1385
48 65 2859
62 38 1512
36 61 351
32 50 3877
17 34 2523
29 36 1225
21 2 1032
48 4 451
7 6 1709
27 42 3342
32 28 3522
29 47 171
63 41 2994
13 61 2986
32 24 3421
50 39 2753
55 4 582
55 17 1366
68 48 3653
5 8 1704
52 70 3455
18 26 612
54 15 1938
10 20 1558
24 40 1198
50 24 2409
26 31 3213
28 13 528
16 9 3021
35 7 2556
1 35 1891
46 67 4061
47 21 2555
18 17 2130
50 21 1869
29 20 3736
34 59 4012
30 10 3598
56 69 247
1 43 1713
29 62 3797
62 18 999
41 62 3275
21 58 2823
33 53 2584
18 65 2677
10 48 1262
57 50 3034
62 20 277
34 33 1654
35 48 3438
46 21 3407
25 56 3358
26 58 1126
56 42 1021
33 27 2111
24 40 1973
17 25 821
20 1 780
26 33 2293
50 18 72
50 56 3091
31 66 354
36 47 4025
70 56 2072
33 51 760
47 68 131
29 27 1360
24 55 1456
27 26 3015
9 64 3094
65 66 1884
45 14 1015
36 21 207
10 16 3383
33 53 385
16 47 2022
5 54 3993
30 65 3801
31 48 3851
23 30 3995
37 52 1182
69 7 3036
21 40 2419
19 28 449
29 49 1945
5 19 3512
44 45 562
30 31 3028
46 60 979
31 32 3013
26 65 1794
55 51 1397
60 4 2459
62 48 2125
7 7 3890
63 23 2680
10 30 2033
3 55 715
62 28 3290
45 31 805
59 59 56
41 24 1249
23 66 171
55 39 2299
67 40 524
21 61 1995
29 14 2682
69 70 3960
25 2 2475
31 32 3182
45 4 3787
27 62 1352
19 7 1543
11 21 2395
2 50 2372
12 66 523
69 23 2268
13 8 3902
20 15 1265
57 67 2804
33 7 3544
57 13 712
31 70 2657
44 31 3400
11 48 984
25 15 756
43 45 2678
19 8 217
5 50 299
19 3 2165
69 21 3038
11 23 1430
65 58 413
24 59 2047
59 2 3759
14 9 2355
26 33 2209
63 35 3674
13 46 2506
60 46 2077
12 53 1691
62 69 1270
24 31 3847
15 16 3593
49 69 1674
70 23 1692
18 23 826
49 39 3402
62 30 3371
14 53 3045
68 58 3924
49 6 2846
26 25 3101
31 44 2985
1 47 1998
40 69 1728
18 38 1840
8 23 2419
44 33 2709
50 43 734
66 37 3680
34 35 2963
38 58 3079
30 34 3723
61 4 3009
18 17 2178
59 47 3133
2 60 798
3 57 2138
57 59 2973
10 62 577
46 47 3077
59 1 2587
45 57 1415
45 66 3335
16 38 1010
12 46 803
40 38 2146
3 41 2561
21 24 2042
58 33 907
57 56 743
16 64 2230
40 23 896
36 26 605
54 46 1623
13 33 1506
31 47 2096
53 54 127
14 38 3801
17 45 3386
12 66 2824
23 27 2131
47 6 2138
64 38 3080
9 52 1190
61 14 1267
43 57 321
47 42 2325
6 62 2930
63 26 3359
47 24 2958
6 38 288
56 7 1450
45 11 421
53 11 618
24 2 1802
34 60 1243
32 23 353
15 3 537
4 16 1021
43 14 588
5 53 11
18 53 3585
67 8 2459
65 26 1212
6 11 1254
55 13 2080
11 28 303
14 66 580
32 32 3281
42 13 96
23 60 1524
7 41 1397
15 64 368
59 11 1312
19 54 2925
12 34 3063
10 39 2645
61 51 1842
59 43 2336
2 6 1441
15 39 2987
66 68 1137
16 26 2100
51 32 927
30 27 3203
38 27 1250
39 9 1426
39 40 3383
45 32 314
10 67 1963
6 29 3388
34 7 584
65 70 1362
50 44 707
63 29 1555
38 34 3698
63 9 3533
34 36 2642
38 50 4026
14 32 3374
42 15 239
65 51 1878
11 15 1906
15 57 236
31 38 3349
58 65 4068
56 68 1549
10 34 2461
31 57 1214
66 49 2790
23 49 3090
42 1 1829
41 54 1596
60 16 3909
10 46 1768
59 17 1377
68 38 3544
14 62 3706
30 18 43
42 50 1916
38 17 618
63 10 1533
59 17 102
17 59 1693
39 33 2313
46 2 2123
2 41 3960
34 37 3613
58 41 3631
3 31 43
3 46 3500
52 42 1665
4 11 2939
36 12 1030
66 58 3898
23 18 139
70 9 973
70 30 2058
68 27 3934
33 34 2538
40 50 669
57 36 2917
2 19 2334
40 67 2908
30 53 2047
35 69 3103
65 65 1374
51 22 335
64 51 1954
63 43 549
20 60 568
59 20 418
44 41 2777
47 55 4047
13 30 3499
69 24 1821
34 62 1169
9 48 3534
13 67 3253
44 57 2112
9 16 2591
53 59 2869
56 46 3643
18 24 3580
3 20 1327
20 20 363
51 14 1776
22 1 3662
43 49 1007
54 41 3796
23 64 2953
2 9 2329
15 41 3872
21 9 459
67 47 437
31 23 1079
4 57 106
39 40 2190
58 60 1035
51 64 3112
30 45 804
3 52 3546
23 68 2570
26 27 498
25 10 4037
33 13 3663
39 38 3812
55 51 1923
8 61 3270
60 46 4028
58 20 3287
42 53 1919
26 44 3702
29 11 2501
3 53 171
66 57 2961
46 27 3706
3 24 2140
27 52 2229
39 26 3709
61 39 508
31 17 2342
44 53 450
52 36 2017
18 57 2240
50 49 424
65 26 753
41 16 2273
34 27 2001
48 64 2513
29 41 2918
5 52 51
29 19 2521
69 56 1875
22 35 632
30 4 3950
67 68 751
14 61 1253
47 68 2086
1 10 3789
11 21 2816
10 10 368
3 66 3624
46 23 2833
68 55 2497
54 66 3015
7 4 914
37 69 375
11 8 3164
56 40 935
52 16 2456
19 27 1
43 25 2127
13 49 131
39 13 3557
51 70 1163
42 39 125
25 35 3755
70 11 1194
38 30 1824
49 5 273
53 20 1012
44 55 994
5 33 2355
13 22 1541
21 54 1709
63 56 1997
45 68 2775
35 24 438
54 37 2499
31 58 2010
34 38 1304
60 67 1863
31 68 4021
51 29 1294
46 33 1236
36 28 2134
7 13 2501
38 63 384
17 47 3417
30 51 1707
23 29 3163
46 28 1425
22 62 1799
19 43 3485
42 20 56
8 45 139
64 53 215
6 20 3622
4 2 1934
63 33 2939
64 31 611
39 28 2374
9 35 3212
42 21 1671
30 1 2517
25 13 3492
61 15 277
69 70 2664
44 43 2658
54 19 1384
64 16 489
27 1 2709
70 28 3919
39 5 3717
4 17 2699
61 34 1439
49 43 2816
52 67 1913
34 21 933
58 64 493
43 51 1022
28 5 3218
38 38 3964
59 36 1580
4 55 2310
64 65 3169
2 30 1295
13 28 1370
69 51 3070
4 53 3093
13 5 891
33 15 4077
63 49 1403
59 38 1757
5 68 3625
11 3 884
38 52 2982
60 60 997
6 32 2778
49 59 2228
43 66 1637
30 36 3797
35 66 1917
21 20 3407
30 22 3556
20 18 2023
56 64 2926
31 53 3421
58 59 752
64 62 3114
47 25 150
7 6 2255
36 51 237
24 67 3682
1 58 147
24 68 274
8 28 1744
48 18 729
19 38 2046
2 48 1114
41 22 360
10 58 1059
68 60 1951
63 50 2837
53 33 2797
22 55 149
55 51 607
60 35 1263
60 59 675
32 12 3144
15 6 177
65 13 3928
47 19 2262
43 66 738
58 48 1336
8 44 2192
32 21 2177
48 42 956
17 59 2854
41 19 941
29 14 3170
38 59 3660
32 57 3596
7 62 3608
34 7 1797
40 62 3436
1 45 2364
45 18 1292
37 23 1530
34 70 2317
43 3 1953
15 7 953
59 12 3380
68 37 637
10 69 3779
11 29 1999
10 54 1108
43 7 3906
54 58 1098
31 47 2067
27 39 1114
54 12 3261
31 66 552
43 19 2997
61 39 2634
15 25 3224
42 48 2124
32 4 2967
6 16 302
43 57 2932
50 5 917
6 11 387
35 23 3912
39 4 243
33 52 1140
1 41 284
54 52 533
41 40 3875
3 47 465
12 52 1426
51 43 505
14 46 2733
67 64 3059
33 27 3102
47 9 1356
14 26 3909
18 13 1909
34 33 1367
6 57 2719
37 11 2133
50 47 1755
43 28 3836
54 34 917
16 27 2537
37 36 3629
34 57 837
21 66 3703
14 39 3361
8 34 1832
43 56 3890
42 49 3999
14 18 3656
25 13 1118
42 33 1427
57 26 2714
11 50 3525
56 26 2074
37 13 3337
65 53 2734
50 31 2226
64 43 3500
38 23 3057
51 1 1693
2 33 474
16 41 2474
56 26 2482
29 32 3739
41 28 1201
65 15 2060
66 54 513
42 1 3593
18 18 3357
14 19 734
6 64 3256
15 62 709
61 28 944
19 56 2455
68 57 3145
62 2 1902
58 11 605
10 61 3794
27 52 1582
46 58 3871
65 40 1150
64 51 1144
9 13 3509
27 48 3075
60 30 3280
62 51 2167
28 5 4021
49 32 1632
51 64 3244
29 52 274
24 21 2758
2 13 3318
26 61 142
38 37 1560
64 4 501
69 51 2956
24 1 1743
52 34 2183
69 10 1527
30 54 2856
12 60 685
66 15 2188
11 40 356
27 16 3197
21 70 835
62 69 1566
60 68 1055
15 29 3247
17 10 2463
11 14 174
66 42 2532
15 58 3705
52 16 1471
22 69 3880
21 59 892
19 65 2710
55 19 3059
50 19 87
42 25 571
25 32 3477
4 62 970
37 37 556
29 21 284
68 10 2228
57 21 1154
6 53 517
21 50 3924
47 64 1394
43 5 1456
44 56 43
49 8 1171
13 1 725
23 29 919
28 57 246
14 3 3921
17 19 3593
29 16 2846
31 55 2073
24 64 3954
60 3 2415
40 70 1977
51 40 683
15 18 3085
6 42 1645
63 70 672
4 10 715
13 60 460
51 24 521
23 37 3724
64 16 2596
25 10 3010
19 69 3798
58 28 303
40 18 3178
5 47 1808
39 42 305
24 58 2758
70 15 1346
22 63 2660
34 40 2391
3 15 3383
21 19 3509
25 65 1337
56 38 1825
30 58 2125
40 16 2631
29 15 1205
7 26 365
37 5 3560
49 11 552
17 2 2125
38 50 2838
38 64 2910
43 58 1973
67 45 2426
62 70 1738
32 70 3673
10 67 3888
13 63 2719
10 48 3452
56 37 2836
21 1 150
41 6 379
42 60 1782
65 40 1607
29 19 1981
59 59 379
24 42 1867
53 41 3781
48 63 1480
56 25 765
58 59 160
15 55 1418
59 56 4021
27 14 1656
46 9 2547
9 30 3513
63 10 1588
4 28 622
25 6 455
64 12 3311
8 7 213
60 36 3659
35 18 3729
51 16 2113
65 16 2123
20 20 3516
11 49 166
17 39 1453
6 1 1021
61 23 2726
31 42 2136
46 28 4071
25 32 2867
45 42 3966
35 20 2862
39 50 1072
41 19 4061
37 49 1208
4 19 1208
4 1 2748
4 46 3756
39 18 1475
22 65 4010
56 47 2960
11 24 2987
61 29 431
68 55 3302
57 11 2590
26 33 3126
53 27 1668
40 5 794
39 49 4005
43 19 1568
69 62 1265
5 23 1938
41 6 2431
34 39 3728
14 39 1700
26 48 2104
42 3 4058
29 52 880
41 2 3987
2 44 3974
2 19 879
35 51 679
51 59 2792
46 49 18
37 60 2704
10 12 971
33 6 2010
44 39 3436
40 38 1221
43 10 1834
6 6 2869
69 59 1648
31 53 2192
25 40 3282
58 49 623
23 39 2034
11 4 891
20 40 1128
25 33 3657
57 35 2535
14 40 3709
3 5 1070
3 45 796
16 19 2062
46 35 3313
34 23 3126
69 9 3314
1 10 3022
30 31 1899
17 52 2500
52 53 2329
3 6 2477
54 16 2031
13 6 507
34 49 1899
28 6 2449
62 3 418
31 10 1259
10 25 2501
58 62 2904
55 56 897
68 54 1958
18 21 2763
61 18 1604
61 13 1043
58 56 4028
44 49 549
37 67 452
53 37 338
53 45 3009
28 18 1234
4 23 1707
15 28 2809
31 15 947
60 70 3931
13 28 735
45 15 2230
22 69 2763
17 15 1665
30 36 1153
39 31 469
19 54 1831
37 20 2717
33 55 818
48 49 3077
48 45 485
65 65 621
69 53 3458
15 51 1745
45 45 2302
16 62 89
68 34 1860
65 37 197
67 21 1730
59 27 3793
29 57 2370
59 17 317
27 22 2758
22 38 565
14 39 2656
14 69 3892
37 31 2310
47 66 1055
4 29 872
38 16 2847
44 44 3279
63 26 2142
48 37 2354
6 16 4007
15 37 1279
45 9 1445
69 14 1984
27 70 713
36 13 1529
28 64 2476
41 29 3273
14 3 605
24 24 1704
19 30 4029
30 55 1123
63 59 3873
52 32 1034
21 51 611
30 5 712
30 25 3901
29 9 4055
69 24 1136
56 28 2905
48 8 3548
18 30 2761
49 53 1816
28 1 2277
6 49 2667
31 45 1607
56 69 3495
26 4 3858
22 2 2584
31 40 1934
8 27 1714
63 5 3395
37 10 1700
38 43 49
11 70 3492
3 1 2202
22 26 1991
1 39 2751
35 22 2683
58 46 3718
9 40 4038
48 1 3841
42 33 2896
26 49 1435
36 15 3475
47 65 2872
69 48 682
61 64 3589
23 51 1045
17 41 3108
43 36 1264
32 40 2397
54 51 1979
35 38 3538
7 9 2446
9 12 313
45 37 3975
23 57 3481
64 7 1743
44 48 1802
29 8 888
23 39 2297
7 65 247
19 41 1814
67 23 97
60 48 790
27 63 524
66 61 287
50 21 2387
66 11 3932
14 20 1511
64 68 1773
69 1 643
22 69 900
10 31 1239
28 31 1558
69 30 3454
4 70 1120
9 3 3775
54 57 1213
44 59 2446
60 2 3496
30 45 3456
64 45 3553
11 23 912
13 65 3625
43 24 706
60 16 666
27 26 2971
60 40 1777
22 49 768
40 66 2057
19 42 221
2 66 3306
69 32 2883
30 2 2825
54 55 556
20 26 1764
33 66 887
44 60 1475
59 6 1770
26 60 2199
13 19 3825
57 1 3450
7 53 1105
11 41 3749
10 35 1232
30 11 1352
67 15 1279
69 48 4075
45 8 360
37 4 2472
63 22 3677
3 39 64
29 49 3430
67 54 3468
2 58 1589
46 49 378
10 23 1014
20 12 2883
65 48 3343
24 9 1670
54 22 3583
48 67 1013
25 13 1045
25 43 3270
56 58 2363
65 48 3128
13 68 3048
6 70 895
53 45 847
8 65 1502
22 8 3638
13 68 3512
20 46 2062
20 2 2080
60 34 104
14 6 143
19 17 3013
2 32 3035
63 57 3481
50 23 622
40 20 3390
3 63 4092
60 29 3187
5 70 3719
20 57 3309
14 52 3369
52 59 3804
32 64 384
22 45 3565
33 65 225
67 3 3836
14 66 2532
11 29 4058
2 29 1377
66 47 624
58 60 1169
30 26 2372
44 66 2795
30 10 1746
62 38 197
38 11 1948
43 61 2380
3 40 1504
16 28 1499
20 47 764
22 26 2775
9 29 2301
25 26 527
23 14 942
13 27 3733
16 14 343
19 51 1039
66 39 3026
13 10 421
32 7 1087
8 2 2758
44 23 3086
24 20 3947
63 5 2757
19 14 3543
34 42 1661
69 22 1233
10 32 1052
51 13 1107
6 26 1735
33 57 3633
53 15 186
48 67 1564
66 53 1843
6 43 504
61 59 4058
60 18 2591
10 47 2915
42 42 1422
52 19 228
28 4 2332
32 67 3127
19 55 3618
38 50 2405
33 48 2073
28 53 1738
42 1 4007
39 68 2281
6 12 2440
70 51 2039
31 46 1468
47 63 2130
7 51 539
9 47 1104
35 37 673
8 13 372
51 35 2285
28 11 2312
69 8 531
39 69 154
24 2 3959
22 53 2288
51 18 3221
29 8 473
49 15 2269
10 42 3642
65 40 1837
61 66 99
34 26 2747
62 8 1404
68 11 3013
25 11 3669
11 60 3006
67 35 1790
27 32 2227
56 48 2630
20 26 1571
44 24 3266
56 60 1333
67 31 1391
60 64 11
57 55 3557
59 29 3970
48 56 3359
30 37 489
31 29 3298
30 34 3788
29 22 3956
18 17 2293
36 34 1426
17 29 3353
70 8 2915
25 48 2532
5 17 3154
32 50 2270
18 4 6
65 38 161
17 25 824
8 25 745
17 14 423
53 55 3839
67 11 928
26 21 1462
10 18 2777
47 10 3053
63 21 3513
31 58 1015
35 1 1334
36 39 999
22 41 1403
44 48 2712
25 69 304
28 17 340
33 64 2226
2 57 3256
62 69 1528
15 20 4028
57 26 1927
17 44 2449
22 52 279
46 58 3098
53 69 267
17 49 3868
19 18 3648
3 51 2960
3 4 2992
7 60 447
45 12 1046
32 70 352
69 26 2900
16 47 503
41 57 2508
50 64 1647
11 58 2025
33 49 1049
56 69 3593
23 34 2201
15 34 2837
9 3 739
45 10 416
2 67 3830
7 43 3310
33 15 4080
13 49 2458
30 17 851
26 28 1890
50 5 2119
25 15 3556
33 67 3046
58 64 3525
49 34 1584
17 17 1503
3 13 3341
60 65 2198
49 60 2763
56 62 1131
38 32 1542
20 15 1152
8 44 923
8 1 1157
7 16 2589
56 62 4042
54 19 2897
40 17 1620
69 58 3598
15 5 1626
52 56 3014
40 21 3333
44 25 622
40 29 4011
44 50 1661
58 28 3914
27 43 372
60 11 1376
9 45 131
9 66 2976
25 31 3969
55 67 2080
60 56 588
23 56 2989
50 36 2060
44 64 1114
66 31 943
17 8 3339
9 52 3842
60 41 3478
5 7 2393
70 68 3071
60 2 1524
37 37 3750
1 15 2646
69 36 2140
26 2 104
28 52 779
14 21 449
58 42 2453
37 57 3812
9 41 2752
49 41 180
12 54 156
61 37 1296
70 26 3040
32 22 2617
18 38 2288
40 33 839
42 52 3593
51 34 2703
22 65 3424
19 20 3007
39 34 1054
10 56 3227
56 28 2075
6 10 3202
41 63 3069
17 51 1195
46 60 2311
32 67 2856
67 38 386
22 61 3140
57 41 1549
11 11 2290
59 66 2934
55 5 2674
13 46 1233
62 11 794
41 55 2092
46 33 3743
50 2 805
43 33 421
44 40 2135
19 56 3330
45 63 3262
6 64 1929
44 21 765
44 50 2799
61 68 1628
65 44 3165
38 34 359
44 15 760
17 29 1158
23 13 3313
34 40 3415
51 65 3541
41 45 3244
5 27 3339
29 66 1246
43 27 101
40 66 2623
42 7 1261
23 23 668
55 20 2188
34 13 2431
65 19 1282
13 70 3945
4 52 876
9 64 3386
31 1 2983
28 33 1154
34 35 4026
40 16 2238
29 55 1500
25 30 1349
20 46 2109
20 25 2304
39 18 1978
21 67 3495
14 56 1412
7 8 1101
63 52 995
7 19 512
6 50 1919
45 65 3301
32 12 276
33 7 1216
28 69 3181
3 11 326
27 57 1927
48 54 3723
54 4 112
44 65 1210
51 41 57
34 8 3112
13 1 2619
58 56 989
60 53 3779
56 34 2221
58 56 616
5 45 759
22 32 2577
52 70 1942
16 25 2557
69 20 200
55 21 2300
37 60 1138
9 22 3798
22 45 2433
17 6 2759
49 52 2804
51 67 2850
11 6 825
57 56 3029
66 56 1654
8 69 3357
39 28 499
64 37 220
52 20 698
52 64 1148
41 4 1930
33 21 716
12 18 502
61 26 950
48 50 269
21 20 3301
3 6 1235
26 7 172
32 38 498
48 26 1307
48 70 3135
48 14 354
15 8 662
15 58 396
9 27 2376
42 47 1676
28 56 548
4 38 910
62 53 782
37 63 3193
21 17 1417
7 7 2772
39 5 1842
34 47 2352
4 30 2535
53 60 3749
51 46 1283
65 32 2964
42 23 2777
23 21 1539
58 66 3688
25 56 1129
19 36 1021
56 63 3116
57 42 3413
53 42 3846
11 13 1092
70 58 3592
62 62 2783
17 12 3253
19 61 812
13 11 1893
43 68 920
66 59 3234
34 55 3069
33 8 3578
17 44 3049
46 48 3710
18 38 2460
58 52 941
17 17 3543
33 48 2039
41 67 515
54 40 3330
29 56 178
19 52 1823
30 39 1643
6 49 647
22 45 3050
1 45 904
47 31 2051
31 36 2042
38 43 2611
18 37 1315
61 41 3715
62 70 990
42 49 330
54 38 3490
23 21 20
21 9 1223
41 68 631
13 65 503
15 65 2477
22 3 3151
27 50 2666
63 55 3382
29 47 3158
59 8 1367
30 56 66
40 55 3388
38 39 240
36 43 3299
10 67 1268
4 25 3121
40 51 3036
66 32 3613
7 47 667
40 15 2511
57 63 2187
25 14 3592
62 27 1786
4 46 3737
60 44 2535
38 33 2982
56 37 3818
2 55 3457
45 17 3001
61 42 711
44 54 3919
67 57 1394
32 19 1113
62 14 139
42 64 130
20 55 69
31 22 2545
26 12 1121
4 27 2146
24 35 3902
60 2 1376
61 17 4022
2 27 3522
61 29 4066
31 7 2945
64 62 2441
62 56 134
20 28 901
48 63 525
11 50 2760
70 12 2460
11 22 2737
63 37 2738
50 1 1286
5 16 1733
68 13 2219
36 33 2788
66 15 845
43 49 1626
12 11 3034
66 55 1265
42 66 1119
8 32 209
41 36 517
25 13 1320
23 50 3345
24 42 4005
61 24 2522
26 19 776
16 9 845
63 3 3217
22 38 1969
31 56 1875
13 17 1154
2 43 4022
8 53 986
52 6 3086
38 15 4029
70 6 1379
13 3 1927
68 3 2590
70 30 3673
70 43 2400
23 36 2305
5 53 1238
63 9 1006
52 67 1864
69 4 371
40 31 1524
32 24 2734
53 66 2249
47 54 3627
16 49 63
51 48 1492
30 38 1520
56 21 122
39 55 1246
68 37 1212
2 67 1547
21 53 2022
3 1 1451
12 33 1750
60 34 3121
26 1 842
32 5 2595
20 31 2940
34 25 3346
2 39 3169
6 17 3521
23 36 3859
37 46 2575
46 12 523
45 28 2726
12 49 3158
60 20 621
19 70 3627
49 63 3237
55 8 2553
41 5 1742
6 62 1083
31 4 1375
4 7 3871
14 40 2334
2 59 3012
7 39 2255
56 31 313
20 25 2900
43 40 911
37 52 3373
53 13 2188
27 13 95
32 22 355
30 5 3804
46 33 760
28 7 2806
5 15 3682
17 29 1267
70 22 779
5 22 3759
69 35 942
42 56 1761
63 38 552
3 44 3035
35 15 2159
18 21 2697
12 46 683
6 34 3115
55 37 3889
40 46 2520
26 55 3415
35 50 2232
5 22 248
46 28 3300
6 37 3547
38 18 3698
12 25 541
60 64 3298
59 63 862
45 63 4057
32 29 3730
15 19 3251
16 53 614
38 41 1425
26 30 2113
7 44 1872
52 10 1286
31 4 1165
60 23 1953
29 60 2068
12 6 810
16 34 1115
2 4 2507
43 13 239
69 64 201
1 57 841
45 20 3568
17 56 3464
9 60 4071
9 21 3351
56 3 1065
11 24 558
10 45 3605
27 22 630
13 41 846
50 33 950
39 6 3419
36 58 1893
18 15 3709
21 9 1263
40 53 3763
34 56 3103
24 7 3130
43 69 232
19 40 2591
36 46 1292
35 12 3229
26 64 1917
2 8 3243
35 24 3344
66 49 966
16 51 39
30 26 23
27 68 1267
7 16 3950
64 49 106
14 26 2882
28 70 3821
32 62 2222
32 53 3599
41 22 1618
66 45 1863
9 22 2576
48 13 957
48 30 1727
63 49 3179
5 62 3630
18 48 3324
37 57 1590
8 25 2789
24 41 3357
29 26 1248
43 51 4045
30 8 1989
17 28 3346
37 27 1789
7 39 3861
61 29 197
54 17 1338
70 25 1620
22 29 1337
65 35 2460
12 28 1980
7 22 672
4 35 1092
21 32 3091
67 28 187
22 68 1885
30 49 1400
38 5 101
45 12 2230
51 1 3402
16 60 260
49 22 537
12 42 2441
18 30 2421
70 38 3959
47 48 957
51 70 3872
48 23 334
13 43 2347
47 37 3602
54 11 409
21 47 2643
60 8 110
60 37 108
32 51 746
57 26 3305
27 12 1164
29 32 474
70 41 256
19 61 1411
34 14 2517
8 61 1305
59 43 3150
1 41 2665
49 14 3883
50 55 230
43 36 496
64 33 1269
20 19 2153
4 17 3286
60 6 3641
62 68 3221
70 11 2337
70 63 2972
9 66 503
26 38 3785
66 5 3553
12 66 1853
43 4 3801
24 66 132
31 4 32
56 24 805
27 30 1385
46 68 3786
52 67 3649
68 11 2954
38 37 667
48 51 264
49 27 390
62 8 1730
66 15 3743
49 6 1301
62 38 803
46 36 1047
47 43 663
23 62 56
18 5 2517
40 9 4032
28 52 666
49 20 2722
61 22 3552
12 39 2977
21 30 3138
61 55 3975
48 39 2652
27 39 1477
57 38 3714
11 17 1497
63 59 115
7 8 2534
2 41 3004
12 47 1981
48 7 2983
4 34 15
51 51 140
21 61 1454
49 29 379
4 58 3834
3 65 3244
61 18 890
46 8 646
44 42 545
12 62 3
44 69 2920
27 69 3373
6 55 2337
4 11 2419
26 49 2645
32 5 2230
53 58 2925
20 56 1934
47 50 3098
40 58 2846
33 6 1482
25 44 1972
5 50 3498
44 52 195
13 52 3055
47 39 3587
60 14 3522
32 49 2591
9 58 3008
9 40 1622
23 26 2
52 68 3769
19 9 3234
26 13 2387
15 52 3263
63 29 2873
56 23 2901
52 9 2898
34 55 2544
54 6 2071
54 39 1286
5 23 1616
69 57 4000
55 2 2384
66 28 3238
27 15 570
43 14 3944
33 16 701
14 55 1210
33 56 3727
25 48 2586
58 29 1733
17 33 697
38 58 2941
28 55 555
41 35 688
51 47 3308
2 31 3697
44 2 1087
42 42 4006
62 68 2677
70 21 2848
58 65 2521
52 66 2679
48 18 3202
8 10 1210
45 58 892
20 58 2535
27 14 1295
2 12 2400
21 16 2906
37 37 173
68 22 1067
32 12 3573
6 39 2776
42 20 409
36 17 2430
25 4 753
36 25 2541
41 61 3750
28 12 3260
62 43 1766
48 24 996
64 2 693
16 47 2360
59 55 734
58 16 2397
3 11 2839
19 41 3394
47 26 1191
57 47 2304
62 2 2251
21 3 1897
21 55 3003
53 60 3007
53 33 1127
11 54 1571
22 2 3513
27 38 2196
24 42 328
53 33 2485
20 26 2136
11 26 2511
53 25 748
2 15 90
29 43 3250
63 55 2797
25 46 3476
58 37 2799
9 50 3183
6 11 1866
24 27 2969
66 11 489
66 23 567
26 29 1547
39 27 3196
68 26 300
57 25 2507
48 63 3076
44 30 1138
3 36 2287
63 57 470
22 59 2647
18 35 3637
42 53 1521
12 38 997
21 60 1538
69 13 2727
33 15 3525
55 48 696
61 69 2326
63 5 309
20 59 1988
11 35 2486
46 12 549
10 50 2730
62 11 1296
33 34 957
17 58 4045
52 58 985
7 1 1966
13 42 2084
49 47 1690
62 21 1174
59 32 1737
67 58 1762
13 57 2119
44 54 1458
50 5 463
42 47 3416
61 27 3115
25 9 2918
22 60 2025
38 18 404
22 49 3950
42 3 2963
23 36 3350
29 10 2656
53 61 4052
58 16 437
31 50 3044
17 57 679
5 67 1843
51 35 3797
7 53 3697
34 24 3576
42 34 2289
43 59 1414
46 3 3736
6 4 1456
52 67 1620
37 36 1941
46 65 1382
44 20 2923
53 57 1948
50 14 818
40 12 3227
51 3 294
1 8 11
49 41 70
2 30 941
50 57 3569
33 26 2062
12 70 693
5 30 3128
35 5 2464
30 42 1893
2 17 2488
48 27 1841
66 36 2337
70 22 3162
14 64 396
59 18 3564
20 9 115
7 26 550
10 6 381
42 43 1860
19 25 1281
65 23 1841
42 8 1253
24 63 2658
36 67 1728
23 16 822
2 8 2679
35 68 3622
8 7 1252
69 15 3648
23 25 2935
22 5 2995
9 12 3453
10 69 2452
15 69 791
18 11 3513
43 14 2656
36 15 3889
1 30 2071
28 70 3350
20 6 297
32 21 452
44 41 3744
60 47 334
44 6 1242
7 27 1063
14 3 2550
64 49 3813
41 63 2562
25 56 1987
70 46 2181
30 35 415
61 53 3569
46 25 3217
60 21 51
48 61 4016
36 52 3120
4 30 1150
46 37 817
58 29 779
69 66 2784
36 5 3711
7 21 2854
52 67 845
15 59 3588
27 56 1508
8 45 913
48 55 2029
51 2 2425
42 44 2791
69 57 937
50 52 1610
13 24 57
7 26 1258
38 53 860
10 8 2635
52 27 4022
6 36 743
34 65 1396
58 58 2745
35 1 1753
55 33 2971
18 51 3777
64 1 2256
21 8 3435
69 46 3706
29 38 3494
65 5 3962
23 59 1211
16 42 919
64 6 490
4 54 3428
69 6 927
15 4 3646
44 63 2860
3 9 1946
57 47 22
8 27 2332
57 61 1631
19 56 1718
1 40 2596
17 23 2703
21 37 2823
57 39 1140
52 4 3635
41 45 887
11 49 1787
69 35 2283
40 9 4064
41 28 2162
20 47 2649
3 4 3684
2 36 884
33 66 2948
26 21 2603
22 29 3704
44 59 2948
57 5 240
31 13 1550
36 26 3182
2 31 1237
57 19 3912
64 58 2000
33 64 527
6 70 2086
42 14 1746
25 8 1071
58 26 3884
61 27 1319
37 5 3590
18 67 2081
10 48 2407
17 22 3205
55 62 2303
2 48 2412
55 61 3055
25 33 2705
33 6 1007
7 10 1870
36 15 1372
42 61 2399
61 42 1732
8 7 2550
63 49 3234
50 46 103
57 26 1563
39 45 1782
32 7 1164
19 49 2297
63 28 1020
33 5 88
35 54 3575
57 26 2985
47 18 2602
33 27 103
53 22 585
7 66 992
32 14 1192
16 34 2849
59 21 2108
3 5 3027
67 60 2409
13 2 1724
44 37 1997
59 39 1949
18 69 3050
41 34 3539
58 3 1646
49 24 2740
41 28 3648
33 32 1838
56 31 2351
56 44 2939
42 51 3006
3 27 2617
17 43 2169
8 57 3698
19 48 33
15 59 1867
70 69 3486
59 39 1994
8 44 2636
1 15 568
27 38 1635
37 67 365
13 43 1190
27 12 2999
34 51 3498
26 5 252
2 56 1168
10 61 475
54 27 694
23 26 3468
57 56 1232
64 4 1211
67 15 1215
13 53 3865
33 66 3701
40 44 1711
43 54 3070
48 41 3398
64 47 1108
34 32 1619
44 47 3015
40 16 3625
3 35 466
67 19 915
46 46 3461
21 24 4026
39 25 1203
22 68 1994
49 15 987
8 63 1767
56 25 250
58 22 2974
30 15 1220
21 60 1026
11 67 1270
63 7 1346
61 65 2726
38 20 3692
37 24 2892
2 67 1124
23 42 4079
41 17 3893
49 23 3914
32 11 3247
26 2 396
29 17 2911
30 24 2150
22 38 2786
17 14 2915
16 45 2814
4 70 334
59 8 779
70 3 2365
22 32 558
27 2 945
23 14 563
21 29 1798
21 50 3723
33 8 3837
29 63 1150
48 68 3268
34 47 1227
24 69 20
15 63 2526
29 19 3552
55 2 2711
1 35 4043
22 42 609
32 53 861
11 62 1734
67 13 3009
9 3 216
45 41 3132
66 41 2150
35 21 1742
47 38 2127
54 19 686
60 14 1160
17 61 1517
54 69 2325
19 35 1610
19 3 3908
60 42 1249
36 17 3137
36 25 2377
23 67 2068
65 33 2182
4 22 3986
27 25 731
23 26 2858
53 21 2357
5 55 1241
37 23 1914
41 61 3207
27 11 1790
4 54 1547
64 2 1002
27 5 2134
2 48 2263
57 48 855
33 22 3786
54 12 2372
26 57 2121
12 11 3912
62 55 1310
22 68 3531
42 42 1825
58 54 1487
14 55 981
30 28 3216
12 32 3292
32 22 471
47 24 1485
68 24 3313
69 49 2666
21 30 2339
25 35 971
7 51 2596
6 14 1808
19 38 3316
2 27 136
34 11 3994
68 34 1363
27 14 1
31 62 2174
49 50 571
9 69 3068
50 3 2574
20 16 3395
69 66 1845
42 22 546
30 16 3719
69 32 450
49 8 3553
46 52 3048
24 1 2768
26 22 1370
63 44 2190
56 61 741
13 40 4052
70 32 3164
39 16 2571
53 3 2596
62 40 1097
22 14 2863
28 36 3822
4 61 2251
43 4 1024
43 14 3360
59 52 2113
45 15 3293
52 1 86
1 2 838
38 61 1849
10 40 3938
18 53 3075
4 35 2423
53 33 396
61 1 2738
55 40 2187
33 23 267
24 42 138
32 32 2923
62 8 3271
1 18 1219
54 43 4
49 7 1300
45 63 1083
35 33 53
67 29 615
16 17 3656
64 4 1183
68 10 1425
39 70 3835
9 7 959
68 53 689
5 25 2073
21 11 353
41 14 3194
59 28 1906
34 8 2179
41 1 1800
24 37 4014
21 1 1019
14 3 2556
46 13 636
19 40 1592
59 32 3559
1 51 1845
23 20 3770
37 27 839
14 54 3841
8 30 281
16 44 1554
22 5 429
46 66 1579
41 32 1609
16 11 2812
43 47 3466
63 64 1589
1 51 1963
38 50 2318
37 19 3119
60 6 691
40 28 671
33 1 2012
6 23 3155
8 10 3301
63 3 1765
68 69 984
11 5 3009
53 29 97
27 34 649
11 34 2430
6 59 3403
51 27 574
70 41 877
23 40 3460
24 7 4095
29 25 3717
43 10 3715
65 16 727
7 47 970
6 48 2085
61 36 3053
62 46 2200
51 5 2786
51 69 876
53 38 2942
7 17 730
40 64 181
31 23 3908
19 34 3411
15 56 1239
16 63 2181
17 22 113
62 43 3008
27 4 856
55 41 1910
10 58 1194
5 54 3031
24 59 2422
7 62 1791
35 3 2512
51 9 3385
40 60 2176
57 51 722
34 52 2194
41 68 3839
66 42 724
54 53 937
44 54 734
56 7 3788
21 12 2231
35 58 3799
14 56 3557
50 43 2500
56 21 3849
33 51 1450
29 30 2588
61 17 3533
36 51 3175
34 66 2636
47 18 685
39 38 3176
22 41 712
65 18 1126
43 54 2305
43 21 472
28 40 1346
35 61 3449
18 3 272
19 46 1887
2 70 579
41 66 978
35 29 3197
2 67 281
68 38 2446
6 53 1263
19 28 1216
30 60 1979
8 39 720
65 60 1743
10 28 2892
67 26 1435
7 2 2032
34 39 784
38 58 3859
53 32 2155
30 38 3389
51 21 1856
47 12 3695
34 59 2147
41 25 841
1 4 401
69 66 3411
61 62 2256
22 19 66
44 67 1622
8 23 2752
24 36 1187
4 42 4018
2 3 1717
66 2 1245
47 33 3712
2 11 3908
68 23 2107
20 52 2519
59 19 2557
4 12 2283
67 52 944
56 60 1781
61 23 2314
21 69 3747
63 40 1687
36 54 1898
41 2 3776
35 39 683
8 69 3667
51 42 3715
50 35 3091
69 17 2339
46 69 2716
44 34 107
30 10 2216
3 62 224
6 20 1727
58 47 2589
30 43 335
22 55 41
6 20 4053
63 36 1170
24 26 2155
70 54 2703
25 61 1713
63 61 3757
66 29 868
30 64 2387
8 41 1663
4 12 1579
58 16 3117
30 66 3311
8 58 3225
11 27 1566
23 31 984
60 11 3882
70 61 1187
27 39 3301
49 41 2830
9 49 2657
54 69 1009
24 33 2396
67 33 34
1 46 3704
18 62 1276
29 55 1010
67 18 3769
39 47 1610
16 23 1987
64 21 2533
26 31 1611
7 46 2070
43 24 2550
64 68 3917
62 53 1700
61 51 3400
7 58 695
42 52 3041
66 9 1362
20 24 2293
33 10 2572
52 29 2067
54 60 2511
22 70 2239
61 7 3172
17 58 820
52 36 2114
6 27 1144
51 45 2832
5 67 2717
68 61 352
20 23 178
16 24 3174
25 9 2927
36 5 3177
69 38 3587
37 67 3074
27 64 1746
22 1 883
49 32 3220
40 52 2772
31 23 986
57 3 2886
40 26 1726
36 22 1053
33 44 806
35 53 1082
12 32 594
28 49 3148
9 34 2961
64 49 2190
51 37 2622
14 18 2992
41 7 2200
14 49 372
66 24 1464
65 43 1012
57 23 3963
12 22 1072
66 7 98
40 15 1097
1 30 2060
20 59 4092
24 57 904
56 37 1467
66 40 3035
11 57 2885
7 3 3868
3 48 375
26 38 3764
35 66 3232
63 38 40
9 16 1918
34 52 547
42 51 1210
18 10 1070
28 62 654
47 21 991
11 45 1848
54 3 2874
27 61 1241
24 7 577
54 30 126
8 28 3584
70 2 1119
40 63 3066
52 13 1530
51 50 1054
58 5 1749
22 2 175
38 4 23
43 64 2314
38 10 2347
29 48 584
26 33 440
64 56 906
35 38 2410
9 29 325
23 57 3736
28 64 4054
69 16 3250
45 45 2486
59 69 985
42 14 545
44 42 2177
36 63 2199
70 9 1097
46 65 2404
45 21 1737
58 19 2179
51 11 1323
42 40 1163
15 62 1302
33 4 1523
8 45 2533
20 18 3910
10 59 2021
12 54 1551
44 50 3157
51 33 2292
63 25 583
23 47 1372
17 70 2133
14 69 2118
9 20 793
69 53 4029
17 49 529
3 41 1773
45 1 2012
26 67 3940
48 9 2622
64 52 1303
4 35 3801
56 39 3285
51 62 3761
8 17 665
9 31 252
61 65 4007
27 68 135
67 8 183
62 30 2956
66 16 349
32 57 3781
70 49 3140
32 54 3889
29 55 241
60 11 405
38 30 2903
3 14 583
44 51 2646
16 34 3876
24 13 3779
14 42 479
22 26 51
26 24 2321
53 65 1231
16 66 1923
16 45 1608
37 9 2618
36 20 3319
53 19 3057
13 19 2527
22 7 1373
21 43 3091
18 54 1657
53 31 1400
21 38 1514
46 37 2998
58 38 4048
41 29 2305
26 30 621
65 47 169
47 48 3456
49 52 3179
17 40 4002
24 47 169
42 12 376
59 51 2038
16 36 1343
60 46 1913
45 67 1680
14 38 549
30 14 2665
53 14 3683
51 34 2006
37 35 1176
37 10 605
43 55 2488
19 30 3664
44 19 3475
9 18 3491
67 14 1900
19 48 2456
31 54 3994
65 30 2498
14 21 603
62 11 941
1 69 3211
6 34 2153
45 49 551
59 45 4010
56 62 3008
39 40 179
66 43 1938
19 13 3524
66 55 616
62 8 3441
48 38 3524
42 42 2899
30 66 1501
1 13 3958
22 49 3212
7 59 3379
7 62 3610
45 10 4085
7 1 310
63 48 1395
63 62 2023
11 9 3480
44 37 3052
28 55 3863
1 11 1641
46 69 2162
11 8 772
1 33 2479
9 68 814
4 50 271
20 54 2392
70 64 1395
57 14 752
69 54 1397
52 49 1694
11 59 832
46 26 1094
69 13 1421
52 45 1453
31 63 1627
13 68 511
42 2 1983
60 35 3989
40 60 1623
47 38 3462
36 53 3743
63 66 908
16 61 3475
33 48 3845
44 26 1754
34 4 2087
17 12 584
44 21 1063
39 15 0
23 15 3704
26 67 1680
12 9 3144
64 47 20
66 62 1946
5 33 3833
59 24 3959
60 9 200
33 20 834
12 45 3615
34 48 2986
52 23 3065
26 68 1372
5 3 3000
23 53 481
3 54 3778
54 28 2780
29 47 3713
42 11 1706
29 14 846
29 16 1999
4 28 625
46 34 2354
58 64 3313
28 53 1886
43 45 134
25 54 1917
48 68 1189
60 10 3853
65 25 8
51 31 242
6 55 3930
5 33 828
63 69 2460
14 2 2217
60 19 3915
10 57 1118
15 51 3791
25 46 1307
51 34 1081
55 53 665
55 32 889
3 9 3202
66 45 2413
39 14 2519
69 53 710
70 39 2740
66 18 281
51 18 2720
52 38 3291
18 1 3972
16 40 2574
40 62 2706
47 15 1294
54 10 3616
27 35 3517
48 31 2701
45 34 3149
70 6 1989
65 67 1177
28 59 629
58 28 312
23 20 2929
30 22 2253
10 65 2762
35 44 1495
10 40 580
55 68 2340
6 9 3846
6 13 2186
58 62 2575
44 50 2788
21 13 1841
13 55 889
28 3 238
69 60 1222
11 19 3804
15 58 3717
15 33 868
38 67 1516
25 9 2187
70 8 3928
9 37 2399
22 52 1048
27 31 3174
12 36 1958
54 9 3169
67 46 3899
53 68 2923
40 67 2983
69 67 1216
45 45 2954
50 18 3922
35 5 3268
12 24 3391
58 38 1908
58 25 1119
40 68 3598
5 52 1167
18 52 3312
59 56 33
51 24 530
12 23 1331
62 24 3331
61 38 868
37 40 242
66 65 2309
48 15 1160
57 24 1714
17 12 3664
45 59 1825
54 30 1664
65 34 2834
13 57 3596
45 27 2888
64 48 308
30 68 463
26 57 3486
67 4 1816
43 49 460
67 1 3682
39 33 2600
43 10 1297
49 32 1583
34 46 111
56 21 3340
39 28 2732
61 24 2871
27 22 1759
28 61 742
18 55 1155
65 21 226
56 18 1099
8 49 1987
24 1 1735
59 48 2903
21 12 245
17 40 3927
66 20 3832
62 45 14
50 57 4033
60 66 1563
24 46 2424
18 3 2465
60 24 1048
11 10 3118
42 18 2972
46 56 3982
14 41 2884
43 22 1105
64 53 3753
32 53 478
43 39 3952
42 67 347
39 2 3348
67 59 2549
31 59 2095
65 34 1980
39 4 2158
45 43 504
8 7 2195
22 24 3895
57 21 3842
47 24 2061
69 46 1342
61 31 3434
40 63 1420
13 1 3048
30 66 1429
19 37 598
55 25 2515
11 46 3297
60 45 2507
32 63 2595
43 32 3699
66 38 3772
3 15 1146
30 1 2281
6 69 1642
18 27 2710
37 55 1137
11 15 3396
64 27 1155
38 30 2326
6 27 2623
47 59 1418
67 17 2021
7 63 755
29 39 3534
2 4 1071
18 16 555
61 62 54
10 11 4015
34 14 2884
14 66 422
3 67 2302
8 69 2678
6 56 3097
29 16 2870
26 54 3593
58 23 3506
56 60 2639
51 51 961
23 11 3304
51 60 3629
22 8 2470
9 31 1181
55 43 1387
33 53 3353
27 61 3995
24 57 901
51 67 1033
37 70 3019
14 35 2257
47 35 2732
33 37 1604
3 14 822
32 41 1780
15 1 2934
31 21 2065
25 5 3675
33 66 1905
13 8 3278
25 9 982
3 51 2436
8 53 3390
37 69 1489
54 43 142
59 63 857
46 52 2747
41 49 1444
50 23 1575
16 51 1185
64 50 3228
37 30 3373
35 34 4076
21 6 1316
3 57 579
32 50 1664
15 14 3876
8 49 1180
36 37 3082
62 68 375
25 67 229
56 35 1911
50 51 1794
29 68 82
20 51 3295
30 63 867
17 64 2758
5 32 3677
63 6 213
56 15 555
47 8 2573
61 34 1505
27 41 3070
53 16 3818
26 24 154
59 68 3163
2 62 91
55 23 1476
62 11 1728
66 49 273
37 3 4045
10 66 947
10 43 2018
4 24 98
58 43 1090
34 55 2800
33 17 3440
21 38 834
21 14 4069
33 30 1133
25 10 3777
58 17 3841
32 7 3300
4 17 3137
60 51 1763
60 31 1078
26 65 2563
5 44 3952
21 17 1799
64 24 2706
47 16 80
30 34 896
40 14 2412
17 66 2476
50 63 1365
24 44 1609
6 55 1101
40 57 1946
53 10 1420
68 42 3484
55 56 1266
41 20 2430
34 25 2875
67 38 1717
3 4 321
46 15 1600
1 13 3017
22 48 3236
11 18 3658
22 50 772
1 41 3883
13 70 2414
46 7 2609
15 51 3480
38 1 16
22 3 158
42 69 1224
32 57 148
9 28 3390
5 52 4054
40 14 1251
59 52 3894
44 57 2130
62 14 2829
50 5 3404
20 52 2304
59 37 984
22 21 2254
64 15 1590
11 2 533
24 22 2569
43 38 1385
56 52 839
28 22 350
44 50 2711
4 42 2005
8 9 2372
3 9 102
27 27 1379
63 22 2173
42 15 2263
4 20 61
64 23 3416
44 10 243
58 50 47
51 52 2837
40 35 977
42 61 1362
49 57 1110
34 51 1160
55 38 975
46 36 2989
6 2 2764
61 57 895
58 23 170
16 34 2566
22 34 3580
42 15 379
37 15 1166
8 33 3956
26 18 837
29 44 1038
39 53 46
37 7 3392
54 5 3967
44 44 4027
5 50 606
42 30 837
58 24 3508
24 17 3963
38 68 2017
46 30 823
10 55 661
10 32 393
56 42 707
52 54 2989
11 7 818
63 7 3591
21 33 3098
41 6 2543
11 42 1467
30 50 3072
9 22 1320
37 6 1098
38 44 1325
51 41 1583
54 51 2266
6 14 1967
67 32 3395
24 41 2263
15 60 796
64 46 411
18 46 4028
56 52 1736
41 28 1877
9 38 2882
52 22 1662
46 15 1484
11 28 2946
65 11 3882
66 52 449
18 41 1041
4 38 725
28 31 1460
65 14 2376
32 21 3984
67 16 3623
47 56 333
65 26 82
8 58 2725
68 31 2422
26 25 830
24 69 3016
42 53 608
21 17 2149
44 18 3973
38 54 1637
65 18 992
55 68 3260
18 63 3226
7 44 2862
60 37 1973
17 39 124
39 38 2637
42 42 1683
4 9 854
24 6 3313
6 29 1319
8 3 1532
70 11 2742
47 40 301
24 45 3758
67 57 3121
7 59 1975
55 63 630
45 58 3617
42 40 602
24 62 2997
21 12 1378
29 18 2156
56 59 2189
25 44 1157
33 20 1719
54 17 3208
7 47 492
27 66 812
33 40 1200
12 8 2313
39 16 2583
19 44 3843
52 49 3924
21 3 280
52 6 3957
5 38 2300
39 63 1595
56 47 1055
30 64 2964
22 62 314
37 57 1014
3 67 1537
66 33 3401
5 14 1002
4 49 3103
64 50 486
65 35 3531
60 55 3680
57 4 3716
19 50 3153
31 22 1697
18 29 1122
59 33 2647
12 48 3791
50 69 1443
55 2 4082
68 8 2320
30 25 1509
50 1 1110
50 16 1896
35 33 3974
28 16 3686
32 28 3505
6 28 3145
34 40 3050
4 24 2405
2 9 3951
35 13 309
69 27 3096
43 53 3930
34 30 2540
31 2 2968
67 51 2325
13 54 1553
12 17 1875
48 35 970
66 48 2027
36 45 495
68 7 2780
8 65 418
57 41 354
46 15 544
60 34 1493
12 63 2593
50 63 2128
3 44 1872
48 36 318
37 52 707
19 18 3581
45 30 3363
64 58 442
44 6 1997
48 7 3142
2 61 2647
51 46 312
69 46 70
50 34 2172
59 63 1499
39 27 3530
14 16 1253
15 25 431
53 20 919
13 60 3772
66 60 472
17 6 3263
48 9 2885
25 22 3242
44 53 4094
59 55 2494
13 23 1417
54 51 1185
3 25 3072
17 64 3065
20 62 3249
16 33 1069
35 36 2570
36 58 3878
4 19 704
47 26 2912
11 52 3444
23 35 263
58 21 345
5 28 2850
12 54 909
68 2 1126
2 35 946
22 51 392
44 56 985
59 11 2875
50 18 1989
42 61 3111
19 69 2287
43 40 2554
39 46 3623
64 69 3105
19 23 286
39 30 366
16 28 3816
29 45 926
10 3 3419
59 64 3443
39 25 1307
51 48 179
54 13 263
6 67 2216
48 51 1877
38 27 1467
40 18 1733
34 36 1352
18 68 1925
59 49 272
66 28 762
1 47 2507
2 66 3835
16 62 513
7 41 3437
58 27 904
70 69 126
43 59 2970
36 53 3814
36 7 3511
15 31 3989
51 4 454
28 31 3062
31 67 2267
55 67 2373
12 22 2696
19 67 2383
64 8 2833
4 16 1555
12 8 2509
19 21 250
26 29 2113
42 38 3670
51 64 2924
54 40 364
30 19 277
45 53 3808
34 39 1413
32 29 3215
42 13 3588
15 14 590
41 51 2146
33 41 2824
36 57 1181
33 11 3752
3 7 509
24 49 3529
38 28 2414
61 53 3429
57 16 2472
45 13 2241
61 29 828
66 66 2259
55 24 3273
52 49 2896
57 46 1608
52 57 3418
46 14 95
7 8 1785
60 59 1563
16 46 2879
69 33 3024
9 63 313
5 23 2254
19 48 504
3 43 691
21 53 1716
50 26 2765
30 55 818
64 23 2279
26 47 930
32 69 755
37 43 2694
26 19 3265
68 37 1500
61 31 1533
47 58 2596
70 68 1233
22 47 2874
45 9 2331
16 25 1191
62 36 570
10 60 2602
53 50 1038
53 48 894
58 14 3121
13 7 3303
48 24 325
24 30 1867
33 44 148
66 49 2308
65 16 3758
69 45 1533
29 40 3146
1 3 3745
44 26 3535
28 28 3258
64 5 1266
4 58 804
50 64 3635
62 50 3438
19 44 548
41 45 124
41 57 2439
45 59 3711
14 5 272
62 57 3379
5 22 3785
5 59 2622
32 1 2034
11 9 927
10 11 2863
24 15 215
40 5 3852
62 65 488
7 10 2219
23 16 3905
66 28 1670
39 10 1920
39 46 1660
33 47 2009
29 21 3963
16 57 2063
49 6 3394
26 12 4040
3 29 119
43 62 2784
35 46 103
57 28 2592
46 22 554
55 38 1259
36 14 2821
45 24 3897
57 60 613
60 8 3900
58 60 2445
51 16 1900
22 10 3500
15 10 674
65 12 1286
7 10 398
17 10 3408
51 55 3309
17 19 3758
68 36 2170
15 10 2744
41 12 1142
7 48 3824
66 3 3487
53 58 2992
66 44 4006
37 52 3972
19 28 3679
14 70 3929
61 6 2731
27 70 3304
49 3 566
42 53 2513
47 57 1716
15 36 3182
58 4 2145
3 18 2857
36 53 3886
12 29 1599
36 49 1483
1 8 3772
70 35 3513
63 48 458
20 23 3055
37 41 2416
11 33 3174
66 68 2771
31 62 1564
9 12 1261
11 69 3958
19 30 2095
13 59 3400
6 29 1319
37 44 977
22 8 1153
56 67 4093
11 46 3948
66 19 3140
69 66 1786
70 9 3004
38 55 2589
7 50 248
64 56 3846
70 58 437
34 60 2864
13 4 2973
29 69 624
17 64 1358
62 67 1948
34 57 1083
6 64 1158
20 59 3636
17 64 2074
60 32 478
6 41 724
52 31 352
60 36 1859
31 65 2799
64 65 2732
12 60 141
55 51 3234
44 47 2108
68 54 896
62 47 1331
57 2 3354
42 53 959
6 68 2923
33 19 81
16 9 2317
27 14 87
27 10 225
69 32 3877
58 54 216
70 44 3332
30 26 423
32 29 3052
50 25 3541
20 26 3672
30 42 2541
35 51 2829
28 51 1841
14 69 1622
31 23 2576
65 4 1615
16 60 120
8 46 346
11 51 3730
15 43 164
41 21 1111
40 61 1134
54 5 3077
33 5 2311
20 9 341
62 69 732
31 27 3262
69 46 2344
55 35 2769
61 59 1909
8 57 2609
43 58 1481
10 37 1093
42 8 147
10 13 3113
67 28 594
66 27 1949
28 11 898
52 39 3533
44 45 3667
11 56 2278
48 20 2361
58 3 3138
3 26 2961
58 1 2072
9 25 2330
6 69 163
15 19 774
35 29 2323
20 48 3088
21 46 1818
62 11 3350
56 17 2434
5 57 2357
58 31 3650
29 30 1730
55 68 921
38 42 3521
59 29 1391
54 48 268
29 39 695
47 6 623
41 23 3976
19 43 3062
60 8 3711
56 40 2163
9 18 2779
11 30 37
38 4 474
29 61 52
24 46 1559
45 17 1787
15 5 1621
28 34 2492
34 25 2140
69 66 3457
47 47 2810
61 6 3941
29 51 504
63 51 2406
7 21 3588
8 25 2157
22 62 4062
8 17 3501
70 46 50
57 67 1330
35 38 2981
70 37 2075
3 49 4052
7 67 3682
35 28 4064
62 38 3316
36 54 2906
22 31 1325
40 41 824
46 31 1699
60 13 1971
60 52 1275
33 51 724
12 59 312
7 61 4086
16 29 2940
61 70 3522
50 61 1383
25 27 97
55 8 219
1 32 320
37 32 912
38 19 2113
9 11 119
34 15 3685
11 39 672
38 46 4026
20 57 1319
64 14 3535
60 38 1
69 27 2650
51 31 2655
39 3 224
63 47 2206
65 49 3905
40 43 3953
31 46 3118
3 3 1756
25 21 1010
68 34 945
63 66 414
16 4 2217
7 39 1604
49 9 3827
48 26 1604
25 20 1394
57 63 1538
47 23 153
69 10 1912
52 51 4061
22 60 434
70 39 2619
54 57 1714
46 2 2114
21 70 2531
20 12 961
61 31 2340
65 49 1492
16 8 2044
10 68 767
41 19 3020
8 68 1555
45 9 1885
20 63 2881
56 28 3309
7 25 879
44 27 1119
33 38 2590
24 10 3240
5 20 3593
14 26 1643
33 11 3977
1 33 3658
15 66 2890
11 41 1507
47 48 3991
58 59 1740
42 40 3884
29 3 2577
9 63 3019
33 55 3848
9 7 2567
40 65 3642
9 56 3156
23 45 2604
40 19 3875
33 67 3291
48 31 3562
23 62 6
2 58 278
15 30 2002
27 19 40
12 32 2745
34 48 3255
46 45 1953
70 31 2323
21 68 2012
8 3 3274
43 23 2898
26 1 1272
52 44 974
60 63 1201
66 68 1913
58 61 2293
8 16 3620
11 40 1715
30 7 4049
38 53 876
31 8 767
58 51 4040
24 37 1683
7 46 3340
5 69 1784
53 13 1678
13 25 2082
16 27 1986
51 52 2019
39 43 917
37 6 3490
16 44 3347
41 22 988
33 13 2070
2 26 3673
33 27 3798
58 44 1001
4 33 1153
60 21 3185
59 42 3002
31 8 1489
50 1 3004
27 34 1779
29 14 3571
8 6 2344
64 4 2993
70 28 1956
6 55 164
36 14 1249
37 16 2281
17 41 3314
36 55 1734
8 45 3846
30 11 1456
64 42 3386
21 31 1538
42 22 3699
29 53 341
8 62 506
66 36 4065
20 30 1249
38 11 3463
23 43 3933
41 5 935
63 65 1782
47 13 3225
46 51 1277
46 1 459
65 1 65
30 59 1396
41 43 349
32 7 78
14 27 2418
46 13 3918
48 20 3399
25 8 1649
23 12 922
61 20 169
40 21 3909
22 59 1589
49 21 901
18 48 403
67 47 1371
51 53 4069
55 29 1532
68 59 723
57 18 3892
16 26 2932
13 41 2335
69 66 3271
3 3 175
42 43 4057
17 43 3436
20 67 3434
2 62 2514
4 18 2789
58 61 3676
36 68 139
42 51 2789
7 31 2442
45 29 824
62 36 2532
57 24 2646
6 57 87
38 69 797
53 40 1067
23 48 1318
23 61 495
42 59 1766
47 25 2324
43 50 3267
21 40 2258
52 36 3791
62 41 3563
6 17 2077
24 25 1046
54 31 3575
49 47 1686
18 28 3953
17 67 308
37 2 2393
68 19 113
52 34 1392
35 34 1873
56 70 2547
50 13 2840
31 21 214
16 45 680
48 41 634
42 63 1807
43 55 380
60 2 3382
10 19 1871
60 59 3653
13 48 3878
34 19 485
14 14 2684
29 36 102
36 38 1925
33 53 382
17 43 3180
46 57 3256
28 27 183
58 16 1743
56 7 2953
1 35 2986
34 6 3070
23 66 2502
66 35 998
41 27 3250
62 36 858
9 15 1135
37 63 915
68 18 2808
66 25 852
56 29 2074
11 11 1221
55 43 3911
52 55 52
27 41 1033
34 22 3214
12 63 214
49 8 1266
39 44 1493
38 47 1169
2 60 2669
34 21 3581
12 59 1376
6 29 2557
63 23 3231
69 14 3680
13 45 3948
55 54 3098
14 48 2600
70 24 441
37 16 1358
4 46 3701
3 21 4027
64 59 160
41 18 740
30 68 3945
61 25 3760
62 10 1243
23 6 162
41 37 434
70 67 539
34 23 1355
3 48 2282
54 67 1713
70 16 3420
55 9 3017
17 54 1820
32 9 4068
64 55 977
61 26 57
63 68 520
10 64 489
4 68 3430
56 61 1590
56 25 3406
6 27 563
4 12 3054
57 60 2170
16 41 3675
58 53 3874
9 27 2994
38 45 491
7 68 834
19 52 646
40 14 247
28 47 248
27 17 3702
69 54 2466
50 45 2518
32 59 3805
21 6 21
9 14 2996
10 20 3699
65 3 3873
42 61 6
37 31 3132
53 12 117
6 48 3685
26 32 3830
2 13 1805
13 10 2566
15 61 2035
58 6 2581
47 39 711
5 24 3878
48 23 1338
66 33 1073
55 47 554
3 49 783
32 66 3968
53 54 1068
9 37 728
31 2 3340
65 2 40
62 2 2439
51 63 1923
42 63 2311
16 48 2516
57 3 1174
54 55 2286
63 70 3879
48 32 458
13 35 558
45 42 2434
27 15 3428
37 58 2443
16 31 3135
64 49 3897
1 18 2756
3 39 649
51 47 2605
6 21 3797
3 66 2534
12 12 3325
55 62 1507
67 31 821
13 45 882
14 15 3692
41 59 3062
34 46 1516
19 36 1677
58 51 587
20 1 1487
13 14 1096
65 12 2287
17 12 2609
15 45 3507
37 48 2196
46 60 2482
11 67 2271
31 40 1211
8 32 1097
50 18 31
43 5 217
32 1 877
4 42 1365
54 27 2786
30 11 3355
60 54 3555
21 23 3197
15 13 543
32 37 3772
65 34 2439
29 62 727
43 38 1454
47 17 770
53 41 2106
43 33 4005
56 49 153
23 70 75
11 69 1061
68 34 73
25 63 335
2 5 161
56 42 469
57 33 3573
48 23 3489
41 45 844
20 10 1966
48 64 1776
55 61 1735
57 35 3994
33 60 2299
46 14 275
60 40 1282
43 18 74
16 36 689
1 56 3866
39 39 2790
31 18 2893
58 58 1914
47 19 352
67 53 174
63 28 3532
64 47 3654
7 3 2842
55 40 3607
19 64 2514
41 17 1861
62 13 3133
62 29 2524
42 8 824
26 16 2215
14 54 1650
43 65 2167
28 19 4070
61 9 91
29 14 2562
36 15 600
36 64 3033
27 5 656
31 14 268
34 60 2348
16 51 1625
24 64 2738
41 49 2745
62 12 1600
1 9 1852
5 10 1575
12 33 2148
19 37 2752
32 28 3563
55 17 1658
35 61 608
33 64 1289
2 39 2507
32 55 944
51 9 1349
22 61 805
21 44 2353
25 31 418
42 57 3282
15 10 3416
52 9 1311
14 49 2945
47 9 1090
14 9 2930
6 14 3059
65 26 2096
22 56 3284
59 51 1071
14 66 1592
26 66 3337
20 40 653
64 64 3879
59 45 526
7 57 2429
4 18 3956
43 12 2081
57 43 2142
1 24 2479
1 35 96
32 10 2151
32 46 2201
68 11 19
35 54 794
37 26 1932
39 22 71
27 19 2636
16 13 1622
47 51 3181
60 12 3807
22 10 2195
27 62 3596
63 38 3786
60 14 2777
33 22 1508
12 37 2813
17 62 1746
20 54 2079
14 23 3357
14 48 597
51 18 1764
3 40 1957
69 31 139
12 44 3087
70 64 3590
25 24 3412
17 33 3666
21 59 176
33 4 2260
48 4 3071
8 31 2666
33 60 894
2 51 199
9 48 3334
66 58 566
11 7 1725
57 69 436
28 3 2114
38 43 3171
35 16 2539
14 20 3890
11 44 1955
60 23 1264
37 66 920
27 10 3907
45 33 3653
17 20 279
58 5 2788
16 27 82
20 53 29
18 16 1293
17 40 606
47 33 1900
2 2 1342
48 28 891
68 16 2877
28 5 2700
30 21 2362
66 30 1132
35 17 2860
22 19 3004
60 34 3697
35 61 3786
10 64 2905
57 47 1440
62 9 286
11 40 2522
32 56 1725
14 69 3508
63 46 441
18 47 173
22 8 3589
15 41 715
32 46 1959
62 36 1560
33 31 2490
44 31 1275
4 63 772
62 54 2428
7 61 576
52 36 2184
18 48 3254
34 45 1865
44 70 1200
39 6 2279
1 20 469
44 8 1494
14 30 1951
12 21 3198
38 23 3323
46 41 3995
65 27 3770
30 29 1866
56 61 544
6 45 2953
24 36 3205
20 12 1659
43 41 3106
31 11 829
53 36 312
28 39 2908
46 44 3391
65 20 34
26 62 3433
68 25 3883
69 46 1629
40 50 4004
64 62 1116
14 42 860
44 34 3543
55 30 2989
7 30 1269
2 34 1017
47 47 2441
40 55 639
44 31 2948
29 47 818
65 13 937
39 36 3880
47 45 2724
23 19 1323
31 62 1846
15 17 941
14 20 2992
20 25 2826
21 16 262
32 6 2076
40 24 2175
10 30 4071
33 52 4027
63 29 2397
36 40 2355
32 36 3553
33 17 2039
35 7 3671
65 14 2598
61 54 3616
63 48 3858
19 49 2517
20 19 2738
15 13 3046
37 3 1905
19 55 3384
23 62 2586
8 59 3971
63 7 3385
27 26 325
55 6 3922
40 40 274
25 47 400
50 55 223
51 58 966
35 29 102
58 57 635
7 7 749
3 17 1807
60 59 1486
53 19 898
9 58 1265
54 47 3194
12 41 4038
66 22 1171
4 2 572
41 9 410
26 37 280
28 23 709
33 27 3910
65 35 421
70 38 690
69 40 653
4 20 1324
57 37 3894
63 44 895
53 20 3358
35 47 2193
31 56 2522
29 21 1417
70 49 2513
11 8 3956
9 69 780
63 11 2766
43 62 1302
54 26 2698
34 48 3813
41 8 741
24 50 3537
50 34 553
29 19 3177
49 13 1476
2 68 1363
39 38 2084
51 7 1114
51 16 2592
12 43 3807
18 66 1996
39 22 1833
63 30 1581
39 66 1822
5 5 1330
3 61 1362
27 51 2793
16 23 3723
49 56 2932
50 5 431
53 44 2949
10 50 3446
64 54 3847
8 5 641
7 63 451
20 8 1212
60 1 3742
27 2 1119
60 5 2774
42 26 2095
67 43 36
37 58 3375
1 22 3907
62 9 3595
67 57 3374
40 41 2366
49 68 1961
54 8 2630
25 37 2949
19 41 79
33 69 883
38 52 2314
45 46 1440
40 67 841
10 59 2167
37 23 606
32 69 3995
26 42 2907
12 53 1752
63 26 2971
58 12 3568
10 31 2781
14 56 2124
47 43 2715
3 44 1932
69 12 612
57 48 896
6 15 1404
2 4 3083
54 45 4057
62 42 2612
47 2 281
40 31 1226
62 65 1215
10 13 1902
52 3 3210
19 20 3904
69 67 91
12 7 1029
69 41 1400
1 9 3967
67 43 2438
26 38 770
4 26 3249
6 65 1353
23 20 775
32 37 36
4 28 2633
65 66 1212
1 37 2515
44 40 2200
16 40 375
31 59 1462
33 13 274
56 25 3132
63 50 2358
13 23 1909
20 70 2791
28 34 3629
59 32 3649
5 40 1232
7 38 3799
7 62 2081
30 35 327
31 6 3390
37 65 2088
43 33 869
66 64 2809
33 18 1537
59 60 1961
30 63 1697
12 13 3224
30 21 2460
38 62 230
46 16 2222
42 24 1660
44 52 1123
11 47 3090
63 66 1121
14 11 598
16 23 3391
3 66 1633
40 29 1171
61 27 1370
59 9 3489
69 5 2747
47 48 1614
36 60 603
57 55 1000
22 60 3805
66 60 1628
33 16 2190
40 23 430
51 28 1393
55 5 1795
43 68 2774
57 17 3692
53 24 1008
9 60 514
47 12 102
52 18 2255
27 57 843
7 56 100
44 67 1978
3 44 1252
14 53 1228
46 67 2963
25 56 2065
69 60 2565
34 5 3232
51 45 695
3 30 2352
51 70 1223
51 34 2370
54 8 1418
57 64 1820
66 60 2490
43 64 1290
55 46 3727
35 16 407
33 67 645
42 16 1075
27 59 1490
58 17 2836
47 65 3407
41 15 3639
32 56 2383
36 24 2848
28 33 1285
39 70 521
29 69 1416
23 20 2219
47 36 193
8 27 1083
2 3 2899
3 8 2047
39 38 3652
25 4 2207
40 6 1559
11 38 792
38 28 4065
26 16 3715
44 39 3226
29 63 227
20 12 3812
59 44 2805
48 10 1151
65 38 775
67 41 1246
57 36 2288
62 2 26
48 43 3582
56 59 238
4 29 1249
25 69 3278
48 6 479
11 42 1227
2 6 2244
62 60 779
61 60 3029
48 7 2777
4 49 3589
60 29 2416
25 16 2704
46 14 433
41 35 1047
28 8 2855
35 2 495
61 24 2902
33 51 1678
3 26 2241
54 70 1979
42 61 1282
32 11 1656
23 4 171
58 5 2039
57 34 781
10 26 3583
58 41 2458
31 6 1182
35 66 2814
7 1 3762
63 41 2950
33 37 1544
43 34 1181
49 20 927
42 6 3798
28 11 2980
56 65 2337
30 61 2181
68 7 3935
19 66 1579
61 33 3974
33 42 3525
10 27 149
54 5 3741
4 19 1284
5 20 380
50 58 2824
48 10 2743
65 29 3223
31 61 2815
58 33 3188
66 62 2547
41 26 1688
4 1 2232
56 55 1521
40 69 282
46 47 2043
54 60 3110
64 44 977
38 39 11
16 62 4084
21 50 811
26 14 1884
40 45 2314
46 60 1813
27 33 3005
22 68 2922
18 66 1166
9 27 286
65 5 1404
16 60 1378
1 23 620
5 29 3433
23 14 2908
40 32 2493
4 56 2972
49 1 2286
35 65 3021
29 36 3932
8 46 120
8 46 1829
36 11 2338
39 51 1521
13 65 1773
8 21 3544
56 45 802
65 66 382
54 15 2003
26 40 3686
36 34 628
12 16 3929
47 69 1013
32 27 2626
24 30 631
65 17 3011
17 29 281
2 3 2805
40 12 927
19 54 2081
62 1 2880
12 59 1591
68 17 2272
25 36 1460
25 26 1912
23 60 2527
23 18 2041
66 24 1780
21 3 4046
62 28 1598
63 67 1804
16 1 2240
21 44 3036
48 62 284
16 25 3955
44 32 1062
9 56 1636
42 29 2189
40 23 1870
14 1 285
35 45 3713
57 45 2839
32 20 1545
20 65 1110
43 24 1326
67 6 137
17 29 3306
18 29 3518
10 54 4046
4 25 1710
21 53 215
62 48 2510
23 46 2470
60 17 1223
59 43 2317
21 41 2323
9 64 459
30 62 3776
68 7 674
69 11 128
30 62 1328
6 69 3368
56 26 174
42 56 3776
33 15 207
23 27 532
43 23 3018
53 31 2784
20 27 1103
17 11 1472
24 52 3447
14 27 3329
45 44 1816
41 70 1308
50 45 3390
1 36 1067
34 52 1621
24 53 1160
33 11 107
30 5 125
3 36 337
49 16 763
47 60 749
56 8 3295
59 68 363
40 25 1190
42 2 865
46 40 3705
19 43 2166
32 15 3468
12 45 4066
3 27 3665
44 29 3801
1 9 568
3 19 1829
67 21 2839
42 66 3580
43 17 2590
51 41 3232
63 37 401
33 37 3789
46 60 1361
34 8 2198
27 31 482
7 27 1312
59 66 243
17 63 707
62 59 3477
69 24 937
25 14 820
53 33 1478
48 63 3839
63 47 2220
14 29 1304
12 53 2889
2 32 1879
70 1 2095
60 22 2080
47 67 629
60 26 937
12 48 1263
45 23 3938
3 53 3720
69 19 2435
65 57 908
36 32 3880
54 6 308
56 57 754
27 41 2669
1 41 3251
4 58 3379
50 29 2808
15 36 2528
19 16 3189
24 45 2121
43 55 3275
57 3 966
19 27 1411
44 14 2796
20 53 284
67 12 3727
60 65 1341
2 63 1011
31 29 2114
33 58 2326
69 47 3473
19 54 3393
57 24 69
51 64 1918
69 1 915
16 16 3306
40 61 2658
54 34 2956
11 34 1839
54 8 2642
44 7 2400
8 70 183
26 35 409
21 48 2935
54 67 1717
59 12 4009
33 36 1096
61 62 1166
3 5 679
37 19 2697
70 50 83
13 14 662
29 21 613
30 18 3746
15 7 3656
37 19 107
41 33 238
56 49 3225
67 36 3297
23 69 2219
30 53 3265
7 11 2956
51 6 672
59 30 980
20 20 3210
22 1 2877
69 28 1204
43 23 2295
34 42 2331
53 7 3427
28 34 3125
63 25 3552
7 59 2797
46 2 3690
46 29 2176
18 7 1265
50 44 3654
19 2 20
47 21 2491
70 6 3230
55 70 3376
6 69 982
8 55 125
26 67 1698
35 18 973
70 16 386
39 29 950
31 62 804
31 46 3893
15 34 390
21 20 1433
51 47 1765
25 4 903
65 44 2629
13 62 32
14 8 1453
18 2 1605
66 20 2329
52 15 149
23 58 311
15 61 287
70 55 3225
36 25 207
64 34 3035
51 14 1942
53 7 3620
27 54 2556
7 15 1806
46 54 2255
48 27 1630
56 23 2279
42 34 1156
13 53 986
24 37 2182
53 39 1455
55 58 1937
16 68 2220
25 15 3120
47 56 3630
55 18 2511
12 20 3807
44 45 863
21 56 2740
70 69 3611
66 68 3788
17 38 2489
54 65 1916
65 63 1734
5 64 978
8 62 2958
49 44 243
23 55 3942
48 18 2722
31 68 3225
16 1 3584
62 35 698
54 17 306
2 18 626
7 60 3940
14 64 2299
2 58 3734
22 33 1632
4 67 549
39 36 2936
45 17 1921
4 29 2049
70 52 1663
11 53 1432
20 16 3361
32 27 1381
8 9 3848
57 30 1013
6 44 1095
61 29 2475
48 46 1188
15 47 654
65 21 260
34 13 2566
62 7 360
49 60 2174
31 13 3102
52 63 3947
49 38 2143
18 60 283
57 28 2755
37 10 2940
55 7 1077
63 63 3274
68 26 3702
35 9 2318
24 43 1008
7 69 4041
13 9 1427
70 47 677
66 32 1963
4 20 3438
52 20 901
52 60 82
12 45 2247
31 58 3553
18 59 937
11 40 3616
44 21 854
21 58 761
21 16 105
26 69 2584
7 54 185
32 42 3769
8 26 4069
30 1 3592
63 26 3923
43 26 3767
3 20 3654
29 23 3265
59 62 2351
22 55 423
47 59 3588
44 61 2930
49 53 1610
26 18 3627
27 65 1969
11 6 233
28 2 298
46 10 2759
26 52 2664
5 10 1952
28 52 106
60 11 1037
5 54 626
60 33 2431
40 12 2314
39 13 352
39 52 3184
53 14 1830
44 21 349
53 28 3595
32 35 1948
37 11 1883
6 4 4095
33 12 2089
51 20 3023
64 30 3499
13 10 2528
42 7 2308
47 63 1214
43 33 3916
16 22 3839
66 67 2111
4 5 1195
29 63 2876
68 3 1710
55 13 4008
16 15 187
5 23 1633
36 59 4010
37 51 540
28 16 2947
27 37 1751
59 23 2779
52 29 3782
33 41 2583
66 2 4007
15 66 1556
29 25 2031
47 31 1991
26 24 637
50 16 3283
36 65 2593
32 70 3586
39 30 406
6 19 2314
24 65 1699
66 18 894
70 3 3195
27 15 1528
18 61 2937
53 17 2141
59 60 879
43 4 3150
3 15 374
6 47 1874
69 5 1398
38 53 338
4 12 3555
15 26 2371
39 64 2052
22 52 2352
7 9 3300
26 4 4088
47 37 752
12 55 2084
41 42 229
59 53 495
14 46 79
11 44 1365
26 12 3040
60 56 1451
68 25 2309
25 15 1781
59 30 2070
14 60 2545
11 2 1273
42 56 1727
57 6 140
64 60 2210
58 15 2987
11 14 2790
25 25 2757
59 45 770
36 1 2704
13 49 345
13 64 2574
27 36 3653
25 53 3379
28 44 1928
15 35 2384
38 19 3545
59 54 1339
