70 5000
&^&|^|&^&|&&
20 4 42
54 40 9
24 9 27
60 39 2
54 38 10
13 30 33
15 28 112
35 41 1
61 40 2
43 36 2
43 9 1
6 34 2
67 51 72
36 34 8
68 49 314
62 69 0
36 23 1
53 64 91
7 66 0
12 53 322
17 20 10
40 70 74
5 56 0
64 10 57
34 69 97
56 9 361
24 1 16
37 35 17
30 28 19
23 9 8
31 68 122
29 18 0
5 52 1
39 55 67
55 54 0
30 2 72
44 63 57
32 34 371
12 21 18
26 27 2328
8 28 299
29 60 8
64 22 11
32 35 120
53 22 338
54 7 11
61 10 360
4 45 346
8 58 328
47 16 3
25 37 3
9 19 121
32 22 113
45 70 56
66 24 1
53 49 99
69 14 360
68 19 2
15 32 72
49 67 80
21 28 2049
70 64 377
2 16 19
70 34 113
3 62 1
27 32 3
54 5 1
31 29 328
56 4 115
22 30 35
63 54 3
43 10 352
43 56 32
28 62 274
25 58 3
22 53 0
60 3 258
63 70 10
8 35 1
24 35 19
38 28 345
37 24 66
25 69 298
61 11 361
1 4 19
49 28 27
48 52 0
56 63 3
26 56 11
67 40 27
56 45 1
52 30 3
26 47 41
8 50 299
62 64 2425
46 29 9
47 55 33
59 2 48
44 6 265
8 46 312
42 7 2
27 18 67
33 13 19
14 21 32
62 47 19
67 58 2139
4 53 0
16 47 0
5 54 0
48 25 26
61 38 11
61 24 1
54 17 361
16 35 0
50 60 1
70 68 17
34 32 2
24 28 2
38 25 1
25 26 104
39 54 43
3 6 0
66 7 256
6 1 58
48 42 2121
36 33 1
48 36 72
32 49 9
59 42 35
19 54 66
15 15 299
8 28 2
22 31 0
48 49 2059
60 45 11
24 58 0
10 65 18
66 39 81
14 25 0
15 45 2
53 35 2
62 32 26
39 37 0
7 9 59
62 11 2338
20 68 50
65 7 2
64 12 26
21 21 26
13 17 314
61 64 89
38 67 1
53 35 83
48 17 347
8 26 18
13 42 0
9 68 0
64 41 49
70 53 96
31 61 0
6 12 1
63 40 0
41 50 368
68 6 98
59 43 8
54 6 41
35 4 8
11 31 370
61 59 59
21 5 73
49 54 17
31 15 57
48 7 32
2 55 8
13 29 266
67 53 1
11 34 90
20 55 1
21 66 35
40 37 1
28 58 282
28 23 27
44 37 323
10 3 3
68 29 27
1 25 2
60 49 0
63 59 1
56 10 49
18 33 112
51 31 2
33 1 1
47 8 2155
23 56 0
2 36 73
59 24 105
67 55 275
11 30 10
24 5 3
57 22 17
28 30 328
69 29 329
63 45 56
28 65 114
6 45 9
51 28 0
65 43 3
48 4 9
40 69 2
18 48 17
39 19 3
1 10 0
29 65 3
7 10 35
31 8 11
67 41 0
27 66 345
3 21 0
35 65 370
10 65 355
60 38 3
41 20 259
67 43 16
62 16 107
17 21 273
13 61 40
20 22 32
33 59 19
33 60 105
42 37 115
22 62 9
11 50 24
67 43 354
54 68 0
11 69 0
37 66 0
9 43 305
41 51 378
51 65 2
45 20 2
30 10 10
24 46 64
57 14 34
36 56 0
39 13 323
39 30 0
3 16 1
36 52 80
67 36 339
35 23 98
10 39 74
65 6 10
39 14 2
48 36 104
41 66 17
49 59 2322
59 11 2355
40 40 65
24 23 0
42 40 11
60 19 0
18 54 83
60 61 90
55 19 321
12 14 3
65 50 89
31 55 48
44 61 11
46 3 346
52 5 97
26 46 8
3 24 2408
24 6 291
27 8 35
47 20 274
67 48 1
43 4 3
16 55 2
5 16 10
15 52 0
12 34 0
27 65 2066
27 39 112
20 18 11
64 37 9
26 29 0
22 29 0
67 67 3
27 46 27
36 34 58
69 50 104
41 37 11
1 37 274
29 29 115
61 19 1
40 38 1
68 10 9
11 59 0
64 70 0
54 7 2
46 5 3
55 5 107
58 9 0
54 36 10
47 30 72
41 60 73
57 4 0
57 10 3
54 3 48
29 25 74
35 14 105
40 39 259
48 13 1
65 20 337
69 55 360
32 43 369
31 67 3
37 35 2
54 40 25
17 68 80
58 68 1
64 13 312
21 60 2305
18 69 1
60 6 115
29 19 27
4 44 59
39 17 1
24 69 11
6 55 9
38 54 24
42 59 104
42 45 8
12 59 122
9 23 275
16 64 48
55 21 8
9 11 2
43 48 122
55 58 3
59 65 1
6 60 0
5 26 2
32 54 0
24 56 11
15 63 0
14 46 33
28 63 43
45 38 0
22 7 18
28 56 80
21 47 41
7 32 0
6 21 97
62 53 0
5 37 3
17 57 0
23 32 97
33 52 33
54 50 27
52 67 27
66 45 2
1 40 3
25 66 3
17 46 0
62 61 27
18 38 2346
1 57 2345
16 24 59
65 51 0
7 52 291
8 37 2
65 24 274
59 13 19
43 62 281
40 52 3
44 69 32
34 48 11
68 57 11
8 58 1
50 69 2352
44 70 1
20 40 17
29 10 3
52 50 290
11 35 288
62 17 9
55 23 3
12 4 43
60 65 329
43 32 2168
10 11 11
6 37 9
29 22 314
23 59 98
10 56 26
21 12 2
60 23 330
55 4 306
65 53 1
46 3 18
43 62 34
22 42 1
52 22 0
64 6 11
6 32 0
17 32 363
29 48 120
55 58 281
40 2 2
15 67 2
53 19 368
61 34 16
21 48 106
10 22 0
57 13 336
49 66 8
41 22 1
45 21 9
33 37 2
26 69 377
9 50 0
48 70 19
40 22 16
47 51 2329
54 15 0
39 7 19
46 63 11
66 61 10
55 10 27
19 60 347
15 38 107
1 56 330
45 59 3
12 58 1
60 22 50
56 67 1
44 9 3
25 32 9
48 13 104
5 54 121
7 50 0
8 66 57
70 23 0
56 69 88
37 63 0
15 9 1
8 41 33
1 47 2
6 43 1
48 36 17
33 68 74
40 39 2
59 4 51
9 51 1
7 33 337
53 50 3
41 35 2384
19 2 8
37 4 1
8 52 9
26 22 3
22 22 91
13 18 8
21 33 256
33 27 40
23 41 10
43 55 1
13 42 0
16 1 1
69 39 0
63 58 328
33 49 8
42 26 290
39 46 2
44 24 3
8 15 10
3 57 104
33 23 17
39 6 2323
17 60 282
2 8 25
55 23 10
21 35 96
13 36 0
58 66 73
19 28 2
9 17 2
65 69 10
41 33 112
14 12 1
24 13 0
33 45 299
63 42 0
28 45 16
54 2 41
16 52 1
51 4 64
18 55 0
69 14 113
5 21 49
26 58 322
48 68 56
11 1 1
68 23 0
21 49 11
44 53 99
16 9 288
42 57 59
27 47 0
16 25 27
25 56 8
48 9 25
44 14 98
16 11 1
20 21 0
70 1 58
31 37 0
27 28 25
64 38 371
54 41 19
37 29 0
2 34 104
65 17 2
15 63 336
37 1 2
22 21 65
69 35 1
30 51 9
28 17 3
5 10 3
19 59 88
53 10 321
17 27 66
54 6 0
39 57 19
32 52 89
68 17 3
47 59 82
47 47 347
37 3 0
67 42 2
44 8 48
18 53 121
32 26 112
36 34 3
40 10 2
11 52 40
24 37 291
32 32 2146
65 24 48
18 42 371
70 19 2
38 29 75
62 45 282
23 57 1
21 19 107
17 43 0
67 53 1
59 15 16
40 41 17
2 21 379
32 66 307
38 65 0
41 28 74
30 1 272
12 17 354
58 42 2059
3 51 41
2 44 1
55 40 266
44 66 3
11 30 42
54 23 2
37 45 8
21 6 1
35 36 33
8 68 25
30 39 11
67 27 306
66 1 51
59 33 9
27 58 114
3 67 64
16 12 48
35 19 8
61 7 98
42 41 1
31 31 1
49 53 9
25 59 8
16 49 1
28 5 27
51 66 25
57 60 72
68 7 0
3 45 0
44 58 48
62 65 3
41 10 337
36 2 1
15 1 2
19 20 91
31 54 1
33 54 25
34 50 50
21 3 1
15 57 19
52 1 115
59 12 123
17 2 49
33 55 26
2 40 98
17 32 27
11 70 98
32 34 9
58 16 8
7 64 0
51 11 58
28 45 112
60 66 18
4 63 1
69 22 347
41 25 91
49 7 314
66 68 1
32 9 104
28 23 3
13 46 290
25 44 10
11 44 57
70 18 123
14 45 1
7 68 72
13 3 41
32 36 35
11 27 0
65 57 64
66 19 0
38 66 2
27 36 50
5 30 10
29 49 371
6 50 50
26 49 9
44 9 0
58 2 330
14 26 0
14 15 2
15 21 1
42 67 3
69 36 107
47 59 2
57 44 96
6 28 362
47 1 11
5 18 1
26 58 24
34 10 2
31 31 0
37 59 2090
62 66 107
36 55 73
11 1 288
9 4 73
69 10 81
55 62 1
62 5 120
42 32 67
54 68 0
58 57 10
40 10 2049
14 46 368
13 59 346
50 61 0
20 3 2
49 56 3
11 29 114
49 10 19
21 35 33
19 43 11
4 50 353
44 58 0
42 36 1
18 5 99
16 8 65
57 25 0
40 17 1
42 31 0
3 23 274
46 34 1
2 12 3
23 49 51
6 52 50
38 67 3
9 23 40
25 12 2152
21 9 290
18 4 353
11 10 123
63 1 120
14 11 1
49 52 98
50 32 9
66 10 3
2 65 2
33 21 24
61 12 42
14 55 0
10 12 40
25 63 345
46 2 120
67 49 11
16 16 0
38 43 267
36 56 24
54 57 355
28 33 120
48 35 273
14 45 0
47 1 3
16 42 9
31 59 16
22 4 0
32 43 2
60 54 25
47 36 1
24 54 3
32 36 368
64 65 105
37 32 89
49 58 1
39 69 25
22 18 2146
42 47 1
1 20 338
70 40 2065
1 52 1
34 27 113
15 49 80
6 30 0
39 27 72
31 65 363
66 25 120
15 50 3
39 68 1
53 20 1
60 6 11
63 38 1
28 32 72
11 68 1
40 33 0
65 51 344
11 23 11
24 14 267
37 9 344
8 68 83
54 39 11
18 11 1
3 6 3
1 10 3
46 61 0
63 16 337
50 26 259
65 20 296
60 14 3
52 28 19
44 7 0
36 63 90
8 25 9
2 11 57
30 36 27
3 69 24
1 68 8
1 63 89
70 59 1
10 39 11
36 1 3
60 31 24
29 53 75
40 62 8
27 12 72
41 30 98
63 12 115
26 61 0
59 56 371
66 15 1
35 31 1
44 28 1
41 59 17
29 33 2
28 62 123
48 37 2050
44 56 75
64 32 8
28 43 2113
53 25 0
17 66 59
47 49 25
67 12 2
10 32 266
4 41 11
28 34 16
63 11 8
33 45 0
25 38 8
6 7 320
39 2 11
60 40 99
1 48 122
13 18 3
1 68 96
47 55 43
26 59 266
25 64 24
3 70 50
20 12 89
62 43 113
70 44 363
1 4 11
68 70 43
61 22 33
24 12 10
32 41 18
23 11 371
19 61 339
39 33 1
51 39 80
70 2 3
57 54 24
30 4 281
38 12 257
49 55 2347
35 70 89
27 38 299
65 24 56
56 59 81
43 62 1
59 12 83
44 24 8
58 14 106
14 35 2
53 68 0
45 6 3
50 39 43
40 56 354
63 48 3
65 57 3
54 20 1
17 54 362
42 10 24
19 6 0
8 45 1
22 49 0
54 41 2
31 55 1
38 10 26
14 2 67
67 7 2
46 21 0
28 40 0
9 49 74
56 16 2074
62 18 2
14 22 257
49 55 2090
41 31 2
3 51 91
32 45 323
31 70 24
37 18 123
48 43 275
38 26 0
46 35 1
49 14 2090
53 54 2
23 26 320
11 23 17
4 69 104
31 19 267
14 25 2
49 45 2
18 55 1
54 44 0
41 66 74
31 26 10
49 36 89
29 15 11
50 67 48
7 67 66
38 31 0
48 37 0
29 70 266
3 16 3
62 22 3
14 54 96
34 7 1
37 16 337
62 60 11
40 24 115
54 14 88
26 54 9
62 1 32
21 9 11
35 6 2
14 38 3
11 32 3
65 60 41
28 70 24
58 63 2
60 10 112
8 53 19
66 55 352
43 53 2
11 29 82
42 49 26
59 28 0
2 38 3
46 56 3
38 11 1
11 29 10
32 28 3
20 28 320
45 63 73
48 63 291
65 45 10
24 62 104
13 31 1
11 29 107
4 43 1
36 67 40
61 11 378
34 26 2
61 17 10
8 38 123
63 35 312
44 22 82
67 14 0
28 3 58
33 6 66
69 64 3
33 50 0
7 31 64
12 59 2426
45 51 9
21 56 8
29 62 0
3 38 2
52 63 0
68 8 0
25 39 0
56 56 11
14 58 2354
53 33 10
28 33 9
14 12 0
1 48 51
12 64 11
70 55 352
33 46 98
39 55 25
9 52 1
67 5 1
7 25 1
11 27 3
28 8 264
32 16 0
1 49 58
63 52 1
24 31 307
49 26 112
42 67 9
48 22 114
29 20 41
17 47 273
52 13 75
3 50 40
54 24 90
49 23 58
39 4 56
32 24 18
57 49 2074
59 68 65
30 43 17
24 12 19
4 22 58
27 54 112
22 52 42
48 59 24
12 39 75
70 8 105
34 70 88
44 34 280
4 67 362
32 34 2120
12 37 2
59 56 106
4 25 41
57 25 17
70 37 0
57 12 11
50 47 56
60 19 10
45 68 1
20 26 19
40 24 115
1 13 2
15 30 8
4 54 80
70 8 1
70 10 58
9 7 2
65 30 1
41 9 273
53 36 376
41 53 8
56 19 114
23 21 74
36 5 0
18 7 51
46 12 1
58 53 369
44 15 0
69 2 371
17 3 2
62 68 24
55 36 24
28 45 1
6 35 24
63 9 329
2 69 114
48 22 24
70 37 282
20 16 49
13 3 106
36 56 259
15 65 26
37 4 50
20 61 73
53 67 273
14 20 0
69 39 122
3 68 82
48 37 299
4 69 2
59 14 8
14 32 9
36 37 1
61 29 50
1 15 24
35 60 2
57 66 1
52 10 96
7 11 3
69 63 2
38 41 3
1 30 2
21 58 1
4 45 0
44 36 2
54 1 1
44 43 0
54 14 17
4 19 98
2 32 3
7 49 2
19 56 43
46 10 0
28 40 41
51 3 8
45 67 83
69 54 1
40 51 3
8 15 41
59 56 8
50 37 123
56 27 363
54 45 355
28 34 51
13 41 1
4 1 314
65 24 121
65 52 11
46 4 2097
22 14 42
60 42 9
10 57 105
37 32 24
54 29 11
62 11 1
30 59 59
48 13 1
41 40 0
39 55 89
62 26 48
21 61 58
8 39 43
34 33 0
14 62 378
43 66 1
25 27 1
4 27 8
63 7 1
64 40 25
34 60 123
33 5 377
29 28 24
63 45 17
31 54 1
63 33 97
65 19 97
19 44 74
60 5 90
20 42 1
39 8 66
36 15 64
3 41 0
20 20 33
17 31 0
52 62 3
2 26 1
10 27 35
10 34 0
31 68 82
30 60 32
54 16 0
28 64 11
44 7 104
11 66 1
60 17 0
50 15 40
31 35 9
54 53 1
22 24 0
7 59 2
55 58 1
66 23 19
15 57 41
39 39 56
33 27 1
40 60 362
26 67 123
1 33 1
62 40 104
28 59 0
62 14 32
41 25 104
60 8 0
6 53 331
27 51 17
24 40 273
43 18 10
17 39 33
8 31 1
67 30 2
11 5 26
24 19 3
40 3 50
34 12 41
11 36 2
51 45 1
14 7 32
35 20 123
70 10 97
23 14 1
55 27 0
39 12 2409
49 29 0
24 68 307
43 2 24
13 64 48
11 69 273
52 38 2
24 23 2
59 50 0
1 23 88
51 4 2304
58 14 1
17 69 0
14 70 0
67 58 83
5 50 24
63 10 67
15 49 19
15 40 307
25 19 19
36 18 0
9 51 32
23 68 275
33 12 362
61 31 57
64 27 11
65 25 1
6 57 72
30 33 26
45 49 3
68 31 105
61 9 2
16 23 8
54 22 371
36 65 66
59 26 24
48 7 3
49 35 33
35 1 360
22 40 121
46 53 17
57 15 2
9 17 0
34 25 298
45 64 1
37 3 17
29 37 25
28 34 3
60 45 26
50 25 273
20 52 0
40 5 291
9 34 97
44 51 3
18 21 73
2 45 1
63 50 73
43 24 115
16 35 3
69 45 3
16 63 3
18 31 82
21 14 307
35 12 0
36 67 0
3 67 264
21 18 1
3 3 2
24 69 50
35 26 1
38 13 58
23 7 304
48 55 9
34 32 1
9 50 65
12 70 0
69 58 106
19 46 1
19 34 0
10 27 0
15 58 48
50 50 50
26 31 1
65 57 1
56 3 3
4 25 8
52 47 59
64 24 331
12 46 89
5 3 0
10 42 114
4 11 11
22 65 19
70 65 3
22 37 56
1 15 3
26 65 1
54 6 88
65 55 19
61 15 3
4 39 2387
55 37 67
49 38 0
52 49 1
63 21 1
25 58 59
67 49 371
58 69 2
39 55 25
57 37 1
5 30 27
28 5 3
55 9 9
51 53 0
9 68 25
32 27 1
50 14 42
7 23 2075
23 38 1
68 47 1
30 15 88
2 10 3
32 48 273
34 68 99
54 21 3
24 49 2153
2 19 11
28 44 8
13 62 9
31 12 0
10 24 51
16 63 107
8 37 345
63 36 0
53 1 0
15 7 3
12 41 11
22 44 27
58 59 0
70 1 2313
18 69 0
9 54 33
33 32 11
62 16 2376
5 58 0
36 9 298
69 17 2306
51 60 27
56 62 17
31 23 57
23 15 0
27 67 0
54 67 18
35 53 112
23 64 1
31 38 1
69 28 50
21 35 267
43 60 81
40 70 1
33 56 322
10 10 115
55 51 106
56 61 3
58 20 2
37 22 3
45 47 26
24 14 106
23 47 1
14 49 99
60 60 113
62 25 1
44 2 338
1 38 0
44 40 280
31 57 0
5 56 11
23 12 112
28 49 1
52 48 266
13 35 33
8 55 2
50 38 40
32 62 107
53 68 3
35 69 298
70 50 99
53 23 11
23 60 24
35 25 9
41 11 112
45 68 3
18 37 2
59 65 2050
41 33 2171
36 35 3
12 51 17
41 66 0
26 63 16
3 1 2
65 36 65
20 37 40
55 17 17
28 53 19
19 33 11
21 52 3
63 28 112
63 59 297
9 45 17
48 58 1
9 42 369
15 30 19
20 3 41
13 3 89
47 56 377
63 9 355
43 49 0
32 10 112
6 21 57
32 55 10
20 69 18
45 20 363
63 43 331
17 21 34
50 68 1
30 52 80
1 1 3
8 35 123
9 54 11
12 24 41
29 44 122
38 25 27
38 23 2
58 70 49
41 33 26
23 22 3
60 54 96
56 54 344
70 15 346
60 40 2
6 64 368
37 15 82
21 9 0
40 63 105
36 40 50
32 26 3
61 56 42
28 12 107
3 2 17
18 5 0
52 26 0
70 54 9
43 61 0
49 66 0
13 29 11
1 13 17
54 41 1
12 65 1
16 12 1
7 43 360
5 3 2080
20 28 1
30 9 0
10 6 1
20 25 35
25 30 25
55 39 370
16 54 8
70 29 2
24 70 1
28 32 0
17 2 1
67 36 2312
34 50 305
33 65 9
3 36 1
59 11 1
29 50 43
52 57 89
1 5 1
41 53 3
13 1 66
19 46 11
57 31 0
66 55 353
14 49 11
67 3 2
38 66 80
7 63 26
23 62 0
67 20 18
26 63 10
16 50 75
15 34 1
49 46 17
50 44 3
58 69 338
12 28 1
41 8 18
67 49 19
42 31 80
38 14 32
13 46 0
11 24 1
6 62 115
8 39 9
20 29 40
44 3 0
31 35 67
66 45 80
2 13 1
44 67 304
11 28 9
30 39 82
37 47 3
4 56 0
27 3 1
42 46 75
53 37 0
26 10 9
70 32 0
16 20 3
44 5 1
44 62 2
45 67 1
15 14 2
45 67 11
60 55 83
16 38 0
11 4 0
43 22 8
55 30 1
41 13 1
63 46 2419
56 68 56
56 45 18
3 2 11
11 66 3
36 49 114
7 18 1
14 48 3
49 57 336
35 63 2305
21 49 314
33 6 8
40 68 104
59 8 0
56 45 1
24 36 112
3 44 0
40 64 65
32 48 59
51 57 0
56 4 24
21 14 1
25 14 1
37 38 9
45 50 32
39 51 120
11 13 8
11 17 82
61 68 355
41 41 33
33 62 0
65 33 2
41 67 1
42 44 121
34 9 115
40 61 1
4 26 35
30 39 96
2 19 3
54 70 354
6 69 2
5 4 2363
31 41 18
22 6 0
17 23 49
22 2 0
1 19 10
7 3 2313
17 49 291
47 59 88
21 3 1
1 26 11
60 18 1
27 12 368
16 51 11
21 63 3
24 50 1
47 8 64
5 8 353
46 25 368
48 58 56
29 15 67
66 44 0
50 1 1
64 58 1
68 43 27
44 37 88
34 18 323
14 14 258
43 50 10
34 5 345
39 21 337
32 62 19
41 21 48
61 65 11
36 33 2
16 27 112
48 68 2
56 59 1
40 2 24
51 59 0
3 68 2
32 63 0
31 9 0
28 43 0
13 66 9
9 39 298
11 19 3
35 34 9
69 54 2122
6 35 32
21 22 24
55 21 80
68 16 10
34 60 267
65 41 1
69 32 8
2 39 0
46 47 2
11 39 50
68 62 24
41 49 10
36 37 339
29 15 59
24 27 2
51 67 273
12 6 315
26 63 11
65 45 1
32 59 9
70 19 16
28 25 26
25 46 35
33 53 41
43 18 0
44 48 0
12 21 35
56 68 48
63 5 8
32 61 2139
66 28 1
68 55 337
47 68 3
15 31 2
6 1 376
49 43 3
67 5 105
58 21 48
13 56 3
67 3 25
15 41 2144
22 32 1
62 39 90
37 47 24
25 36 97
47 54 91
17 2 347
50 11 49
13 58 3
36 40 2
13 69 282
17 12 2
27 68 1
51 39 0
66 53 26
25 28 2163
40 20 113
36 21 24
22 34 1
35 51 370
12 21 363
21 52 275
9 16 8
50 68 18
7 70 0
65 19 3
31 45 33
61 14 8
22 64 0
25 51 3
55 64 89
60 67 3
32 22 1
58 49 1
38 4 90
7 21 3
33 38 1
56 55 1
52 39 66
54 8 1
21 32 306
30 32 3
5 11 0
21 68 266
59 5 0
3 30 58
23 24 81
70 68 97
64 70 1
5 13 3
33 12 275
40 51 26
68 54 58
30 42 66
41 28 11
4 69 9
42 9 9
62 58 3
70 11 123
64 19 2
11 40 106
5 9 27
70 55 2393
41 47 291
64 2 11
17 5 73
35 20 43
36 64 10
28 13 65
49 53 9
4 2 3
63 64 0
59 23 1
34 38 40
36 62 314
56 21 2
20 18 27
28 68 1
64 31 345
42 2 2
12 37 2083
21 23 307
39 47 2073
23 18 3
12 42 24
31 51 3
56 21 90
43 20 0
22 23 304
12 61 2
52 13 65
35 38 58
5 18 0
50 50 0
66 46 25
29 59 10
27 28 307
23 57 2330
56 57 1
3 36 1
32 21 0
20 64 1
47 58 1
45 50 257
19 53 2
39 1 2
30 37 90
58 44 40
56 33 1
68 49 11
19 24 0
15 57 2
18 30 2
32 50 3
63 24 2088
37 50 1
38 24 1
55 39 1
66 17 1
22 22 336
41 58 82
37 38 2105
46 8 2
9 41 1
11 47 2
21 5 320
61 57 0
48 27 0
43 66 121
53 22 10
3 52 2152
34 38 2
16 55 290
27 61 35
63 65 3
51 12 26
36 56 26
64 22 3
59 55 9
7 18 107
23 1 1
2 30 0
6 68 66
59 41 98
10 48 321
19 32 115
17 38 1
4 26 90
37 29 9
34 31 42
57 3 0
12 41 1
12 20 9
10 48 0
33 16 1
59 33 1
19 60 98
12 35 16
45 22 1
28 17 321
16 31 0
10 12 9
41 58 26
63 3 2153
20 64 2
50 41 123
49 19 1
26 61 107
62 62 59
27 60 10
22 56 26
51 34 2395
14 9 56
26 14 0
17 53 57
8 4 1
1 61 26
63 27 17
35 2 82
3 37 115
62 44 18
1 7 27
34 5 33
39 54 24
64 55 0
18 34 0
23 53 120
69 17 1
20 48 18
11 62 3
3 17 2314
66 27 2074
69 48 2312
11 66 256
12 38 266
23 65 24
23 69 67
23 8 24
29 43 304
21 15 0
33 31 2369
24 58 8
55 10 27
39 18 2
21 66 19
48 35 27
35 49 1
21 58 259
42 53 296
52 31 3
50 56 42
20 50 16
27 6 57
40 25 1
26 13 34
63 28 106
54 37 331
26 3 25
65 54 58
69 38 114
26 61 1
24 62 104
52 18 2
35 2 121
27 37 27
23 6 0
3 16 1
51 1 9
69 15 41
58 3 27
15 19 3
48 9 280
40 16 24
33 41 10
59 54 1
56 12 0
61 52 2
10 19 19
12 16 59
32 25 16
25 51 35
50 65 9
18 6 19
68 15 3
39 33 58
47 10 305
33 22 256
59 8 114
61 68 26
45 27 35
37 14 17
65 47 2
4 10 3
6 19 256
20 24 2331
11 43 81
32 19 3
16 4 83
48 11 56
19 48 355
22 27 2081
27 20 105
25 12 40
37 58 91
59 40 9
20 9 17
3 14 11
55 66 11
70 47 27
69 28 2
22 5 265
26 32 56
59 42 2
13 10 1
58 4 1
34 25 10
3 11 296
43 17 75
44 68 40
18 52 1
34 31 24
33 64 0
68 14 3
27 46 17
9 13 48
43 27 11
16 46 91
9 52 8
38 15 24
2 48 114
36 60 290
28 28 112
52 50 379
53 62 59
24 45 1
68 46 16
67 64 105
4 41 299
17 10 306
55 56 0
67 69 3
38 43 106
47 18 40
23 4 67
24 1 2
44 42 1
52 38 0
26 19 11
65 59 73
29 54 59
42 67 0
40 8 42
51 16 1
37 27 80
55 35 17
38 4 51
57 51 370
52 30 97
30 16 1
60 36 1
30 21 0
54 27 33
21 53 2
46 15 3
11 67 59
49 13 26
48 19 320
56 3 1
44 61 2
11 2 2
19 32 66
43 70 41
70 64 97
47 67 0
21 57 74
70 32 2
1 23 1
10 36 347
28 50 0
61 46 2
39 10 27
64 66 0
2 30 0
60 46 3
20 48 24
23 51 2
19 30 3
27 3 2416
37 23 74
6 15 264
9 7 19
9 18 40
14 12 330
68 49 3
13 22 3
69 34 8
58 50 9
15 14 2147
68 28 3
48 28 1
8 13 56
17 68 0
45 61 314
27 39 3
3 8 0
54 15 9
26 32 355
49 3 3
52 62 80
14 51 291
65 31 104
9 65 8
67 48 3
1 57 81
49 63 2
65 39 19
38 34 1
22 67 322
50 69 306
1 58 0
58 10 123
13 65 105
32 9 10
58 67 91
56 11 72
60 66 297
47 69 305
58 60 1
36 1 0
57 33 65
68 30 378
70 5 0
3 41 91
6 5 3
9 19 40
15 6 11
51 13 42
38 16 19
10 19 24
33 32 0
5 64 257
46 38 0
51 30 27
55 8 0
10 58 11
44 45 2
34 49 10
50 14 281
19 37 43
39 54 273
48 69 19
53 15 10
30 48 8
4 49 2
24 1 0
4 6 272
38 36 2
18 29 2080
23 16 258
44 64 0
63 46 34
57 63 291
64 47 3
68 23 2368
65 51 97
8 67 9
38 19 107
13 4 312
9 52 114
2 64 337
23 20 338
64 68 104
29 63 123
18 66 48
26 30 18
68 39 2
3 51 9
20 12 1
53 57 0
16 60 26
33 48 27
57 30 8
18 70 344
13 7 1
58 6 2130
35 38 0
54 34 42
62 5 2
3 20 24
1 14 306
7 58 105
69 6 9
56 21 2
41 2 41
20 54 377
8 67 33
52 2 121
19 15 353
9 34 331
34 48 115
62 60 0
57 6 1
37 28 2
35 22 8
1 45 0
69 24 10
62 41 0
50 66 41
23 54 88
62 44 299
66 43 2137
64 21 0
50 52 8
38 17 48
49 18 3
39 32 105
65 8 96
7 7 2
9 23 8
48 21 3
52 57 98
34 45 337
62 58 58
34 35 363
21 62 1
29 8 3
49 56 2409
42 60 1
23 10 83
7 68 3
10 68 1
24 59 265
50 33 80
5 31 2418
15 70 66
48 14 0
70 65 98
33 7 8
55 32 41
47 53 48
32 7 48
45 39 2
20 58 2
54 25 291
12 16 91
49 5 0
2 51 379
18 7 1
27 8 2
4 52 9
51 66 3
62 48 8
11 30 288
6 69 1
49 36 96
56 17 58
47 19 2058
6 39 48
58 31 0
32 40 3
6 29 1
60 67 2328
64 66 80
32 24 59
38 63 51
29 28 25
14 61 289
41 37 2121
21 58 10
13 6 96
45 26 75
68 35 35
17 64 32
68 68 1
36 47 26
68 66 322
29 42 0
21 47 2128
36 17 11
49 18 0
61 35 58
17 33 90
43 60 2395
9 34 2312
62 9 2
59 5 26
52 32 51
33 1 113
24 11 339
31 33 305
60 66 1
55 49 1
22 12 272
12 52 67
35 32 97
35 32 1
5 6 0
15 41 0
55 64 0
40 62 8
45 16 353
54 22 2072
43 39 3
28 59 1
41 1 2152
30 44 258
37 6 80
69 6 280
51 38 331
48 36 3
3 23 2
35 28 259
13 67 2
33 60 24
23 10 81
61 65 25
59 17 89
24 27 307
62 38 281
66 42 43
24 6 1
33 6 290
60 53 8
17 51 2
33 33 27
14 65 24
53 31 49
46 66 50
33 65 24
4 69 17
62 67 42
31 26 2048
62 36 24
29 11 2
14 12 275
65 32 0
40 60 3
17 57 315
53 59 3
34 48 0
7 28 1
37 38 9
34 54 91
68 3 51
48 34 2394
60 21 2
49 5 10
60 26 35
30 27 35
43 35 258
15 23 0
24 21 1
8 64 370
34 37 3
35 32 11
12 9 11
9 60 8
26 68 275
25 33 2
20 9 3
64 64 265
6 46 2385
2 4 0
57 60 80
5 14 27
16 48 1
63 22 369
27 29 75
8 15 8
51 19 90
64 62 1
18 59 104
69 18 0
3 49 41
55 40 120
24 62 1
62 2 123
62 60 9
11 63 0
55 68 1
62 4 8
53 61 2
26 20 1
58 67 361
36 40 368
5 54 376
59 63 57
61 9 1
19 14 58
17 14 16
54 17 17
18 17 8
19 57 0
51 22 1
4 68 1
50 7 2144
66 22 24
53 62 1
26 23 2081
50 53 257
5 33 33
52 31 3
43 13 2
49 59 1
4 24 1
57 55 280
10 7 0
56 46 2371
9 29 3
62 54 105
41 10 114
6 56 8
32 18 290
14 40 91
45 50 353
54 25 73
21 20 361
3 50 112
6 8 1
3 18 0
8 46 3
44 70 2
22 22 2
67 30 338
44 8 0
8 37 1
15 34 0
45 19 35
69 21 1
38 70 11
62 26 1
68 62 337
38 17 0
69 61 122
24 24 66
59 35 49
22 17 43
9 22 0
51 43 98
9 38 8
39 48 2
39 43 18
35 24 96
67 55 1
44 45 97
33 47 10
16 33 1
29 44 1
50 26 40
19 38 2
5 33 321
51 32 2
24 13 2338
33 56 0
65 50 1
19 15 0
62 12 1
47 69 35
50 62 1
61 45 1
22 36 8
34 9 19
23 33 9
8 44 18
12 30 40
64 64 106
66 32 1
57 40 115
11 62 10
6 48 1
19 14 2
19 24 267
62 31 11
13 60 2
32 15 1
32 2 16
25 1 41
64 14 27
60 7 19
61 13 2
26 13 57
23 53 2
22 47 25
17 1 1
3 4 3
52 50 264
55 22 91
63 67 1
14 11 51
20 7 0
54 58 10
5 69 1
45 1 368
17 31 3
16 4 17
39 36 11
69 56 25
6 1 40
7 41 3
42 6 88
9 67 2320
37 63 43
3 25 88
44 40 2368
63 14 18
59 34 1
61 28 26
61 4 9
57 20 1
20 35 49
15 70 299
9 63 10
4 12 354
47 42 27
6 3 3
35 21 1
8 30 2385
13 28 355
25 24 58
12 11 1
13 15 42
42 57 1
41 68 1
6 53 0
9 5 1
16 26 355
45 4 288
38 5 259
34 42 2
62 6 1
35 23 0
2 13 112
44 47 3
38 30 2
20 2 0
9 58 1
2 27 73
46 17 258
25 43 0
36 55 113
19 14 3
34 17 0
45 1 107
26 10 289
37 41 3
68 22 2
51 41 354
20 46 2
9 34 9
17 38 35
43 39 0
17 44 57
62 4 8
50 10 8
10 10 330
62 54 49
68 34 1
19 66 19
6 1 9
65 3 3
25 15 112
5 15 3
3 65 120
40 30 1
22 7 299
30 50 56
5 60 19
13 30 17
56 35 66
59 18 3
21 30 17
56 49 2
60 48 1
63 31 1
27 6 98
51 60 0
35 35 107
43 52 360
19 51 25
33 18 48
19 65 345
48 31 8
15 7 17
39 70 265
16 9 1
24 64 2
69 15 2
8 21 10
12 35 9
62 55 0
62 35 354
61 50 82
32 54 25
55 12 19
11 23 8
55 41 0
8 57 120
59 23 90
15 29 265
7 58 2401
31 49 42
4 39 1
18 4 2338
65 39 10
8 60 9
1 17 3
67 37 59
17 20 344
48 40 1
13 2 48
40 30 49
38 41 32
53 55 41
28 52 17
2 39 1
34 29 8
58 5 0
35 37 2
1 7 72
19 28 2
45 56 64
8 2 314
62 27 1
31 22 0
38 2 1
54 31 280
50 41 33
35 61 8
34 62 11
64 10 73
42 38 3
64 18 3
59 33 24
28 32 57
32 54 305
22 12 57
6 36 17
60 58 10
1 44 113
38 46 99
1 2 0
47 23 1
12 17 0
29 55 1
43 31 18
20 7 114
44 69 16
16 67 1
4 4 56
11 9 50
22 62 64
13 45 2313
6 56 3
56 45 0
5 48 82
25 47 0
17 66 281
44 65 1
35 55 0
38 14 58
53 63 2
41 63 43
15 38 1
54 56 3
42 37 56
67 6 0
65 46 16
32 58 2
67 15 2306
70 46 16
1 27 49
44 16 1
1 43 51
5 36 304
36 62 58
23 57 26
67 26 2416
41 27 8
28 68 43
67 50 299
34 19 10
17 51 0
61 14 11
35 27 1
26 30 0
44 13 304
38 22 0
44 40 51
56 4 89
15 41 8
55 12 2112
36 63 0
68 33 75
9 62 34
25 32 0
62 7 35
51 43 34
59 28 112
19 57 65
32 67 377
56 17 0
67 53 1
55 6 18
42 41 56
70 18 0
59 27 11
3 43 378
20 47 33
8 69 2
27 60 1
59 15 0
55 29 352
61 65 25
17 69 2
45 22 1
60 63 1
61 55 27
49 60 2
68 35 282
19 25 25
50 23 97
64 67 19
59 13 1
28 49 0
51 57 355
17 18 19
41 26 11
17 34 298
64 13 67
14 12 120
12 31 1
21 49 107
8 47 0
66 24 1
21 57 80
24 58 1
57 58 58
50 41 17
6 61 0
7 16 0
23 62 336
18 13 48
55 1 56
70 23 49
57 2 25
11 8 1
43 66 1
7 16 34
19 43 9
33 52 80
7 61 59
66 55 74
5 31 290
30 19 297
37 53 122
38 54 43
43 46 314
55 40 72
22 36 2
65 16 122
51 39 323
61 70 2
35 10 2
42 2 19
3 35 11
27 13 2387
70 28 9
7 24 3
61 56 106
63 64 1
4 61 10
21 31 106
50 66 2
31 1 306
70 26 0
2 43 0
63 54 107
16 47 72
62 65 18
3 8 11
17 37 34
48 63 8
64 51 17
36 13 10
20 26 11
1 35 3
23 45 2
55 1 64
68 57 121
24 18 17
21 47 330
25 8 26
50 60 59
9 40 0
45 60 0
34 27 113
3 42 2
3 29 57
20 23 2
32 54 307
31 66 66
3 34 59
14 5 1
63 19 377
34 61 315
13 49 27
19 49 18
60 8 1
55 35 122
50 42 323
36 8 1
26 60 2096
41 5 9
16 41 3
30 55 2
12 6 40
63 14 1
21 16 56
19 66 10
61 30 0
32 47 3
28 38 74
50 12 17
60 26 2114
34 27 0
35 6 8
2 57 9
69 62 43
48 33 27
5 14 0
9 47 11
53 36 99
32 68 17
62 31 9
65 42 9
13 16 11
24 17 18
18 3 0
27 31 89
3 38 9
48 17 1
51 5 2
37 59 104
46 16 328
25 14 75
37 11 48
56 15 0
17 57 355
19 16 58
49 54 114
19 55 11
48 35 379
34 49 82
59 7 0
48 42 1
58 3 9
48 49 17
68 12 1
8 16 107
43 43 1
40 42 73
51 47 18
7 54 51
70 6 337
36 20 3
9 52 88
48 48 0
2 21 41
55 68 305
14 7 2
21 42 3
12 41 11
33 46 0
58 70 297
17 28 306
3 6 2
21 35 27
11 23 2074
49 35 42
3 59 3
29 52 99
9 19 48
63 2 369
41 59 3
44 16 106
43 43 74
3 33 0
29 33 0
68 21 2
47 70 18
28 2 378
25 28 11
11 39 3
26 31 113
20 12 25
63 12 0
37 32 3
21 51 3
50 3 1
44 39 3
17 68 19
10 45 8
58 39 11
47 48 9
50 51 360
63 68 26
56 55 17
31 11 17
51 44 2
65 44 32
57 62 3
50 21 16
67 51 8
33 66 11
34 16 121
13 63 2
18 60 34
65 27 3
47 21 3
12 34 0
68 6 41
49 41 353
35 65 1
53 45 1
58 58 26
3 10 32
10 60 19
60 39 3
53 17 321
5 12 258
56 20 27
66 2 25
51 70 19
45 25 257
14 8 40
52 9 11
21 20 362
39 35 0
60 43 9
60 32 2099
19 50 16
59 2 57
63 20 50
26 64 25
43 14 3
52 35 18
6 11 115
40 51 11
52 2 72
64 48 2
13 57 98
63 37 82
48 67 49
55 24 323
45 67 363
48 70 0
39 52 0
20 41 25
16 14 59
22 3 112
34 3 49
31 64 59
49 32 17
13 69 27
30 48 104
8 54 0
26 37 0
68 36 3
7 21 2051
26 10 1
60 28 1
50 41 17
49 60 0
5 60 24
40 17 35
39 65 75
7 20 104
12 12 1
67 40 75
35 59 123
29 50 97
68 32 1
57 5 17
13 59 304
25 10 8
56 21 2106
45 13 9
13 59 283
40 39 24
34 40 34
47 31 1
3 35 113
40 42 0
9 40 56
70 23 27
48 60 99
28 4 368
10 17 1
53 54 41
23 15 336
56 34 9
14 20 362
26 22 11
49 33 24
24 9 18
63 8 10
3 65 17
21 68 259
70 47 113
17 63 24
3 69 0
31 5 16
13 29 2074
61 39 0
5 40 330
65 57 27
14 52 314
62 58 0
13 30 0
21 55 114
11 11 16
13 56 57
69 11 73
57 44 329
23 30 328
53 70 26
67 35 9
2 24 3
2 24 8
9 21 0
63 11 2377
18 48 98
41 62 16
67 6 43
16 59 3
52 30 2160
59 11 272
68 45 1
52 9 18
54 23 344
18 68 2
36 14 90
29 3 1
55 31 75
12 51 107
47 36 0
55 43 8
12 42 33
14 24 9
19 57 26
68 57 3
5 34 1
53 45 11
30 14 120
39 27 19
13 37 2
55 15 1
44 38 114
24 52 32
39 39 320
45 52 18
64 61 0
67 43 50
41 11 2162
70 69 2371
45 38 377
11 48 0
55 8 0
23 64 26
30 19 96
25 59 1
64 22 2
18 39 98
12 26 354
35 54 2
1 36 0
37 29 337
65 68 43
5 15 35
63 61 2337
20 27 107
70 58 3
29 19 0
38 18 16
18 41 328
35 16 2
45 23 0
67 5 298
30 14 82
10 62 298
28 7 3
15 54 89
24 48 347
57 24 3
10 50 0
28 2 1
65 33 10
61 42 51
57 33 88
43 23 362
12 23 1
67 1 90
65 40 74
52 48 2371
46 17 306
5 39 274
27 18 0
17 44 35
60 48 26
67 28 2
30 33 3
44 6 3
68 39 0
61 1 27
61 8 3
14 62 3
59 55 291
2 14 11
11 60 25
55 12 2168
66 3 274
13 48 25
23 70 1
69 25 257
39 22 0
42 7 11
28 3 2
28 11 1
26 50 337
64 52 1
69 10 307
13 34 1
34 14 26
11 68 273
3 2 346
61 10 2
19 2 72
49 54 3
70 18 3
32 60 2130
56 48 104
33 70 11
23 7 2
4 28 10
56 9 322
31 41 10
41 13 48
18 46 83
59 8 377
5 59 2144
51 62 3
44 28 280
46 4 283
40 59 2
68 43 1
35 21 10
20 55 58
37 61 1
8 22 3
32 22 105
17 14 0
37 52 2
44 37 121
42 56 123
69 10 3
16 67 9
64 37 289
63 63 11
1 62 258
23 31 113
23 51 0
56 47 18
48 64 3
11 37 9
20 18 81
52 28 16
21 46 75
55 1 3
34 8 24
34 60 66
59 69 19
69 26 10
17 2 2
61 13 9
16 25 330
45 52 2114
61 31 65
31 23 26
49 21 24
49 52 3
63 26 81
59 46 8
64 16 1
44 4 9
15 49 114
8 45 0
39 55 58
8 52 0
30 32 51
15 33 0
32 35 289
51 35 10
44 58 51
11 49 299
19 67 9
64 31 2
47 36 0
56 67 256
52 6 72
8 18 91
69 65 2403
48 2 2304
66 4 274
17 28 2050
12 63 24
39 30 26
36 53 41
56 52 50
15 48 0
9 17 1
38 69 2
55 58 80
48 7 10
68 38 2072
20 67 299
2 15 0
5 43 2155
7 32 331
25 23 355
18 1 16
35 21 65
18 68 1
10 54 323
65 14 35
32 65 106
42 13 307
6 20 3
11 50 2
34 29 1
26 20 2
24 33 2088
63 40 355
10 54 0
44 6 0
1 43 25
68 3 18
40 26 123
49 43 352
48 5 2305
29 28 0
9 39 0
28 30 9
20 3 306
61 6 17
4 62 24
41 25 25
70 33 1
30 3 2162
61 25 370
64 30 1
70 47 24
57 39 56
58 5 339
44 46 1
1 4 16
42 14 74
51 60 75
18 67 2170
47 68 33
34 48 3
34 23 2371
3 13 2
50 60 323
32 69 2
13 64 9
8 19 74
51 49 273
25 38 58
17 44 16
40 4 1
20 16 322
3 51 288
4 27 1
21 6 0
47 66 9
43 60 10
69 17 0
32 65 1
46 65 0
4 28 8
26 8 259
64 13 290
12 7 337
37 8 0
67 1 82
8 20 1
52 42 107
10 12 2
31 35 3
5 60 328
67 14 72
2 64 2
63 41 50
46 68 35
8 52 323
9 46 1
44 13 1
42 53 8
33 4 17
67 38 74
61 38 3
13 26 2
9 66 26
55 48 19
11 55 1
44 15 26
38 9 2
17 66 59
25 24 2
64 68 321
33 3 291
39 17 1
52 48 1
5 54 2
57 41 10
63 34 9
19 58 1
37 4 314
10 59 3
49 9 97
46 51 24
47 66 75
62 52 40
69 20 11
29 60 305
6 8 59
65 59 0
45 16 0
5 22 0
28 24 299
13 16 9
6 7 3
54 54 98
51 36 8
38 8 2313
60 65 2113
62 9 112
55 26 65
70 33 376
13 23 299
30 19 82
3 18 1
22 26 35
30 31 2080
26 15 10
21 31 27
3 6 1
35 31 315
25 5 1
52 1 51
16 5 3
10 18 16
5 43 72
55 36 0
36 51 0
24 51 43
6 66 32
14 26 3
42 65 259
36 42 2
3 22 2
57 28 328
28 54 8
14 30 264
50 67 3
56 33 43
22 45 56
12 39 40
5 67 0
66 33 35
5 61 273
64 3 0
59 47 331
11 67 320
19 45 322
44 16 2064
2 53 0
48 61 1
22 53 0
60 31 291
37 4 0
20 59 105
57 8 0
69 54 25
27 31 11
21 27 32
44 32 3
53 44 3
35 2 1
21 54 3
40 46 328
9 11 17
58 47 2368
43 35 73
43 41 16
38 21 9
14 59 290
61 11 299
5 49 0
3 62 2304
69 18 58
8 7 0
32 67 1
25 62 10
57 5 48
52 19 112
66 59 1
64 7 0
52 8 9
38 55 51
3 39 42
44 63 307
29 49 369
53 67 1
48 10 2122
63 16 0
55 8 275
47 21 72
2 7 34
22 24 1
26 11 50
3 70 24
60 29 27
33 27 2386
34 45 98
31 16 11
56 63 0
30 64 16
18 54 0
59 22 0
25 37 90
47 54 48
45 54 283
52 18 1
40 27 1
54 53 321
63 7 66
23 69 16
32 48 3
61 32 1
34 19 10
8 29 114
11 23 315
38 48 0
15 33 99
22 65 64
22 34 280
59 30 1
23 5 25
44 63 11
13 19 2122
41 47 56
40 55 1
31 65 18
4 29 107
22 56 43
12 43 122
14 70 354
13 62 16
68 54 2
29 63 314
4 29 267
46 13 3
37 63 0
16 55 2
5 12 2
18 49 9
63 1 3
62 24 0
50 28 1
56 64 1
39 17 3
59 15 9
44 70 2345
70 70 27
42 32 33
12 15 1
31 14 97
15 37 50
22 17 41
48 5 2
22 26 0
41 28 322
68 30 8
32 27 3
17 35 18
65 46 2304
23 30 48
57 67 16
7 7 48
12 66 48
70 52 91
63 19 272
61 1 41
1 13 275
39 44 322
59 54 0
30 32 323
23 2 0
34 68 42
34 58 49
65 42 42
41 47 273
25 42 1
28 3 0
43 43 26
31 10 10
52 24 2
11 21 0
52 11 3
59 52 379
41 23 2
20 67 1
38 1 0
8 68 2313
5 29 2
49 45 2321
40 7 2
38 47 57
27 45 1
44 19 3
68 38 80
8 17 346
4 8 1
63 31 273
14 17 1
25 23 8
66 16 2
62 48 0
48 65 35
40 26 314
16 49 1
7 5 298
4 61 3
26 46 27
51 24 3
18 20 65
28 51 369
31 67 11
18 2 34
15 62 8
11 2 257
19 56 8
7 9 43
25 2 26
62 68 11
11 39 57
21 62 97
27 37 2
5 46 58
43 35 2
4 8 10
6 46 267
23 15 80
48 19 83
2 60 258
43 57 42
54 49 90
24 4 0
70 59 26
29 70 2
61 51 304
60 35 265
29 4 50
62 67 1
63 68 2
18 42 26
2 10 0
68 66 2331
10 23 83
68 49 50
43 28 18
57 52 24
24 51 58
20 42 2
38 27 330
11 18 1
28 29 35
23 58 346
13 22 1
52 68 25
56 56 2162
50 64 328
62 53 1
4 17 26
14 21 0
47 39 3
41 6 3
25 56 3
12 34 2304
32 31 107
59 39 1
43 3 0
31 27 26
54 47 11
60 52 8
67 55 19
49 6 371
65 38 3
34 25 59
15 2 49
39 33 1
11 25 11
15 24 50
28 55 115
40 44 11
52 53 0
54 35 1
56 28 9
23 45 11
25 52 320
14 65 3
29 59 75
48 52 2
54 66 8
38 43 290
7 13 3
54 28 9
42 35 0
47 8 2
57 6 27
24 42 3
16 1 26
20 60 0
24 30 3
49 67 322
59 32 0
62 54 2056
69 40 25
45 51 0
3 23 123
49 22 1
5 57 298
49 5 3
70 26 1
49 64 73
59 43 2315
37 48 289
35 44 24
30 63 73
12 67 0
15 25 122
28 54 371
67 32 9
7 16 49
59 28 9
47 66 3
23 19 0
27 42 8
54 5 331
49 43 2
58 31 2
18 48 65
57 62 121
39 6 9
1 70 11
9 16 8
17 68 321
54 45 25
21 33 2
42 37 34
24 53 1
9 22 35
31 27 1
70 44 27
20 34 16
57 17 67
6 28 122
66 42 320
47 34 27
20 52 8
34 27 3
32 14 88
18 34 18
2 12 355
18 63 3
16 52 1
70 39 74
18 61 0
29 63 2139
10 47 0
12 16 51
16 55 89
66 17 74
59 19 1
13 65 330
54 28 1
9 56 34
61 28 2
70 35 1
67 24 10
67 60 0
6 22 35
5 67 0
37 18 0
15 19 297
3 36 0
10 43 1
41 48 24
60 2 11
52 62 1
48 48 1
31 13 96
64 12 58
38 64 1
16 44 0
64 18 90
7 30 112
70 8 0
70 31 11
9 52 56
48 22 2090
15 68 323
36 35 266
64 11 2387
38 66 19
1 64 24
48 68 10
41 55 0
52 37 0
54 68 0
51 63 0
44 49 17
34 28 0
66 32 17
46 57 2
65 26 297
66 12 2155
13 51 3
2 34 3
62 32 2144
63 20 2410
61 43 57
69 56 35
61 57 18
61 42 1
25 44 89
17 44 0
10 4 0
67 66 27
19 34 0
3 41 1
16 49 3
31 62 0
40 43 3
42 6 1
26 4 99
65 63 1
60 41 32
34 30 291
55 63 16
37 60 2
10 21 0
1 47 122
29 25 2386
52 33 0
54 63 2
39 56 298
39 42 19
52 2 122
25 55 2363
38 36 0
16 32 72
43 32 91
13 66 338
38 48 16
47 39 24
19 47 16
36 69 8
64 7 75
65 9 2353
60 70 17
17 52 1
6 44 74
20 40 339
40 37 3
20 46 1
65 28 64
68 70 370
35 68 1
29 36 315
25 11 0
32 52 49
41 12 368
65 27 0
68 26 305
29 11 313
62 43 9
54 4 34
30 12 18
28 3 0
51 11 0
38 38 19
18 29 43
32 35 98
51 54 328
18 24 2
49 25 49
65 18 10
63 6 0
31 7 1
20 53 3
53 34 371
13 69 291
13 69 1
1 18 2
24 20 10
11 43 2131
18 42 10
30 43 88
26 58 25
60 2 275
13 42 105
8 18 10
59 63 24
6 7 97
69 39 8
10 12 3
43 61 18
28 62 352
33 13 32
35 52 33
29 52 24
65 26 27
44 70 330
54 51 18
47 27 107
33 57 378
61 41 25
62 70 2088
66 18 0
22 11 1
17 57 1
8 69 331
12 15 98
54 15 2
57 30 304
56 50 59
22 13 339
34 25 273
60 35 1
22 10 98
30 33 66
18 30 1
41 50 259
68 38 32
49 22 2048
9 31 0
3 13 107
39 68 42
26 55 328
45 49 329
59 56 74
15 3 304
34 50 89
50 38 0
29 10 0
3 18 43
62 40 65
42 1 288
55 29 0
65 25 56
29 5 0
54 38 0
44 69 49
22 33 8
60 61 35
57 31 1
26 52 73
53 13 97
47 32 0
36 18 50
41 11 35
42 8 25
68 68 2129
4 7 0
52 39 96
68 40 1
54 37 106
17 58 363
35 2 291
3 28 27
11 59 75
51 58 11
26 54 66
66 49 122
15 65 50
35 1 1
15 51 81
15 3 258
60 41 123
4 33 16
60 24 9
25 28 1
19 15 17
62 11 274
49 33 0
18 2 56
23 58 2107
70 63 1
57 37 0
38 25 2
19 1 1
57 3 0
22 26 0
14 38 3
45 21 361
20 51 9
27 43 1
36 26 339
2 52 296
68 36 1
48 40 33
25 16 115
67 49 25
54 70 57
35 37 9
1 30 8
21 15 2
5 58 34
58 46 10
6 32 11
16 36 1
17 50 50
31 48 40
31 64 1
20 58 2144
32 65 361
15 13 2
51 17 2384
14 17 2
47 4 8
45 65 0
61 68 9
40 64 2
7 62 41
11 67 1
22 54 83
16 28 58
14 19 3
32 1 313
2 7 18
21 10 3
58 27 17
33 67 11
9 37 0
33 22 49
9 6 2051
18 55 57
10 42 0
51 19 8
29 15 1
61 33 57
14 66 3
43 23 304
13 66 32
20 42 59
35 56 289
41 48 353
27 31 290
27 30 320
66 64 8
11 48 74
20 17 3
24 17 8
65 58 73
50 51 8
66 64 0
11 48 274
43 68 1
70 7 0
47 68 0
47 35 50
48 21 120
45 64 27
56 66 51
15 30 2321
43 54 3
2 40 18
23 45 75
16 46 275
25 15 296
52 54 56
17 24 17
3 39 0
56 25 2
33 61 1
60 8 18
25 22 2091
44 69 2098
24 37 306
63 57 2115
51 25 1
32 41 17
49 51 2
63 21 3
59 42 82
18 67 2
34 3 337
19 4 1
46 37 1
44 32 2
17 65 2
65 31 3
10 45 3
13 44 1
67 19 27
54 41 370
64 32 90
6 61 58
21 16 1
33 2 3
26 38 33
13 30 1
70 58 9
11 66 80
61 22 43
18 69 2
37 46 379
22 3 24
67 26 58
65 18 83
35 60 2313
58 44 1
31 41 34
68 43 122
10 3 0
63 36 290
4 59 1
7 27 2
23 37 16
26 42 74
54 60 1
65 28 2112
7 11 2
61 11 99
7 64 0
2 69 16
9 55 9
22 43 0
26 28 1
43 24 41
63 3 371
9 19 0
56 26 58
37 69 1
46 38 26
46 3 2337
20 8 2112
34 22 377
41 47 2122
40 56 2
17 59 0
11 4 97
19 66 1
28 42 1
2 25 1
17 21 26
67 12 9
6 34 2408
43 40 97
36 46 0
39 7 43
44 54 2
1 5 64
12 69 9
45 10 1
1 63 1
19 3 0
4 13 370
28 31 1
17 70 2
70 28 9
7 66 43
5 58 50
7 19 0
10 12 3
50 65 113
16 58 73
36 44 2
63 38 3
66 23 2419
32 68 2
17 40 0
64 13 42
41 35 57
2 2 66
45 13 305
15 55 48
7 58 368
24 40 344
59 34 106
32 40 2066
62 10 35
25 52 75
62 55 0
8 40 1
59 37 2
24 4 0
47 53 10
62 57 9
4 42 297
20 42 0
41 60 40
48 44 1
58 45 24
60 16 1
41 54 57
42 34 65
48 10 0
1 19 43
7 35 0
67 19 2
13 42 3
43 61 98
9 28 0
38 49 56
40 24 0
18 53 1
6 68 2355
48 44 1
69 55 121
43 24 8
56 47 34
42 16 1
70 60 112
4 3 331
48 43 50
26 60 259
64 3 10
19 18 96
1 39 1
17 4 17
16 62 1
45 5 16
2 28 32
48 22 26
3 32 51
8 65 1
16 22 2
29 5 9
47 55 1
19 55 114
11 57 2
40 61 1
24 1 257
13 41 24
52 13 379
9 59 105
68 17 16
54 37 273
16 48 32
39 57 338
20 13 27
36 6 66
41 6 51
27 67 1
2 47 0
64 51 51
59 7 10
18 6 0
18 4 1
36 19 8
43 57 0
34 42 10
43 26 297
6 50 104
15 39 75
54 35 0
30 42 67
26 52 1
15 1 368
19 22 25
17 40 9
33 29 305
69 9 8
22 40 2
46 37 8
29 14 3
49 20 0
58 39 64
37 49 2112
30 66 377
13 23 3
60 35 2
3 35 51
43 14 10
58 25 3
69 10 1
65 9 58
5 35 0
31 7 3
1 15 315
55 47 344
64 45 291
59 37 0
46 7 299
57 40 0
65 7 3
43 12 107
44 58 1
1 55 304
22 17 26
29 11 2
23 25 3
69 61 305
27 17 0
61 3 0
27 28 299
45 42 32
7 16 59
10 42 51
24 38 0
25 23 9
69 32 51
45 8 27
15 26 298
35 10 0
1 47 11
61 6 3
37 49 18
16 2 3
10 9 2371
12 2 288
18 20 105
33 30 66
52 67 2
16 19 1
68 29 58
69 49 3
41 9 114
35 58 345
63 42 291
11 4 106
49 4 41
10 21 1
16 53 58
57 67 2
23 11 67
36 68 8
54 23 10
21 38 1
51 43 11
26 41 18
19 69 16
44 24 0
23 69 1
66 5 104
50 34 10
28 10 0
47 28 2
36 8 0
64 11 104
56 19 0
51 49 123
22 36 10
39 26 274
51 2 0
43 15 1
32 36 2
54 17 43
58 37 2
50 40 0
56 44 96
19 56 3
22 64 0
70 14 10
13 28 32
52 29 2347
3 9 2323
25 25 0
18 31 3
67 25 1
36 29 0
9 39 25
42 60 120
41 11 3
22 27 2
39 33 3
68 30 1
22 11 26
70 15 34
34 33 25
10 25 16
37 43 2
65 43 3
1 21 24
38 43 2096
66 62 275
66 68 104
13 11 2395
69 58 106
6 26 1
13 30 26
45 54 2
67 9 2
62 65 289
5 19 120
45 42 66
3 24 42
14 69 2416
5 19 2322
31 67 2
60 51 24
23 68 336
61 59 2
53 38 9
49 31 25
22 9 331
18 47 2
16 7 2
26 23 337
52 57 9
25 30 81
57 41 298
48 25 3
18 62 9
30 65 379
17 16 19
19 42 312
49 34 0
47 11 0
57 40 19
29 19 1
41 48 3
36 49 81
16 34 0
43 12 115
12 51 16
42 6 11
20 47 267
42 64 43
28 32 10
63 70 64
15 31 344
48 19 2
53 65 1
5 46 0
1 5 1
31 11 2
27 67 106
49 34 33
26 51 2376
5 36 122
54 7 1
48 43 2
30 68 0
50 42 297
17 66 3
68 54 16
63 15 3
39 18 58
31 4 0
54 57 2
50 19 368
40 46 35
57 29 1
17 52 369
36 18 41
58 63 33
62 4 2064
40 4 266
16 23 0
30 64 9
39 46 9
29 28 57
28 56 3
25 22 19
5 9 0
35 20 48
53 35 8
43 17 34
61 61 106
2 4 27
22 3 49
64 3 8
59 6 3
22 53 307
8 57 56
21 29 2
23 48 2
60 17 0
63 13 0
55 61 25
11 54 8
49 69 1
16 58 11
13 58 1
33 7 18
1 61 0
1 66 120
54 15 336
20 53 3
25 30 10
34 44 306
23 67 96
65 61 8
13 28 18
57 67 120
54 14 50
35 42 331
64 19 10
26 21 1
43 3 11
39 67 42
34 23 1
64 23 0
38 50 82
1 18 8
25 2 49
50 12 24
4 17 40
47 65 89
60 59 0
56 30 0
53 52 122
16 69 121
55 60 369
26 11 80
1 19 1
60 19 264
45 22 8
8 18 258
31 31 346
69 13 3
19 21 3
5 19 2328
48 69 18
30 44 1
4 36 2
69 45 1
23 9 42
8 18 10
42 43 2
56 56 121
26 24 82
38 54 0
18 41 105
17 4 33
33 15 50
66 22 0
49 59 98
68 54 32
49 22 26
35 55 3
68 52 2409
10 48 50
29 40 1
30 64 2
29 38 112
23 55 3
59 70 25
3 50 27
59 29 18
15 59 2
65 30 275
2 8 1
70 27 1
31 12 11
38 1 299
34 15 115
43 5 11
65 24 2
47 14 3
35 66 282
28 15 2
58 50 3
63 62 11
29 59 56
7 62 8
14 56 17
52 23 19
46 66 306
42 44 56
54 21 35
4 9 1
14 69 2
19 33 2082
41 63 25
29 36 2082
66 14 0
21 53 329
3 62 113
15 17 2410
3 44 3
60 11 58
52 57 2113
3 12 65
61 67 89
53 9 2
12 55 3
14 42 17
68 55 1
66 55 97
19 12 83
52 64 361
53 7 1
28 19 1
7 47 0
3 48 19
64 70 282
64 65 58
10 33 10
10 4 0
43 53 0
63 36 0
16 49 11
37 25 368
56 14 1
48 18 304
44 30 0
43 24 2170
59 29 3
62 68 2
41 5 11
1 1 91
52 10 97
45 56 0
12 25 34
22 59 2115
47 43 10
36 54 2403
19 2 81
60 42 1
28 39 114
47 11 40
1 34 57
47 47 89
7 48 50
28 45 3
24 69 26
51 61 2
12 9 1
25 52 0
22 15 34
56 45 0
9 7 51
55 31 49
42 10 25
13 12 112
48 57 376
44 41 33
7 66 3
32 9 1
63 21 48
26 55 19
67 28 8
11 38 2058
58 29 16
62 19 10
7 30 274
63 62 2
41 48 9
10 33 297
23 42 339
5 14 8
21 52 3
51 40 328
20 26 24
40 30 123
18 53 257
49 63 88
21 48 1
31 6 74
11 47 75
60 32 2315
30 23 8
10 35 11
47 68 3
56 61 354
60 51 33
36 30 2
37 34 0
33 57 11
24 27 18
16 18 35
29 52 0
45 1 3
40 15 66
51 23 34
59 1 2
64 38 42
47 30 114
33 32 43
12 31 18
31 20 0
12 57 9
50 18 1
57 27 2
8 65 305
29 27 1
26 9 43
67 52 59
55 56 65
51 38 26
32 24 0
10 10 33
25 9 272
10 56 106
40 44 2304
32 10 259
1 67 2139
11 12 64
27 37 8
47 26 3
59 58 371
8 34 26
66 55 58
1 41 2
26 42 1
28 33 0
3 31 307
20 30 0
69 34 1
1 40 35
42 36 1
69 51 2136
14 70 11
27 40 0
24 37 259
1 5 321
1 49 26
32 50 99
53 42 27
35 54 290
31 27 0
57 39 123
60 46 8
2 60 74
54 5 304
57 61 323
57 20 59
26 43 97
9 69 66
33 62 41
40 11 50
23 33 377
62 4 1
42 34 265
11 35 10
51 9 297
23 17 1
14 39 336
57 12 67
4 8 1
19 20 11
17 41 10
25 44 0
21 33 2146
26 61 354
44 37 8
58 22 1
50 9 378
32 42 106
46 53 19
47 68 65
29 21 104
30 43 2
23 5 1
6 12 11
22 57 336
70 38 57
46 7 2354
46 29 120
67 67 24
40 12 1
68 39 57
43 51 0
27 42 299
31 66 19
8 58 42
9 21 280
32 51 2
24 63 0
65 67 2
13 52 1
55 21 27
59 39 0
34 9 3
38 64 2
47 45 2
65 62 49
16 26 26
62 52 2
28 50 58
13 6 283
58 2 42
64 15 1
35 64 34
31 35 1
25 13 1
55 20 1
54 47 25
63 17 1
1 55 1
8 28 114
52 6 19
68 56 1
38 9 105
4 57 305
61 68 1
57 36 98
13 45 123
15 20 304
69 36 96
9 19 3
62 33 0
58 31 59
59 66 16
49 42 2
11 28 3
57 27 74
1 3 65
36 70 3
13 51 33
26 14 16
56 46 282
6 17 123
34 11 67
4 21 2
31 33 19
24 56 11
29 47 2
12 17 298
34 70 106
67 1 3
30 64 3
29 47 41
19 6 8
1 19 1
55 57 289
48 53 1
13 61 0
36 10 3
36 44 0
4 9 1
5 33 0
38 65 0
70 68 1
56 42 3
51 2 0
40 24 3
42 68 8
2 26 10
25 43 11
12 27 3
24 50 0
13 35 1
70 8 329
57 6 72
44 13 288
36 70 19
37 61 1
70 34 25
2 64 90
38 18 91
28 38 0
19 15 82
22 29 2395
40 3 0
13 6 304
65 58 3
48 8 344
51 41 35
37 30 3
52 54 0
27 53 120
61 51 376
18 2 3
13 25 2
35 15 8
37 50 1
29 62 8
10 40 32
18 57 17
43 14 0
36 43 1
51 28 8
70 47 257
56 42 27
64 44 65
53 61 81
14 48 0
67 9 112
27 57 3
52 15 40
20 12 2379
14 49 353
44 9 1
60 47 48
7 70 0
31 44 2
51 36 1
66 8 2120
47 49 16
40 48 0
61 24 296
22 58 98
12 37 57
68 64 17
44 58 2
5 36 312
69 29 371
13 66 371
45 34 16
1 59 34
55 41 2
52 36 40
48 51 25
47 5 2
55 47 2
22 44 9
55 63 2091
48 29 75
8 58 0
56 56 0
46 35 11
55 30 48
42 6 267
8 57 265
68 47 59
68 70 26
8 59 0
68 44 298
5 17 25
46 24 3
3 54 51
36 18 51
61 36 1
10 57 122
25 28 40
18 6 83
65 18 26
5 23 25
63 57 2
56 4 49
32 10 8
52 50 2
26 29 16
49 51 258
58 12 347
68 48 10
3 60 17
20 32 33
8 6 370
57 42 1
67 37 0
66 29 107
48 10 1
69 7 2
38 24 336
39 7 64
53 48 273
28 51 1
40 27 122
45 21 48
63 25 0
18 43 89
22 12 3
30 21 338
62 12 51
59 37 353
18 46 1
47 4 120
67 40 10
3 32 352
30 33 0
60 42 265
18 45 91
12 50 274
10 38 8
38 32 19
10 70 32
54 25 0
23 62 73
24 20 2153
54 44 65
62 2 27
61 48 26
3 69 1
37 62 0
17 7 0
27 30 17
30 68 0
53 58 2384
41 56 3
31 13 290
30 25 121
8 13 27
38 6 42
11 56 1
3 69 34
15 27 0
15 40 82
54 26 0
21 32 8
29 22 328
63 28 1
23 23 105
48 70 362
32 45 43
28 59 25
49 14 9
46 15 9
15 58 80
44 42 8
14 20 19
45 1 57
33 26 288
34 9 58
3 53 3
25 67 2153
51 27 0
30 42 353
57 19 34
33 44 355
65 24 321
53 67 80
63 68 75
25 51 338
31 17 2
18 47 274
3 62 3
7 24 10
46 26 49
6 63 329
45 6 0
26 14 2
12 51 281
38 67 25
67 47 0
28 14 2083
23 44 267
63 18 3
17 52 0
59 17 3
58 27 1
15 38 274
60 52 307
11 44 320
51 30 0
46 66 3
20 63 2
37 34 17
55 37 25
68 38 2378
39 17 0
43 62 1
6 43 120
14 41 1
51 34 361
59 19 1
28 7 0
70 19 1
46 34 91
27 19 2
56 17 3
5 28 8
30 23 347
67 65 10
29 8 80
7 58 378
22 58 10
49 41 3
15 48 2
42 20 41
56 5 1
26 9 0
66 19 10
52 18 105
57 46 2
56 16 0
7 14 1
24 1 59
11 24 25
38 64 360
6 35 2066
54 2 122
36 3 306
20 12 91
44 5 0
49 37 24
3 2 18
53 6 25
26 53 3
24 26 1
43 7 3
29 46 57
28 49 1
8 1 24
15 1 97
13 12 328
47 26 1
55 20 1
5 8 18
41 56 113
22 61 8
53 60 0
37 26 11
60 27 80
46 13 25
13 18 27
35 66 1
29 21 9
44 66 9
14 20 18
66 49 1
31 42 2329
54 49 1
9 28 314
51 58 0
60 43 9
57 55 1
49 57 67
63 56 1
46 64 1
64 11 3
69 29 1
66 54 49
22 22 1
38 47 35
47 50 2
29 60 99
70 40 97
33 7 2
1 57 2
39 17 18
56 16 283
23 61 10
23 5 275
5 54 331
57 22 8
6 54 17
4 25 48
16 38 10
49 35 304
39 56 2
68 54 11
23 11 2
31 35 3
61 44 99
12 27 267
3 68 83
33 58 0
14 10 1
62 12 75
5 39 1
65 56 352
46 20 0
7 24 1
66 49 312
14 58 11
19 30 376
50 49 1
19 21 2323
5 3 106
47 33 11
46 16 114
38 6 0
32 9 3
13 55 11
16 33 1
28 25 0
57 25 115
50 22 1
58 7 10
11 49 10
49 21 0
62 38 48
62 56 50
9 9 19
43 21 2401
16 51 1
49 25 9
12 51 275
36 4 51
26 33 88
60 17 2161
41 23 353
25 18 0
61 42 43
19 12 0
34 17 1
69 22 8
2 48 1
8 41 299
60 56 67
11 37 19
62 20 354
69 61 73
29 2 2331
69 23 104
7 39 2
18 29 104
57 9 321
46 24 299
40 3 2
9 64 83
33 25 361
26 30 2
63 27 43
