70 5000
^^^|&^&&|||^
15 59 5
42 43 0
6 60 1
47 46 517
22 59 4
14 18 1
22 61 5
66 29 512
29 2 0
28 34 0
64 39 1
62 67 516
61 17 516
2 33 5
51 53 0
66 40 0
9 56 0
1 24 0
34 30 513
5 38 5
9 42 1
29 1 0
55 11 0
63 32 516
12 46 5
9 55 0
26 60 5
13 42 0
3 11 4
8 6 5
59 19 1
29 50 1
10 44 1
37 27 1
2 38 5
5 66 513
37 8 1
48 35 4
61 57 5
32 33 1
42 53 5
69 29 4
41 57 5
26 29 5
49 6 1
49 6 5
63 70 1
56 57 1
52 9 512
16 2 1
69 52 0
31 2 0
45 38 512
7 61 516
36 31 0
55 50 0
23 54 512
60 7 0
60 15 1
25 50 516
47 29 4
53 57 513
26 60 0
31 66 0
44 63 1
20 24 1
8 11 512
36 15 4
33 40 517
21 6 0
14 41 513
57 38 0
14 29 5
46 54 4
28 21 5
65 18 0
1 24 512
57 4 517
47 19 5
44 13 0
32 44 513
25 35 512
61 27 5
51 41 5
4 68 5
2 21 512
35 38 1
34 38 4
12 38 0
17 65 5
53 60 5
57 46 5
2 25 5
50 56 0
39 35 5
59 45 5
35 54 517
46 44 5
62 33 1
25 14 5
16 52 0
22 4 512
1 34 4
17 22 5
44 19 1
62 46 5
65 13 4
52 10 4
33 21 516
44 9 1
57 55 4
69 46 512
46 56 5
30 28 0
12 27 5
2 55 517
65 10 4
63 45 1
62 35 0
57 5 5
11 52 0
7 47 4
53 14 513
29 67 0
47 8 512
39 57 513
27 28 5
59 62 5
64 58 4
35 32 512
9 44 5
16 15 516
66 53 4
23 22 513
25 49 1
37 47 0
5 27 0
2 60 512
63 47 0
31 49 516
63 55 4
68 39 0
67 6 5
46 21 1
10 16 1
48 61 1
57 65 4
19 48 0
41 30 0
34 58 5
39 55 516
64 37 5
37 61 4
43 54 4
48 8 0
21 64 1
66 8 1
32 46 4
9 18 4
65 55 0
40 5 513
51 1 4
10 9 5
41 23 5
29 3 512
26 46 0
17 58 516
15 25 513
9 68 1
11 54 1
8 55 1
46 56 513
62 47 512
37 50 0
26 59 1
44 56 517
70 43 5
28 26 0
56 37 5
53 58 5
19 45 4
30 12 0
28 62 517
32 15 5
33 40 513
1 31 4
5 13 517
2 1 517
51 2 1
31 38 1
69 12 0
39 12 5
62 41 4
13 7 5
30 39 0
62 9 513
33 56 0
58 24 1
32 24 512
7 67 4
3 9 516
66 23 4
57 54 5
1 22 1
12 9 1
17 34 5
52 28 4
42 63 0
20 67 4
49 8 0
69 25 1
15 7 5
45 3 512
54 19 512
53 48 0
37 63 512
36 46 0
55 16 517
59 31 4
49 67 5
6 54 0
32 44 0
67 70 512
58 54 1
29 23 5
41 15 5
43 1 0
1 1 4
16 47 5
31 68 513
22 51 0
24 45 5
32 52 4
28 33 1
35 45 1
60 33 5
70 5 0
67 15 0
57 25 4
12 54 512
68 50 4
55 23 517
36 32 4
44 13 5
8 53 0
38 49 513
45 46 516
5 69 0
34 31 4
12 46 4
6 38 516
15 66 1
69 59 4
58 48 1
6 18 4
10 46 0
14 68 4
4 15 5
41 51 0
70 35 1
13 27 0
1 19 513
25 50 5
60 41 4
52 35 516
13 43 0
1 62 0
1 67 1
20 27 516
44 21 4
1 38 5
13 46 0
3 62 1
28 46 5
8 10 5
4 15 516
56 24 4
44 69 4
65 45 5
49 12 4
34 38 512
69 9 0
66 64 5
20 57 4
35 22 5
63 27 4
60 21 5
29 33 512
37 15 5
60 67 1
54 6 5
57 26 1
20 21 4
16 20 512
41 45 1
66 4 5
36 31 5
50 5 0
45 43 516
7 66 513
44 49 0
41 48 5
8 67 517
48 21 517
64 53 4
35 2 1
19 69 4
46 9 5
68 67 512
4 31 516
66 47 1
3 27 1
10 66 0
20 32 1
66 68 1
4 55 5
26 34 513
21 35 4
63 4 5
9 32 516
22 62 0
26 16 4
25 62 5
53 47 1
8 39 4
55 41 5
37 38 0
58 45 0
17 13 0
68 11 1
30 25 513
49 41 5
63 47 0
19 46 512
45 44 5
45 68 1
18 17 5
21 32 1
41 21 1
6 65 4
52 53 5
23 37 516
39 31 0
20 44 0
68 34 4
13 46 5
62 36 512
36 35 5
58 8 513
68 19 513
41 15 5
12 47 0
26 57 0
9 50 516
12 30 0
21 49 4
2 56 0
50 12 4
18 34 1
16 70 1
51 55 517
54 53 0
14 50 517
66 64 4
31 20 516
6 3 0
63 37 516
28 55 4
38 67 0
35 5 4
58 31 5
30 19 4
61 27 517
55 6 516
48 47 5
65 37 5
52 20 4
40 11 1
65 30 4
55 26 0
9 49 516
3 10 1
66 16 4
63 39 4
19 32 4
11 19 5
36 39 4
60 33 0
49 3 512
35 12 1
63 28 517
60 41 4
70 41 517
29 68 0
8 34 4
58 10 513
3 29 512
10 21 5
42 21 1
65 58 512
28 41 5
24 27 512
23 34 4
4 3 0
38 2 4
16 40 4
16 46 513
50 22 0
4 17 1
12 13 4
1 58 5
63 35 5
13 55 517
40 66 517
8 38 5
22 67 0
35 14 5
25 5 1
69 65 5
4 44 5
33 37 512
16 30 1
66 35 512
25 23 4
59 34 5
62 29 0
3 4 512
46 3 1
63 12 4
6 66 5
14 24 5
22 30 4
23 60 513
44 19 516
28 59 1
57 35 516
5 15 0
40 20 1
28 20 1
67 2 4
58 51 5
11 23 0
62 9 1
20 10 5
1 7 516
7 7 516
50 42 0
25 54 4
10 48 1
8 2 4
52 57 516
6 14 0
38 27 1
50 66 513
16 42 5
56 20 4
2 17 1
59 53 512
35 33 512
29 27 1
16 18 5
51 38 5
15 47 0
46 34 5
61 23 513
57 24 0
67 6 0
56 38 4
11 65 4
63 19 4
22 67 1
47 17 0
52 28 5
66 45 516
25 1 0
32 11 5
58 23 0
28 34 513
64 50 0
53 39 0
1 45 4
63 33 517
11 5 4
55 63 5
14 70 0
3 4 1
13 19 0
57 52 5
37 41 1
40 14 517
61 44 5
40 35 1
2 48 4
56 14 516
34 9 1
43 59 0
31 70 4
28 19 516
32 24 513
37 30 0
33 20 513
44 13 517
16 22 517
52 51 517
14 2 517
60 1 5
18 34 513
5 36 5
24 63 0
11 35 0
34 1 5
22 29 4
48 1 0
62 44 4
29 62 1
23 45 5
45 24 5
25 37 512
58 10 517
61 51 5
28 34 4
58 48 5
39 32 512
45 8 0
64 70 5
45 49 517
61 43 4
52 64 4
45 15 5
12 32 1
70 24 5
33 46 4
46 30 4
53 15 1
53 34 513
46 43 5
15 55 0
28 27 0
62 70 1
20 18 0
6 15 1
48 37 1
24 5 0
47 22 516
2 70 4
10 16 4
23 45 5
58 67 5
65 63 0
47 61 1
56 18 0
38 49 5
62 19 5
53 39 0
26 56 4
48 68 5
23 26 0
48 3 4
16 45 0
39 14 516
19 55 517
53 52 0
52 52 516
49 68 512
13 12 0
4 19 5
53 23 1
24 53 1
6 54 516
7 4 4
4 38 1
59 6 0
10 39 5
8 27 1
25 60 0
30 22 1
31 23 5
42 34 4
63 59 4
39 69 516
59 37 1
28 1 0
70 2 517
24 55 512
11 4 516
40 7 5
54 42 5
37 40 5
32 5 0
70 63 5
17 52 1
70 51 1
54 57 0
22 42 4
39 11 4
46 9 4
49 66 4
38 24 512
34 60 4
19 42 1
49 48 1
38 31 513
66 28 1
24 47 513
56 48 4
65 19 512
47 11 516
37 9 513
61 28 1
53 25 512
17 35 0
30 26 5
15 9 516
2 6 5
21 59 4
49 55 516
27 44 5
6 34 1
24 7 4
65 36 517
45 30 513
20 70 4
3 39 5
68 66 0
57 3 4
29 2 4
45 5 0
10 49 0
7 19 5
26 50 5
51 3 0
28 61 4
11 31 517
28 31 512
34 37 513
29 14 1
10 25 517
35 20 4
53 62 5
19 61 516
49 8 512
67 11 1
35 52 5
19 63 1
50 55 5
28 34 5
25 61 517
8 24 5
33 65 516
31 62 4
65 63 5
12 10 1
44 13 512
56 27 1
64 70 4
58 3 4
33 6 5
15 20 5
60 59 5
27 13 512
35 37 5
64 47 516
52 47 0
7 48 1
33 4 1
4 17 0
55 55 0
35 50 517
5 62 5
58 28 1
5 60 5
65 38 1
68 20 4
37 15 5
6 2 4
55 58 0
56 11 4
6 45 0
41 53 5
48 60 516
65 67 5
59 20 4
41 1 1
66 1 0
51 22 0
28 17 516
7 61 0
57 56 0
49 13 0
27 67 4
40 8 512
6 28 1
27 67 0
65 56 0
5 36 1
61 27 1
44 21 512
14 5 512
36 51 4
11 31 4
46 40 513
62 50 4
53 18 1
9 8 4
48 46 0
66 36 5
12 37 1
59 50 512
28 18 516
25 56 513
38 57 0
31 28 0
22 12 512
19 16 512
7 40 1
66 46 513
59 27 1
26 67 5
46 54 4
36 56 4
65 39 1
34 58 4
47 34 1
35 61 4
61 48 513
44 22 1
23 55 513
57 46 5
57 6 4
7 66 516
68 32 1
9 36 516
44 30 1
28 70 517
54 32 1
66 52 4
29 31 4
23 35 5
41 48 0
52 70 0
3 5 4
40 27 4
4 44 5
47 56 4
49 19 4
7 24 0
69 14 5
61 61 517
66 23 4
49 24 516
28 47 4
55 22 513
62 2 516
51 34 512
12 17 4
38 27 1
12 6 4
33 24 0
63 33 0
4 40 0
29 59 4
48 33 5
42 50 4
57 52 513
4 67 5
45 4 0
8 60 512
41 21 1
20 48 4
34 40 1
58 22 513
21 35 4
25 61 0
31 56 1
15 24 4
51 52 1
60 37 5
14 64 4
19 25 5
12 7 5
35 63 5
50 46 4
32 38 5
16 31 517
53 26 1
41 38 1
51 2 517
17 29 4
30 9 0
51 43 1
68 33 0
24 33 4
42 68 0
66 26 1
26 67 1
48 18 4
58 34 512
7 37 517
22 54 516
27 59 5
9 53 0
19 51 1
2 64 1
43 9 4
27 34 513
55 70 516
17 67 5
46 32 4
19 47 1
38 59 5
26 28 1
10 68 5
65 10 4
69 45 0
31 6 4
56 7 5
24 4 5
12 28 0
2 13 0
8 49 513
31 16 1
21 65 1
29 6 0
15 54 0
58 45 4
63 70 0
22 67 517
50 60 5
29 12 1
7 69 4
20 41 0
67 46 513
28 47 517
25 33 5
44 57 4
55 67 4
31 35 516
15 28 4
51 22 1
12 22 517
2 14 0
20 17 4
15 12 0
21 31 4
1 67 513
13 67 513
52 50 0
16 24 4
62 35 5
59 64 1
60 64 0
67 1 4
66 63 4
51 45 0
61 26 1
5 66 513
63 42 0
45 34 513
15 7 512
63 46 516
64 61 1
41 36 513
66 37 516
26 3 0
18 55 5
8 32 0
32 35 4
50 21 5
7 10 0
68 62 4
37 20 0
36 31 5
20 1 513
57 35 5
27 19 5
37 2 5
64 66 4
28 68 5
37 56 512
70 43 4
9 61 0
62 33 4
25 29 5
27 68 1
33 11 0
42 25 1
13 58 5
1 29 4
43 25 1
9 62 1
63 52 1
59 65 5
12 6 4
50 53 5
54 17 5
20 45 5
43 16 0
49 40 1
48 46 513
64 23 4
6 4 4
50 44 4
41 8 5
24 13 1
8 16 4
67 1 516
22 47 516
45 36 1
57 32 1
30 65 1
47 4 0
13 24 4
36 34 512
67 17 4
26 25 5
35 41 0
25 66 0
58 10 516
15 48 1
29 63 1
70 17 4
5 38 4
19 6 5
23 27 517
3 42 1
33 42 1
16 57 1
46 3 1
22 21 0
18 45 5
64 36 4
55 12 0
45 18 0
43 31 4
62 24 4
37 68 5
59 34 0
11 53 0
59 69 517
50 36 512
21 27 516
62 32 5
3 55 1
17 61 517
6 57 1
34 58 0
31 31 0
49 50 5
37 49 512
12 19 4
20 32 516
38 15 517
47 31 4
49 44 1
58 12 1
38 59 512
58 41 513
67 31 4
24 33 5
58 51 516
34 5 4
59 25 0
52 3 0
4 21 1
55 52 513
10 20 5
17 20 5
14 3 4
32 42 4
52 32 513
35 3 0
37 34 517
57 8 4
35 61 0
12 19 1
68 15 1
52 50 4
60 4 4
11 68 4
15 9 0
48 16 1
16 20 4
65 53 4
52 61 4
40 25 5
17 2 4
32 68 0
64 19 0
7 43 512
34 29 1
41 62 0
20 11 5
5 68 5
11 9 0
25 31 1
36 37 1
8 32 4
36 33 517
35 29 513
70 68 516
55 24 1
17 5 0
8 29 1
61 42 4
11 30 4
2 3 0
22 24 4
64 19 0
2 46 0
64 3 516
39 32 5
11 40 5
29 63 5
10 3 4
44 41 1
67 19 0
64 69 5
8 53 5
4 24 1
45 3 0
58 58 517
35 49 513
34 66 1
60 14 1
37 20 1
2 37 0
65 61 4
47 54 0
28 4 1
26 37 0
22 43 4
38 1 4
50 70 517
15 45 513
55 27 4
8 4 516
32 40 4
13 59 0
19 14 0
44 16 516
11 19 0
3 12 516
1 47 5
51 24 4
61 47 4
7 51 4
37 32 5
69 23 517
69 45 5
68 45 4
37 65 0
24 31 4
41 60 512
37 6 4
67 4 4
50 4 513
30 56 4
6 39 1
42 14 516
27 30 5
62 40 1
65 59 5
1 54 1
60 17 4
23 6 512
27 43 4
56 19 513
18 41 1
48 36 4
47 61 0
59 25 0
37 52 5
55 14 4
20 36 0
14 31 4
14 36 5
61 20 5
11 32 4
64 31 516
68 8 1
45 8 4
4 22 0
24 11 1
44 42 516
15 58 5
55 27 512
16 34 517
63 45 4
16 16 0
32 11 513
16 18 1
55 56 1
44 51 516
36 29 513
57 70 5
33 10 5
53 9 517
31 62 1
43 57 516
48 59 516
39 17 1
42 55 0
58 24 517
69 35 0
35 23 0
6 40 5
30 30 0
46 20 0
31 54 0
52 25 512
33 64 4
39 41 5
59 68 513
65 38 5
64 6 0
8 8 1
40 10 513
43 51 1
39 7 4
25 15 1
21 41 5
42 68 0
34 56 0
57 42 5
26 22 1
40 51 1
13 57 4
1 40 0
9 53 5
26 52 4
37 56 5
17 14 512
23 65 4
60 69 0
36 67 0
22 68 5
47 60 1
28 33 5
69 4 1
38 64 5
37 54 513
49 66 1
20 53 0
38 46 4
39 43 5
40 60 516
8 70 0
3 65 1
46 13 0
19 50 1
55 47 1
10 7 1
10 43 4
50 48 5
69 35 1
6 40 0
67 39 0
46 50 1
48 62 0
5 15 4
7 52 513
68 57 517
36 51 1
54 32 5
32 17 513
59 8 517
27 6 1
58 22 1
8 18 1
60 22 1
49 4 516
66 34 513
2 66 1
49 20 0
69 12 5
67 55 4
26 64 5
36 49 513
16 1 1
54 59 1
38 45 4
47 58 4
54 10 517
29 6 4
31 57 1
3 30 512
26 14 517
60 41 0
64 48 517
54 65 5
13 30 5
59 14 513
5 32 517
60 33 5
59 18 5
12 52 5
9 6 516
3 37 5
29 39 4
60 61 1
47 69 1
52 50 4
49 42 516
39 68 5
28 39 1
69 10 516
25 42 4
24 69 517
45 9 516
33 9 1
39 45 4
39 54 5
36 68 516
24 61 1
27 52 4
9 20 5
41 46 4
50 20 0
58 32 5
54 15 513
58 54 0
9 52 4
20 20 1
6 31 4
69 64 0
27 24 4
70 36 1
70 7 4
44 60 5
50 11 1
32 70 5
36 19 4
52 59 5
14 55 5
40 39 1
67 21 4
43 22 5
20 51 5
10 8 4
3 21 513
28 41 1
42 55 512
20 54 0
64 28 1
34 41 5
55 34 1
24 61 5
27 35 4
12 16 0
46 29 4
16 9 1
46 58 1
55 61 517
1 67 0
1 25 5
45 19 5
5 60 1
12 56 513
13 4 516
64 19 5
67 43 516
42 67 5
43 7 4
65 67 4
64 39 0
20 34 512
32 53 513
21 14 1
39 19 0
7 30 4
43 24 517
66 63 4
26 33 516
43 16 513
59 56 0
13 42 1
54 17 4
62 54 517
55 3 5
11 57 0
40 8 0
5 21 1
66 44 4
27 2 1
50 55 1
56 42 5
52 12 5
31 31 516
20 16 5
37 50 4
44 20 517
55 54 0
13 42 4
42 69 0
44 40 5
24 50 4
15 30 5
7 4 4
36 9 4
30 1 0
51 12 0
29 38 5
66 59 4
5 30 4
55 25 4
52 6 516
27 30 0
70 54 5
41 21 5
70 38 0
29 36 516
24 42 4
1 17 1
68 11 1
52 39 1
46 19 5
37 17 0
19 27 4
30 37 0
2 65 5
33 55 0
45 53 513
70 44 4
19 16 1
55 65 1
50 21 512
48 27 1
29 8 516
38 42 5
31 54 4
40 38 0
3 49 0
51 2 516
9 49 5
60 66 5
6 54 1
22 40 4
35 32 0
40 64 5
18 63 4
65 16 0
60 29 1
37 29 517
61 36 0
69 4 1
64 22 1
7 62 5
12 41 0
10 19 1
28 39 5
49 3 0
53 60 1
22 37 4
62 62 5
34 16 1
55 30 1
31 9 1
36 20 516
67 13 0
11 29 4
52 8 5
20 61 0
70 35 4
34 22 5
15 39 0
17 27 5
55 35 1
61 45 1
1 8 5
11 62 0
61 26 517
20 28 0
59 3 5
5 57 5
50 6 5
46 66 4
64 39 0
13 63 5
14 68 4
57 10 1
15 8 5
6 43 1
49 62 517
44 51 0
32 55 4
42 22 5
58 54 517
68 59 0
56 20 516
30 14 5
53 33 0
54 33 5
64 50 4
39 22 0
70 26 4
44 44 5
41 63 4
46 19 5
16 21 4
17 24 517
28 68 513
38 28 4
63 49 5
61 30 0
62 30 5
66 40 1
41 9 1
61 7 5
2 12 5
50 60 516
66 3 4
4 26 0
50 54 0
59 54 5
57 26 5
3 36 1
18 4 5
51 11 5
66 50 517
2 58 4
13 47 5
12 63 5
15 40 0
68 11 1
34 51 1
1 19 1
32 6 517
68 26 1
55 26 517
28 16 1
51 50 5
18 53 4
57 3 4
31 1 4
30 36 1
39 54 4
35 28 512
29 27 5
60 32 512
24 41 513
6 7 0
63 27 4
29 68 512
2 8 5
68 49 0
54 20 1
9 3 0
18 18 5
41 16 1
48 18 1
56 51 5
51 21 0
54 2 0
3 67 516
11 9 5
17 63 0
19 55 513
69 65 4
35 21 0
21 45 517
12 16 4
28 29 5
55 12 5
30 15 4
36 5 4
57 34 5
60 15 5
63 11 5
23 41 4
36 27 5
69 63 1
1 7 4
20 22 512
18 29 4
67 25 512
8 15 5
30 29 5
29 52 517
6 59 512
61 12 516
62 21 0
70 33 0
25 65 0
45 27 0
22 65 1
18 26 517
28 45 4
14 23 4
64 7 4
61 57 1
36 48 5
48 20 4
31 8 1
64 39 512
24 27 513
16 47 1
1 44 516
41 42 5
43 3 512
38 32 5
25 18 0
34 46 5
22 3 0
21 67 4
49 45 5
51 16 1
37 10 5
3 37 4
34 4 5
29 33 0
40 21 0
20 45 0
37 17 1
55 69 4
9 7 517
11 10 0
33 20 4
36 41 4
41 55 0
23 46 0
43 25 4
45 55 1
28 64 4
11 49 1
13 23 4
3 30 4
52 25 1
19 27 0
24 44 5
18 6 517
53 50 0
63 31 0
66 15 5
30 32 1
24 31 0
22 48 517
56 31 517
48 41 4
15 5 0
37 56 517
54 54 4
58 19 5
54 29 1
21 31 516
40 37 513
59 34 517
8 20 5
52 15 516
55 65 5
56 12 0
23 34 5
43 29 4
23 43 516
9 21 513
62 25 0
12 39 0
50 47 4
70 22 4
35 63 1
29 63 5
46 50 5
6 64 512
42 9 1
61 67 4
14 28 512
62 50 1
2 35 516
7 35 516
10 57 0
16 41 512
32 59 1
51 16 1
50 27 516
54 6 1
29 29 5
34 64 0
56 26 0
46 69 513
22 48 1
10 51 0
5 6 4
57 23 513
12 63 4
33 18 0
62 64 517
41 6 513
40 18 5
15 59 1
16 14 5
31 54 0
62 28 1
40 13 4
52 57 5
64 27 1
52 2 1
4 12 4
47 56 1
21 2 512
28 50 512
6 55 1
46 42 1
11 25 517
16 38 0
43 29 0
11 10 513
47 48 512
18 62 1
17 25 5
19 14 5
59 9 5
15 55 0
40 59 5
40 26 0
35 54 1
19 56 517
27 51 5
70 27 512
6 50 5
14 35 1
53 33 513
52 46 513
40 56 0
48 22 5
51 21 4
26 37 1
56 47 0
34 34 0
64 34 512
33 26 512
17 26 1
35 2 513
22 57 4
33 36 1
55 40 516
9 14 0
27 1 5
40 24 1
51 55 1
17 65 517
3 41 1
50 31 1
11 29 0
9 28 5
63 48 5
11 14 1
47 35 1
26 28 5
27 37 517
28 62 516
19 38 1
40 50 516
62 38 4
66 24 0
16 66 517
57 63 512
29 20 5
10 58 5
6 56 4
38 16 5
26 28 0
55 54 5
1 46 4
20 38 517
14 47 517
18 33 517
5 57 5
12 29 4
21 51 1
48 52 5
26 25 0
51 66 1
8 51 5
32 49 1
6 4 0
56 37 1
22 15 4
62 68 5
16 64 0
18 46 0
51 65 513
15 46 1
48 23 4
59 68 0
11 30 517
6 44 1
36 6 5
68 15 512
56 2 512
39 65 4
29 24 5
12 23 512
51 48 4
18 68 5
66 44 4
38 52 1
32 37 512
1 56 0
1 55 1
56 36 512
60 18 0
8 22 4
15 16 4
4 24 517
56 69 512
51 46 0
22 64 1
6 46 5
39 23 516
35 67 516
66 69 517
21 15 1
18 51 4
32 39 1
63 8 1
41 60 512
40 6 1
67 65 513
53 19 4
7 62 0
63 27 516
70 60 517
60 69 516
16 58 4
17 66 4
10 43 0
5 3 1
46 28 5
38 44 0
49 16 1
59 39 0
6 54 1
49 38 512
63 21 5
7 15 1
50 19 4
43 23 5
47 61 512
24 65 1
23 55 4
19 63 5
4 27 4
5 12 5
22 54 4
26 19 1
64 23 4
31 19 0
63 3 512
33 10 5
35 47 5
30 56 4
1 47 0
28 53 1
8 55 0
60 64 4
25 6 5
63 6 0
54 26 4
15 66 0
23 13 0
13 57 1
46 29 4
2 17 1
26 33 4
23 43 1
34 21 0
1 53 5
21 17 4
27 60 4
45 37 517
20 53 4
46 5 4
20 32 512
60 67 0
65 18 5
69 44 1
56 36 513
69 31 0
62 56 517
7 3 5
57 25 5
28 65 512
26 12 512
35 9 516
23 69 0
2 36 4
28 31 4
47 46 513
55 6 1
13 48 517
69 21 513
68 36 5
50 30 1
60 66 5
64 18 4
48 65 5
51 59 5
57 45 516
41 38 5
25 19 5
16 1 5
26 16 0
42 52 513
62 46 513
53 69 0
52 57 0
35 49 512
15 40 0
54 69 4
35 55 1
13 47 1
24 30 5
59 69 5
3 29 1
56 17 1
44 34 1
43 11 4
70 4 4
61 35 0
10 2 1
45 42 4
30 43 512
10 45 0
67 56 5
43 16 4
68 47 1
23 48 4
37 41 5
47 49 4
32 42 1
17 33 0
25 38 517
61 55 513
64 2 0
62 37 5
25 47 0
6 3 516
20 26 513
3 62 5
54 36 1
36 22 516
38 28 513
44 37 4
27 25 0
19 53 0
14 65 512
68 25 0
39 39 5
2 16 0
59 69 1
30 11 4
28 22 5
38 36 1
54 24 0
10 49 4
35 36 0
15 62 4
41 9 0
56 63 5
32 3 0
7 31 4
52 19 4
22 23 5
10 45 5
20 27 1
53 1 4
15 21 5
49 1 5
25 16 512
22 13 1
68 49 0
31 36 4
43 39 4
2 17 4
5 16 517
12 30 5
53 6 517
7 2 513
17 9 513
55 25 4
37 69 0
45 19 5
42 32 5
27 7 0
61 58 516
70 38 513
30 63 4
42 54 4
41 26 516
29 2 4
37 28 0
40 32 5
25 69 513
34 38 513
45 67 0
33 29 1
44 23 4
38 52 0
36 11 512
44 45 4
56 33 5
52 38 1
31 14 1
15 11 1
29 27 0
2 55 513
21 5 512
22 64 0
70 21 5
43 18 0
54 60 0
56 16 512
3 18 0
70 22 513
4 8 512
54 62 5
24 40 5
23 19 4
45 51 0
28 16 0
19 39 1
62 2 5
36 54 1
55 32 4
62 59 0
69 32 1
11 1 0
56 66 512
60 49 0
54 4 0
32 2 0
59 60 4
30 34 1
35 23 4
59 57 5
67 51 4
15 28 513
61 64 4
32 39 5
65 23 0
37 13 5
5 49 5
36 18 0
30 60 1
51 69 1
36 61 513
67 46 5
68 68 0
15 3 4
19 51 4
22 48 512
55 15 1
31 16 0
16 23 4
49 1 512
32 55 5
47 65 1
54 58 513
61 44 512
18 22 1
34 48 1
69 59 1
67 17 4
48 28 4
9 51 5
31 48 513
2 2 5
20 50 5
22 30 5
51 52 5
32 33 5
9 17 4
66 57 516
3 56 4
3 11 517
42 30 0
55 7 5
34 58 4
32 29 0
20 51 513
13 58 0
59 58 5
36 56 0
49 23 5
58 42 4
69 44 5
33 50 1
52 39 517
68 68 0
59 2 4
31 20 5
55 21 4
30 42 1
64 36 1
61 3 1
27 59 1
43 49 0
9 3 517
14 32 4
37 48 0
29 1 1
10 11 513
26 40 1
53 54 517
51 46 1
2 49 1
49 64 512
50 11 1
39 32 0
6 60 4
23 27 1
68 35 0
13 65 1
10 65 516
12 33 1
20 51 5
11 38 517
40 52 512
47 4 5
7 6 1
11 50 5
23 20 4
55 59 513
54 65 1
50 35 0
67 21 5
22 35 5
62 58 0
48 46 4
62 22 4
63 40 1
49 27 516
47 66 1
7 46 1
61 41 0
57 43 4
20 61 5
43 11 5
38 47 513
23 9 1
41 62 517
34 63 0
48 41 4
6 70 0
63 48 1
33 33 1
54 4 512
42 22 516
36 29 0
45 33 5
54 61 1
67 25 516
48 18 0
62 40 517
55 39 5
36 47 0
37 29 0
25 59 4
20 62 5
62 29 0
59 14 5
69 42 0
40 23 4
6 41 5
30 52 5
50 60 516
15 57 0
19 69 4
48 36 5
51 25 1
61 45 516
48 16 1
2 10 5
45 33 5
24 37 0
44 18 4
41 37 516
67 22 0
2 64 0
69 17 1
49 9 512
9 43 1
58 44 4
35 28 516
70 25 4
34 45 1
31 24 1
27 18 1
2 64 1
5 40 1
25 3 512
18 30 513
54 19 5
13 30 1
23 59 4
47 1 1
50 39 512
9 29 0
34 20 4
32 34 513
5 23 517
49 12 4
47 37 0
38 20 513
22 45 5
26 55 5
42 52 0
66 35 1
62 10 0
58 70 1
28 49 0
21 21 4
36 68 1
8 53 1
18 43 1
37 20 1
61 17 5
53 39 4
56 28 4
2 47 516
7 18 4
62 32 4
48 33 5
1 39 4
62 48 4
22 32 512
11 54 516
18 70 513
42 70 0
24 50 5
5 36 4
9 11 5
28 4 517
64 52 1
42 28 4
7 8 5
21 21 5
26 49 4
51 51 0
34 34 1
61 14 4
22 5 512
3 16 517
5 56 516
13 26 5
21 37 512
7 48 1
20 44 4
61 56 4
13 20 1
15 66 4
26 35 0
61 5 0
44 27 0
38 32 516
58 70 5
46 44 4
3 2 0
9 43 0
2 47 0
21 63 5
8 11 1
70 37 4
19 5 4
31 49 4
22 20 5
10 24 1
66 14 0
18 30 0
52 58 0
43 27 0
3 47 512
44 2 5
23 62 4
28 45 5
66 9 517
40 29 513
58 68 5
13 9 517
62 33 1
8 51 516
60 13 4
20 23 1
61 3 0
43 49 4
2 53 4
21 21 0
27 16 1
21 58 1
3 49 4
64 19 513
65 14 0
62 8 1
38 54 516
45 51 512
43 31 1
58 56 0
6 56 4
40 68 1
34 22 1
5 2 1
23 44 5
34 27 1
48 45 4
50 47 4
56 68 516
51 15 4
41 27 1
58 70 0
23 20 0
19 59 0
2 36 4
42 23 0
7 56 1
43 29 5
2 37 516
52 21 0
31 60 5
14 34 1
49 1 1
45 41 4
12 40 516
17 46 5
20 45 1
52 67 4
45 45 1
62 8 0
49 46 1
51 51 0
54 13 0
19 27 513
36 53 0
55 14 0
20 51 5
60 32 1
21 22 5
27 36 512
56 68 4
37 8 1
24 60 4
55 6 5
55 14 1
37 31 517
61 17 5
46 44 4
29 29 5
8 26 0
70 50 5
70 20 1
40 57 4
44 49 0
24 2 1
64 9 0
45 55 1
67 12 517
23 28 517
68 53 0
37 51 1
18 55 1
19 31 5
20 16 517
57 44 4
12 60 516
57 67 1
53 33 4
62 58 5
45 23 1
29 12 512
15 10 4
65 38 4
55 66 0
57 45 1
44 63 1
10 6 512
53 32 517
21 28 1
40 10 5
20 3 0
62 23 4
34 52 0
19 65 517
10 3 517
3 56 517
66 8 4
27 20 1
21 8 4
58 28 1
30 61 1
23 70 1
1 1 516
39 38 4
5 65 1
38 55 4
34 8 0
10 12 5
70 58 512
9 47 1
17 27 516
8 51 4
21 20 4
8 24 0
65 56 4
27 6 1
21 69 1
33 61 4
18 19 0
12 46 0
8 70 4
60 47 0
25 4 5
10 67 5
28 24 0
1 16 1
30 1 4
47 2 4
50 58 513
14 27 5
39 20 4
54 29 0
54 58 0
53 25 1
57 40 4
32 7 513
8 66 5
9 38 5
16 14 0
28 68 0
17 2 0
28 67 5
69 45 5
58 24 513
12 36 516
66 24 1
4 44 517
64 27 0
3 3 516
22 59 1
36 17 5
49 38 512
12 14 4
25 40 5
3 35 516
68 32 0
6 45 5
51 28 1
25 65 1
70 8 4
52 30 512
27 62 5
46 13 1
57 18 4
12 8 0
24 48 5
19 61 4
3 19 0
67 11 4
17 67 0
39 44 1
35 51 512
46 11 5
65 21 5
59 39 4
11 53 1
46 45 4
45 20 5
17 31 0
2 58 4
55 53 1
41 21 513
47 6 1
38 68 0
1 66 1
61 36 0
1 22 517
2 70 0
29 18 1
20 21 1
45 29 1
11 39 0
43 68 1
67 44 517
61 64 0
52 55 512
41 39 5
12 51 4
39 60 1
17 19 5
49 60 1
32 50 5
1 7 517
21 7 5
6 8 513
43 62 1
56 46 0
7 16 4
13 7 1
23 55 5
27 61 5
67 37 0
37 7 0
70 57 5
14 57 1
26 54 512
20 10 1
59 31 5
66 53 5
28 51 0
6 68 1
2 56 0
67 54 4
18 52 1
44 25 517
49 17 0
63 62 516
5 36 4
16 68 4
28 38 5
46 7 4
70 32 1
40 18 4
50 23 4
45 13 0
22 1 517
5 52 0
37 63 5
3 41 0
25 68 0
18 25 1
31 54 1
4 32 0
47 38 5
27 23 512
49 34 5
42 9 0
49 6 516
18 4 0
25 10 5
43 4 5
46 10 512
46 27 5
52 1 1
69 46 516
6 46 1
34 42 1
6 52 0
38 24 1
1 55 1
52 35 0
27 67 4
19 17 0
26 13 1
66 34 0
23 36 516
25 11 1
35 19 1
67 15 0
31 1 1
47 7 1
17 17 5
48 61 512
57 28 1
33 21 0
6 32 512
31 66 0
13 61 1
10 61 513
41 64 1
50 61 4
1 3 0
18 22 5
15 37 0
36 33 4
44 12 1
13 49 0
13 55 0
36 6 4
45 9 5
10 21 1
44 39 1
4 68 5
20 7 1
50 56 513
7 12 512
24 64 517
24 40 1
16 47 0
15 47 5
19 38 512
54 23 0
6 14 1
44 23 1
38 70 513
19 42 5
48 48 0
42 43 1
68 25 4
16 61 0
22 68 4
5 20 5
50 2 516
33 62 4
15 15 5
1 13 4
30 28 0
63 35 4
22 63 517
64 6 4
54 44 1
15 44 516
43 20 1
53 9 517
11 17 1
38 22 5
13 13 4
53 1 516
25 35 0
14 51 5
17 41 5
39 5 5
64 2 1
52 12 1
36 10 1
36 22 516
9 19 517
25 33 5
68 57 4
33 69 5
65 1 1
42 27 5
8 27 4
55 16 5
13 3 513
32 66 513
46 21 4
35 53 512
60 41 0
24 52 5
18 40 513
20 54 1
4 61 4
13 39 516
50 10 4
18 34 1
11 19 513
41 38 1
70 18 5
44 64 5
61 25 1
65 62 5
25 21 1
61 52 4
43 34 5
41 51 0
37 54 516
53 63 5
40 33 1
5 19 0
68 32 1
33 5 4
17 36 0
19 13 517
6 55 4
38 70 1
47 66 1
6 2 516
2 47 1
7 15 4
16 14 0
61 9 0
45 23 4
12 6 0
2 15 4
63 69 1
55 64 517
46 15 516
55 67 5
11 47 1
44 40 5
68 54 513
18 7 1
28 56 5
55 63 5
8 39 512
48 49 5
54 39 5
69 10 4
59 59 0
51 30 517
42 8 0
15 45 5
60 61 5
57 47 1
36 22 0
21 52 1
54 1 1
29 51 0
62 14 0
51 1 5
8 25 513
63 1 4
59 56 0
3 2 0
48 30 1
53 8 4
63 3 517
41 27 1
62 51 5
41 21 4
4 21 513
59 17 512
69 55 4
7 33 4
11 57 0
41 52 4
43 64 5
56 54 5
47 67 0
63 19 0
59 28 0
67 69 5
62 30 4
31 69 0
35 40 5
68 24 4
9 62 4
25 25 5
38 10 516
57 29 5
15 29 5
47 30 0
13 16 5
62 1 1
38 30 1
14 17 0
59 60 513
11 21 1
45 55 516
33 55 0
35 46 1
9 66 513
32 31 5
46 56 513
11 36 5
5 31 4
8 44 4
31 22 513
30 11 0
50 40 5
68 28 4
51 38 0
35 32 516
29 43 4
28 17 5
61 13 0
24 29 1
2 55 0
68 48 512
12 24 0
3 10 4
45 20 0
59 61 4
56 25 4
35 63 5
8 8 5
54 65 5
32 13 4
59 35 1
34 28 5
38 65 1
26 59 512
9 26 516
56 14 4
26 61 4
6 49 5
58 65 0
47 7 516
21 51 1
65 67 0
51 48 513
31 68 1
50 46 1
39 39 5
6 39 5
42 29 4
20 50 512
11 70 513
28 38 1
43 9 4
55 19 517
44 25 0
30 19 4
51 22 0
51 46 5
21 20 1
54 14 1
58 26 516
67 12 5
51 47 5
10 46 5
36 66 5
50 7 1
61 17 4
11 19 4
51 44 5
35 59 0
45 35 1
4 9 0
2 65 1
37 36 512
64 10 0
69 67 4
24 22 1
56 31 4
32 17 1
61 62 516
45 5 5
8 44 5
48 6 5
1 7 516
59 59 513
54 36 5
59 11 5
61 53 4
26 69 5
44 44 516
33 31 5
58 5 1
30 20 4
30 53 5
55 13 4
60 25 4
6 15 1
27 36 4
62 53 4
33 61 4
29 20 1
61 54 5
44 28 513
53 35 0
44 62 4
25 46 1
64 46 516
49 15 512
30 50 1
52 25 5
63 32 4
34 60 4
9 56 4
25 57 4
69 63 0
50 10 4
50 49 1
56 8 1
1 35 0
65 1 0
50 62 513
15 27 513
28 33 517
5 13 5
57 4 5
31 19 1
4 4 5
40 10 0
25 14 1
24 52 0
19 69 5
38 26 0
59 42 1
67 10 0
56 44 5
58 20 512
49 67 5
63 41 5
48 57 517
46 42 516
46 51 517
39 17 0
59 9 5
50 50 0
1 67 0
42 15 516
32 23 0
60 19 512
9 35 0
40 44 516
20 30 516
59 34 1
62 5 0
42 34 512
60 64 4
28 17 4
50 67 1
63 61 517
10 39 516
58 29 5
52 6 0
19 5 517
39 56 1
11 31 513
56 59 4
10 58 516
57 59 5
24 41 4
17 33 0
66 45 513
13 4 513
67 33 4
44 56 0
39 12 0
41 13 0
62 17 512
66 50 4
56 13 5
23 29 1
17 13 4
31 28 0
28 61 1
65 35 5
53 11 5
31 29 1
43 26 0
2 30 0
49 11 4
68 14 4
33 52 5
8 2 5
43 24 5
13 55 0
52 16 4
19 50 4
28 48 0
2 62 1
50 9 1
32 64 1
60 8 4
15 20 1
62 53 4
52 46 5
14 69 517
35 70 1
40 62 5
70 15 0
14 33 1
70 66 1
43 66 512
56 58 0
24 10 4
15 39 4
12 13 5
63 13 4
22 17 0
6 28 5
56 66 1
10 51 5
27 12 4
38 60 1
15 24 517
67 27 5
59 34 516
38 56 517
53 11 0
36 19 513
10 4 0
39 1 1
63 31 1
18 36 4
40 62 1
6 45 512
14 42 5
7 14 4
61 49 513
48 58 512
48 31 513
12 27 5
37 16 1
46 7 1
17 10 4
69 3 5
9 32 516
10 1 4
28 55 4
3 11 0
45 49 1
3 22 4
9 43 0
23 19 1
69 29 1
18 51 513
47 39 0
44 65 4
45 55 5
41 56 0
62 52 0
35 25 1
60 29 5
43 55 517
54 4 4
34 54 4
15 55 4
2 29 1
31 1 5
40 6 1
8 1 517
9 37 513
1 9 517
64 32 4
4 43 1
53 31 4
33 62 4
1 22 4
30 20 5
21 21 0
14 58 1
25 22 0
2 32 5
53 35 0
10 61 0
24 34 4
63 19 4
17 46 1
18 52 5
40 12 5
33 24 1
63 34 4
51 31 0
16 20 1
10 39 1
38 56 512
15 47 1
3 61 5
46 64 0
11 62 0
6 38 4
40 55 5
44 13 5
11 35 5
3 41 5
10 10 5
27 59 5
1 15 5
24 42 1
26 31 516
41 1 0
21 50 5
25 64 513
5 26 512
16 68 0
10 5 0
64 43 5
37 30 4
58 30 5
31 42 512
55 34 5
15 67 1
35 17 4
39 25 4
44 57 5
35 65 4
65 68 5
51 15 0
22 18 5
16 62 0
65 14 4
5 48 4
2 18 1
17 2 1
6 6 1
46 38 1
59 50 1
14 54 1
40 31 1
16 21 512
50 21 0
17 25 4
9 63 513
23 16 512
68 15 4
59 4 512
13 26 4
67 67 516
66 14 4
16 2 517
46 65 1
33 19 1
27 51 513
35 63 1
33 4 512
27 8 517
14 20 1
11 21 5
56 2 0
46 64 5
15 37 1
14 65 5
70 7 513
9 43 0
4 25 4
25 44 513
30 60 4
58 1 4
12 60 0
23 70 5
49 53 5
16 36 1
15 17 1
50 4 0
16 18 1
3 10 4
37 43 517
30 14 4
51 17 516
57 28 4
60 51 516
58 21 5
23 1 1
19 40 1
19 29 1
1 46 517
66 47 4
27 4 4
4 24 513
4 68 4
10 11 4
19 21 5
52 3 0
25 2 4
54 46 5
16 18 4
70 65 1
40 35 4
37 4 5
29 66 1
18 69 0
51 35 516
37 11 0
62 67 5
18 7 513
22 24 4
11 14 4
20 62 512
5 16 517
38 51 1
53 37 1
46 50 4
11 5 0
21 22 516
33 49 1
19 68 0
7 28 4
16 64 1
41 5 0
58 54 0
18 37 1
39 3 1
39 12 5
50 18 0
10 64 5
60 31 517
35 30 4
42 59 5
14 19 4
37 11 1
35 15 5
69 29 1
44 27 0
37 19 1
41 56 517
41 17 517
68 64 1
23 50 5
58 30 1
30 43 0
32 32 0
47 61 1
12 6 4
35 26 5
52 31 4
63 65 5
23 40 0
34 21 5
65 70 0
63 66 1
33 51 5
21 12 512
14 24 516
9 32 0
59 2 512
2 5 1
17 60 1
51 14 1
62 54 1
29 54 1
67 1 5
17 6 0
32 41 1
49 28 1
55 50 4
41 51 516
18 22 5
59 56 512
26 33 5
63 37 516
67 18 4
69 18 4
2 52 1
69 53 5
2 54 0
50 30 517
15 29 4
25 7 517
19 33 1
12 28 0
2 21 5
54 37 0
38 26 1
31 3 5
17 52 517
50 62 4
37 7 1
52 2 1
58 55 4
25 21 512
46 41 1
45 14 517
45 56 0
33 63 0
64 34 0
8 59 5
9 62 0
47 27 512
58 16 0
6 6 1
6 9 1
21 35 512
36 10 516
15 62 0
15 24 517
60 29 5
39 6 0
59 11 1
63 37 0
63 39 5
49 18 513
8 62 513
62 41 0
11 34 4
25 48 5
55 35 5
31 38 516
1 13 1
70 68 5
67 15 516
62 2 1
50 40 517
7 54 5
46 59 5
48 17 517
66 56 0
70 41 4
58 54 1
1 32 513
15 67 0
6 20 5
22 54 1
5 69 5
59 49 1
49 44 4
33 10 4
46 53 4
34 52 516
26 58 0
34 49 512
52 43 517
53 60 5
7 64 4
18 20 1
34 14 4
34 59 5
4 6 1
32 30 4
28 30 5
13 28 5
65 27 4
18 49 4
4 9 4
48 19 5
14 59 0
52 14 517
36 9 5
57 59 1
29 23 1
23 50 512
15 9 4
22 18 5
23 20 5
14 32 0
24 11 5
60 53 516
58 54 5
67 48 516
8 49 5
19 20 1
47 34 5
7 11 5
33 69 5
6 24 5
15 27 0
34 45 513
51 23 5
15 31 4
65 53 4
41 10 1
69 66 0
26 4 5
20 38 1
46 51 4
16 4 5
7 64 0
61 12 4
25 4 5
57 12 1
58 47 5
11 25 0
21 53 516
16 36 4
5 65 4
32 45 512
5 40 0
60 63 513
32 69 4
36 27 5
29 32 1
60 27 0
22 60 5
26 6 513
14 56 0
24 51 0
53 51 512
4 9 1
1 56 4
55 51 0
40 45 4
14 6 516
25 15 5
48 47 0
64 41 4
29 8 1
33 49 516
1 35 0
55 39 0
19 2 0
66 46 5
22 67 5
51 55 1
31 27 5
61 19 0
62 4 5
27 65 512
11 51 516
5 1 5
60 30 0
31 43 0
36 7 516
35 48 0
26 68 5
8 55 513
40 52 4
27 70 512
61 41 5
43 26 0
33 64 5
51 39 1
69 48 4
65 70 4
30 57 0
14 13 513
34 63 5
27 12 0
10 52 512
32 26 4
45 20 513
69 60 1
38 20 0
39 58 5
30 18 513
16 27 1
44 52 512
20 65 4
40 63 517
15 34 5
66 23 1
48 3 517
49 31 516
45 8 517
1 42 1
21 59 0
58 29 1
43 53 1
44 16 5
15 69 4
4 58 0
53 49 4
21 1 0
8 58 0
29 70 5
3 38 517
29 7 4
30 38 512
43 22 0
62 58 517
11 50 513
44 33 513
56 68 5
54 29 1
8 25 5
23 57 516
39 20 512
65 45 4
14 68 4
46 46 4
41 56 4
58 65 516
38 27 517
50 48 4
38 26 4
10 16 1
56 33 0
8 17 5
15 24 1
20 30 0
15 67 512
23 49 513
16 13 1
56 60 0
5 62 0
23 37 1
17 2 516
16 13 4
20 37 0
8 27 0
6 51 1
60 3 4
2 48 0
24 68 1
34 43 512
32 8 4
60 68 512
22 16 5
69 42 4
39 22 5
33 2 4
59 38 1
40 68 5
1 57 513
61 66 1
6 62 517
39 48 0
47 39 517
19 46 4
42 56 0
69 70 0
50 50 4
34 21 0
10 33 5
24 56 5
44 31 5
4 36 5
68 58 1
50 10 0
49 48 5
58 70 4
65 5 0
24 23 516
42 7 4
48 44 1
23 59 5
11 34 5
58 28 1
39 49 5
43 8 513
33 19 5
59 56 5
60 28 0
59 6 5
70 3 4
53 48 5
70 54 512
70 38 516
25 29 5
48 7 512
69 44 1
60 59 1
39 19 1
14 36 0
39 39 512
5 54 5
66 4 1
41 16 0
29 3 1
7 4 0
46 53 5
65 31 0
20 3 516
52 7 1
38 40 5
17 21 5
21 3 4
24 8 1
58 68 513
55 21 1
53 6 1
16 12 4
9 5 1
6 11 4
67 34 0
50 8 513
16 33 0
20 59 1
50 26 4
48 44 4
30 47 5
37 17 4
69 62 5
43 56 516
64 67 5
6 54 517
60 4 5
39 10 517
60 34 1
36 37 1
54 21 5
56 19 4
66 51 5
26 38 0
40 39 0
5 1 4
19 47 0
32 6 516
54 22 0
37 66 0
37 63 516
60 67 5
2 36 516
25 54 516
53 5 5
11 69 1
6 3 0
20 6 513
1 64 1
38 49 5
36 45 1
24 17 0
34 11 4
57 41 0
62 41 0
18 13 4
65 70 1
21 5 1
26 59 1
30 64 512
37 4 513
17 50 0
48 62 4
45 17 512
34 54 1
62 8 0
28 16 0
52 67 512
27 24 0
53 52 1
70 37 516
63 4 0
54 25 5
1 31 1
5 24 0
1 28 1
6 38 1
27 67 0
66 1 4
39 42 5
6 2 4
15 64 5
18 70 1
40 40 5
46 21 0
68 21 4
38 62 4
5 60 0
49 65 1
28 58 0
36 15 0
31 35 5
23 3 0
39 4 5
41 38 5
9 38 4
11 53 4
18 43 513
44 6 0
40 46 1
23 36 0
54 13 517
26 64 5
45 45 512
39 27 517
4 7 513
17 15 1
20 19 516
68 48 516
8 6 5
28 10 517
70 55 1
19 68 0
13 59 1
62 33 5
55 23 0
9 33 1
44 66 1
55 12 516
14 41 4
31 59 1
59 3 517
27 5 0
60 16 1
27 2 0
46 55 517
64 27 512
61 11 1
29 4 1
28 44 5
13 17 0
62 9 5
33 53 512
21 62 1
1 33 1
41 20 0
61 27 4
37 44 516
44 27 5
45 2 5
38 8 5
53 25 4
21 61 1
18 3 5
30 59 0
19 3 5
9 32 1
5 7 0
53 4 5
69 36 0
52 22 512
13 42 0
25 1 5
27 31 1
25 27 0
38 45 0
44 12 516
59 36 5
16 23 516
64 3 512
59 5 512
61 28 4
48 43 1
4 53 0
33 21 4
46 29 513
64 61 1
40 40 5
16 27 517
43 18 1
41 5 1
2 44 5
52 46 512
38 2 1
51 31 516
30 35 4
37 15 0
54 18 516
29 14 1
10 17 512
32 23 1
56 67 0
27 69 4
15 28 1
20 46 5
30 33 0
62 49 0
16 41 0
27 49 4
26 58 517
9 51 0
9 5 513
19 44 5
61 39 517
28 31 0
37 63 0
13 44 5
17 28 0
25 27 513
7 25 512
34 46 516
30 35 0
11 19 517
44 33 4
37 46 1
21 27 5
38 42 513
18 64 0
37 59 516
64 16 0
68 32 1
19 28 1
41 10 1
51 9 512
45 65 5
43 40 512
38 35 1
10 38 0
64 10 0
65 11 0
51 43 5
58 42 4
4 52 0
28 41 4
13 21 5
61 46 0
39 17 516
27 66 4
48 51 4
67 58 4
2 14 4
70 49 1
43 69 517
21 13 5
36 4 0
51 15 0
25 41 516
34 22 5
40 6 517
57 17 4
9 59 4
13 3 513
34 54 5
19 15 5
6 63 5
5 14 4
29 67 1
65 40 513
5 63 512
38 11 0
53 15 0
44 22 4
32 47 5
51 23 1
43 45 1
3 9 0
7 41 4
54 67 0
30 44 0
17 40 513
51 30 5
55 39 4
36 16 5
56 29 4
51 27 1
32 13 5
46 26 4
69 55 4
48 60 5
70 45 512
23 60 4
56 40 5
4 50 4
9 37 1
16 19 1
69 64 1
38 44 4
57 48 513
39 34 0
35 22 4
3 5 513
18 36 0
69 45 513
22 39 0
12 23 516
2 39 4
24 43 1
70 64 517
70 55 0
66 3 513
70 37 517
14 51 0
18 49 1
14 32 516
14 62 1
40 12 5
18 13 513
44 11 4
63 4 517
26 53 4
35 35 5
10 63 1
12 28 5
30 63 0
49 65 4
26 51 512
69 23 4
65 30 4
48 47 5
56 12 517
6 48 0
8 10 513
38 28 4
22 4 4
25 69 0
45 28 517
41 46 516
14 22 4
33 44 4
16 69 0
38 10 516
48 8 4
39 45 5
6 70 5
60 5 5
17 40 517
26 28 4
63 43 0
69 51 4
21 13 4
30 67 5
60 69 0
12 4 0
67 3 513
32 21 5
5 68 516
13 20 4
59 36 4
34 6 4
15 18 1
46 23 0
27 32 1
43 22 4
21 56 517
2 22 5
2 51 4
37 41 513
30 25 5
24 12 5
55 4 5
36 27 0
56 13 1
27 33 5
26 23 5
11 5 516
3 55 517
24 36 0
29 22 516
4 38 0
61 22 5
21 63 1
7 35 0
1 10 0
3 69 1
38 50 5
58 15 0
35 36 0
8 2 5
30 5 0
49 7 0
62 33 1
66 48 1
21 1 4
45 48 513
55 50 5
61 34 5
41 6 517
8 3 5
52 30 0
8 64 5
30 45 4
31 67 5
17 60 512
1 55 5
1 56 1
52 20 517
24 67 1
51 18 512
27 17 1
69 59 1
22 60 5
35 6 513
28 1 4
28 7 1
58 11 0
41 22 516
65 68 4
3 44 5
34 56 513
40 23 1
64 12 4
1 59 1
50 58 517
9 6 0
64 21 5
20 19 0
18 48 517
36 61 517
3 46 5
33 6 0
4 29 516
58 33 0
19 29 517
68 7 4
29 44 5
39 16 1
55 34 1
68 7 0
35 47 513
14 64 5
33 59 0
67 36 4
57 43 1
30 32 517
3 12 4
42 51 512
62 35 4
63 36 4
50 59 517
40 16 0
21 8 0
34 46 1
24 65 1
2 60 0
67 4 516
30 56 1
61 50 1
34 5 5
9 12 4
12 56 4
45 23 4
59 14 517
26 20 517
10 26 0
37 14 513
40 18 4
9 42 517
11 56 0
67 4 1
4 48 517
44 68 1
40 2 512
46 25 1
27 21 1
45 2 512
8 24 4
48 37 5
56 44 0
58 35 1
55 68 5
69 70 5
63 58 4
53 69 0
59 18 5
51 30 4
68 3 1
63 42 1
25 58 5
52 13 5
56 9 1
42 50 5
37 34 5
56 36 0
12 33 4
35 31 5
46 56 5
12 47 512
13 15 0
34 1 1
66 55 1
69 30 5
57 11 516
44 67 1
48 41 4
20 12 512
16 35 512
30 28 1
68 18 4
42 36 5
11 14 5
54 66 5
37 43 4
44 63 4
40 43 5
69 9 517
6 70 0
9 63 512
39 29 4
65 11 513
4 49 0
22 25 1
54 46 4
17 41 4
15 30 5
42 34 0
26 1 1
59 20 4
1 41 513
2 50 5
34 62 516
46 45 1
21 49 516
40 43 1
49 7 5
18 15 513
65 31 1
8 11 0
22 68 512
25 40 1
64 19 5
38 44 4
46 43 4
65 18 516
19 2 5
18 26 1
66 70 513
49 27 512
16 10 1
46 39 0
13 69 512
53 38 0
60 44 1
67 61 512
64 14 4
61 54 4
26 48 1
62 30 1
28 30 5
45 11 0
38 48 5
43 9 0
1 20 512
55 48 1
5 50 516
56 66 0
20 66 1
38 20 4
8 55 0
62 21 1
5 41 517
22 5 4
50 59 4
49 67 1
19 33 4
41 70 5
66 30 5
34 29 512
40 43 0
24 4 0
9 67 5
35 39 4
41 11 0
49 30 4
30 54 1
13 70 5
30 2 4
10 31 0
44 11 4
41 42 1
6 32 1
12 37 5
66 53 5
48 64 4
42 28 1
55 18 4
66 19 513
21 10 5
25 24 5
53 13 517
51 27 5
68 56 5
51 23 0
33 60 0
20 67 5
48 31 516
41 47 4
8 33 516
40 41 1
53 14 0
69 65 0
45 41 0
64 51 5
65 45 517
35 67 1
33 48 516
45 2 4
54 23 517
59 13 5
16 16 5
23 39 513
66 15 1
65 11 4
63 38 1
14 11 1
9 49 4
34 56 512
39 67 0
30 63 5
8 63 513
44 3 5
26 38 1
1 8 0
67 55 1
5 61 5
5 58 0
2 25 1
7 28 5
56 63 0
69 26 0
14 67 5
13 28 512
42 58 0
43 57 517
64 1 512
24 56 1
30 8 517
17 41 4
9 47 4
29 31 517
52 49 5
18 68 5
11 42 0
64 39 5
12 50 5
35 23 1
13 40 5
37 13 1
62 34 5
6 54 516
68 63 1
56 2 5
2 21 516
21 60 0
70 12 0
57 9 517
28 54 0
12 68 1
6 4 5
5 35 4
29 48 0
1 3 5
30 62 1
59 25 4
64 59 516
5 53 1
9 17 5
51 53 1
31 13 1
14 19 0
58 12 0
64 43 0
9 6 4
37 52 512
5 15 5
8 20 512
57 22 512
13 64 4
47 58 5
58 17 516
22 38 4
34 36 4
37 6 1
27 26 516
16 3 5
24 70 1
32 44 4
27 70 0
13 61 4
68 9 0
63 46 516
17 55 5
51 25 1
66 58 5
67 37 4
3 12 5
49 12 517
1 29 5
22 18 4
42 55 1
65 50 5
12 70 1
44 40 5
36 22 4
17 65 4
21 60 1
12 49 4
41 69 5
42 64 0
35 45 4
70 3 512
5 5 4
6 51 5
39 32 0
43 52 0
5 43 4
27 24 4
29 56 1
5 25 0
64 48 5
12 56 0
64 23 5
21 51 1
21 56 5
69 4 1
13 10 1
15 2 0
48 34 5
5 26 5
54 42 1
26 7 1
5 66 0
48 14 512
15 33 1
17 10 5
21 29 5
51 14 1
3 12 1
33 15 1
55 45 1
6 68 1
5 57 5
14 5 1
39 13 4
29 57 5
21 68 4
22 34 5
33 8 0
38 6 516
16 8 4
49 25 512
27 17 4
36 47 0
13 51 4
47 24 1
23 43 4
30 51 0
12 15 516
6 9 5
64 18 4
68 51 5
22 56 4
38 24 0
12 29 4
50 31 4
1 56 5
44 58 4
13 17 0
16 64 1
51 24 5
70 46 1
19 13 0
21 13 0
3 47 1
57 64 1
30 59 1
5 40 513
56 67 5
57 70 0
29 51 5
26 15 1
7 56 513
29 37 4
17 47 4
58 55 0
19 57 0
37 29 517
54 60 1
29 34 512
51 59 4
2 51 512
6 52 4
37 9 4
28 13 4
36 58 1
49 16 5
53 7 5
45 41 516
13 51 516
12 6 5
22 19 4
12 41 1
66 46 0
57 21 0
46 49 4
39 28 1
61 50 513
35 40 4
64 41 4
19 44 0
32 32 5
24 35 4
20 56 4
16 14 5
6 13 1
15 6 1
51 55 5
66 46 512
30 45 5
15 53 1
35 8 4
63 36 0
43 56 517
41 27 513
47 16 516
26 20 4
60 38 5
26 39 0
67 23 1
20 31 1
66 10 1
59 67 516
15 55 5
37 44 1
47 36 5
6 9 513
21 60 0
42 24 4
46 53 5
23 62 1
25 68 1
28 50 1
21 17 517
36 10 4
64 1 5
53 30 0
24 50 517
7 53 4
64 61 516
60 48 1
47 51 1
1 44 5
40 10 5
44 6 4
11 18 4
65 54 4
18 9 0
48 34 1
23 19 516
50 66 513
60 15 0
17 35 1
12 36 4
68 1 0
58 48 0
38 39 4
54 26 5
12 30 5
32 17 0
67 16 1
33 5 5
36 34 0
33 38 4
58 50 4
20 29 4
57 30 4
63 21 1
36 69 4
3 6 0
22 17 5
33 28 0
53 67 4
42 5 5
64 34 0
61 16 5
62 64 4
25 64 5
57 50 1
2 1 1
60 44 1
64 15 4
46 25 5
34 7 513
42 35 0
46 42 517
10 46 0
56 47 1
41 66 512
56 1 513
33 45 5
36 12 513
28 44 1
50 22 0
48 70 5
68 4 0
5 1 0
18 20 517
48 23 513
24 19 5
56 23 1
28 19 5
70 61 0
13 20 4
64 43 1
34 67 0
35 68 4
54 48 5
6 14 5
2 54 516
48 13 0
27 47 517
40 52 1
50 13 0
57 53 517
44 62 4
8 50 1
70 70 517
52 41 516
56 6 4
46 26 0
16 25 0
36 50 5
67 40 5
34 56 4
52 50 1
56 33 5
40 56 0
50 65 5
6 58 0
27 31 0
31 23 1
21 44 513
66 8 4
18 26 5
48 1 5
29 52 5
65 35 4
41 35 0
42 26 4
24 44 512
6 61 0
15 68 517
50 67 0
64 21 1
36 44 4
16 25 0
40 24 0
51 25 0
21 23 4
21 38 516
57 56 0
33 32 513
2 35 4
61 59 5
56 5 1
66 69 517
24 39 1
26 16 4
30 3 4
51 69 4
29 4 5
9 55 4
28 28 0
69 28 1
55 7 1
56 2 0
25 57 1
11 25 0
65 21 1
17 39 0
66 69 5
36 48 5
39 27 1
63 11 4
14 42 5
47 25 4
9 20 4
48 9 0
14 4 1
19 9 0
8 26 0
13 51 4
46 8 0
22 68 1
64 40 1
33 42 4
58 22 0
58 15 1
30 25 0
43 40 1
42 15 513
8 22 1
2 34 512
68 10 516
17 3 1
2 35 5
55 20 0
36 31 517
63 31 0
10 69 5
54 15 0
55 16 5
29 10 5
52 50 0
18 23 4
37 61 0
54 40 5
7 41 1
9 57 517
45 52 516
61 61 5
25 23 4
62 20 5
44 4 1
45 22 0
52 15 0
61 36 4
67 32 4
4 9 4
14 62 4
14 21 4
23 68 5
34 57 517
22 58 0
19 64 0
46 22 512
27 6 5
43 48 0
17 35 1
58 3 1
24 69 1
4 19 0
2 29 0
58 54 4
17 64 1
32 16 517
29 20 4
2 70 4
65 37 5
20 57 5
6 28 5
52 56 4
2 40 5
65 6 0
18 26 0
27 1 1
56 39 5
19 53 0
48 28 1
29 61 4
5 59 4
20 15 512
48 36 0
6 45 5
60 61 512
35 23 513
32 29 517
15 63 5
60 1 1
56 4 1
51 31 516
29 37 5
63 53 1
21 17 512
31 37 5
22 3 5
60 12 513
63 40 5
13 51 5
22 67 4
21 18 4
32 41 0
66 31 5
47 43 0
46 69 0
64 13 0
63 16 1
53 33 512
32 23 0
9 6 0
56 64 513
31 41 5
13 31 5
70 8 5
53 52 4
59 40 5
27 17 517
61 20 512
44 68 5
8 24 5
66 33 4
58 11 1
59 37 0
43 15 0
22 59 0
17 60 0
40 42 1
32 12 0
70 35 516
11 42 513
60 43 1
49 46 1
3 33 5
66 44 4
6 4 5
54 61 4
43 48 1
3 42 5
60 33 4
54 51 5
63 39 512
26 58 0
44 8 5
22 8 5
55 46 517
50 43 5
63 59 513
40 64 5
70 45 0
23 49 0
2 11 5
18 44 4
64 20 1
63 62 513
37 1 1
55 21 513
16 37 5
36 53 517
25 20 4
9 10 4
59 68 4
30 28 5
8 70 513
13 33 0
1 48 513
42 7 1
11 45 513
59 22 1
28 18 5
42 24 0
19 55 0
38 9 517
6 50 4
28 58 0
55 21 4
13 7 513
9 35 4
31 25 4
48 36 517
29 33 0
5 19 517
13 40 5
66 34 517
41 56 0
18 2 512
52 65 516
61 48 5
19 53 0
13 58 1
53 33 0
41 41 4
11 25 0
37 33 516
31 26 1
3 3 1
8 6 5
68 53 5
47 46 1
40 24 5
60 61 4
55 31 0
30 49 5
64 24 5
23 16 0
64 15 1
31 30 1
48 70 0
55 67 0
25 30 517
19 49 0
22 50 512
18 51 0
15 6 512
17 18 516
1 29 1
10 22 4
32 25 5
53 2 5
10 23 5
18 14 0
4 21 5
18 45 5
35 52 0
52 35 517
66 52 1
2 27 5
69 18 5
70 13 1
39 60 0
33 5 1
55 52 0
16 6 5
6 19 1
38 47 5
51 14 0
32 24 0
63 14 5
43 32 1
48 17 0
11 1 4
14 30 4
3 21 517
3 44 512
60 43 0
51 24 4
1 69 4
51 62 0
60 16 5
12 49 1
9 13 4
62 24 513
48 36 513
28 18 4
55 56 4
56 16 4
33 53 1
58 34 4
12 64 4
24 70 1
55 28 0
47 58 516
36 3 5
4 63 5
12 17 1
70 67 4
26 37 1
8 3 1
44 48 517
10 57 0
34 41 1
6 57 5
66 38 0
36 1 5
24 37 513
34 47 0
25 6 5
41 59 4
2 27 1
66 46 512
36 60 0
37 27 5
48 62 1
5 8 512
49 49 517
31 38 4
57 42 4
69 46 4
55 8 4
43 23 5
31 14 5
24 65 4
36 34 5
17 63 0
8 14 512
55 29 4
19 32 0
66 9 4
13 26 513
26 49 0
19 56 4
32 23 516
1 22 512
8 53 4
44 7 517
50 38 0
5 49 4
2 39 4
43 27 0
39 28 4
59 20 0
60 49 4
42 24 5
1 8 1
59 21 1
67 24 5
38 25 5
30 57 1
45 47 5
43 68 1
26 2 1
13 19 0
64 9 0
52 37 0
11 54 5
50 14 5
5 15 1
14 32 0
7 1 0
24 51 0
3 69 4
14 2 4
20 68 5
49 14 1
68 64 4
33 28 513
29 41 5
12 24 1
20 16 5
60 64 5
17 3 4
63 60 5
42 10 513
35 28 0
58 37 4
42 36 0
18 55 5
35 18 4
45 42 4
40 68 1
55 44 1
50 39 4
68 12 513
59 70 4
67 16 516
49 61 513
64 2 0
39 49 1
3 11 1
34 19 5
63 62 4
14 52 0
55 28 4
27 44 4
8 30 0
19 6 516
70 68 4
53 13 1
33 10 5
6 1 1
8 63 4
20 31 5
56 45 0
22 48 0
27 11 1
16 59 516
50 47 4
12 38 5
8 3 5
15 3 1
56 57 0
31 47 1
29 57 1
56 28 1
17 10 5
38 55 0
13 67 4
70 66 5
39 2 4
36 33 0
60 41 5
30 22 516
29 61 512
12 35 4
11 14 0
5 40 1
12 52 517
32 15 1
23 51 4
51 45 0
2 7 1
6 29 5
28 51 1
21 65 1
62 3 4
38 68 4
43 69 0
11 37 4
68 3 4
11 41 512
21 19 516
47 55 5
13 29 0
50 60 0
12 33 0
68 31 513
49 4 0
16 4 5
52 9 1
45 66 5
49 39 5
31 50 4
16 38 4
27 44 1
2 68 4
30 64 1
19 11 0
58 62 1
56 55 5
60 61 0
28 10 512
53 15 0
38 48 5
44 35 5
51 37 1
38 32 5
28 5 0
2 33 0
42 20 1
5 33 1
55 1 0
16 17 516
44 40 516
2 22 0
50 17 5
65 41 5
60 27 513
46 22 1
69 50 4
9 36 1
5 48 5
1 14 4
36 35 516
60 45 4
64 26 512
44 59 4
44 7 4
11 63 4
47 21 1
14 20 0
18 16 4
2 30 516
29 35 0
34 44 517
9 14 5
11 38 4
58 45 5
40 41 517
47 7 1
5 12 1
1 24 512
25 52 5
20 12 0
46 44 516
67 33 5
49 21 5
40 31 512
8 17 517
55 13 516
44 48 0
22 25 0
10 62 5
30 49 0
66 14 1
35 51 517
27 14 5
37 43 4
4 12 1
24 60 1
62 9 0
27 13 4
61 64 0
69 51 513
6 10 0
7 69 4
50 7 4
29 18 0
69 17 513
46 18 1
68 21 5
25 25 1
50 16 1
32 50 1
48 68 4
49 42 5
55 55 0
40 46 0
65 50 5
61 39 4
26 67 517
20 53 5
62 64 0
49 32 0
38 50 513
50 48 4
23 8 0
29 65 5
29 3 0
27 31 4
39 13 4
36 3 0
1 30 0
28 9 1
33 21 0
26 54 516
32 67 0
11 66 512
21 14 4
39 7 4
14 20 5
38 22 5
67 17 516
67 16 4
30 9 5
20 22 513
59 35 4
25 51 0
60 13 0
4 19 516
32 14 513
21 50 516
62 53 5
26 10 513
54 70 5
41 28 4
51 70 1
41 39 1
48 12 5
30 60 0
10 39 5
38 53 1
29 10 4
51 38 1
69 1 4
64 54 5
42 17 0
7 2 1
2 5 0
12 69 0
11 24 0
5 40 5
21 51 513
30 54 4
23 57 0
33 64 0
3 25 5
51 9 1
23 46 0
41 49 516
55 23 0
58 14 0
8 11 5
63 15 0
47 17 513
9 39 4
38 1 517
67 47 4
42 29 0
46 60 1
51 45 513
69 21 1
62 59 5
22 1 0
54 62 5
2 62 0
23 32 0
40 68 5
24 1 0
11 60 1
3 34 4
12 65 4
4 34 1
63 1 516
15 11 4
33 39 512
2 25 517
30 30 4
9 41 4
31 66 1
43 9 5
49 68 1
16 33 517
63 39 5
62 44 5
19 47 4
4 4 516
10 39 1
64 58 4
55 13 0
64 19 0
30 40 5
31 37 512
63 45 0
9 44 5
55 9 4
16 10 4
27 6 4
21 16 513
4 7 1
42 39 0
49 70 4
66 70 4
10 22 0
16 65 5
40 61 4
32 11 5
16 25 1
31 16 1
27 27 1
19 27 5
44 64 0
66 51 5
61 7 513
