70 5000
^^^^|^&^|&^|
24 68 2656
53 20 3694
37 19 651
52 14 2523
34 37 1274
6 45 2965
1 34 742
30 17 3297
27 9 1658
60 43 3045
5 3 826
61 9 2877
6 40 3478
70 53 1014
31 3 3930
33 34 16
70 60 2646
33 1 1910
30 18 1492
61 12 4
1 23 1169
31 63 440
54 4 2717
6 48 2973
44 57 4013
1 12 3821
62 19 1286
5 37 868
68 46 743
4 57 3054
52 36 2917
24 32 3144
36 41 3912
58 66 3768
31 13 2573
54 67 619
64 10 1222
34 39 3494
67 64 851
4 36 1902
44 5 2162
6 31 995
10 22 2371
15 16 1599
39 31 2732
13 3 3844
23 18 2102
25 5 935
68 1 3924
52 61 4018
45 20 3749
4 62 164
42 51 3215
68 70 3568
12 50 3790
51 8 3782
10 46 2534
30 14 2073
35 1 1120
65 16 978
37 31 1274
38 69 677
67 38 1567
5 45 1629
16 12 3553
7 25 2783
32 16 794
31 43 562
23 40 850
24 7 3694
16 64 2050
28 64 621
4 62 1513
25 13 618
62 46 720
12 17 191
58 31 1541
55 2 1771
53 21 2453
31 31 1563
25 44 2342
20 31 991
28 1 1799
41 20 1052
48 30 1489
54 68 1642
27 26 877
23 30 3697
15 34 67
45 36 1425
9 70 3882
4 67 2892
45 70 3844
19 51 3349
9 65 933
11 7 1371
62 63 3623
5 44 2083
24 55 1051
68 58 3492
35 55 2935
36 17 781
61 9 1374
60 61 3371
26 21 1751
49 40 2248
65 60 4070
58 48 2090
63 40 308
26 12 4092
10 63 3202
32 2 1135
35 39 3336
51 68 3632
56 46 1873
10 22 2977
27 54 665
37 46 191
69 42 2531
40 4 3517
15 3 84
66 30 1412
45 46 3328
61 56 2453
7 37 329
68 52 3963
47 31 2221
49 26 656
38 45 62
24 70 1651
10 25 3245
58 13 3868
17 21 3520
17 53 306
48 10 3715
10 69 2104
41 18 1647
45 58 1427
3 64 958
35 52 1855
26 64 2807
52 48 2851
69 62 1024
30 64 3543
6 30 2748
35 28 2695
60 69 2456
15 46 892
50 53 3450
16 68 3813
37 62 688
42 14 2493
5 39 2696
53 67 3362
52 7 1760
32 27 117
28 45 1275
26 9 1129
39 7 3396
50 14 1708
45 51 589
27 5 3821
54 10 737
17 67 3727
62 68 1605
60 30 469
53 53 1250
45 65 864
29 40 2465
12 65 2365
6 58 2708
37 34 2110
27 62 1433
67 38 1991
60 30 1480
26 38 629
46 18 399
17 67 3525
35 43 3897
62 61 3020
57 66 4019
49 35 1295
27 37 3301
57 33 561
25 52 2687
63 39 634
1 49 3837
7 9 1151
5 1 26
58 4 2051
20 53 1713
6 62 2674
21 20 1510
25 13 1995
66 57 391
62 50 2072
12 31 751
47 58 1454
33 65 2583
16 32 495
3 32 147
49 14 3112
38 38 2345
29 46 2014
45 17 515
3 50 3580
42 30 895
20 24 3033
12 28 3584
2 45 2774
40 10 357
61 18 2755
37 52 2325
64 70 483
17 56 3843
54 2 2715
20 20 3166
47 38 1123
15 11 3762
41 33 580
25 8 1250
40 3 974
22 3 3488
5 50 3914
28 30 2497
42 28 3377
42 40 1279
65 8 64
54 3 3484
51 27 93
18 11 1313
40 29 12
29 31 3784
56 26 194
42 51 710
59 20 4067
47 32 2892
56 35 117
16 22 1560
22 56 3253
30 66 373
45 33 2459
5 45 559
29 65 1553
40 59 3231
45 1 2646
34 5 1410
53 25 1983
30 66 174
13 11 908
46 22 1246
59 2 3813
8 12 3051
60 66 3135
39 26 2587
44 37 194
67 24 1943
36 26 3305
7 66 1925
34 46 2871
57 59 1204
10 63 2566
56 21 1446
4 17 945
25 13 3501
24 15 3091
67 17 3388
44 30 675
11 59 4071
65 64 2628
69 54 3793
52 62 488
53 38 163
69 12 2808
25 13 2796
2 53 3897
33 12 1122
45 26 2310
67 43 392
63 3 3027
24 37 126
18 46 1519
10 65 492
48 13 2157
7 47 3135
47 50 2934
11 18 672
47 55 1140
26 59 2597
8 9 3400
6 28 1729
69 60 3149
11 52 1091
11 36 2595
69 48 558
2 53 939
9 18 377
4 47 2429
21 3 121
64 55 988
28 29 1267
37 46 1561
17 35 688
14 21 288
11 35 1270
43 27 2000
8 57 1036
18 56 3142
31 26 2089
57 56 2929
20 18 185
2 19 1270
5 58 2149
13 20 3379
52 57 2828
49 18 1789
65 62 504
64 50 1674
31 15 3344
53 29 1348
19 22 1534
65 61 2780
7 42 117
9 20 2252
22 44 2270
70 43 3553
65 54 4002
60 52 313
41 28 271
12 51 743
56 56 1062
57 61 3498
1 24 2264
20 29 2266
9 26 3087
9 9 2146
65 25 1196
10 17 2159
18 35 354
52 58 806
64 57 1465
26 35 3622
23 11 2605
28 29 2557
8 8 2331
29 18 493
63 25 3907
29 46 4047
67 64 2527
54 11 3552
59 5 1527
2 68 3941
7 20 3081
30 26 226
26 39 1364
16 50 911
1 34 1143
8 55 3114
5 27 470
39 28 2419
65 21 1223
66 30 2562
66 28 2068
23 56 368
39 44 1003
69 16 3660
32 10 2154
54 43 2149
54 7 761
22 29 533
55 69 1184
53 62 2284
57 40 1581
30 16 1237
53 53 540
43 37 3185
38 41 3994
23 64 1868
18 57 1509
42 47 414
6 6 114
47 58 3934
1 11 925
62 9 600
23 51 1884
24 37 3480
57 60 1427
62 61 1983
42 56 3777
38 7 2991
22 8 877
8 4 3753
25 40 1742
57 18 3220
2 69 2819
60 31 1727
31 70 774
26 8 652
8 24 2988
40 17 560
12 39 1858
32 49 356
39 6 1857
18 25 1217
46 48 3012
12 44 3746
16 21 1920
42 19 2871
6 62 1175
2 70 3844
37 4 431
31 70 1371
11 5 515
49 61 1079
64 63 67
67 11 1780
11 58 3542
63 48 1371
9 39 243
15 34 1763
62 29 344
50 46 508
23 11 3086
32 29 2248
49 27 2705
4 15 913
45 13 1923
19 22 44
43 2 185
50 22 3840
66 65 3905
44 30 3291
23 8 762
64 43 134
68 68 3112
59 35 2436
49 68 4077
51 18 2709
9 31 3354
43 39 1942
5 67 11
26 53 1439
9 57 1139
70 54 2763
38 67 3463
32 52 3043
12 17 3579
45 50 2224
28 61 1347
61 67 443
56 27 496
13 16 2220
54 60 2681
2 7 949
3 32 3604
52 42 1977
14 54 1600
69 23 3042
10 43 1773
49 9 3937
63 25 3411
50 40 1740
26 49 2616
8 41 3036
18 7 3021
40 6 1549
23 15 1864
41 45 137
35 11 2650
36 18 2811
8 19 1117
33 46 1086
63 14 283
31 44 1386
28 56 705
8 51 3591
60 23 3016
20 62 70
11 67 0
7 50 1254
46 35 804
56 43 967
18 37 1937
4 64 3690
58 19 567
19 47 1010
14 63 417
57 34 1931
47 18 1294
23 8 3355
58 9 3019
58 63 3587
18 43 3536
12 15 468
8 7 1001
50 48 1140
58 43 672
21 20 789
50 39 3480
44 4 322
63 7 3411
58 63 3183
46 17 1479
28 10 2788
48 49 1047
39 64 3736
39 25 833
51 46 1239
57 30 1556
70 11 3595
9 68 1630
30 47 769
12 42 3509
5 51 1615
51 18 2919
10 48 819
24 52 2100
62 65 1821
5 16 1068
28 26 2107
4 36 1209
34 64 3624
17 64 707
8 28 2330
51 22 218
51 26 706
18 50 1700
42 52 1906
33 63 2465
47 46 3406
59 21 2922
43 1 1558
15 68 3549
6 7 2032
62 59 684
39 11 139
40 18 3607
59 44 1008
58 25 848
56 61 1951
7 14 1913
50 37 3655
67 68 2048
46 29 3034
66 36 2703
30 58 3392
68 18 868
13 12 2454
14 18 1556
33 51 150
62 9 951
5 25 898
67 64 351
55 2 836
32 52 3228
39 57 4086
56 29 2688
64 36 2511
46 51 351
40 8 3321
36 56 739
51 40 218
21 5 2533
66 59 3894
4 20 933
50 17 2140
70 47 1173
41 36 3508
64 50 1351
65 57 719
28 10 1133
55 53 3383
34 27 3760
56 41 1354
24 27 1784
19 31 47
64 56 482
57 51 1596
3 22 2027
16 51 325
46 49 632
67 46 725
37 54 45
70 4 542
53 54 3808
43 37 1359
9 53 327
30 67 700
58 48 3292
11 27 3743
45 22 1058
41 33 1539
24 69 2636
43 1 3733
12 40 3797
69 17 2941
4 69 1631
39 32 3598
27 55 682
25 37 1741
20 64 3206
49 36 2650
60 35 2349
22 66 62
33 37 607
48 18 1689
65 57 1132
3 48 127
36 68 2862
6 30 2392
65 19 1828
61 69 484
63 45 990
50 21 4009
5 65 2866
37 43 1065
1 28 1659
7 15 870
16 49 2949
45 23 1163
48 55 1155
20 52 1780
69 4 1985
38 12 2575
5 8 170
23 67 434
26 37 1027
40 21 2622
44 5 1683
51 1 2636
28 70 2261
55 34 31
64 50 101
46 23 2536
60 42 1099
8 29 2783
47 8 379
60 55 2843
58 69 1492
46 36 4065
45 10 1638
34 17 3843
2 2 2612
36 21 622
3 57 3170
58 66 3731
11 49 3041
36 14 934
35 29 584
29 32 1939
4 30 2070
47 1 102
3 12 960
39 28 3109
43 57 369
26 70 833
45 66 1468
55 41 2120
45 11 2588
56 64 3254
51 61 3508
36 14 1619
18 44 825
30 2 3137
14 47 1362
66 21 592
9 6 1515
54 50 1657
59 5 2555
49 30 1909
7 52 4025
49 5 726
33 37 4021
43 18 3081
13 53 1011
17 42 2580
33 48 2318
37 46 1576
51 63 827
28 55 637
59 23 989
51 39 1389
8 5 2444
45 50 717
10 47 1153
51 26 3604
17 5 2188
67 9 1780
26 23 2447
65 18 1284
56 67 3877
10 69 1452
5 64 3124
24 52 1410
14 46 1984
55 33 1218
18 51 1211
43 57 209
39 55 1191
48 38 4054
4 67 3540
18 51 2532
13 1 3218
66 57 919
4 42 3234
21 48 2974
28 4 285
65 67 816
18 27 277
61 13 3908
30 68 2177
44 48 3725
18 22 3169
58 32 3250
26 52 2814
67 41 3386
53 53 2955
10 19 3179
40 4 2331
23 54 2383
18 1 464
35 39 1275
41 45 1270
8 26 156
3 59 484
37 3 4036
60 39 1643
11 42 1202
32 68 380
39 35 1890
56 38 3608
32 66 2182
67 55 3615
35 55 3757
25 13 1109
2 57 3686
46 49 279
19 10 3540
68 49 460
52 54 2972
58 57 126
3 23 132
16 30 182
8 70 887
45 11 2919
67 44 1653
36 14 1842
58 20 2008
47 70 1415
39 11 4048
22 44 549
8 58 1463
22 12 1184
14 57 2399
10 20 2889
34 39 3681
54 36 2561
10 22 2892
32 28 2132
17 49 4045
5 27 3411
65 34 2054
51 20 1670
26 1 1137
7 62 2274
35 28 3184
4 46 1521
66 9 1246
5 15 334
58 63 123
39 67 1732
56 45 2404
3 57 3506
3 12 3447
34 43 1127
55 12 2714
49 38 1670
70 64 3357
48 42 2571
24 5 1348
47 1 2477
18 61 3258
13 48 400
66 48 1684
69 63 3072
29 27 607
63 20 1568
4 47 747
9 54 2709
29 61 3778
47 37 312
39 5 3076
47 5 1950
31 51 587
21 69 3105
4 41 100
19 58 55
29 59 2556
50 50 2595
49 3 1066
25 42 2704
54 13 1938
21 10 1865
26 37 900
68 4 733
31 6 158
64 37 3610
3 47 2378
24 24 3941
20 2 3837
70 47 2548
21 54 2769
54 25 382
15 65 3127
31 13 1114
31 45 1764
55 63 91
67 33 755
14 23 2810
68 69 1966
52 27 66
32 24 428
40 13 3122
39 48 992
56 1 3316
51 55 1953
50 7 1965
32 51 523
70 57 3379
32 36 1265
6 41 490
53 43 3826
63 7 2018
1 38 548
22 69 822
48 32 3621
36 65 3812
12 50 1872
70 61 2968
10 40 433
19 66 2291
59 70 572
39 42 560
51 46 1639
33 2 676
15 33 3969
56 42 2463
39 40 1994
40 69 1740
20 1 2348
19 53 3638
27 13 493
14 62 3159
28 15 3586
39 57 2954
28 50 220
34 28 2078
4 16 139
66 28 3675
33 42 3181
63 33 2942
61 52 2210
65 56 193
15 42 216
13 8 2111
58 23 1468
46 57 2818
12 35 2570
30 15 1112
44 22 171
67 66 2204
59 8 1588
60 63 2893
48 15 273
33 63 168
22 5 2943
48 52 1908
1 43 3743
36 34 919
8 36 565
40 68 2925
46 8 2677
28 17 3835
32 57 3560
40 42 293
49 26 2182
53 57 362
35 13 833
53 47 2703
32 27 1614
37 64 3815
56 58 2624
31 57 1480
48 21 2767
62 37 3623
65 1 1509
12 50 164
8 33 3654
44 20 2151
60 45 963
58 14 2454
64 56 3922
5 60 1877
23 27 1421
53 15 234
34 6 2060
32 26 3405
38 5 3379
31 40 189
11 10 2577
25 57 675
63 24 2813
49 32 3639
2 3 1125
28 16 1021
4 3 2629
46 18 2761
67 70 3803
63 64 4023
42 29 1991
18 38 3976
26 69 1775
24 10 510
33 69 3601
16 23 2068
37 63 3979
41 52 2835
50 22 2892
18 51 2326
63 51 471
56 33 3597
14 9 1994
26 43 528
15 11 1403
42 49 3883
3 15 3522
17 61 2072
40 50 2593
53 24 348
57 32 1507
28 45 1559
61 53 2199
52 14 2435
31 41 3025
60 48 1050
33 38 2290
30 50 2333
29 6 90
37 50 2238
40 40 2364
40 60 3347
60 48 136
47 47 2578
57 26 1391
46 35 433
20 7 3583
16 17 1106
18 42 3269
32 44 3259
5 44 2519
51 60 3828
32 64 1698
39 28 1232
11 51 665
62 35 1010
57 54 143
21 17 1230
25 37 3821
4 13 3315
60 1 2044
11 36 1744
25 58 844
39 7 340
23 51 2080
4 35 2472
19 24 2463
45 24 559
62 3 936
67 39 4034
27 10 1124
14 62 382
67 8 2266
47 11 3890
44 13 488
63 19 878
8 43 369
20 69 1325
23 62 3621
31 61 2933
25 63 2241
46 1 4026
25 39 1172
43 69 576
3 39 2951
2 55 2746
22 65 791
57 2 894
12 28 3514
41 36 2059
36 33 1218
3 18 1240
12 40 1142
61 64 3813
9 44 3494
55 50 1730
35 56 3098
38 1 1165
60 11 2325
66 62 3148
9 44 4052
32 17 1859
61 70 2403
36 27 617
7 32 1948
44 65 485
12 18 903
5 22 1700
24 10 4022
49 60 858
70 58 1211
51 30 2537
58 65 2947
48 39 1774
26 44 3764
69 47 1579
4 21 3032
15 50 1545
17 67 2659
24 47 1675
15 36 674
69 53 3702
36 6 3954
28 41 1845
28 33 2686
29 5 798
32 17 1815
57 18 1044
8 27 3684
25 61 567
26 67 1144
41 37 3845
26 44 658
44 41 1146
70 5 3239
57 34 3447
10 46 2295
58 68 2176
60 58 3220
37 9 1279
16 59 3904
22 59 2828
54 10 2387
16 49 1812
61 48 1419
32 27 1042
57 12 3736
6 34 3147
1 13 3595
57 12 2310
6 23 834
48 13 2803
46 52 1695
23 65 1000
62 21 1890
14 49 1788
58 17 3661
4 60 839
62 33 243
65 26 3654
10 31 1674
32 8 1921
47 20 2336
3 46 1088
18 45 3581
64 14 630
26 31 1895
55 36 1569
64 29 4039
18 27 759
34 10 2944
5 60 3984
11 26 521
1 21 1422
24 47 1813
52 10 2719
49 16 3266
5 15 250
6 41 368
26 61 2089
38 57 2479
43 32 591
20 53 116
39 39 2002
54 50 844
68 13 2203
27 24 175
21 22 2624
46 1 919
39 53 3767
41 5 900
24 17 3226
47 36 1947
20 59 473
67 22 1283
70 32 1982
21 30 59
26 18 1151
46 68 3893
47 41 3693
7 31 670
34 37 1892
43 64 1738
56 61 2316
57 13 159
51 26 1858
44 36 590
17 21 1024
44 42 2012
65 41 1405
63 24 581
50 62 573
36 23 1170
21 13 1892
43 39 2258
18 6 1868
29 2 1346
8 52 2190
54 46 2519
9 15 3081
68 13 901
10 61 791
34 5 1230
43 6 1884
13 27 2567
49 37 2560
41 64 2733
65 10 1736
4 23 2119
55 15 2465
12 4 917
33 68 2349
69 48 331
69 58 2719
2 42 1896
52 19 679
60 12 2527
63 28 3847
52 41 2236
15 43 1704
53 61 844
13 66 4050
31 63 290
40 37 3378
57 65 2228
6 44 3679
33 18 2409
16 8 2819
69 10 1051
54 67 998
34 17 394
16 21 4033
55 27 1721
69 46 3839
39 40 400
28 68 1264
48 28 3758
22 65 3745
20 37 2774
68 10 2189
11 60 2092
38 13 2710
58 56 1925
22 51 1046
68 51 1132
33 40 2484
6 24 379
41 27 206
28 57 184
54 35 3801
65 60 285
32 39 2874
1 27 2211
12 70 1836
44 48 3334
48 28 869
49 21 1404
58 42 3509
53 32 3800
41 32 338
35 70 3739
5 55 2005
2 43 1617
1 45 2807
34 50 1273
41 31 1414
22 2 3572
18 33 3773
5 16 1023
64 33 840
32 56 378
29 40 276
61 19 2710
48 41 3547
38 10 1338
44 47 3618
68 31 1832
8 41 1074
44 16 2367
50 37 946
42 50 2453
10 46 3012
69 54 920
14 8 2824
53 59 3695
2 67 1331
57 43 2733
28 37 26
36 35 1005
51 45 3890
36 38 3695
21 60 3060
4 33 2047
29 68 1946
40 49 823
8 62 2912
37 29 1914
60 44 2284
20 40 3933
60 60 239
20 58 3962
53 17 1576
55 39 3374
41 28 3942
30 3 502
70 12 2636
6 60 3713
20 58 277
28 30 868
58 22 890
27 28 2813
9 27 1281
11 64 3301
11 48 988
26 60 3564
16 29 1697
1 64 216
53 68 2644
8 29 876
70 39 275
70 57 2635
40 27 2849
24 1 2616
63 3 3897
54 38 4019
24 18 4062
43 7 3636
37 24 3499
45 15 1938
59 42 3050
40 6 2709
7 53 3869
57 32 3904
5 50 338
8 47 2335
50 61 1068
40 60 2824
47 52 3310
67 6 1455
60 53 3371
46 61 1634
6 24 1209
31 67 1992
49 35 3453
22 4 2416
66 70 2735
63 48 2343
48 31 126
46 49 2636
38 70 4027
4 4 2004
24 22 1663
25 55 3615
39 52 2534
46 20 871
36 44 4084
41 7 207
38 24 3632
52 45 3558
49 30 472
4 51 1159
28 1 471
14 6 2741
5 67 1171
1 35 333
34 21 1373
25 68 1950
17 26 3885
9 22 3691
20 37 2607
19 20 805
31 40 248
7 65 1426
67 36 575
4 54 3035
40 59 1570
51 60 2717
57 68 617
70 21 1594
9 4 2914
25 2 3348
36 3 2288
36 67 3431
68 38 3671
46 35 3897
2 62 1510
9 6 3259
22 2 2214
29 8 2181
25 45 335
68 1 1709
11 25 3047
3 1 3391
9 3 909
16 68 2703
35 64 3517
57 33 1200
16 50 1315
29 10 3199
5 37 253
58 32 399
55 35 262
38 61 1809
46 59 2695
20 12 3591
56 16 3604
11 63 2611
61 16 451
69 21 678
62 60 355
17 41 51
22 65 175
46 69 2474
33 23 860
36 54 2621
68 29 1062
37 38 1904
38 47 938
56 64 3450
55 17 1692
8 62 977
57 45 131
41 27 2092
64 6 1818
22 4 2976
20 57 2543
31 55 679
39 68 2853
35 53 3149
5 43 3578
23 36 3557
5 56 1082
62 36 4063
53 5 2112
45 57 3526
30 48 3072
48 54 4079
51 23 2100
42 34 900
33 36 623
53 68 1051
18 43 1872
46 50 28
2 50 3497
59 45 1342
5 51 280
57 32 466
20 68 591
9 48 1313
13 31 2374
39 42 340
23 38 1355
49 67 433
2 2 1856
19 2 2057
2 29 1692
15 39 354
55 13 3530
34 30 3222
25 34 4037
36 24 3091
64 11 4023
54 35 3276
12 43 4063
22 22 2313
37 19 2607
45 42 4029
66 12 1264
29 7 2253
62 16 3227
27 30 777
39 43 3503
6 5 3744
69 15 396
33 20 1083
28 19 3159
18 63 2713
11 10 413
3 30 3968
28 29 1422
51 9 2575
5 57 3605
50 37 1579
37 9 3444
56 60 3902
14 37 2434
24 55 1839
57 50 792
25 26 2038
6 69 3285
56 35 1591
46 49 2862
4 48 2230
11 9 2217
1 30 960
22 10 3325
51 59 1727
24 36 1070
5 17 3125
21 70 2540
28 1 2105
21 3 1580
55 1 3253
19 4 727
64 2 1090
40 34 1682
5 63 3969
54 16 645
24 6 1834
58 26 189
26 67 2752
17 10 2418
17 68 303
18 36 1155
39 47 1258
46 19 665
51 37 3941
32 16 2326
39 61 58
40 12 1060
21 40 2231
31 28 1958
10 49 1281
13 18 998
69 29 2882
59 30 2808
6 2 811
47 24 932
58 25 3079
21 6 2311
11 26 518
30 24 2174
66 25 462
51 22 1933
1 64 899
16 29 530
70 2 359
65 30 3380
30 68 2458
67 47 186
26 23 3205
20 16 3730
32 40 104
70 32 3759
20 38 463
23 64 1985
61 33 2531
55 68 2894
54 29 1824
49 70 1439
64 67 1090
10 41 3068
20 57 3650
31 17 2939
26 39 2828
48 10 965
27 53 3601
17 34 1740
44 5 2078
47 22 2445
2 8 1196
8 17 766
66 37 2042
52 50 2543
51 43 3550
31 9 1699
70 66 1643
15 4 3747
51 48 2568
7 6 2696
11 9 3466
54 5 819
67 20 1835
9 9 378
64 1 219
1 17 959
54 1 1872
16 17 3971
46 29 2091
43 18 3316
30 3 1327
35 40 504
15 63 2210
70 30 3417
1 28 2949
30 23 707
62 19 2531
2 25 4049
67 67 1846
1 57 1721
50 70 725
54 3 1642
70 60 2578
57 66 3997
51 43 2513
5 30 937
39 56 1915
69 18 2149
53 42 537
56 5 3682
1 21 3796
66 47 2593
58 30 855
44 66 3493
18 8 1476
5 34 1734
13 70 2832
34 69 2598
7 55 847
64 65 2819
9 36 1934
56 18 217
36 13 852
55 62 3258
18 42 3762
69 53 3805
8 16 47
22 15 3419
59 11 1298
2 15 1647
40 59 2690
12 25 3353
44 13 703
27 41 2558
60 47 3734
37 19 516
36 34 969
20 38 1504
57 34 3227
40 63 985
19 50 2822
13 54 3165
9 41 948
61 67 2672
61 49 2399
10 13 1724
7 62 2864
41 66 1924
5 32 3644
33 24 324
39 49 888
21 3 1386
68 19 3105
4 2 902
10 20 1594
33 56 1621
7 62 1115
56 27 4006
13 19 3154
70 29 2061
57 35 178
57 9 1703
29 32 898
56 61 2379
44 32 4085
8 48 1455
55 57 2100
48 70 4072
12 11 268
10 47 1779
48 50 2721
35 53 2903
28 57 2835
42 48 2905
30 65 2004
60 18 610
16 32 3502
65 70 1637
9 24 1511
54 58 4066
51 25 3304
12 37 2791
41 65 1999
22 3 630
21 44 482
39 42 52
59 52 582
63 27 1364
54 21 3573
1 54 1338
59 29 2069
70 1 3966
65 24 3714
9 17 3428
16 52 3964
32 20 1945
33 57 549
7 51 2761
46 54 3932
23 10 2515
55 8 2757
46 38 2686
46 42 989
19 52 2414
50 16 4069
27 46 3452
9 56 1556
44 2 2488
22 8 18
49 8 2398
35 22 1867
69 44 3899
63 50 14
64 43 1473
2 24 3509
44 16 2627
25 14 250
62 15 1865
21 18 1026
2 47 3926
60 63 1298
3 15 3660
42 58 1827
63 68 723
18 25 2399
21 70 2901
39 53 2240
62 63 3953
68 35 131
8 34 1652
5 39 3550
17 26 3959
24 67 1645
14 2 195
34 56 87
4 17 690
20 58 2397
27 13 3691
62 44 5
52 34 470
43 8 3396
18 31 727
4 44 4092
32 24 2819
28 51 3771
70 4 449
48 66 2502
34 58 3304
44 53 3361
69 24 3257
16 30 2820
42 27 618
68 6 1373
63 45 3264
31 51 155
11 23 3497
62 60 803
51 64 2088
10 55 148
36 44 2361
68 51 961
64 66 2102
3 64 1200
51 58 3333
15 32 474
69 23 3286
42 63 3335
22 52 664
57 10 2294
65 9 1965
53 41 3975
20 56 1969
12 39 851
7 63 2041
41 60 3759
35 68 802
37 28 4025
3 58 2387
6 1 2988
46 42 3058
33 25 2463
40 4 2016
3 2 105
25 56 637
35 6 4069
42 65 1873
16 30 3703
56 5 1076
17 6 3627
64 33 3932
26 38 293
53 45 3128
19 58 4041
5 15 1814
46 14 3047
6 23 3505
36 47 2845
36 43 1372
21 47 33
21 36 1289
21 55 3450
63 50 2326
13 1 2558
61 67 2437
30 27 3458
32 59 1649
50 67 1252
69 43 1531
39 34 1046
12 3 3966
49 7 1640
34 65 3294
57 59 3951
11 43 282
67 22 3676
12 18 2800
6 7 1879
22 24 2610
20 70 704
16 33 910
56 32 61
67 16 3381
14 25 3073
56 22 1432
58 54 3180
55 5 1378
4 61 3421
11 42 2347
33 8 108
4 16 4011
31 52 2350
22 6 1055
28 2 3306
44 65 315
51 36 891
57 45 133
43 61 3867
41 54 3173
19 61 1964
60 55 2030
39 62 262
11 45 3754
4 69 1679
54 38 2167
28 40 618
55 56 2267
23 39 1409
65 56 1271
56 37 2293
57 14 489
62 2 986
43 3 2695
10 13 2504
63 5 2422
65 15 1231
11 17 2538
66 27 1211
23 12 772
50 38 2395
39 51 1635
17 6 1296
60 61 650
31 36 1313
12 61 424
60 38 523
16 19 2852
56 38 2456
37 30 3610
19 56 3025
19 23 1009
60 30 2874
70 9 861
47 10 3393
50 45 1052
35 4 3274
15 58 2669
39 36 835
23 36 3703
37 20 2788
23 22 2593
19 10 845
51 26 282
44 37 2526
14 24 1555
70 29 835
1 13 3010
4 30 2914
4 10 360
17 69 2364
31 57 2530
27 65 1385
14 47 1030
33 28 815
48 58 1996
20 60 1717
39 46 3662
47 10 3410
15 9 3370
57 30 2018
66 20 3180
8 40 1892
66 29 3100
2 20 2563
29 6 3324
30 23 348
9 27 1231
5 61 2684
29 20 2113
23 11 2723
41 27 2636
63 69 8
17 69 2365
44 59 1893
25 5 3436
34 45 2893
44 1 613
57 19 1763
66 2 3219
70 24 3062
8 16 2036
37 29 2515
60 23 2834
23 70 74
45 35 2502
62 50 3469
42 70 3667
16 11 1517
46 11 1547
45 30 1849
2 9 1574
40 9 1331
56 67 2242
21 62 542
16 33 3601
47 16 2575
21 48 1122
7 63 1647
59 62 3993
45 64 1093
65 35 3560
34 28 1779
13 10 973
70 67 840
50 43 3987
4 53 752
45 26 3794
30 34 1519
41 70 1970
14 15 304
58 38 3010
61 64 2834
10 53 1325
24 10 3736
58 34 842
58 20 3236
8 45 3741
45 35 3044
58 5 3797
2 52 3398
41 32 3940
17 10 1496
16 28 2329
50 49 3542
49 40 2009
57 1 1922
16 58 1364
61 57 3974
68 5 2587
32 48 1828
62 24 1010
9 3 645
60 33 2842
36 58 2256
55 18 2255
4 59 1521
1 4 2737
66 32 2186
17 43 33
34 60 3748
36 20 3554
20 54 1477
22 67 942
18 21 1796
64 50 2390
63 53 2643
65 70 1162
60 34 234
54 63 753
7 20 546
63 10 2844
54 48 3413
23 55 2351
20 56 178
7 39 1351
48 22 3537
62 60 3652
10 69 3403
3 5 46
32 63 1063
28 20 2738
27 50 1837
49 65 3474
57 29 3406
9 39 2115
63 68 1549
19 32 3648
9 55 3963
34 60 1829
6 55 216
44 62 2726
2 34 826
44 45 1923
56 33 3696
60 20 3462
6 15 1618
58 49 1620
70 67 1459
51 69 3253
9 40 1048
38 39 376
37 57 1909
32 32 3708
6 38 3267
9 5 673
18 21 1881
20 20 2506
12 53 1821
7 16 2282
46 44 1586
45 15 3124
6 15 2206
67 46 3493
65 67 221
20 6 1329
11 9 3615
20 59 2222
49 51 3186
21 4 274
44 15 159
32 44 3473
34 21 963
63 58 3995
56 67 2924
65 10 50
35 8 3814
59 41 3613
2 67 1881
14 8 3652
66 57 816
50 56 1810
17 17 823
17 64 1968
1 4 1437
48 46 4071
51 60 178
28 50 700
70 43 2818
11 20 2345
24 66 951
59 28 2993
17 19 823
35 70 3699
15 9 2292
25 26 13
19 67 2006
13 61 1948
24 15 3139
53 15 1014
47 62 3827
59 22 3703
43 69 1615
50 65 3243
31 17 443
62 1 501
43 25 3769
44 70 3515
64 35 3065
49 46 362
3 8 2350
36 3 3472
55 9 491
69 54 1895
51 18 869
34 31 3156
45 17 3124
5 70 3574
36 3 285
27 3 3276
20 68 1224
63 13 1662
42 46 2704
40 25 2547
54 11 576
6 27 3002
35 69 657
61 34 2554
46 21 3364
25 38 1994
68 12 3323
5 35 3725
32 15 3065
48 63 2712
39 54 400
13 46 1876
52 6 1248
24 34 1190
24 64 2110
58 25 357
62 12 2956
40 60 3269
28 48 567
1 20 560
28 19 3429
12 28 2192
6 19 2085
11 64 615
44 24 610
26 11 3719
64 18 3604
3 20 834
11 42 1803
64 51 557
32 11 1122
27 60 3866
36 57 3489
47 26 1815
55 22 4038
31 36 2035
46 52 1889
21 42 933
36 2 664
20 33 2225
51 39 2380
62 23 844
34 58 3204
44 32 212
52 16 707
57 24 2503
58 24 3816
43 55 247
27 30 1006
9 22 3426
10 51 2710
55 3 2206
58 62 1567
18 35 105
11 17 3543
15 64 2241
56 70 2995
45 67 2065
8 44 845
21 55 1129
34 39 3955
19 65 1095
24 28 548
18 48 1431
20 26 3629
53 11 1919
12 14 2997
10 56 2757
19 62 2585
64 30 2980
25 53 2598
38 9 2175
32 26 3786
18 66 1504
23 31 829
39 64 1981
52 17 1873
46 49 3318
69 43 1058
68 58 1166
20 15 1763
6 46 1610
47 24 4019
4 47 2853
41 61 1131
65 29 2546
48 3 3508
30 57 2648
9 33 3174
36 31 2515
51 37 1404
58 17 3920
13 1 1787
66 31 1750
51 67 3356
58 45 1460
32 4 1364
67 31 3856
11 20 3357
32 29 3117
58 51 3928
64 64 27
13 57 824
44 13 2357
25 28 2269
4 18 2023
6 23 3012
62 64 1458
45 67 468
19 50 1652
49 8 3092
31 34 3642
28 41 805
2 18 1799
37 45 321
55 69 3677
17 4 337
9 20 2283
18 13 985
32 36 1446
2 30 297
66 23 3719
57 49 2545
16 21 50
47 25 1143
21 19 1737
28 15 2057
53 48 3737
35 22 3026
17 21 1424
41 45 732
40 42 2430
58 23 2073
53 54 2803
60 4 965
23 1 2837
5 66 3536
70 22 768
37 7 3506
25 44 1847
4 22 854
23 58 1609
53 22 3031
7 12 2376
23 20 699
14 43 3131
43 69 1772
2 18 946
63 67 2845
46 24 1511
69 40 1219
56 66 3832
32 39 157
23 8 3868
55 53 341
32 37 1316
41 36 408
1 14 2771
68 9 3498
38 53 262
51 56 1461
46 23 1967
2 46 2765
15 70 3389
67 25 2271
69 16 2835
3 18 2147
37 41 2297
45 7 1818
12 45 329
29 12 3332
28 47 1190
70 52 3644
1 49 1289
18 53 1651
39 15 3621
66 47 1430
59 36 1806
28 36 3278
41 38 1703
63 45 1817
46 35 3808
18 25 2125
38 49 709
42 40 2761
56 36 3753
55 60 184
39 65 1759
69 36 578
25 40 2326
47 7 2682
47 45 620
36 2 3606
34 22 3224
34 46 762
13 50 2401
29 42 3323
16 45 1306
6 61 167
41 59 2371
44 26 2849
44 19 1301
70 51 3391
6 31 3330
49 63 3409
33 52 2356
3 8 3282
42 48 532
55 14 1556
60 12 3313
38 22 1029
40 6 3440
41 50 1427
70 1 2157
56 61 2830
42 68 3218
21 29 2460
55 20 3531
46 44 2154
69 32 2541
25 55 19
47 56 3884
5 12 3064
19 13 3031
5 16 3280
46 30 499
2 62 533
67 20 3382
22 34 1614
41 39 1561
2 40 2621
7 51 3081
61 37 1539
57 44 4088
65 28 3426
64 12 3424
29 13 206
64 29 74
5 32 2286
55 7 3786
56 69 933
67 21 3276
44 17 1743
23 57 118
42 28 337
5 40 737
11 10 3653
38 44 1586
53 53 611
21 37 749
33 6 2900
22 63 231
51 61 1682
37 37 2882
10 60 1355
55 48 68
42 48 2479
41 4 2868
49 1 1085
18 57 93
19 51 551
44 37 1863
1 49 484
5 56 2574
19 17 160
8 41 1091
55 7 1086
54 68 2554
32 55 2968
45 9 2728
17 47 3805
58 31 2712
22 41 2530
66 63 562
63 3 339
65 33 3594
20 24 2250
10 67 1652
30 39 207
10 12 2303
35 45 2854
26 13 3940
66 64 422
15 45 243
42 13 2722
4 5 3518
23 53 3770
11 30 2691
12 9 3656
37 20 943
37 63 1683
53 67 3054
54 34 3369
24 55 2541
16 33 1923
67 57 2719
33 65 1411
21 48 1878
46 33 3316
41 8 2631
59 56 3690
29 67 2304
67 49 1048
53 58 2846
13 45 2399
37 33 3423
34 51 3034
17 7 692
57 46 3568
15 56 2675
70 15 3091
67 67 1856
29 17 1897
8 22 1799
31 8 3969
32 65 3680
9 32 2540
50 16 2243
13 56 2174
2 6 1215
13 12 3338
10 2 2572
16 47 833
70 7 3602
51 25 885
21 50 3025
16 16 1473
52 6 475
12 20 1922
7 25 1356
32 51 2551
25 66 1905
11 23 2032
39 23 3296
50 56 2950
68 11 1515
26 7 3375
50 20 3842
14 56 613
34 28 491
19 7 495
21 63 199
3 59 1004
33 12 741
50 13 3888
57 3 3143
43 62 1707
70 8 2178
30 53 3376
46 55 1662
23 64 3049
61 38 850
39 60 1618
66 36 1277
1 66 2078
1 48 2326
53 12 239
27 33 2039
3 17 2006
42 55 1068
29 68 4033
52 61 680
65 23 530
16 54 3672
26 20 2515
1 57 465
29 23 3528
40 6 2013
67 55 2304
3 2 1715
41 21 3781
23 30 725
37 11 3838
21 43 2736
1 54 818
34 42 2929
7 1 1076
19 30 3544
65 27 3055
37 37 2157
15 24 1518
35 55 586
36 24 1126
28 59 1259
15 70 2636
54 49 2186
4 63 2938
67 29 377
26 67 942
32 57 2803
28 66 2226
30 51 3802
40 17 1573
44 39 1939
36 31 1368
26 30 3902
2 4 331
39 64 2294
42 28 2222
53 39 3134
58 8 1164
9 64 3980
30 51 469
23 4 1239
25 60 678
70 42 1182
18 69 100
42 33 1155
28 32 205
65 8 1854
35 15 396
37 31 1737
39 58 1049
10 60 2511
13 46 3370
10 51 1790
13 29 1257
67 60 1978
27 44 862
50 30 630
40 28 98
29 41 229
24 68 2606
69 53 1534
70 64 2587
2 45 3610
63 47 2955
47 29 1644
48 25 2452
8 61 2744
54 23 3086
43 56 2530
35 43 1714
44 24 1751
69 64 466
32 64 2605
6 15 1122
33 57 2015
20 4 1241
48 37 152
22 23 3123
35 68 798
40 29 3977
66 35 935
39 58 2548
3 27 3530
21 49 3374
9 41 3818
32 36 3039
64 47 334
42 6 1434
61 68 3362
38 23 120
16 10 2149
21 49 1174
13 5 793
13 54 2367
6 60 782
36 62 3136
32 41 2045
53 44 3197
69 47 2596
26 35 1560
7 45 749
32 29 419
42 20 2049
56 28 2906
41 58 3721
69 53 2279
54 18 1308
33 52 3088
53 14 3037
37 40 625
25 35 3232
64 28 501
58 21 3479
16 57 1676
15 54 3000
22 60 3595
31 32 1041
37 69 2157
35 51 3156
44 11 988
9 2 3114
67 44 526
64 66 1319
61 32 828
13 64 479
20 64 3688
25 49 500
44 5 1787
22 46 1021
24 17 333
62 51 2478
56 47 2540
2 29 2393
42 59 1505
59 64 350
35 43 60
59 67 2204
28 34 1803
70 28 2761
27 65 1425
67 43 2863
20 6 3692
60 33 1464
66 39 796
38 22 3761
21 33 2225
67 20 2941
68 50 1927
23 33 1414
25 8 2511
63 69 3027
39 4 3156
69 14 1211
55 52 2285
55 70 1584
5 43 3407
34 52 1412
46 31 3523
10 22 813
4 42 535
7 67 3044
47 52 649
59 48 1897
16 39 1522
66 12 3470
10 20 3153
66 1 2162
8 38 3024
56 32 3007
61 31 3639
65 60 57
14 56 1130
40 4 322
6 15 3414
45 49 2295
17 22 3416
24 52 2920
64 16 3854
1 1 936
21 29 1292
14 34 3155
37 36 451
9 64 3055
69 30 3769
44 65 3886
41 59 927
43 67 2352
48 70 2482
70 9 2383
24 12 199
38 70 3088
8 9 237
2 10 3041
10 49 249
5 53 2749
64 4 2596
68 37 3876
26 9 1688
16 28 1448
69 37 3068
3 57 601
12 22 46
36 25 1681
6 33 1949
58 12 259
14 39 1625
41 3 1563
36 53 2437
59 27 882
19 23 3808
43 11 3675
52 33 860
30 41 1352
48 52 2818
1 8 3324
34 36 2775
9 25 144
19 30 796
68 4 3257
11 21 3811
7 35 632
7 38 3329
26 23 3979
23 55 409
67 50 2802
20 3 3338
34 66 880
11 38 1016
44 13 984
10 40 132
45 29 2910
12 26 2949
66 6 2982
41 51 3851
26 60 2032
28 28 2907
17 56 1520
69 65 3195
52 30 988
55 60 2107
55 34 2734
21 55 2670
25 9 2765
19 61 3250
38 36 1955
58 32 3112
41 19 1452
38 68 3243
43 41 144
17 36 2347
6 69 3191
11 9 554
3 33 1771
34 6 1118
7 63 3977
15 8 2691
64 28 3561
14 27 1219
25 26 2794
44 12 2421
52 50 1800
19 40 4070
10 8 2745
47 68 2437
56 64 2329
22 44 1401
29 43 2058
2 22 2781
5 49 1092
39 17 1328
69 31 74
55 7 2519
32 66 1250
41 39 1684
45 20 1529
40 4 1873
28 48 3920
46 32 3506
30 14 3366
55 21 713
24 60 1791
12 14 2400
44 65 1504
70 46 1082
19 57 1141
61 69 2606
36 54 339
58 10 3957
50 17 1877
52 44 3519
40 29 2718
4 70 3380
17 50 1835
56 46 2305
48 17 1558
65 41 1132
31 4 3977
36 49 2642
41 30 2005
46 40 732
58 41 3165
56 17 884
25 5 2694
59 43 2464
69 2 2151
57 65 1891
47 20 3038
25 49 2739
19 16 3910
41 1 3275
45 58 459
67 58 3766
2 19 3110
34 52 2205
35 25 1534
51 27 85
41 19 3622
12 39 176
3 47 1886
24 38 1675
47 13 3337
70 26 3216
4 2 3214
22 18 1496
51 10 3783
27 22 3433
54 24 3937
37 58 433
10 7 1903
69 20 3981
59 17 1126
57 53 1425
62 58 2646
55 23 1248
35 26 946
12 40 2192
65 50 1437
26 67 1332
3 59 2264
54 57 921
15 53 1047
14 64 1365
38 10 2009
66 24 3954
46 50 319
44 44 3845
37 60 1934
66 22 805
49 2 1448
33 27 3847
10 34 3425
68 13 1223
3 55 2170
50 61 2129
32 23 2405
24 8 1851
20 63 3963
10 48 3351
11 49 522
41 23 3875
52 24 2199
38 32 611
70 18 43
62 13 1890
67 35 1443
22 23 830
21 3 48
8 60 1765
51 52 2991
31 64 3691
54 23 1586
61 27 2061
40 55 2683
12 30 2411
17 47 1529
64 10 3179
27 25 1449
31 18 2918
41 13 548
23 51 34
52 12 3655
31 13 2035
40 62 3848
69 11 272
24 13 2962
10 23 3962
17 38 3741
15 28 398
6 2 306
10 60 408
28 6 3681
24 59 3702
61 68 639
68 36 1228
33 54 1289
33 32 2016
24 47 1867
40 52 2896
46 45 1665
36 42 3963
33 13 968
11 14 758
21 15 747
66 49 2563
23 69 3850
60 42 2177
9 41 308
17 51 791
23 61 1354
61 27 3877
4 68 2104
65 51 3721
19 56 1138
44 60 2644
55 46 504
31 25 533
60 18 3249
39 49 2218
55 61 2011
63 11 4095
17 50 442
28 68 1969
46 42 190
52 6 3276
1 4 3762
33 21 3698
20 25 2187
37 38 3498
8 36 675
70 38 1724
23 3 1980
23 52 3307
28 50 1407
65 67 3592
52 20 1363
59 36 410
62 35 1623
70 33 1826
38 68 884
16 50 2155
44 23 77
62 31 912
4 60 2563
7 59 3487
70 50 4022
45 30 572
12 30 810
12 31 3077
55 13 502
43 68 1445
18 52 2043
61 35 2254
50 42 910
4 4 1899
27 10 3611
69 26 1288
27 42 4086
8 7 830
45 4 1852
19 8 1547
19 56 2040
67 4 823
29 31 765
24 29 3188
44 6 2465
43 35 2707
39 41 3767
67 69 3227
7 66 2448
56 69 2052
41 3 1085
61 62 471
57 27 1902
21 45 1126
18 54 2858
46 20 2826
34 15 3884
20 23 183
37 32 246
62 16 1589
50 57 3280
65 8 3257
62 57 2819
70 36 216
42 28 1445
2 8 3833
29 8 3470
37 11 584
67 68 2805
53 52 3045
8 60 257
53 44 460
65 5 4094
45 56 1405
52 41 3012
1 30 2694
58 1 754
50 54 3468
9 50 870
15 44 2419
40 35 3617
63 66 2444
15 15 3734
56 12 2573
58 60 123
10 43 3560
57 59 3751
68 54 2300
58 54 2531
45 1 1444
16 49 820
18 6 1674
18 20 3608
1 28 679
19 18 1218
11 12 1952
17 7 887
33 21 3478
30 8 79
16 69 3386
63 8 751
48 17 2712
34 1 2436
29 44 1593
43 70 1492
35 26 1461
63 39 2021
50 57 3621
19 49 3587
59 63 3230
22 27 2136
31 24 820
58 70 2092
68 43 2428
37 14 397
25 4 3070
20 31 2056
50 20 56
40 56 2875
6 69 3596
45 8 2573
69 54 3915
59 28 3731
37 48 3296
7 23 3440
69 33 2918
55 60 109
64 40 1803
32 25 1138
50 54 307
25 39 3989
28 18 3653
57 43 3478
68 27 3526
41 49 171
41 45 2840
33 29 2390
10 43 3353
52 28 1316
42 27 1489
5 14 174
45 30 3487
38 31 3362
18 31 864
55 42 75
49 30 4009
43 11 3867
13 7 3238
28 9 1559
39 55 2864
46 58 2968
20 45 3260
37 35 1513
70 61 2312
5 45 3220
39 33 1264
37 63 822
14 38 1840
28 45 3246
26 2 2921
19 39 1403
52 45 1132
49 57 2082
23 43 2935
67 59 138
41 66 1744
60 36 1110
52 59 2239
11 43 2899
56 14 366
39 27 1922
21 1 3999
7 10 1110
12 33 1471
49 50 1548
10 25 1598
63 61 2974
48 46 1007
10 2 473
6 32 2731
16 26 2609
9 10 3619
29 45 1725
66 50 1255
5 39 878
63 17 1928
53 70 200
31 18 1188
23 50 3032
56 45 112
27 16 1026
17 69 1282
53 18 4057
31 46 1890
20 70 2461
66 12 2771
55 12 1381
34 40 1447
31 43 3456
39 62 2663
50 27 3699
49 56 1586
61 31 1302
43 23 2946
19 27 3310
14 57 11
8 16 3407
6 45 1037
55 10 2314
15 51 4094
37 41 2322
49 51 3966
1 44 1278
23 65 1101
58 41 3500
24 9 3697
49 23 2110
23 19 26
14 38 269
24 44 11
25 16 3626
8 63 2573
43 33 2641
34 28 3455
22 34 467
64 24 2374
62 34 2637
65 67 1682
47 53 1885
20 56 3332
2 47 3508
70 68 1918
5 57 12
32 56 3592
48 35 2261
62 70 3119
45 31 873
16 51 2059
35 5 2251
6 57 2247
41 35 1056
4 49 3116
61 18 2667
8 9 421
4 43 2942
60 32 1096
18 10 1821
7 20 1226
6 25 2525
31 40 953
68 23 179
63 39 2468
65 54 1161
9 32 1376
61 1 2634
23 49 188
70 52 1594
69 47 1913
16 52 976
30 16 1929
54 50 995
7 20 46
12 33 2365
5 70 155
45 42 77
59 36 3892
57 37 4050
61 60 2551
17 64 2603
19 37 3000
1 55 2930
37 30 1343
67 62 3808
10 6 2911
35 5 2375
13 7 3614
39 27 506
2 24 3680
57 22 1677
59 68 782
27 14 4039
10 51 679
33 62 3920
32 70 1827
45 6 728
4 68 233
15 15 3135
33 60 2583
5 60 2854
17 35 1467
47 25 1853
26 67 2566
60 21 351
46 46 1436
61 56 1200
55 39 1225
64 50 2529
59 61 1043
2 45 3579
32 4 4071
70 58 744
24 69 173
65 70 4023
32 12 280
37 30 3483
56 3 498
63 11 2349
11 69 3384
1 31 1167
16 14 1064
45 6 2270
2 26 2055
27 8 2558
3 5 2495
14 21 3329
14 60 2322
50 2 2344
7 2 945
27 54 3519
19 10 1006
52 17 1457
51 5 3243
16 9 307
4 67 661
30 32 3695
70 42 2341
45 13 1196
33 31 2081
38 6 3212
68 35 3852
49 60 3635
16 49 2230
59 47 1342
44 36 691
61 4 3753
35 43 1634
23 59 3658
56 8 3357
38 57 3878
42 12 3076
59 68 2068
43 52 1622
70 43 3760
27 34 695
46 19 1246
9 64 3652
36 52 1599
67 21 1759
31 33 970
48 60 485
32 58 2462
45 13 595
69 22 2633
65 7 150
40 38 1955
2 26 2605
30 59 2361
39 44 1362
8 55 1835
31 46 1688
28 43 3127
44 29 1301
6 67 2775
32 9 3150
69 37 3648
6 55 3850
21 64 2409
6 13 1757
67 52 701
43 66 211
13 14 3850
62 33 2463
70 57 3427
67 53 104
47 18 3618
36 39 906
11 66 830
49 69 3097
7 38 878
63 48 2148
38 28 3154
70 24 1986
35 1 43
34 3 2297
7 32 904
58 25 3073
33 18 3257
17 66 3397
41 44 3912
4 66 2882
49 43 2056
46 54 3456
15 57 747
23 51 3779
54 10 2000
42 20 3627
19 5 178
46 66 2545
64 19 1003
42 15 3336
16 69 3856
36 15 3441
60 10 2052
61 14 13
53 27 2693
32 66 2036
29 32 4006
4 63 1594
21 27 2423
13 46 2019
21 31 1404
26 8 125
25 28 2654
8 11 643
66 28 396
36 41 2604
32 29 1227
39 65 434
34 14 438
46 70 3534
25 60 1501
50 32 3463
51 17 1797
37 17 2669
50 42 463
41 35 551
7 31 3079
22 38 3618
58 61 1673
27 1 394
9 5 915
5 4 2985
17 48 3507
66 35 3802
47 52 2779
62 20 706
68 20 3004
56 10 215
9 3 3120
30 54 2736
44 46 2549
23 20 42
61 52 3060
29 26 1726
1 58 2017
37 54 4090
53 63 1063
40 33 3100
42 3 641
11 7 4047
26 64 608
68 9 3520
35 17 1533
68 8 2633
41 64 2352
18 23 557
32 36 1013
13 53 3568
69 37 2377
38 48 899
64 35 1950
57 21 1185
33 17 994
6 42 705
59 31 3875
10 69 287
14 34 633
49 13 3649
36 14 2538
21 4 3826
5 37 2998
28 63 2418
8 65 3250
43 69 1062
36 43 4078
38 45 1955
57 44 454
60 28 415
62 69 2764
41 13 916
67 4 2070
62 27 1007
47 40 3290
34 60 2865
11 55 759
40 38 2471
45 43 2351
60 42 1469
59 48 3591
52 39 225
49 26 1839
43 27 3587
43 37 43
13 20 1423
15 7 3599
56 46 566
55 50 180
8 59 2415
7 6 3151
10 15 2827
46 56 3914
13 17 2313
68 23 894
57 14 3413
23 63 1576
59 61 3090
56 49 544
1 9 1504
64 33 2825
44 54 43
6 4 3429
23 27 3614
60 13 4
44 68 1950
46 48 3687
11 50 3246
3 64 727
54 45 2365
53 24 3378
42 41 2349
13 54 1894
35 66 3757
3 21 971
38 27 1671
70 10 3554
8 40 981
28 52 3991
39 3 3089
30 40 1814
2 34 865
32 18 1462
45 60 3576
21 7 3658
15 54 2415
18 48 731
61 68 2804
45 69 1151
49 28 1118
15 13 1685
4 27 2077
40 13 1001
51 30 1085
51 69 2279
69 61 2366
41 69 456
67 36 3224
17 35 233
25 58 472
6 17 3713
66 35 1110
4 17 2046
61 18 3473
52 2 177
5 43 1952
69 61 2293
31 53 3872
65 44 1426
57 44 2616
25 4 2522
28 49 2729
14 1 1215
15 35 1594
34 55 1030
56 16 3289
37 59 1969
17 50 1720
67 59 2598
38 14 1571
3 30 2890
69 17 3257
51 49 2743
62 46 2920
11 58 813
15 37 2399
66 44 274
39 53 2451
32 44 297
9 24 2739
18 48 336
36 17 550
29 39 3677
12 62 1754
11 32 4064
41 66 2213
32 34 880
23 57 3869
36 35 1560
47 58 1930
43 45 153
2 15 169
32 34 1623
55 45 2109
24 55 1219
3 57 3198
51 16 1101
25 19 1633
29 13 763
31 20 2224
59 17 3798
54 20 634
62 27 247
68 1 2542
31 8 1602
37 61 1892
16 47 3900
57 28 3963
59 49 2823
28 57 3039
18 19 3007
67 62 1937
57 64 2798
47 10 2934
33 23 2617
59 61 1415
44 31 1634
6 9 3773
34 16 2539
50 65 3623
22 11 806
63 62 432
41 17 1219
36 70 3912
20 58 3829
64 13 2423
62 55 2094
61 28 2271
6 7 2259
33 50 466
8 7 1201
6 15 799
11 49 275
64 13 1601
66 33 2422
48 15 631
61 47 1330
4 49 3951
70 16 2638
37 14 3103
56 35 3025
20 21 2400
70 30 2757
52 29 3155
46 8 1151
62 40 1352
53 64 1229
51 17 3045
67 43 3760
16 1 1760
11 6 3579
64 39 3107
60 68 3088
34 18 1575
30 69 1723
26 65 3228
55 21 3064
41 24 227
13 42 2601
13 63 166
46 59 868
69 11 1583
47 33 2962
31 24 3820
68 25 1122
10 65 1105
67 12 914
27 41 3770
16 33 5
28 59 1973
35 3 1417
58 22 513
56 21 2380
47 3 1416
34 68 3897
69 34 3894
27 18 2032
41 57 1203
17 51 745
21 65 3955
12 44 2397
67 68 957
33 13 1826
60 41 1987
34 37 3744
62 39 1082
17 19 647
23 43 1010
38 18 3838
6 64 2758
30 26 3904
69 19 2973
66 15 308
28 66 2606
15 25 200
37 69 3924
68 52 1221
68 47 2022
48 16 863
13 69 1009
58 27 878
12 69 2549
19 6 2792
70 36 1340
42 16 1485
33 45 412
44 50 3862
61 49 2042
35 43 2527
21 17 3692
42 14 3350
49 45 1506
2 7 3495
20 62 31
13 69 3581
60 3 3833
7 42 452
24 14 2833
31 48 2286
62 51 170
28 27 2618
41 60 1831
29 36 3950
66 53 3788
17 54 1720
42 43 2708
67 17 501
60 64 1195
69 16 1723
60 28 1590
61 25 4057
16 11 3267
48 67 2592
1 31 3788
2 13 3309
64 12 3699
70 57 2009
12 44 3906
43 67 2442
48 53 2485
43 47 3292
34 59 2842
6 66 1076
65 45 303
2 12 68
50 15 1407
38 39 3983
63 34 1241
53 56 1248
65 24 84
19 7 1270
34 28 1753
12 15 3559
44 22 410
7 29 1455
37 46 3471
63 25 1099
59 30 3838
38 69 881
6 42 3045
34 57 1787
51 26 161
3 66 634
33 54 1265
58 40 631
14 5 2274
29 64 2239
1 13 3097
68 24 1162
52 61 1545
36 34 3873
37 52 1208
50 44 2578
1 68 2647
12 19 1486
30 17 1349
8 43 2597
49 59 443
4 68 1037
22 34 3013
38 26 2672
39 20 108
49 10 3555
31 60 1013
46 67 3503
40 68 2549
37 48 2934
46 8 2369
18 46 2735
43 65 1551
3 54 3409
59 13 1254
29 43 1385
6 43 360
58 55 1733
16 57 1934
41 31 1848
39 11 1092
46 34 2234
48 56 3920
52 41 2525
12 40 919
44 68 846
12 46 3154
19 70 1450
45 44 2613
52 9 1744
32 44 3299
7 33 2665
42 29 1800
35 26 1309
18 65 284
39 14 417
10 19 1395
26 5 2976
8 70 1523
32 55 2355
21 12 4060
8 70 3270
26 32 689
48 60 2088
17 43 3395
2 45 111
68 50 93
70 16 1815
17 56 3171
32 62 128
38 69 837
53 4 1846
58 41 3199
50 24 2662
12 28 1624
61 9 1565
56 21 1688
43 17 2997
59 18 3435
63 24 364
8 57 3981
53 2 3352
50 33 1166
26 16 2520
2 2 3819
8 25 3673
30 51 1336
65 67 2116
3 39 3144
15 54 2642
36 11 2971
65 59 3567
69 14 540
64 51 768
63 67 1038
41 56 145
11 40 2746
39 69 3858
32 4 454
28 39 1995
66 7 299
20 13 1707
66 53 1280
8 14 1462
67 4 2449
6 5 3341
16 54 516
18 57 86
26 54 1282
23 47 2937
62 51 2579
4 57 3706
62 6 3673
21 7 4069
63 30 3113
2 63 1556
59 51 3624
40 30 3468
24 8 2185
13 37 702
8 1 3180
17 40 1728
26 63 1397
32 56 1747
29 21 2889
2 20 3476
3 13 891
68 31 2387
59 28 3720
39 58 1017
32 43 3620
41 61 2469
55 59 1529
28 19 3423
8 4 1977
13 28 2545
52 45 3621
63 19 933
39 30 4094
9 27 1332
8 10 319
23 6 1177
61 66 168
65 10 3209
52 9 4003
12 13 3707
66 24 2075
28 52 3905
4 64 499
35 39 563
15 45 4092
42 42 268
21 25 1887
13 4 2761
4 23 1779
50 69 1570
38 46 604
27 45 996
43 38 2307
8 10 3018
19 59 2317
60 25 1680
51 68 1938
48 21 1638
57 50 611
38 55 2279
62 26 2373
33 62 4012
63 42 2172
32 29 2478
13 33 2445
20 13 3447
15 66 3457
58 17 1785
29 62 2185
7 25 2789
9 26 352
50 55 3081
3 18 2618
16 32 2805
64 17 1809
38 24 2124
5 19 1186
25 2 3025
33 62 2617
69 65 1867
4 16 2307
66 2 4024
40 43 3014
33 17 3677
49 5 1472
58 41 157
40 28 4064
9 57 1084
1 54 3026
15 30 3344
43 31 3426
59 11 3897
7 44 3562
53 40 790
67 15 1473
14 44 526
3 12 2368
23 34 735
11 7 1567
41 4 495
17 57 2892
32 15 886
24 22 4034
52 24 682
17 67 4060
62 3 973
63 27 2488
7 28 3210
69 67 141
65 26 1155
36 66 3368
35 63 3579
9 53 1626
36 27 2895
56 9 1784
47 34 2624
21 17 1313
59 41 3872
42 27 2985
69 61 146
43 7 3388
20 60 2625
57 45 3679
18 28 520
59 11 2490
9 65 1220
70 63 3981
18 35 3335
16 14 2275
41 17 3641
13 25 1047
60 50 1935
69 39 2483
46 44 690
10 15 833
13 43 2889
24 56 1963
61 9 3846
54 24 1268
5 61 3828
40 29 556
2 40 2203
30 43 2737
56 4 2858
32 6 268
37 25 4067
14 34 393
30 17 1429
37 40 478
57 6 2556
28 50 328
20 23 2341
23 43 2741
13 19 120
35 66 3047
31 47 2466
5 17 3989
33 51 2775
13 66 2096
12 14 2727
50 52 3995
61 46 70
36 70 3212
21 5 2041
17 19 2477
21 23 2042
37 66 2213
49 58 2369
18 65 3539
50 49 3993
23 57 3054
23 2 1810
63 53 1810
34 62 3995
31 4 1433
39 9 2647
13 52 1848
31 26 4006
69 68 3028
24 9 2176
65 24 4048
41 18 1262
59 33 1477
59 45 645
14 23 571
38 33 2580
33 42 430
60 7 3642
67 48 1469
49 15 2070
17 4 329
58 50 1101
68 21 2858
61 55 1050
22 6 378
50 62 702
52 17 3213
15 58 3854
66 19 2447
35 9 3544
20 41 3574
12 52 3054
30 62 2572
46 1 37
64 20 3142
67 1 1125
44 47 711
26 27 1466
66 51 1037
26 12 3796
9 7 1830
68 68 2581
1 59 4027
47 36 3280
36 26 1185
35 59 109
33 4 3440
17 17 2627
9 33 1584
60 42 427
37 12 4005
52 5 3340
17 64 423
30 30 93
34 52 1798
21 21 2496
29 58 3586
42 60 3128
39 43 1244
23 70 2662
41 52 2637
21 63 147
32 30 3519
60 57 3311
56 23 2946
5 47 3271
31 40 2716
12 16 1121
69 27 1405
19 7 2315
11 19 2978
65 12 1171
43 61 2643
14 67 1977
45 35 2243
5 25 2283
62 42 3433
69 27 3108
23 69 505
14 55 218
11 69 2361
27 59 1902
3 9 3873
54 54 3006
66 54 2755
7 11 3125
43 32 2445
31 36 1889
5 56 3831
51 48 1219
37 29 2437
13 38 2121
24 65 467
33 65 813
29 51 1693
24 19 1907
34 52 516
58 39 1679
46 67 3363
1 66 853
25 7 3353
6 45 3143
10 40 2712
26 4 2414
60 6 1682
49 25 2834
9 41 1750
60 9 527
19 12 2397
47 57 3638
67 65 3681
25 18 3924
39 68 1527
36 66 1117
31 12 756
40 12 212
33 54 2630
19 10 1800
6 13 3664
48 29 2054
53 57 3008
24 68 365
41 17 3387
36 24 3603
56 17 1881
52 45 1405
8 62 4044
33 5 488
52 40 40
3 22 222
31 13 3320
39 37 3972
24 12 2981
19 7 1213
49 19 1469
3 10 2580
17 38 4070
45 17 270
43 63 3102
24 60 1518
11 20 3145
21 2 310
6 52 108
69 61 2140
69 31 3477
21 7 620
42 12 320
41 54 2750
27 2 1705
61 49 3709
53 31 135
30 38 1924
28 23 3225
34 34 248
26 44 2003
33 8 499
42 45 3922
53 3 3815
33 14 1170
69 26 1624
50 12 3808
40 57 3792
28 40 3538
40 8 3854
10 20 541
33 47 867
27 62 3282
26 66 4007
23 64 2941
12 64 1058
36 18 2886
33 34 2236
39 70 1179
30 2 2630
45 44 2405
3 17 940
67 30 2994
13 64 3530
3 66 3049
55 62 1533
36 65 1155
53 36 1984
9 6 3469
34 26 3451
58 14 1512
38 23 1111
65 39 751
70 21 2663
53 5 3690
16 53 3167
35 27 3448
36 32 3824
15 63 955
36 44 1134
50 16 1995
43 3 2448
63 28 288
3 10 1758
13 67 865
42 11 231
70 45 3209
57 11 3970
23 64 2840
21 56 3022
18 49 3784
32 14 983
59 36 1208
60 51 1189
60 10 639
12 49 841
62 62 1489
58 7 2376
4 17 449
5 60 3739
31 46 1388
16 8 319
41 45 3469
19 50 3965
37 5 2453
47 53 2838
13 14 1082
38 67 3796
1 41 1734
65 2 1689
45 67 1737
65 4 1787
54 6 12
24 62 3384
40 4 1382
3 18 342
36 58 3042
28 22 107
11 38 1526
25 18 3071
65 24 1021
48 24 913
24 14 747
42 54 1109
20 38 925
6 22 764
8 48 2444
8 63 452
65 4 1621
66 5 2228
35 31 4021
59 44 3152
2 39 3947
66 4 3007
4 9 3374
5 66 3745
56 53 1065
49 64 203
12 39 2166
51 69 1108
10 35 3986
50 3 1729
11 44 3670
17 41 3778
67 59 3111
8 10 179
44 61 2137
19 65 3398
56 56 2664
49 25 2264
48 41 4018
56 51 2034
20 51 2543
40 58 3543
53 21 49
17 26 1475
57 43 2436
35 3 3358
65 68 3476
4 46 2743
40 29 1651
34 14 1208
66 50 3809
27 70 1729
57 33 2321
34 57 3603
70 35 1845
33 46 1181
44 17 879
51 6 3680
41 55 1364
59 40 2847
7 67 1266
64 19 4038
24 70 3427
4 10 1846
60 10 3474
10 7 2658
12 46 421
54 16 3319
36 53 3559
70 37 2765
61 1 1085
7 69 1964
66 2 2721
15 24 2440
52 40 1454
24 70 762
5 6 46
9 55 325
38 7 1471
62 32 1627
55 17 2503
66 46 2574
2 52 932
21 22 2554
68 15 286
63 17 3451
13 16 1021
58 53 3697
41 22 1517
54 3 2154
22 44 2687
54 31 3068
26 68 2588
31 64 386
59 25 3978
8 33 2793
39 30 2446
20 40 854
55 44 1094
28 9 2495
15 3 1760
56 7 37
57 3 2245
35 18 800
24 15 2002
19 32 103
66 7 4055
64 32 1064
70 44 3941
69 45 855
17 63 2139
67 5 418
43 64 1574
68 38 681
46 61 3290
24 50 1466
55 4 3277
17 34 2161
33 30 387
35 25 2535
19 52 1613
69 9 1727
29 56 1784
34 61 3069
39 51 2323
70 48 2875
8 10 3452
34 55 3647
65 13 3601
54 6 3661
52 36 3033
65 30 3597
36 37 3768
42 9 749
57 62 3087
43 64 2467
58 66 3332
8 43 1618
36 42 1662
36 4 3749
3 11 3012
21 55 2276
10 51 456
3 11 3302
26 46 1455
57 32 515
51 33 299
55 58 3064
31 48 3084
13 12 3427
20 54 3547
32 48 2087
66 42 2682
41 33 1839
50 39 2543
10 23 1276
70 36 978
5 3 170
51 30 565
51 40 1010
32 9 1192
25 4 2669
65 12 3350
3 43 1726
7 17 2622
45 24 1121
38 23 1627
18 52 2704
5 2 3474
5 40 2350
46 70 358
13 27 253
35 59 1440
42 40 1148
58 27 3303
12 17 3672
12 12 1931
64 16 2656
69 14 1562
63 56 1475
21 1 1807
29 32 1607
23 25 1683
10 47 3403
34 38 3397
21 2 3501
44 3 3410
5 5 1564
34 35 3151
30 32 245
9 46 3303
46 32 1389
16 49 3312
58 61 519
3 2 1720
10 70 643
40 42 3924
61 22 2454
27 32 797
61 53 3024
31 52 1218
67 23 3350
45 46 3435
37 44 2229
30 13 3281
31 20 2766
5 69 881
44 20 2803
12 27 2874
65 40 3851
39 47 151
58 9 1177
60 56 3623
42 40 3207
68 34 3683
38 29 1369
60 57 359
31 29 2281
3 56 1454
27 54 431
18 9 1216
43 14 3780
40 67 2662
8 2 3515
1 58 126
46 49 2876
63 29 52
51 28 4077
52 28 2552
46 22 2880
4 37 2208
1 68 1730
39 5 878
9 18 549
32 45 564
33 6 1016
51 64 947
8 38 1702
64 16 736
44 25 385
40 22 3618
70 64 3128
22 11 2797
63 68 1929
42 15 2153
58 46 2639
12 61 2890
45 14 898
2 49 2603
16 8 2011
39 8 3068
10 37 2010
57 1 918
5 1 589
53 16 1381
1 52 2753
62 39 3810
36 18 2514
54 59 394
59 39 3040
12 1 3980
18 67 21
35 8 2344
51 33 1024
29 19 2886
54 59 2935
10 56 2447
18 23 1861
1 66 995
16 24 577
39 15 1185
1 42 3209
54 23 377
62 4 2371
48 65 2323
33 47 2224
65 38 1856
23 7 833
35 32 2152
45 20 2753
14 57 1920
46 3 2769
60 15 2494
51 5 2446
10 9 491
55 39 842
43 22 683
6 1 133
1 37 1721
13 69 763
15 6 3511
68 35 1461
70 53 3213
69 43 178
31 13 2427
57 31 3293
38 51 428
8 31 2107
19 14 291
59 35 1177
44 66 1450
2 15 418
30 35 1091
61 7 1176
56 63 2982
18 65 2515
59 38 1957
48 28 3018
15 44 2523
9 40 2094
60 65 1073
10 40 2519
30 36 2506
46 68 1474
10 61 3677
12 18 797
35 42 2781
17 52 1308
5 67 3758
46 41 3861
33 2 2196
12 34 3873
2 20 2055
35 54 2983
60 57 1509
21 19 129
61 18 1778
12 38 1997
26 8 1822
24 6 3759
41 48 629
18 13 43
47 47 1659
13 60 2597
25 28 1793
56 66 1265
33 57 1967
3 44 2753
60 20 3440
55 60 381
50 10 1785
44 54 2642
1 55 929
36 31 3617
1 70 406
26 5 3123
20 23 2096
22 32 2509
59 24 3140
49 12 1214
42 31 3055
62 7 2399
54 44 3791
42 62 1160
48 33 2226
70 15 2284
37 34 1563
48 26 1853
24 37 3944
52 8 1102
60 52 3180
17 23 1830
4 22 1949
36 60 1944
63 63 2034
19 68 497
41 45 1626
16 25 1594
45 12 1968
5 40 943
4 34 3725
4 69 990
41 22 1432
10 11 2865
67 60 3204
6 23 1777
16 15 1413
50 1 2056
60 12 1347
32 68 1143
61 69 3586
14 39 800
40 34 1643
49 57 1026
22 49 1842
51 11 1542
21 3 2466
26 55 650
34 1 649
59 11 2466
60 35 685
22 7 3379
39 58 1411
25 67 1008
50 30 1736
60 60 3848
4 8 3736
67 27 3264
65 33 1059
29 50 2612
24 22 2345
26 61 2123
32 60 337
4 21 3135
1 6 4023
13 49 2736
49 29 3431
26 14 1058
56 49 3712
18 61 1129
60 63 3914
62 49 1907
13 12 3291
19 37 1599
42 10 726
60 35 3949
68 7 3684
56 9 396
49 42 2067
6 15 2068
21 38 3946
33 21 223
39 17 908
8 33 1730
25 56 1645
31 53 2868
14 11 3038
44 23 3926
43 55 955
20 65 2406
35 32 2371
29 18 1177
3 5 3716
29 36 975
15 39 3762
31 69 2802
46 48 1248
44 63 3743
63 31 3925
7 34 1492
29 63 499
1 42 1090
54 66 2249
53 50 1737
29 34 3571
66 22 330
24 68 1113
53 43 3908
38 48 695
7 15 1242
17 9 934
19 49 1520
55 37 302
40 54 902
1 33 1744
47 34 3619
18 48 2753
35 2 672
23 16 2925
16 39 2945
45 16 753
40 2 2350
49 7 1251
59 23 909
14 25 2033
2 55 1491
26 53 2988
30 55 1558
48 10 85
27 62 1722
52 22 3655
15 70 2479
62 29 3804
7 27 2449
15 46 2220
48 41 280
2 40 1446
48 42 1938
5 10 2326
34 22 385
39 6 3316
18 33 1999
9 6 521
40 40 1778
54 53 1914
24 44 849
22 14 260
31 33 947
16 14 1053
41 52 3515
23 32 2749
65 65 1451
68 50 679
58 4 2171
10 39 2160
28 40 886
35 69 1276
58 43 1960
5 10 960
60 26 1434
44 60 3048
51 43 3670
36 57 2119
51 12 159
64 32 1242
67 6 61
46 26 839
38 51 1818
44 20 146
4 54 2740
42 35 3910
41 3 731
65 65 2119
48 52 1538
49 4 685
53 41 3815
24 18 807
64 29 2846
62 44 3090
43 22 159
2 54 178
57 39 3443
69 16 1802
20 23 2688
33 18 2883
26 28 2577
43 1 2538
16 59 232
61 31 724
11 11 89
1 35 2095
56 17 2441
26 7 282
54 60 2745
37 69 2188
20 29 1012
20 19 194
69 17 1881
70 54 1173
25 8 371
52 48 477
38 67 4061
23 54 2982
8 27 2220
17 13 2937
61 17 2929
16 30 1311
62 52 3418
31 13 3395
12 33 3268
13 55 3735
15 43 2200
44 60 220
10 28 53
67 45 823
39 48 3256
38 60 2782
57 16 3907
68 40 2860
56 22 825
38 14 1831
57 32 2436
12 34 3417
10 39 566
60 26 776
5 35 2807
9 45 3127
49 59 2907
46 9 24
20 42 2771
66 38 2536
8 20 2458
52 58 118
37 37 3756
18 7 429
3 7 3519
22 53 228
59 53 1922
7 14 2828
2 49 1980
58 1 2916
7 29 4
60 23 2562
40 50 823
42 20 1336
57 7 2573
35 59 2209
57 43 1222
19 48 728
15 41 907
49 70 2753
9 16 1530
47 64 2781
4 4 663
23 50 3663
3 11 1839
7 8 3926
25 24 3641
35 8 639
66 5 1030
64 19 2965
10 40 2378
69 6 1383
57 44 1302
58 39 1291
1 49 2766
7 8 369
17 59 3526
6 61 3159
18 37 2633
28 21 3756
38 45 1919
42 6 903
41 40 4054
12 1 3417
13 29 3876
19 21 1301
34 23 3210
63 25 2061
40 28 3410
20 45 2598
32 7 3794
23 54 1888
53 14 1939
52 41 824
30 55 131
2 16 2437
33 59 1831
42 1 2242
9 13 1494
53 24 1275
32 49 878
13 31 3685
19 50 2976
61 6 856
42 67 4032
59 26 2218
36 8 44
49 20 2491
67 57 2441
35 56 337
54 9 1358
25 48 3586
22 48 3469
3 3 1632
16 27 789
36 29 604
59 9 3959
11 57 757
52 11 967
55 1 3590
38 32 1639
44 64 555
61 53 1380
65 17 1203
7 64 3180
70 52 942
20 48 1614
31 62 1090
47 40 683
68 54 2904
26 38 3852
56 20 271
64 68 2707
35 70 2817
55 63 4034
26 9 3127
12 31 1999
70 68 3748
27 49 3806
39 55 733
30 51 349
63 57 3558
17 67 1686
57 40 1771
47 44 1015
25 15 2025
70 11 2535
59 69 3516
50 55 591
27 9 1863
9 59 4004
14 3 923
5 25 683
66 14 2846
42 68 3015
62 47 2602
31 19 1502
59 66 3313
32 3 2227
50 45 926
9 44 592
6 39 2423
15 18 1194
17 41 802
43 35 3698
67 21 243
2 45 2914
31 69 3755
13 25 325
31 13 3942
8 2 855
60 39 1091
36 11 3450
56 32 178
25 50 236
61 26 635
14 67 2752
6 53 3980
46 28 2746
24 63 1971
47 45 2029
59 32 1222
40 68 137
47 65 575
63 38 2603
62 2 1875
29 57 1190
38 52 3218
66 9 2043
9 44 1991
62 47 484
28 2 2231
37 55 1972
1 36 1620
11 47 1084
10 59 1833
12 61 3754
36 35 2810
18 38 131
47 30 1899
45 20 2510
7 59 1962
48 2 2688
55 2 99
46 18 2236
29 32 580
5 59 3786
9 18 2843
69 55 803
58 39 2621
5 47 4073
40 42 1392
40 61 329
31 47 2370
30 24 2883
54 38 3707
8 17 2431
39 22 37
54 44 814
20 15 1615
13 53 142
61 35 2367
25 61 3772
42 49 407
67 14 14
41 39 4071
68 51 1799
70 1 2824
15 69 927
18 8 1621
56 57 1543
1 45 3641
62 50 1969
2 41 990
54 46 1357
68 50 3024
27 18 2866
60 34 3591
32 30 1120
18 2 1255
54 34 1249
21 18 1655
65 58 1168
13 69 3863
25 52 2926
6 57 633
52 53 33
16 24 494
52 7 1292
56 69 2847
52 30 413
17 39 260
4 68 2420
59 11 262
32 61 2933
15 49 2478
18 6 2290
12 12 3121
47 52 2567
17 10 3576
33 64 121
9 16 1829
28 30 3414
57 14 8
31 55 2917
57 27 43
28 33 787
54 9 672
29 69 282
30 62 1356
40 41 3679
2 23 1498
70 27 2558
43 5 2935
53 49 2640
60 50 452
42 51 3488
47 53 2636
19 58 1304
42 47 1514
69 3 1319
16 2 2927
52 22 3829
8 5 2233
47 14 939
35 16 2588
61 27 738
22 35 853
63 26 2857
44 63 1827
43 33 1148
44 17 257
24 19 1114
31 37 188
10 57 3875
24 19 2884
53 49 2907
16 23 2244
4 64 3611
3 36 2072
55 33 191
33 41 3639
3 26 1692
56 62 3803
65 62 33
44 29 1109
2 3 3609
12 46 3322
60 24 180
17 24 506
35 43 1733
32 14 597
29 49 2758
66 15 938
56 39 1583
50 58 1979
40 33 3099
56 24 846
67 43 709
19 8 459
50 1 1185
35 64 2879
60 1 3434
15 17 2489
38 41 1495
53 70 375
11 56 1623
35 42 3061
58 5 504
51 57 3035
50 50 3775
30 42 3920
48 37 2283
42 20 1365
7 32 2942
57 50 3591
33 14 3063
39 66 1482
32 57 3552
44 15 411
60 45 2273
23 35 772
45 30 3654
47 38 3771
45 42 2720
6 49 1451
49 20 3204
1 42 656
24 13 2402
55 32 2843
31 7 728
5 69 495
44 55 558
42 41 1372
33 24 3178
53 35 620
29 46 2640
69 35 3279
23 32 1949
8 4 3082
16 18 2023
60 2 1161
70 37 620
63 43 696
10 40 3566
36 45 2440
30 68 3252
51 65 1852
64 37 2754
33 12 1557
23 18 4059
44 58 1752
23 37 3697
52 26 535
16 34 2245
48 30 4020
14 21 1187
60 63 2002
19 45 2404
56 7 2249
47 49 155
36 38 1518
56 32 1930
3 21 1722
59 38 2410
11 53 3179
61 26 1491
42 59 712
13 45 197
6 17 1619
16 1 75
27 6 961
9 34 2875
9 35 2033
20 25 83
44 35 2156
34 29 3921
19 1 3899
39 16 1909
45 25 3350
44 31 311
29 11 3517
23 25 3801
63 58 53
41 38 129
5 44 2496
57 62 835
8 29 432
19 8 2300
59 36 2414
36 6 3085
59 46 1260
58 18 3662
23 3 399
52 21 707
3 12 3837
9 56 1112
62 48 3899
