70 5000
^|^^|^|^&|^^
12 13 128
48 1 2
52 58 66
65 18 256
62 35 130
70 62 2
10 44 384
13 61 0
3 30 128
10 53 2
51 65 2
60 55 0
63 56 66
56 57 2
33 15 0
60 25 0
50 26 0
29 40 2
16 36 2
27 37 386
4 47 194
2 36 0
62 30 450
60 4 2
9 34 0
17 2 450
9 68 2
70 49 2
45 60 130
15 41 0
59 58 0
55 14 322
44 67 66
41 35 194
63 49 66
68 60 0
12 40 66
36 57 0
59 44 2
5 30 0
21 48 192
9 58 386
54 11 0
10 50 0
26 26 2
57 22 66
19 27 2
24 10 384
30 59 2
7 42 64
13 2 384
4 28 2
21 25 2
42 41 66
56 68 256
36 35 64
22 32 0
36 5 0
37 49 0
4 23 258
43 39 128
25 15 0
38 9 128
32 16 2
26 70 0
45 64 128
62 53 0
33 54 66
55 44 2
66 45 66
36 42 2
66 28 384
3 27 0
2 35 2
64 2 0
44 2 0
64 56 64
34 21 320
36 21 2
3 60 64
24 25 0
39 39 386
35 34 386
21 37 2
24 19 2
1 46 0
17 27 2
66 35 2
24 56 0
40 43 130
13 61 0
69 35 2
2 48 0
34 62 2
61 6 0
36 33 2
16 16 448
70 26 0
70 22 2
12 36 2
44 56 0
4 37 66
61 62 2
16 30 258
64 59 0
68 5 0
17 42 0
59 20 0
38 30 256
64 29 256
58 56 2
62 55 2
62 44 0
58 56 0
6 14 2
28 46 0
33 33 66
41 32 2
63 8 2
17 24 0
29 58 0
44 16 0
16 3 0
70 58 0
35 60 130
9 14 2
38 43 2
62 52 0
17 45 2
21 7 192
53 31 0
11 25 2
64 56 0
13 56 2
22 42 0
50 68 64
11 15 0
70 40 322
47 26 0
69 16 0
63 43 0
14 50 64
58 40 0
47 24 2
19 37 2
19 24 0
43 6 0
28 62 0
11 3 128
59 41 194
63 37 2
40 53 450
18 34 386
49 28 0
48 53 2
70 34 66
44 69 2
8 69 448
32 15 64
61 24 0
35 22 130
31 70 0
70 17 0
4 25 258
48 46 0
30 14 322
41 64 0
4 15 2
31 13 0
42 69 0
47 26 2
5 28 0
64 22 0
41 55 2
43 65 0
29 50 64
30 17 0
47 7 0
9 18 2
22 69 258
36 28 0
10 30 0
53 52 0
34 3 0
25 70 0
46 57 256
30 67 64
44 61 0
36 5 130
24 48 130
14 64 384
16 17 66
57 49 2
4 70 194
46 10 2
46 22 2
19 39 0
65 24 2
62 24 2
3 16 66
13 63 0
69 3 256
25 7 0
63 68 258
64 36 322
57 45 2
48 21 2
44 68 448
56 15 130
60 27 322
27 61 130
39 31 192
2 36 258
5 56 2
8 60 0
56 47 0
41 23 0
51 68 0
4 13 2
7 69 192
17 16 2
24 39 0
34 64 2
46 50 66
15 21 2
62 39 2
66 14 2
3 62 66
68 66 2
23 62 2
45 42 2
53 25 2
2 57 0
7 38 192
38 29 2
33 8 2
54 1 0
1 21 0
28 61 0
49 63 64
57 13 0
61 10 128
29 9 0
28 19 130
63 16 0
22 62 64
25 18 130
54 47 2
36 52 0
16 6 2
19 33 0
64 57 0
46 52 448
5 53 2
15 39 448
55 40 2
38 64 2
69 70 0
28 46 0
27 63 2
9 14 2
25 54 192
3 28 64
26 4 0
5 18 0
19 39 2
67 59 66
63 9 194
11 16 64
32 65 256
50 62 0
23 38 2
36 42 258
11 8 0
19 37 2
39 21 2
47 52 0
12 64 64
7 40 0
58 70 2
65 54 258
41 19 2
68 25 448
54 61 130
1 22 258
51 42 258
35 38 0
21 37 64
2 27 450
57 38 0
10 40 0
64 25 258
70 11 130
53 62 2
7 50 256
39 27 2
26 16 0
58 60 2
18 12 0
58 68 2
34 13 0
30 5 0
48 26 258
4 64 448
19 19 0
31 43 0
2 42 0
26 10 0
44 66 0
58 8 0
12 63 0
15 67 258
9 51 64
40 55 64
19 67 320
45 66 2
8 67 2
4 52 2
11 60 64
14 5 0
40 51 2
45 68 450
49 26 66
64 35 192
16 53 0
16 32 2
32 27 64
40 15 0
2 17 0
7 2 2
9 42 2
68 26 448
64 67 0
49 59 0
22 54 130
16 51 0
12 42 2
70 22 0
35 24 2
45 49 258
68 30 64
28 37 0
45 29 66
48 56 0
45 32 450
44 55 2
8 52 450
28 32 66
39 52 386
56 65 386
39 2 0
58 43 386
55 9 322
32 4 0
67 54 0
22 8 448
58 7 0
57 10 386
61 49 448
33 30 0
8 61 2
46 26 194
13 49 0
25 25 194
10 8 2
69 51 2
44 25 192
21 54 384
59 19 2
24 11 450
36 68 386
46 49 0
14 32 2
32 63 2
70 60 0
70 20 384
27 2 320
32 19 0
64 57 66
27 25 64
44 11 2
69 13 0
4 63 0
20 26 194
52 27 448
39 70 320
69 43 0
33 20 256
46 45 448
43 16 384
52 55 0
7 68 450
59 15 66
13 52 192
29 4 0
10 41 66
57 51 0
38 54 192
61 32 2
20 46 322
36 22 66
62 30 2
8 39 2
60 45 0
67 31 194
21 9 386
70 27 386
50 66 256
60 70 0
12 68 0
54 41 64
15 66 2
37 63 64
40 11 0
59 25 2
6 40 0
25 41 448
28 43 0
21 5 0
41 2 448
38 65 0
9 40 64
55 40 0
30 33 0
6 45 66
55 40 386
35 21 384
44 35 448
21 34 2
68 4 0
28 54 2
58 60 0
41 10 2
6 39 2
12 15 0
57 40 0
24 60 64
48 24 194
66 46 2
2 52 0
31 12 194
9 35 2
4 48 386
6 68 0
55 42 0
4 61 0
44 37 2
49 35 0
35 48 66
18 50 66
46 22 0
36 55 2
56 53 0
12 68 2
64 4 0
36 19 2
33 55 448
58 42 0
68 66 2
35 45 0
2 43 130
36 40 66
48 10 64
11 21 448
17 59 258
31 45 66
14 58 0
64 37 64
28 31 66
52 58 2
23 36 2
67 49 2
7 12 2
69 6 2
23 10 128
30 66 2
13 21 322
70 52 0
37 25 66
43 14 2
27 15 130
35 12 2
10 26 2
10 40 0
23 14 0
15 28 0
25 58 66
13 41 2
15 36 258
19 37 130
22 31 2
67 38 0
25 23 386
22 4 386
32 17 66
67 32 64
69 22 64
31 1 384
55 67 0
19 12 64
36 24 0
3 21 2
45 6 130
55 59 0
53 9 192
49 25 0
11 65 2
62 28 0
59 33 0
11 13 256
60 3 2
13 39 386
14 24 64
5 19 130
57 70 2
30 2 384
63 18 0
35 35 320
49 11 2
32 30 2
34 41 0
49 34 66
66 12 66
62 53 64
29 9 130
15 23 258
52 54 2
14 69 2
25 2 66
53 50 0
28 59 384
40 43 2
24 28 64
7 40 194
67 17 64
37 32 0
53 49 2
9 35 2
27 35 0
66 56 66
8 17 0
68 47 0
50 36 130
53 36 2
60 34 128
18 4 66
28 26 2
61 69 0
17 55 320
48 24 2
64 15 0
52 42 0
53 51 258
23 24 2
49 58 258
70 58 450
41 20 64
20 13 0
42 44 0
31 41 386
56 58 256
66 65 192
69 40 130
24 58 0
58 50 2
26 8 194
13 65 0
55 12 2
63 5 2
64 10 0
3 26 0
14 68 2
17 6 0
43 20 0
56 57 0
51 36 450
5 48 2
18 57 192
65 15 2
24 45 0
26 14 130
18 68 130
6 69 322
16 62 450
10 38 194
32 1 2
17 58 0
26 61 128
63 27 0
61 57 0
25 11 258
70 56 0
36 70 2
50 68 192
56 36 320
49 38 386
2 53 66
50 40 0
44 66 384
18 50 386
27 47 2
29 15 130
52 44 0
26 64 2
41 39 66
40 68 448
55 61 0
24 63 66
12 63 0
48 38 192
33 68 0
32 13 2
18 13 0
15 47 384
40 19 2
30 59 128
31 35 130
61 24 0
36 47 0
42 33 0
26 1 0
4 56 192
36 18 194
4 27 450
24 70 2
1 61 194
68 31 0
55 24 0
66 1 2
26 62 0
19 54 0
66 64 450
27 29 384
9 35 320
39 33 2
27 10 2
67 29 384
27 20 2
60 64 192
18 5 0
64 7 322
37 13 0
52 36 0
27 31 2
6 53 2
64 62 0
53 9 0
39 24 66
55 65 2
22 26 2
40 57 64
58 60 450
27 69 2
5 53 0
49 21 2
70 12 2
61 48 450
7 32 66
66 41 0
56 36 0
52 69 384
68 68 0
8 11 0
7 53 450
13 22 2
7 22 2
47 2 194
11 1 322
69 7 0
19 53 64
67 24 66
41 8 450
32 15 130
61 2 0
55 49 2
63 67 2
27 59 0
12 63 66
41 27 0
32 38 128
20 47 2
55 69 2
21 49 2
47 58 2
35 54 128
54 47 0
70 41 450
59 9 130
46 23 0
37 25 2
52 37 0
22 23 0
17 5 64
49 9 0
4 60 2
55 65 66
5 14 2
16 36 66
54 45 128
24 25 0
54 5 0
14 19 2
34 69 448
31 47 64
10 30 386
30 27 194
70 25 2
54 70 2
2 57 384
14 57 0
25 70 0
27 56 2
46 55 0
27 59 2
66 61 450
35 1 2
60 2 128
41 49 258
24 53 0
26 36 0
27 11 192
40 62 64
4 18 322
55 70 2
16 13 0
66 32 0
57 18 194
25 14 0
8 47 2
17 24 194
38 67 0
29 65 2
29 57 2
58 47 66
20 70 0
20 20 384
47 41 194
49 54 66
51 7 386
4 9 2
1 4 258
42 39 258
41 20 128
33 42 64
35 60 194
7 26 64
13 64 64
16 44 0
3 30 0
19 48 192
26 44 0
55 67 450
10 52 64
28 19 0
59 45 2
13 13 66
35 16 0
2 67 0
59 67 192
2 40 0
40 69 0
46 65 66
3 23 0
4 53 2
49 55 66
34 69 258
70 31 64
64 38 64
42 43 64
27 38 256
14 32 194
57 70 0
20 28 2
6 27 0
66 4 128
5 43 0
62 22 194
5 63 130
63 18 64
33 47 0
35 13 2
64 60 0
36 28 322
23 11 2
26 46 2
69 40 256
56 5 386
60 43 0
23 45 0
32 24 2
66 4 0
38 52 0
69 6 130
32 59 0
45 39 2
18 35 0
31 42 2
46 55 128
55 4 320
51 59 192
60 42 0
36 40 258
37 28 130
61 54 0
42 53 64
47 5 194
53 7 66
30 24 0
4 65 66
19 41 0
4 60 320
58 70 0
26 20 450
69 32 0
35 63 2
67 33 2
59 70 0
36 28 192
25 5 0
26 29 256
22 51 2
56 23 0
56 8 0
13 54 192
41 29 130
46 49 2
52 17 2
52 50 194
25 70 0
59 52 322
43 12 130
48 39 64
1 7 0
19 61 256
4 70 2
51 59 2
30 26 0
48 58 192
12 49 0
67 22 0
11 10 2
5 24 2
24 34 0
43 18 256
23 25 2
51 22 64
65 20 0
2 66 0
17 22 0
37 28 384
27 40 2
53 30 2
44 40 130
8 68 128
21 35 0
16 35 2
1 22 2
66 15 386
24 5 192
64 61 130
48 54 384
34 48 0
31 39 66
53 7 2
16 33 258
23 23 0
1 57 386
19 69 2
17 66 2
8 2 384
20 44 2
42 7 2
9 49 448
44 3 0
13 60 0
14 27 66
51 30 2
26 70 64
55 16 258
47 52 2
14 28 2
10 37 64
33 50 2
43 12 0
20 8 2
9 69 2
28 8 2
24 7 0
20 6 2
43 25 2
22 39 192
41 61 2
52 52 0
65 11 2
59 61 0
46 21 0
69 34 0
61 36 0
27 53 0
69 2 0
43 63 2
69 56 450
55 38 128
41 46 64
41 32 256
16 32 64
49 27 320
36 7 2
65 48 384
9 64 128
70 29 2
54 9 0
42 33 0
51 38 66
35 67 0
10 20 2
53 54 2
29 53 0
47 55 2
11 9 0
45 28 450
4 56 0
60 69 0
10 60 2
48 49 2
7 59 64
49 39 450
9 61 194
34 25 2
18 28 0
49 1 0
58 58 0
70 38 2
24 54 2
62 60 128
45 5 0
67 40 194
17 66 64
55 64 2
64 11 130
24 58 0
39 35 0
45 62 64
60 49 192
16 6 192
63 26 2
61 42 256
49 9 64
41 10 194
7 10 0
21 59 2
22 21 0
1 46 0
26 20 0
14 3 0
40 37 66
35 11 2
11 45 66
25 5 384
29 49 0
40 39 0
58 34 0
49 50 0
49 45 0
5 42 448
33 66 0
69 13 2
19 51 0
36 54 2
59 41 0
70 48 0
44 37 2
67 1 2
52 64 0
7 14 386
47 20 2
61 50 66
63 43 130
53 59 0
14 68 64
36 56 0
49 30 0
29 17 2
15 35 128
25 47 64
56 44 450
51 51 0
40 57 66
25 49 0
43 5 0
35 37 2
56 66 2
1 5 0
48 10 2
59 48 128
39 50 0
54 33 64
48 55 0
19 5 0
48 15 64
9 61 0
13 55 0
7 36 2
36 15 0
16 54 0
40 4 384
26 10 130
12 42 64
49 15 0
62 45 450
47 62 66
31 8 2
63 10 66
45 34 66
55 17 258
39 29 0
38 15 0
29 16 2
27 56 2
26 8 2
15 68 2
65 3 450
6 15 194
63 32 0
61 52 130
63 67 0
49 51 64
9 19 448
25 40 64
51 56 0
27 3 0
63 67 0
26 60 2
25 11 2
44 8 386
68 54 192
31 38 256
29 56 386
54 18 0
63 4 0
16 54 0
43 33 0
16 21 0
40 49 2
53 27 2
3 26 0
40 63 64
2 30 0
69 60 0
37 33 66
69 23 192
8 19 386
2 64 0
70 53 0
16 62 66
63 24 66
12 3 384
42 20 66
47 23 0
56 20 128
61 69 2
63 20 2
68 22 384
39 64 194
59 56 2
51 33 2
23 53 0
10 18 0
53 11 448
13 50 322
29 64 0
13 51 0
23 20 0
39 31 2
70 37 194
18 28 2
58 1 192
43 47 448
25 63 0
24 60 2
45 10 66
37 57 130
20 46 256
3 31 0
16 35 2
35 53 2
51 20 128
57 24 450
24 57 0
61 9 128
27 19 2
38 48 2
28 64 0
39 48 194
6 43 0
11 46 2
43 29 0
55 12 64
49 48 2
8 21 256
21 64 256
9 3 258
37 3 384
11 2 194
38 12 2
47 59 0
43 16 0
66 40 0
33 40 322
43 31 0
43 69 386
33 70 0
34 40 256
68 40 0
36 29 0
50 24 2
5 49 0
58 3 0
1 18 0
5 37 0
16 65 0
1 19 2
66 26 386
52 41 2
64 67 130
42 15 0
9 9 0
30 45 0
60 6 192
26 69 2
31 2 0
12 13 2
31 61 0
3 33 0
61 41 2
54 67 128
44 18 0
14 26 0
70 53 0
10 67 128
62 24 320
70 25 2
43 29 0
11 2 2
46 8 2
39 39 2
38 13 0
39 60 2
61 33 0
17 28 66
1 15 0
33 47 66
9 15 0
53 46 2
35 70 0
41 4 130
60 45 0
48 16 2
12 66 130
22 70 128
17 5 2
63 17 2
51 26 66
30 61 256
7 62 0
58 23 64
64 38 0
13 14 0
28 42 0
43 34 0
46 57 66
15 6 0
65 59 2
49 1 0
11 21 130
8 28 2
35 69 0
63 46 0
67 46 0
62 5 64
53 10 386
27 46 0
54 12 2
28 51 192
23 40 0
58 31 194
43 63 0
20 27 194
65 63 194
12 22 0
23 1 194
43 68 2
22 40 0
16 69 2
35 39 0
47 39 2
15 63 384
12 20 0
24 59 66
13 3 322
58 27 0
17 1 2
41 24 2
43 21 2
17 6 0
57 44 0
58 45 2
59 30 0
38 65 0
69 8 0
8 2 0
25 70 2
53 66 192
46 68 2
49 34 0
12 35 0
2 51 258
3 40 0
20 5 386
66 4 0
48 63 256
50 8 448
15 59 320
59 35 0
64 27 66
69 68 64
58 2 0
39 49 0
64 17 0
16 22 0
63 63 130
30 68 2
67 5 64
67 43 0
61 29 192
44 20 194
38 8 2
26 45 2
48 7 0
18 11 258
58 46 0
46 27 0
48 7 448
51 69 194
4 36 66
53 59 2
52 31 448
43 32 256
34 8 0
67 27 0
58 32 2
52 27 0
6 10 386
53 53 2
55 8 0
41 12 64
56 10 66
41 27 0
29 2 0
10 65 322
22 45 2
13 7 0
23 20 0
11 50 194
70 44 0
31 32 450
65 45 0
8 17 0
33 1 384
5 35 2
11 64 320
44 57 2
16 64 0
21 15 2
65 49 2
40 25 66
19 55 0
35 18 66
31 37 64
47 4 66
54 21 386
10 22 0
41 25 384
1 9 0
3 8 2
33 5 320
62 49 2
5 50 0
31 13 0
69 34 2
39 16 0
29 49 320
63 6 0
51 24 194
56 59 66
41 40 2
26 49 128
5 61 64
70 11 386
7 18 0
69 52 0
25 19 0
3 64 0
64 7 0
36 51 64
54 41 450
41 49 0
24 38 0
69 52 2
27 38 0
13 36 258
14 42 130
13 59 2
3 34 2
33 46 0
36 18 192
27 61 0
8 52 0
16 14 2
25 13 2
56 66 256
66 63 2
52 40 384
4 7 0
11 31 0
54 8 0
41 37 0
29 29 386
13 50 0
17 1 64
11 37 0
15 49 0
46 66 192
36 12 320
8 31 448
24 50 2
26 18 0
3 3 66
21 26 0
44 59 0
40 30 0
48 57 0
68 48 2
54 22 2
27 14 320
10 60 0
6 57 192
12 22 0
42 30 0
52 50 0
52 44 192
64 5 258
39 18 0
63 45 2
42 49 386
24 27 0
62 16 192
5 21 64
58 52 0
39 70 194
53 40 2
52 14 0
15 61 0
15 40 0
62 53 64
17 3 0
3 39 66
18 20 66
47 26 64
22 49 2
51 7 2
35 18 384
42 59 2
69 29 320
60 66 0
39 3 450
24 5 2
10 40 0
43 20 384
65 25 384
20 25 2
64 37 384
32 29 0
7 46 0
70 61 2
44 22 2
11 10 66
29 44 64
56 12 192
26 56 0
18 53 0
23 29 0
18 60 130
48 35 0
53 11 2
49 61 66
6 64 2
65 60 0
52 44 0
69 22 192
52 23 0
18 35 66
29 45 0
36 63 0
21 34 2
11 62 322
35 41 2
37 54 0
3 60 0
1 17 0
22 58 2
2 41 64
38 36 0
16 69 2
35 32 0
62 25 2
25 47 0
45 9 384
49 44 2
38 3 0
55 47 0
16 33 384
33 61 2
61 28 0
69 30 0
35 22 0
31 64 0
39 60 0
45 40 258
29 28 0
60 11 2
39 63 0
7 43 194
11 41 64
39 49 192
17 63 2
50 37 0
65 6 0
61 31 2
6 38 450
9 25 448
45 1 66
69 6 0
41 3 386
12 50 194
44 44 0
41 70 384
57 65 0
25 69 2
5 7 128
37 47 0
8 45 2
26 41 0
63 37 2
62 18 2
69 68 2
66 48 2
12 24 2
68 31 66
23 50 0
6 26 450
4 51 0
17 6 0
5 47 448
46 14 2
70 12 0
24 3 258
38 23 194
46 60 194
49 26 0
58 37 0
47 67 256
4 54 384
63 29 0
18 59 322
8 5 192
66 27 256
67 47 0
64 48 64
60 27 0
47 3 0
21 33 256
62 18 130
36 34 0
19 7 2
28 9 194
17 31 66
45 21 2
57 44 64
23 36 194
68 68 384
19 17 0
40 13 2
59 70 2
1 18 0
20 21 0
9 52 64
8 62 2
28 54 2
10 52 0
26 15 2
7 63 0
18 41 256
21 52 192
38 69 66
52 35 0
62 43 448
32 18 130
21 11 64
12 21 0
27 69 2
3 70 130
60 4 0
60 10 0
29 47 2
22 38 2
8 15 320
15 61 66
68 21 448
36 53 320
34 32 384
62 54 448
55 24 0
11 10 2
41 18 0
23 15 64
53 50 0
12 26 64
29 46 66
15 66 2
18 39 2
58 50 128
18 4 0
26 28 0
60 6 2
66 3 0
48 48 130
14 59 2
35 46 0
46 67 2
35 19 2
65 8 0
19 36 2
18 22 2
70 8 0
41 48 64
31 34 2
53 6 0
24 37 2
29 9 192
55 17 2
51 41 450
42 23 0
33 45 64
35 14 0
50 43 0
57 10 2
5 6 128
63 16 2
11 56 322
22 3 2
30 26 2
7 9 130
68 35 0
34 29 2
45 18 0
17 51 2
33 39 0
25 50 2
39 53 2
66 27 258
21 58 384
12 49 258
49 40 130
15 23 0
12 60 2
5 4 2
33 25 0
67 13 0
70 36 2
66 23 0
17 40 0
36 55 386
3 57 64
31 35 64
41 21 2
67 47 386
52 48 66
26 42 128
26 51 0
32 20 128
24 5 2
46 45 66
15 37 2
64 29 0
29 67 0
27 69 194
36 37 66
67 60 0
23 14 2
12 43 384
24 40 450
9 63 0
58 32 2
18 52 2
8 15 192
56 57 2
62 28 2
15 22 130
22 62 0
17 52 2
10 49 0
26 40 2
45 1 128
51 1 128
34 48 386
35 69 0
32 2 0
30 55 0
56 4 450
18 10 0
63 47 2
30 9 322
53 69 64
26 48 0
33 43 0
59 29 0
6 26 0
47 16 0
31 18 384
54 40 0
8 36 192
60 53 2
1 61 0
39 30 128
23 65 0
5 16 64
42 47 2
56 47 2
12 14 448
38 18 66
5 4 194
36 14 0
41 66 258
22 65 450
68 58 0
2 56 2
31 60 2
63 40 64
34 27 0
69 33 2
41 15 2
58 49 320
2 8 0
63 61 2
36 48 130
5 15 64
16 66 0
8 40 130
44 39 2
37 21 0
68 35 2
31 16 2
44 57 194
55 28 2
1 54 128
60 21 384
42 69 64
33 1 66
63 45 450
39 66 66
31 14 0
69 23 320
6 48 194
56 22 2
54 47 2
44 33 0
2 47 2
35 29 0
58 7 384
2 28 64
69 53 64
59 68 130
30 57 128
56 25 2
69 23 66
37 21 2
6 63 0
52 17 2
23 62 2
28 32 2
40 42 2
23 34 64
67 34 2
11 51 194
53 46 386
3 62 194
30 22 0
22 41 66
46 46 66
65 60 256
65 21 384
31 44 194
49 49 0
38 69 128
11 53 0
32 39 2
7 2 322
52 13 66
63 69 384
26 36 192
26 5 194
62 5 0
39 6 66
39 47 2
37 49 0
4 61 0
53 52 2
8 27 2
59 70 66
47 10 64
6 43 2
64 70 0
31 48 0
15 19 2
38 23 66
56 31 2
60 43 2
24 61 2
27 39 322
16 6 0
21 69 0
16 8 0
28 33 0
10 69 0
18 50 66
2 48 0
44 62 2
31 1 0
11 50 0
41 33 2
25 6 0
23 62 0
33 18 128
62 49 0
8 12 258
32 51 2
58 5 2
11 47 384
17 14 194
32 52 448
5 42 2
3 19 450
35 45 256
23 48 66
4 3 66
3 58 0
56 28 130
6 16 0
32 69 258
51 62 0
45 56 2
47 33 66
53 52 0
54 55 130
39 19 64
66 5 192
5 54 2
3 4 386
55 34 0
21 25 0
64 69 130
69 44 2
2 24 2
2 52 2
43 29 0
6 68 2
45 53 2
63 16 130
32 60 2
29 26 2
67 5 0
63 36 2
35 63 130
18 38 0
66 41 0
58 64 0
22 63 0
56 47 2
23 29 320
13 65 64
31 53 2
50 5 2
8 65 64
7 49 386
38 28 2
4 13 0
38 34 2
29 24 194
9 3 2
31 54 2
17 6 0
26 55 450
56 61 192
53 40 66
7 61 0
50 25 130
22 33 256
40 5 2
38 5 2
40 21 448
22 65 256
3 38 64
35 45 0
56 26 0
38 69 2
50 67 64
22 18 66
65 21 2
48 57 256
30 65 130
19 23 66
57 59 2
68 20 192
15 31 0
14 38 0
38 32 0
35 62 0
31 34 2
6 51 0
6 59 322
51 12 2
40 65 2
63 49 320
61 9 194
69 16 64
45 54 64
70 48 2
64 5 194
37 40 2
34 53 0
32 20 2
67 49 64
31 14 386
68 22 66
11 27 2
11 25 128
47 34 66
27 51 0
32 33 2
12 21 320
28 4 448
25 29 0
57 31 0
14 32 0
60 70 0
43 40 0
53 32 2
27 62 0
14 40 130
33 10 0
5 15 450
70 4 0
67 69 66
28 60 258
65 50 2
47 69 2
20 23 2
60 4 258
62 57 384
25 36 192
17 65 384
19 45 384
15 55 64
59 11 2
2 52 194
21 59 2
14 47 2
58 62 0
22 69 2
58 67 2
60 13 64
22 59 64
3 33 0
26 61 2
52 56 66
62 45 0
63 9 0
65 69 322
21 45 194
38 42 2
57 39 386
19 47 0
53 8 0
68 36 2
53 51 256
24 66 0
41 68 66
20 6 2
54 29 0
44 53 322
56 3 192
29 35 256
43 12 2
6 65 0
23 23 256
23 70 128
10 12 0
31 11 64
69 70 0
33 63 450
1 16 2
35 62 194
57 8 66
6 62 64
42 60 0
69 18 0
63 18 2
23 18 0
61 49 128
42 60 130
59 23 2
19 18 0
20 49 386
15 33 2
55 60 64
42 61 2
52 12 64
34 42 0
45 25 66
6 20 64
5 53 0
51 26 0
4 69 0
37 8 66
68 1 2
34 50 130
41 4 64
32 7 2
31 21 0
68 55 0
11 7 320
5 51 2
48 30 384
31 27 0
8 48 0
6 66 0
12 7 2
40 54 2
45 57 0
51 14 0
35 18 386
3 20 66
61 50 0
19 5 2
4 44 194
18 46 66
44 70 0
39 4 0
35 33 2
4 19 450
56 58 320
37 4 322
56 20 0
20 35 0
54 36 0
59 20 2
48 29 0
64 15 2
2 25 2
14 40 0
48 42 192
23 43 0
49 54 386
35 26 322
41 3 0
37 48 322
40 63 320
34 63 2
62 56 0
62 56 448
60 14 0
47 56 128
7 20 192
24 26 2
47 48 0
12 45 66
6 50 192
7 5 2
53 39 64
50 17 0
11 32 0
69 18 2
53 69 0
54 44 0
50 10 2
5 57 386
66 24 0
56 62 2
56 22 66
43 65 66
54 55 2
46 52 2
16 11 0
67 55 0
60 41 384
64 27 66
57 11 2
31 54 66
54 28 0
39 7 64
59 16 66
18 56 320
25 38 2
7 37 0
47 42 0
46 33 2
24 8 322
69 13 2
46 62 0
26 50 450
26 50 194
59 3 384
66 9 2
4 11 0
8 38 384
7 26 0
33 37 0
28 24 256
68 56 448
32 59 0
18 31 0
63 27 320
56 67 0
50 22 450
15 25 2
2 53 128
26 17 0
26 35 130
57 25 64
10 5 0
20 6 384
32 53 2
36 34 128
57 52 130
45 7 384
63 55 2
56 29 0
70 27 320
31 16 194
58 42 2
52 22 448
16 35 2
60 65 0
53 2 130
59 30 66
61 13 0
51 57 0
60 51 0
22 24 0
43 1 64
65 9 2
58 26 2
15 28 0
7 5 192
48 17 64
15 27 0
70 41 0
39 41 66
53 26 2
55 3 2
34 51 66
63 2 2
55 2 64
62 64 0
37 61 0
60 69 384
61 64 384
48 28 450
12 31 2
24 13 64
52 55 386
48 52 66
60 56 0
68 38 0
67 8 0
25 26 192
42 22 2
26 38 2
27 10 0
17 26 66
24 60 64
43 27 0
63 20 2
43 24 128
20 4 2
20 4 2
13 26 66
70 36 0
2 28 2
50 39 2
55 64 2
39 41 64
21 3 0
51 48 0
70 56 2
18 30 0
2 43 0
46 38 2
59 67 2
34 37 258
3 53 0
37 69 2
59 57 0
66 26 2
53 14 0
58 1 2
50 35 0
8 43 0
8 68 192
62 69 0
53 6 128
34 28 386
45 2 0
10 66 0
33 35 0
11 18 384
46 65 192
2 5 128
2 28 384
13 64 0
60 50 2
43 36 64
61 8 0
13 1 450
26 47 0
4 39 0
57 13 2
12 30 2
58 24 2
34 24 0
69 53 0
6 60 2
22 41 2
68 6 322
69 56 0
62 25 2
64 54 0
13 36 128
17 59 0
11 25 322
36 27 0
53 65 0
1 15 2
29 31 128
35 11 130
38 13 0
62 59 0
38 26 130
21 14 450
23 36 0
56 63 66
69 34 0
6 32 0
34 51 194
3 38 386
4 14 2
11 48 0
68 2 0
40 54 0
6 14 0
63 19 194
11 52 0
21 17 2
56 3 66
18 10 0
69 22 0
63 70 66
16 27 194
17 21 0
32 26 0
23 5 2
28 13 0
55 16 2
66 34 64
23 22 0
31 6 0
68 30 0
40 50 0
2 26 2
12 30 0
16 36 64
35 31 66
2 61 2
61 43 0
58 15 2
45 41 0
5 27 0
54 45 2
40 57 2
60 8 2
1 43 0
25 59 0
1 39 130
55 40 322
22 33 0
67 19 66
69 43 384
9 61 0
38 28 2
4 31 0
14 4 2
6 50 128
64 32 2
6 18 130
39 1 0
41 26 2
14 56 0
49 56 0
29 40 450
52 48 66
40 22 2
33 3 0
44 34 0
7 39 2
40 46 2
11 67 0
47 70 128
10 57 0
54 26 64
64 38 2
36 38 0
24 27 66
47 49 0
2 5 194
58 29 66
62 2 0
27 61 0
16 43 2
37 45 2
66 52 384
50 26 2
33 38 2
4 58 2
7 58 0
38 51 0
47 50 64
12 49 0
39 45 2
41 32 0
10 43 2
1 16 0
15 38 2
7 12 0
55 41 386
55 19 448
52 14 2
39 1 0
49 58 0
14 58 66
24 12 450
43 20 0
61 19 386
14 56 450
59 23 2
13 5 0
54 65 2
7 45 64
16 20 0
57 38 384
27 54 384
17 58 64
28 28 192
16 57 2
62 68 66
47 11 2
49 67 0
16 69 130
49 10 0
53 7 64
56 19 0
51 67 0
52 54 64
55 12 2
15 35 0
1 25 0
58 1 64
16 59 320
32 56 194
62 40 2
14 34 2
23 53 2
57 17 64
51 13 0
20 20 2
39 47 2
3 23 0
69 43 0
26 49 256
55 38 0
35 69 384
38 9 2
29 36 386
53 21 0
68 59 2
51 35 384
70 46 128
36 7 0
64 12 2
3 43 0
48 3 0
35 18 2
58 12 130
20 30 0
18 68 130
28 22 66
54 34 2
61 19 0
58 46 2
1 59 0
65 3 0
42 36 194
38 64 2
5 17 2
57 9 0
42 63 2
53 28 2
40 33 130
43 44 0
58 37 0
46 48 2
65 46 0
50 55 384
68 30 2
43 61 322
16 23 0
26 30 384
42 2 130
59 40 64
26 64 64
19 5 320
54 13 128
17 20 0
39 11 0
38 70 0
8 64 0
60 6 194
6 59 192
43 53 66
28 40 0
18 31 0
58 18 0
1 34 0
17 63 2
57 39 2
7 70 0
46 48 128
25 40 194
22 68 0
4 4 2
54 9 0
39 30 128
5 28 2
2 46 194
65 31 2
30 46 0
30 66 64
16 24 386
43 61 2
36 43 2
64 17 2
9 21 256
39 29 0
33 7 0
34 65 128
67 40 0
54 23 0
49 43 0
51 39 66
16 2 2
5 33 2
15 50 258
52 40 194
1 13 2
70 17 0
40 67 0
12 53 320
49 35 0
8 22 0
39 45 194
5 29 128
17 11 192
8 3 258
4 66 0
50 12 2
56 43 2
30 44 0
23 16 2
25 33 0
22 20 0
32 10 64
43 18 0
31 63 192
31 6 0
61 30 2
3 24 448
4 61 130
45 43 2
2 22 2
12 27 64
38 63 0
51 43 0
8 53 2
52 40 2
62 57 194
59 45 0
63 14 0
5 46 2
16 44 2
16 13 0
44 17 130
38 54 2
40 62 320
29 58 2
69 27 2
37 33 0
2 33 0
1 45 258
39 17 64
64 60 386
56 22 2
20 59 194
67 6 0
59 14 0
25 12 2
68 69 2
48 7 2
63 53 0
32 45 66
1 12 0
18 42 194
49 62 128
39 9 192
5 57 2
1 55 450
30 62 0
57 63 128
19 33 64
39 28 0
70 27 0
59 19 0
65 50 64
55 42 2
39 27 64
46 13 2
26 51 0
5 65 0
54 20 0
46 69 2
9 10 0
66 15 2
20 42 0
47 45 0
51 54 66
64 57 2
36 44 128
12 41 320
6 57 448
18 49 0
66 70 320
39 57 64
45 21 0
16 26 128
30 65 384
7 1 320
18 54 64
2 41 0
61 6 2
55 46 2
9 38 0
32 3 0
20 69 2
11 63 2
37 38 0
64 58 0
47 3 386
55 13 0
59 27 0
68 63 258
18 45 386
3 61 0
23 70 2
9 40 320
35 66 0
25 3 2
56 6 2
65 18 0
28 69 386
16 16 256
13 61 256
55 3 192
70 23 256
6 4 2
20 66 0
48 8 0
44 2 2
36 46 2
25 42 2
3 61 0
46 35 2
59 27 0
12 55 2
46 35 130
59 65 0
50 39 64
30 68 0
60 28 192
49 45 2
28 14 320
19 14 0
19 53 320
13 39 256
61 51 2
31 44 258
51 38 2
4 25 130
47 6 0
54 8 0
38 7 64
68 49 2
37 46 2
4 20 0
4 55 2
57 35 192
42 56 2
44 29 0
23 53 2
54 43 2
19 53 0
17 32 0
1 38 450
22 29 0
58 31 0
67 45 64
48 8 130
22 28 64
46 3 2
57 13 320
69 26 2
59 36 0
51 17 2
65 59 322
28 29 0
46 21 2
13 59 2
49 58 0
48 17 66
50 65 320
60 36 66
15 24 130
60 23 194
26 59 0
58 29 0
4 20 0
23 39 0
24 5 0
30 33 0
20 70 0
67 25 2
10 59 194
61 15 2
46 55 2
40 15 2
65 24 322
3 60 128
46 18 0
27 43 66
20 13 384
18 64 258
48 6 0
31 8 0
7 17 2
42 48 194
50 6 0
40 45 128
47 40 2
11 67 0
15 19 320
37 26 0
14 15 64
25 43 2
33 65 2
17 54 2
66 47 2
22 54 0
41 47 2
33 65 0
5 18 0
67 13 0
24 17 258
64 67 256
64 63 0
58 39 2
35 35 320
69 67 0
6 20 2
17 8 192
61 52 0
40 68 66
20 32 2
44 11 2
67 55 66
8 65 66
10 31 0
63 3 448
66 37 0
57 38 2
17 6 0
45 59 258
68 12 66
4 17 2
4 8 192
8 38 384
14 51 450
32 39 130
42 57 2
4 64 2
11 9 2
43 16 0
13 64 0
15 13 192
68 50 0
67 24 2
29 54 0
68 25 128
62 47 2
9 8 64
2 18 384
11 68 0
38 43 2
56 60 2
47 61 258
36 26 64
10 54 0
7 3 2
62 56 0
49 50 0
22 11 66
28 29 2
56 43 2
20 59 2
26 31 2
56 14 64
59 32 0
11 63 2
22 67 0
38 45 450
23 59 2
47 42 0
13 12 2
36 44 0
30 58 384
10 55 64
10 61 64
63 57 256
60 41 448
20 6 320
30 70 450
6 30 0
25 58 0
7 64 0
65 26 2
23 28 0
31 28 64
18 19 2
68 12 258
21 25 0
12 34 0
37 60 0
21 24 0
7 7 384
2 19 386
57 51 64
47 19 258
48 61 0
62 12 130
48 67 2
40 23 0
11 11 386
54 46 0
2 47 2
40 21 0
62 24 128
11 29 192
26 41 0
69 60 0
16 14 194
24 50 320
35 41 2
1 19 0
4 35 128
55 44 450
5 62 192
60 31 2
54 69 0
12 56 0
13 30 128
13 58 2
5 6 0
38 34 66
8 15 194
21 24 0
28 68 64
20 45 0
61 66 2
27 14 2
42 10 2
38 50 0
55 36 322
44 63 66
51 21 66
4 14 2
67 55 2
9 9 450
18 14 256
23 68 0
32 19 2
54 16 0
12 23 194
37 64 2
21 40 0
7 63 386
34 7 66
28 7 2
26 43 0
24 31 0
8 63 64
22 19 0
43 13 2
19 29 386
44 65 2
31 29 0
31 41 194
32 5 2
58 9 384
24 23 384
67 10 0
38 5 2
11 69 66
45 45 0
18 2 256
42 69 0
57 67 384
16 59 2
65 61 2
25 13 2
64 9 2
4 61 2
21 50 2
52 36 2
60 21 2
25 30 0
18 34 0
18 70 0
49 9 0
35 41 0
23 6 256
67 26 256
35 64 0
26 26 450
64 24 448
34 22 450
43 24 130
51 67 130
28 33 130
28 31 130
64 37 0
17 17 2
57 14 0
68 34 0
62 19 2
38 44 0
5 22 2
30 38 384
52 43 2
69 48 130
60 6 0
42 41 256
10 65 2
69 4 0
43 59 192
59 4 2
52 57 0
29 35 2
16 8 2
8 30 0
4 23 2
26 43 322
15 58 384
46 8 0
42 41 2
52 42 2
38 58 0
26 33 0
19 22 2
62 59 0
19 20 2
67 50 2
44 62 2
40 12 2
54 28 258
35 7 2
58 69 0
41 49 2
24 4 2
43 50 2
43 35 0
12 52 2
53 36 2
68 68 322
20 32 2
35 43 130
16 34 320
7 27 0
54 40 2
51 26 66
53 26 2
22 64 2
3 24 0
66 13 450
41 56 0
51 42 450
58 63 0
64 20 66
5 19 2
43 19 0
64 25 448
4 27 130
10 10 2
25 41 64
16 47 0
31 70 0
70 7 256
59 31 64
7 11 194
4 1 0
58 17 2
68 1 0
15 49 2
18 17 130
41 4 0
19 63 0
24 70 0
46 53 64
18 54 194
44 28 192
60 41 66
13 52 194
50 65 320
29 67 64
63 13 194
3 36 192
27 56 0
47 4 384
40 33 0
36 67 2
59 35 322
6 45 130
50 65 2
10 8 2
70 49 0
23 1 128
48 37 320
7 49 2
66 49 2
64 59 2
66 40 192
1 56 2
5 52 2
20 2 2
48 38 130
38 39 66
4 26 450
2 25 2
43 8 384
60 58 0
58 43 0
59 25 130
60 34 450
39 46 384
34 51 0
44 36 384
55 26 0
8 29 2
15 35 0
42 19 192
64 30 258
61 18 0
47 21 64
28 55 0
40 70 192
42 30 2
6 17 386
42 53 386
5 22 0
13 14 64
31 48 0
26 5 194
58 61 0
29 12 2
30 61 128
25 36 192
45 2 66
35 70 0
70 3 128
5 18 2
19 20 2
17 20 2
5 45 320
67 46 64
30 44 322
56 16 2
4 20 2
23 66 0
68 41 0
29 35 256
67 17 64
33 65 0
59 57 0
20 16 2
62 57 0
66 58 64
69 26 0
68 53 0
36 35 0
64 7 0
36 11 450
13 5 194
1 16 0
58 43 256
3 2 0
1 63 2
19 7 2
14 15 258
9 61 64
9 60 0
10 9 2
40 4 0
8 8 2
25 30 2
22 2 2
67 9 128
7 26 192
8 51 386
69 67 384
31 42 64
23 28 0
64 40 322
52 49 256
55 44 0
53 19 0
63 27 386
33 45 0
35 11 0
11 48 0
7 9 258
34 23 0
69 46 128
30 7 0
51 46 192
14 62 0
3 53 0
27 14 2
33 64 2
45 44 128
61 69 2
59 46 0
34 41 0
38 27 0
56 49 2
24 16 0
25 52 448
27 1 320
16 16 0
47 50 0
53 57 194
12 68 194
48 56 130
64 37 2
3 11 2
36 30 128
57 60 0
67 6 66
3 22 0
15 6 0
56 17 66
24 17 2
42 18 0
63 46 66
63 55 0
68 66 0
26 44 0
15 14 130
39 59 194
35 31 0
11 1 2
45 5 194
65 15 0
22 44 450
28 2 0
25 52 322
11 25 0
23 48 0
24 31 0
5 51 2
42 9 66
4 26 2
51 7 130
29 21 2
2 41 2
27 53 0
55 49 2
7 23 0
6 41 0
19 59 192
23 59 2
8 62 194
69 5 66
36 65 0
60 37 0
12 1 322
4 70 2
14 31 0
56 17 130
26 68 2
26 1 256
6 40 2
34 35 2
7 10 0
6 39 2
19 68 66
29 70 450
23 64 322
67 10 130
26 64 66
2 11 64
10 36 448
21 49 322
64 20 0
13 70 128
39 65 2
4 15 2
1 35 2
49 69 0
55 5 0
55 30 2
63 63 2
68 50 130
39 11 194
68 69 128
27 17 322
41 61 64
1 59 2
51 20 450
25 29 2
2 6 192
66 17 0
31 62 194
1 42 64
42 2 448
39 3 64
15 38 320
27 56 0
10 28 0
11 8 322
8 57 448
30 67 0
62 1 2
32 36 0
21 67 192
1 30 320
33 57 0
65 29 320
62 10 2
1 68 2
56 43 0
5 66 0
18 8 0
7 65 0
57 34 0
19 56 0
18 41 0
56 38 0
3 29 0
43 22 64
50 42 2
39 37 2
11 11 2
7 31 450
27 3 0
50 42 322
34 12 258
17 20 2
7 53 0
26 25 64
39 36 0
5 1 450
43 69 2
48 70 320
11 17 130
56 65 192
38 40 64
31 46 66
48 14 2
51 68 384
35 70 0
46 56 66
24 13 0
23 23 2
17 47 0
12 49 448
5 31 2
42 62 0
30 65 130
53 8 130
22 16 0
15 3 384
33 19 128
35 55 2
39 63 322
39 54 66
41 44 2
32 30 322
50 29 322
45 34 128
5 34 2
27 39 386
21 65 448
24 8 2
53 54 0
22 4 0
58 37 0
37 25 2
36 20 0
15 51 2
29 37 2
24 30 2
38 41 2
68 69 0
33 19 0
47 67 64
10 8 0
12 1 2
61 2 0
10 33 448
64 55 2
1 59 0
19 25 194
19 37 0
26 3 0
59 6 322
37 23 384
23 25 2
51 52 66
32 47 194
58 29 64
60 35 0
1 4 320
26 32 192
16 12 0
22 21 2
44 5 0
43 4 2
12 16 322
14 31 448
45 19 192
44 58 450
57 21 2
2 53 2
15 70 0
7 61 192
39 11 2
64 51 2
37 50 192
22 44 2
16 70 128
49 2 130
6 26 0
68 25 0
19 51 322
29 35 66
51 21 256
33 6 386
40 52 2
58 24 0
20 19 2
27 36 0
56 18 2
65 55 0
53 66 386
10 68 0
55 2 128
61 59 0
30 61 194
52 42 0
51 6 0
39 34 2
46 41 0
39 14 0
5 27 2
23 61 0
36 8 2
44 39 384
38 14 0
26 68 66
14 23 0
48 56 0
39 56 0
59 68 322
29 18 2
1 10 2
43 64 66
23 42 2
28 47 384
49 37 0
49 25 2
12 37 0
14 45 2
44 62 64
48 39 0
44 47 0
43 14 0
18 31 386
58 52 0
38 11 64
30 15 320
20 16 256
2 38 2
25 65 384
53 35 386
45 34 194
9 64 2
19 33 0
5 53 256
10 32 2
70 31 130
63 66 192
29 26 66
42 12 2
9 66 66
3 3 2
39 65 2
7 47 128
68 46 0
67 33 0
51 42 130
62 13 2
68 25 64
12 49 2
62 53 0
64 57 2
69 43 0
46 37 66
65 38 0
48 52 450
48 56 384
62 68 192
23 52 66
36 68 2
8 3 64
7 30 0
7 27 0
44 55 0
55 67 0
23 48 0
70 56 2
24 47 2
31 62 2
18 36 2
38 18 66
30 31 2
20 30 2
4 55 2
55 31 64
52 68 448
39 16 448
70 55 0
19 1 2
67 18 130
18 67 450
57 28 2
31 45 2
37 64 448
58 38 0
51 46 192
32 6 0
3 9 0
67 8 448
39 48 2
55 50 192
3 10 0
22 43 2
15 14 2
3 44 450
9 49 0
3 9 2
30 15 2
31 36 0
12 7 2
8 22 194
28 51 0
27 6 386
42 29 2
68 13 0
22 63 450
64 23 2
12 31 256
17 64 2
15 34 2
66 50 320
69 29 130
58 19 0
7 19 64
55 8 386
41 10 64
47 42 0
32 67 2
57 67 450
63 18 192
7 24 2
21 35 66
20 2 2
18 23 450
34 49 0
63 31 0
28 43 0
47 43 258
39 3 0
14 28 0
42 64 0
65 18 2
59 53 0
64 22 0
58 30 2
50 8 2
56 39 0
26 59 2
39 11 320
7 21 66
28 68 0
25 33 0
59 53 194
40 69 322
3 17 2
47 51 2
23 26 66
47 60 450
37 38 0
29 18 2
47 2 0
52 12 448
16 69 0
19 69 2
41 10 0
16 23 386
48 48 128
70 47 2
51 13 0
30 13 0
1 68 2
15 21 66
54 42 2
32 52 2
67 50 0
39 24 0
14 58 2
46 52 2
43 52 2
61 26 0
7 15 0
47 39 2
18 49 2
30 41 322
49 64 0
29 1 128
54 66 2
43 59 0
29 46 192
2 29 64
66 42 2
60 69 384
63 48 386
27 10 2
9 3 2
48 26 0
32 64 2
4 57 384
53 26 2
16 40 2
11 63 2
29 58 2
51 4 2
13 31 2
27 57 450
5 55 2
2 29 0
49 15 2
61 34 386
40 54 192
10 33 0
20 56 66
66 23 194
35 40 0
28 58 2
30 60 0
67 59 2
5 34 130
66 35 64
44 48 2
36 65 2
46 58 0
18 37 64
34 54 128
9 59 2
22 1 0
34 46 0
37 66 194
2 16 0
20 50 0
20 60 2
70 44 0
21 32 0
38 3 0
18 50 2
21 66 0
2 55 66
34 44 192
19 7 0
24 62 194
19 16 2
38 7 0
44 46 2
32 62 0
15 29 2
27 54 320
25 67 258
21 52 0
69 19 192
55 26 0
69 61 2
1 42 2
12 27 448
43 66 0
63 20 0
35 18 0
13 62 0
46 8 2
9 3 0
16 19 2
25 68 2
38 53 0
29 54 0
36 65 450
15 16 256
55 69 128
4 63 0
52 54 256
4 15 64
17 35 194
17 57 322
35 23 0
60 4 2
60 4 0
12 55 450
43 46 64
65 42 0
68 18 194
25 23 2
42 60 2
4 23 386
29 46 450
30 12 64
29 55 194
50 48 128
20 14 0
8 3 0
9 32 0
12 11 2
5 69 2
24 20 0
67 3 0
70 58 256
67 4 448
54 65 66
16 54 192
12 64 64
64 3 2
65 39 0
64 63 448
20 20 450
64 11 0
24 32 2
29 30 0
68 60 258
29 66 386
52 60 450
7 48 130
15 30 0
16 37 384
21 34 320
59 6 0
47 49 0
59 39 2
24 50 0
42 28 0
56 10 2
57 28 256
56 43 448
62 63 2
2 53 0
48 20 2
34 25 0
10 9 0
32 15 2
29 22 2
28 36 194
52 10 192
32 26 384
22 61 0
51 33 128
20 1 320
67 26 2
37 26 128
1 67 0
42 32 2
27 22 2
46 36 0
22 30 258
30 20 64
69 44 192
9 22 0
58 23 386
30 13 2
48 27 2
40 14 2
38 34 0
9 51 386
26 49 194
25 59 0
5 31 448
8 21 0
48 68 0
33 29 2
65 9 450
41 65 66
67 14 0
66 37 2
43 57 0
2 56 0
4 30 2
31 30 2
47 38 0
8 27 384
69 50 0
10 21 2
25 18 384
26 66 0
67 16 320
31 12 2
41 1 2
26 62 0
38 41 194
63 57 2
44 57 320
20 26 2
42 58 128
65 63 128
8 10 0
18 18 386
27 4 322
20 59 2
11 43 2
50 68 256
46 40 0
51 28 0
16 46 0
21 9 0
55 7 2
69 40 0
36 17 2
50 62 0
34 50 2
57 42 192
8 67 2
23 21 0
62 4 0
40 2 0
33 54 0
66 5 0
14 9 0
38 29 450
38 40 320
53 24 386
13 27 0
28 10 0
32 43 2
64 47 2
27 8 0
2 12 0
19 12 0
47 68 2
4 23 0
30 18 0
48 58 0
21 11 2
4 36 66
2 68 0
16 25 2
36 48 2
4 48 0
63 18 64
15 45 450
63 58 0
66 18 0
18 28 2
41 11 128
11 7 0
12 67 2
1 55 0
13 52 0
52 41 64
44 41 386
6 48 66
34 52 0
47 58 2
45 32 0
55 57 130
46 32 0
66 39 64
7 30 0
4 65 0
43 45 256
26 28 0
62 65 2
48 22 192
24 56 0
47 32 386
6 20 0
50 3 0
49 7 2
4 58 0
48 63 2
2 48 0
59 42 2
17 57 0
38 40 64
37 40 0
32 62 384
4 60 448
6 24 194
47 19 386
42 4 2
41 21 64
8 69 2
43 29 2
47 52 258
20 21 2
70 32 66
69 47 256
49 69 2
56 15 256
50 7 0
69 14 2
11 33 0
26 65 2
19 11 0
46 14 2
43 31 0
37 59 0
44 22 386
15 29 66
5 41 256
60 13 384
32 26 2
27 33 2
15 46 2
16 43 320
36 8 194
55 38 0
2 7 128
15 70 384
10 20 256
1 60 66
41 51 450
53 39 130
69 10 128
1 11 0
18 29 0
69 25 2
27 7 0
40 45 194
63 53 2
40 3 0
18 5 66
2 12 386
19 54 0
22 49 0
46 5 320
6 58 192
64 26 0
8 60 2
65 38 322
7 68 448
18 69 0
38 59 2
42 20 0
9 61 0
48 26 2
1 50 2
38 41 66
62 4 2
32 69 2
68 26 258
3 30 0
15 43 2
34 62 0
42 50 2
11 10 130
16 28 0
6 16 322
47 56 2
38 32 0
22 61 130
18 43 0
25 46 2
34 17 2
45 8 0
33 48 192
62 22 64
33 4 0
35 19 256
42 33 66
1 41 2
1 18 64
62 20 66
31 14 384
16 53 2
61 33 384
44 52 2
30 13 0
22 30 2
62 31 2
47 41 0
35 43 322
9 42 2
19 4 0
26 70 64
61 18 322
35 18 2
4 18 2
64 26 2
49 48 64
12 7 2
45 36 64
19 56 66
59 69 0
57 54 2
16 6 384
6 52 2
42 33 0
58 49 66
50 65 0
52 28 0
22 35 2
18 38 192
3 41 194
9 58 2
68 53 384
11 25 448
49 10 0
39 7 322
2 52 0
48 61 320
20 24 0
29 17 0
32 5 128
27 12 2
59 54 0
16 30 0
48 15 2
69 54 2
37 11 194
45 53 192
53 2 0
62 21 194
20 38 2
58 4 0
30 32 66
10 43 0
19 40 0
44 20 192
47 17 2
52 55 2
33 47 64
69 34 194
42 24 2
4 59 192
21 54 2
31 4 0
43 22 384
20 47 0
1 50 0
40 68 130
57 46 0
25 58 450
25 37 384
57 35 2
47 24 0
62 45 66
31 67 448
64 19 64
9 27 0
26 33 194
48 22 384
19 55 0
56 6 2
64 62 448
23 53 128
41 41 2
59 54 66
23 67 0
20 66 64
52 70 128
12 7 2
7 7 0
39 8 258
3 19 0
16 69 64
53 44 0
48 20 0
51 19 2
55 37 0
46 48 0
38 11 0
69 4 2
15 41 0
36 1 130
32 64 256
27 7 2
12 70 0
9 30 0
40 65 448
55 57 0
47 19 450
41 30 0
64 59 2
61 22 130
4 40 2
11 33 0
22 33 0
39 17 0
53 66 2
70 18 2
48 3 2
19 30 0
1 22 256
56 46 0
42 42 384
48 33 66
64 58 0
19 19 0
53 27 2
1 36 66
5 39 320
2 44 0
53 46 0
57 5 0
63 31 66
61 43 192
58 44 2
12 35 386
33 28 0
69 24 66
24 47 2
60 70 128
59 64 2
58 56 0
28 61 194
69 41 130
2 38 0
61 4 2
23 60 2
12 54 128
24 2 0
1 1 0
70 28 384
20 61 320
8 48 386
46 56 0
22 59 0
43 54 0
32 46 2
27 13 0
48 60 384
59 42 2
5 69 0
14 64 0
8 67 0
3 70 320
58 45 2
26 56 0
43 55 256
42 4 0
8 55 192
37 70 0
26 40 2
23 7 128
65 26 2
51 30 450
66 49 194
17 57 66
60 48 258
29 7 0
12 64 0
68 62 0
69 4 386
31 4 192
17 58 192
67 27 2
1 18 64
49 11 2
36 17 66
13 28 0
55 36 194
12 24 0
55 14 322
7 26 450
51 23 2
50 52 0
5 4 0
5 3 0
28 53 130
7 39 64
45 50 0
43 62 2
18 4 450
61 51 2
27 30 2
32 35 66
19 41 450
25 48 2
58 57 0
58 2 384
52 10 258
11 16 0
26 4 2
60 29 192
22 8 2
42 50 0
42 56 192
25 18 194
39 6 0
1 16 0
26 64 66
23 64 0
28 43 194
70 45 0
15 49 0
9 27 130
43 38 64
9 65 2
34 19 0
70 25 2
56 16 0
16 57 2
17 12 0
50 39 0
26 66 194
17 35 0
4 50 64
16 43 448
49 42 0
9 66 194
69 57 2
36 59 450
50 4 2
35 14 0
57 47 2
26 65 2
39 2 0
6 25 0
34 55 0
50 64 0
38 55 2
21 49 2
69 43 64
30 66 256
10 2 2
60 1 2
17 11 0
50 60 256
24 63 128
65 10 256
48 37 0
67 30 0
61 31 2
57 7 0
9 9 2
45 61 2
14 10 2
61 67 2
55 55 448
31 29 0
53 4 192
45 12 2
69 16 2
69 6 2
35 39 2
43 61 0
70 66 320
33 34 0
5 11 0
36 45 258
13 51 450
68 3 256
53 12 0
12 21 448
58 43 128
65 55 322
6 15 0
55 3 386
65 55 256
56 53 0
15 21 0
6 31 384
49 47 2
52 33 64
49 60 2
65 14 2
44 63 2
31 38 320
59 60 256
15 10 2
64 69 64
15 51 0
33 15 192
43 43 2
59 33 0
59 1 2
9 46 0
15 23 0
68 59 2
46 57 66
22 8 64
38 15 2
52 55 384
37 32 258
57 47 0
11 49 192
50 32 0
11 23 0
57 65 2
47 9 0
37 60 0
59 64 2
14 13 2
38 56 2
30 12 0
45 7 0
23 9 450
37 34 384
46 50 0
59 36 0
17 51 0
9 7 2
65 15 2
53 52 2
4 34 0
39 68 194
70 43 2
30 30 384
19 32 194
35 6 0
29 62 450
66 53 256
18 8 66
43 27 2
7 16 128
68 43 0
21 57 66
4 45 2
65 51 128
31 70 322
65 41 0
40 52 0
18 18 64
19 11 0
30 45 0
43 21 2
62 30 2
55 20 0
15 10 320
7 48 256
59 34 2
32 52 0
14 4 2
30 62 192
66 21 2
70 32 194
69 7 0
53 34 0
41 1 448
4 14 2
42 44 130
40 24 0
69 38 0
27 33 128
62 42 0
10 58 0
59 16 450
24 32 66
59 51 2
9 39 2
57 56 64
29 70 0
65 37 448
26 45 128
21 18 64
52 32 128
24 67 194
15 28 0
24 61 0
57 29 384
60 57 322
17 62 2
59 57 450
46 40 64
13 66 194
1 23 66
51 35 64
13 36 130
70 24 194
6 14 64
49 43 2
68 49 0
26 9 64
27 14 0
2 34 2
20 67 0
21 63 2
33 15 0
14 61 0
54 27 192
59 42 2
15 27 0
6 46 0
49 60 2
66 14 0
29 42 0
22 45 130
49 6 320
58 66 320
19 29 2
55 59 194
55 24 2
16 40 450
10 56 0
39 42 0
2 12 0
9 58 322
1 15 256
14 60 2
69 44 194
10 68 448
55 70 0
35 24 320
45 38 450
47 5 320
51 50 2
20 20 0
42 69 64
35 13 256
18 39 386
31 57 2
69 61 64
14 68 0
52 31 384
63 31 0
58 14 320
23 15 0
54 51 0
44 10 64
37 24 320
28 47 2
68 49 0
42 41 0
13 31 0
24 37 2
54 22 66
21 23 2
39 7 0
62 48 0
39 46 0
56 49 0
21 33 2
54 5 320
31 53 2
32 43 0
42 31 0
63 23 0
59 12 322
3 48 322
40 49 2
57 41 0
9 6 0
66 45 0
46 23 2
8 29 0
36 44 2
66 40 0
27 65 0
25 60 2
45 64 320
57 4 2
14 62 192
64 35 0
32 60 66
68 69 256
65 45 0
24 61 130
34 70 0
66 26 2
6 52 0
11 32 64
36 68 0
44 3 128
2 3 0
24 6 130
61 9 386
14 25 2
57 49 2
64 3 0
33 42 0
69 31 0
27 54 64
63 26 66
31 11 0
29 22 0
49 56 448
66 24 450
46 3 0
70 4 450
14 28 2
16 28 2
41 24 258
50 66 0
43 55 0
12 69 2
42 66 450
42 21 0
50 55 2
7 57 448
28 54 2
37 44 2
21 68 0
39 54 2
22 33 2
65 16 66
66 58 0
45 55 0
62 45 2
65 13 0
66 34 258
32 22 194
38 28 0
22 20 128
53 24 450
57 62 0
62 18 66
23 21 2
4 33 0
32 34 2
20 6 384
49 68 2
14 8 2
17 26 0
34 15 0
46 68 256
42 7 0
23 57 128
8 55 0
35 16 0
66 13 450
49 3 0
61 49 384
39 68 194
70 40 0
14 33 194
38 4 2
39 30 320
48 4 0
18 29 450
52 44 450
8 52 2
14 51 2
25 16 2
15 25 2
2 17 0
2 15 0
31 53 320
13 6 2
70 40 384
38 49 258
11 31 2
66 24 66
21 5 256
1 1 192
34 42 256
12 1 0
30 20 128
36 52 0
9 52 2
21 63 192
47 68 0
45 53 0
28 55 322
1 5 2
27 24 0
25 1 2
3 70 0
58 66 256
45 12 322
46 49 0
62 3 2
58 9 194
33 39 66
30 23 258
61 25 0
61 50 0
63 26 2
60 3 2
54 41 2
16 12 258
10 47 0
58 67 0
68 59 2
54 5 386
60 26 194
56 3 66
3 54 0
10 7 194
60 9 64
19 48 384
20 62 0
37 1 2
17 1 0
63 57 2
24 23 0
9 29 2
35 22 384
67 37 2
26 70 0
54 14 128
20 68 2
68 67 320
50 13 2
1 16 0
32 38 386
66 14 384
41 9 66
55 7 66
41 15 130
54 48 0
61 14 66
54 38 2
15 2 0
5 9 0
1 25 450
37 59 0
29 39 64
47 32 0
37 37 2
47 41 448
41 5 2
6 46 448
69 63 0
35 41 0
14 30 2
40 3 0
17 11 0
22 50 2
46 57 192
35 55 386
38 21 66
18 63 0
14 47 320
21 2 0
25 62 2
9 52 386
48 49 0
2 6 192
5 44 0
70 13 2
23 30 2
22 18 0
6 7 0
29 50 0
6 16 0
37 44 2
65 65 2
13 18 448
33 42 2
63 27 0
22 22 0
49 40 2
34 66 64
7 9 0
68 21 128
49 2 192
9 37 386
19 1 0
49 65 66
27 59 2
21 67 2
35 41 0
44 61 0
57 10 2
25 37 0
32 39 64
57 6 448
21 12 0
53 35 0
30 18 0
31 21 2
51 49 0
7 55 2
5 18 192
12 64 0
44 42 66
17 54 2
6 2 66
25 22 66
50 11 2
35 47 192
3 33 192
37 2 0
8 10 2
61 51 256
60 21 0
70 15 258
60 68 2
35 29 0
66 53 0
22 42 450
7 14 192
43 58 66
7 25 0
43 58 2
43 16 322
33 29 128
65 17 2
14 37 0
2 1 2
25 30 0
69 33 2
65 7 2
33 28 66
40 39 2
11 52 130
32 53 450
6 16 450
30 18 0
57 16 0
25 56 2
12 14 0
14 8 130
46 53 0
48 58 64
68 50 0
16 66 0
49 12 0
22 53 2
45 4 66
14 53 322
54 39 0
61 23 0
36 43 0
40 18 258
4 62 2
39 9 194
8 58 0
26 27 448
30 23 2
70 1 0
65 58 2
19 36 194
5 43 2
48 50 258
60 28 0
28 29 384
31 39 128
8 5 0
23 42 320
69 64 2
51 59 386
33 9 66
13 36 2
39 66 2
67 35 322
3 25 0
39 12 0
54 49 448
68 43 0
51 5 258
49 69 0
69 8 0
43 67 0
52 62 0
8 20 2
70 67 386
10 57 0
38 18 0
51 62 66
22 44 2
22 22 0
37 28 2
62 40 2
4 63 450
3 2 2
10 37 64
22 25 0
35 60 450
27 27 2
57 15 0
53 6 66
25 11 2
35 39 0
43 21 0
64 55 0
50 70 0
70 5 2
58 10 258
48 68 0
5 68 386
46 32 0
14 70 194
51 23 0
17 11 194
36 54 0
30 29 386
45 18 322
28 16 2
52 28 64
61 61 2
10 34 128
40 37 386
58 67 192
11 37 322
42 43 0
28 10 2
7 37 192
10 42 2
70 42 0
54 59 194
64 9 320
56 58 384
65 10 0
38 34 2
32 61 320
13 19 256
42 47 320
60 48 66
64 12 0
7 21 256
56 12 256
64 24 2
30 8 386
43 53 0
15 70 2
53 13 192
44 70 128
3 5 2
31 51 130
29 67 448
35 4 2
57 53 2
46 9 2
31 47 2
70 33 194
14 4 0
25 9 2
17 61 2
31 25 0
63 7 0
34 34 66
16 47 2
38 12 0
18 25 2
60 34 2
2 39 0
13 32 2
1 4 0
45 55 320
44 30 0
53 21 2
19 52 2
21 16 2
57 42 2
38 37 0
9 54 64
53 6 2
1 56 66
45 15 0
5 26 2
45 54 2
68 14 2
66 52 2
25 63 2
33 24 0
59 20 194
58 70 64
25 31 2
39 37 194
30 61 0
33 28 64
32 35 0
2 64 256
6 23 2
1 48 130
27 2 64
55 48 2
11 26 2
48 5 0
47 38 384
66 24 0
64 12 0
51 19 450
36 42 0
42 2 128
27 3 2
56 66 192
16 70 2
30 55 128
61 26 386
51 53 2
40 21 0
67 3 0
15 38 450
61 38 2
26 41 2
62 53 66
37 32 2
7 11 0
38 38 386
10 18 66
32 16 2
52 14 0
41 59 2
65 42 2
56 45 0
60 6 128
55 23 0
15 64 2
67 49 0
10 1 384
45 53 448
59 44 0
7 23 2
57 28 0
64 43 2
4 38 448
28 11 128
62 26 0
33 28 0
68 54 2
11 45 448
42 39 2
46 54 0
46 60 0
7 66 0
36 43 2
59 64 194
22 13 2
3 1 2
10 15 130
48 21 0
15 33 128
29 41 2
63 57 258
21 40 258
40 10 2
69 30 66
59 26 128
63 29 450
55 46 64
61 37 2
56 63 194
9 50 320
50 48 386
44 67 0
31 59 320
45 32 0
11 15 2
24 46 64
59 52 2
19 49 2
68 18 2
69 57 130
12 22 0
32 70 192
23 10 130
58 40 320
20 46 2
7 46 0
13 3 130
37 57 0
40 7 2
26 10 130
55 41 450
16 39 0
20 69 2
69 10 0
34 46 258
26 22 320
66 52 2
56 56 0
16 40 2
47 66 2
13 27 64
59 41 386
29 3 0
42 26 256
15 21 194
20 49 64
57 42 2
12 58 322
9 40 0
26 8 320
19 35 130
16 44 130
19 41 0
68 19 128
40 65 0
25 54 0
40 48 2
24 55 0
68 20 130
22 51 386
63 63 0
61 1 2
39 49 386
25 25 0
37 62 386
26 26 384
42 12 194
5 51 2
56 7 0
24 55 322
27 53 0
42 49 0
46 27 128
50 61 2
47 27 322
68 35 322
59 56 2
37 9 2
13 33 450
5 15 2
24 15 384
65 34 0
54 27 2
13 59 66
49 31 386
14 42 0
2 40 320
31 64 2
10 10 256
10 14 0
31 63 256
52 2 320
43 27 2
60 1 386
26 2 194
20 28 128
54 11 258
64 5 2
6 9 0
27 69 66
19 35 64
58 7 2
54 60 2
10 55 256
37 63 128
70 47 0
43 48 0
10 10 0
41 39 194
32 52 0
52 64 192
33 4 0
2 52 64
53 25 0
52 70 2
6 1 2
55 64 66
17 6 192
29 1 2
40 30 2
42 45 64
66 61 194
47 67 194
45 29 194
8 40 130
41 31 2
8 45 448
28 4 2
41 28 2
62 1 64
59 69 128
10 19 0
13 31 2
59 61 128
19 40 2
28 65 0
60 9 0
66 36 2
51 62 192
22 14 0
21 21 2
57 38 66
9 11 64
17 37 2
29 13 0
32 35 2
46 52 258
1 6 0
53 25 0
26 65 0
67 49 130
47 61 448
24 66 258
63 50 64
1 21 0
46 18 2
41 36 2
52 10 2
61 50 66
69 59 0
64 13 2
23 21 2
63 2 2
43 30 0
25 9 0
52 56 0
67 34 384
32 15 2
13 69 194
7 1 2
68 10 0
20 4 194
37 12 0
32 18 66
11 6 0
25 66 2
25 35 0
18 18 0
40 37 66
15 3 66
27 43 0
17 42 2
12 35 192
49 8 258
14 43 2
61 29 2
22 5 384
50 52 0
23 15 128
62 68 0
47 33 130
68 60 0
59 17 66
69 60 0
15 40 2
4 55 2
16 20 0
37 59 2
61 18 320
47 18 320
44 56 450
1 68 130
12 12 384
40 51 2
28 55 2
9 69 2
5 40 2
40 37 0
47 39 258
12 32 64
15 57 194
51 18 0
34 3 66
70 58 0
37 48 0
22 7 2
69 37 194
63 57 0
15 9 322
36 52 0
29 12 0
35 53 0
18 25 0
23 58 448
25 62 0
46 11 2
1 50 0
25 25 2
52 69 0
67 43 2
31 35 386
35 54 0
7 7 0
8 38 64
47 1 130
20 35 0
33 13 0
36 50 0
61 53 2
53 29 128
47 29 2
27 51 128
28 41 2
55 28 2
6 33 128
53 39 0
41 1 448
44 4 66
15 35 2
50 2 322
59 66 2
5 28 0
36 7 2
33 14 2
6 19 130
13 53 2
34 70 2
6 2 320
67 33 194
49 38 66
17 15 128
52 45 0
3 23 384
11 70 2
12 51 2
57 68 0
61 53 192
66 69 386
49 15 66
46 9 130
13 38 448
19 67 2
69 5 0
21 36 2
32 10 0
21 25 0
23 16 0
15 23 2
43 38 66
6 39 2
70 7 0
40 39 0
35 2 0
34 55 384
24 29 194
23 51 0
25 26 2
64 2 320
36 48 130
48 10 450
32 62 2
14 34 386
22 37 0
31 48 2
9 62 2
23 25 0
43 34 0
26 8 0
36 22 130
15 64 2
37 18 64
41 2 384
59 12 194
69 21 0
39 62 66
35 46 0
10 66 0
35 53 194
19 55 0
55 11 2
27 28 0
2 38 2
