70 5000
^|^^|^^^^&||
20 23 18
44 24 16
10 12 16
49 52 513
57 32 19
51 55 0
46 22 3
53 20 17
58 2 19
14 63 0
30 18 530
35 51 3
12 49 0
62 26 0
1 47 3
8 56 0
59 52 2
1 14 1
28 20 19
29 64 18
5 50 1
61 43 513
65 8 19
61 67 18
49 40 2
59 5 1
18 2 17
60 55 3
25 59 0
63 60 515
57 66 17
7 43 1
22 12 512
54 63 2
28 52 19
22 7 2578
16 69 3
39 17 2
55 23 2
14 54 3
61 20 16
59 33 529
54 70 0
22 28 18
13 48 19
70 3 19
30 61 513
59 22 17
46 32 529
24 70 19
57 28 512
61 55 1
7 13 2066
13 59 529
17 38 18
33 11 16
45 66 2
7 32 19
37 24 1
69 42 19
70 39 18
6 59 1
50 31 0
17 48 1
17 65 17
62 51 1
52 47 3
51 44 528
8 56 0
44 58 17
21 63 17
63 48 17
16 35 17
39 36 18
16 4 19
38 64 2
9 30 19
63 4 17
45 8 2
61 1 1
11 17 2066
52 61 515
52 26 1
9 38 19
69 52 2
34 28 0
52 70 3
48 31 512
40 69 528
28 29 19
51 70 2049
65 45 515
59 38 528
53 8 2049
18 53 16
38 62 19
42 20 514
30 49 1
21 43 530
49 33 19
37 29 2562
66 66 2
53 17 3
22 54 514
70 59 1
15 41 1
23 37 513
46 17 2064
70 43 0
42 32 514
33 2 515
34 28 17
44 44 0
33 46 16
3 65 2577
11 67 17
17 26 2
58 35 531
12 3 529
52 9 2578
29 36 514
30 68 2
62 61 1
51 57 515
26 49 2
30 13 531
62 48 0
23 32 515
26 1 514
40 17 0
42 37 1
15 29 0
2 32 2
46 60 16
25 13 0
38 67 529
16 16 19
60 52 18
40 44 2
57 59 16
30 33 19
55 21 19
18 5 2
11 14 17
3 27 0
56 63 2
22 32 513
70 32 17
18 60 530
35 23 2
37 42 16
44 13 1
1 32 2577
33 43 18
12 26 512
3 29 529
35 68 17
13 27 16
31 70 19
26 2 19
15 48 17
65 40 529
37 29 0
22 46 19
20 18 0
16 38 17
67 11 0
20 5 3
2 7 2050
5 46 0
38 60 16
43 51 2
57 55 19
69 25 2
5 42 0
58 40 3
1 65 2049
43 24 19
30 62 16
48 38 530
54 12 3
22 63 16
56 24 18
9 69 19
27 68 16
3 68 16
69 35 514
22 21 2
62 48 19
41 45 17
25 4 18
62 66 515
54 8 2
22 22 0
1 56 0
40 33 529
35 62 0
49 42 16
17 10 18
16 53 16
42 59 19
28 38 17
67 47 1
17 46 3
21 16 0
18 36 19
16 42 3
42 9 1
24 37 17
5 33 18
53 20 16
28 69 18
15 32 0
38 3 18
7 9 3
37 54 16
36 30 2
59 2 1
65 69 529
10 36 0
31 2 515
20 6 17
16 13 0
37 22 1
66 1 2
29 22 2049
3 59 1
34 50 2
20 30 17
46 47 18
3 21 531
23 59 515
34 39 531
1 63 1
57 63 528
29 59 16
23 11 19
59 34 513
30 58 2
70 34 16
64 23 3
50 42 512
16 9 1
28 13 17
11 47 1
65 59 531
57 65 530
46 53 0
62 52 18
51 45 16
33 60 0
52 17 19
36 67 2
10 63 512
36 34 19
69 66 2051
25 50 16
50 32 515
48 47 1
32 23 2066
17 65 3
15 48 2
6 18 18
5 15 2563
38 5 515
46 24 2064
5 47 19
37 8 16
46 15 1
5 11 17
31 12 2
33 62 19
20 17 19
56 27 2066
27 24 515
9 24 18
60 68 0
69 5 18
35 56 0
16 68 1
42 41 16
5 11 530
16 46 18
32 3 3
44 7 16
19 70 0
36 32 19
53 30 18
18 4 0
67 24 3
20 53 17
61 56 16
12 38 18
29 20 3
14 45 515
6 61 19
32 15 2563
61 44 18
31 51 2
39 44 18
8 18 2066
43 5 1
32 52 515
9 23 2
11 69 531
38 39 17
45 61 0
10 66 514
4 32 17
41 69 19
56 13 3
23 7 18
58 17 16
43 31 2
61 63 0
63 57 529
20 62 16
11 12 19
8 43 0
69 10 2065
37 13 17
19 63 2
12 39 19
10 20 0
14 63 19
20 33 528
56 25 0
67 37 17
35 35 19
19 2 2560
14 30 18
29 63 16
39 17 529
3 67 529
8 36 17
54 68 18
62 19 2
5 38 531
26 68 18
30 9 2
5 48 3
29 52 18
15 12 2
49 60 19
66 11 1
4 69 0
7 28 16
10 67 0
26 59 512
41 24 0
45 36 16
36 10 19
53 8 16
43 70 1
18 23 18
1 31 18
3 46 17
61 7 528
35 4 3
67 55 17
37 45 19
6 29 2
35 28 512
55 60 1
15 30 16
43 37 18
62 52 16
40 35 0
54 58 18
3 42 16
12 15 528
33 50 2577
29 16 18
20 49 16
67 64 17
39 48 1
38 19 515
3 55 18
32 20 530
18 45 0
27 30 17
69 14 19
24 27 528
48 13 19
3 13 0
43 59 17
56 20 2
38 16 515
60 7 515
11 17 0
15 47 16
31 26 16
22 27 2576
10 65 0
36 4 2
41 56 18
25 39 18
39 28 513
9 19 18
3 65 19
43 38 514
31 14 18
24 23 1
32 9 531
25 70 528
53 28 18
46 62 2048
59 70 18
47 1 2579
35 33 17
47 1 3
23 30 18
3 59 512
6 15 1
48 41 3
32 48 2
25 11 1
54 31 17
27 26 530
19 16 2
11 67 18
66 61 16
26 49 3
46 52 18
17 53 3
41 2 19
4 27 0
17 17 0
22 52 18
6 7 16
41 27 3
62 13 2
1 45 3
18 62 3
67 22 18
13 69 1
29 15 17
19 50 0
23 12 17
49 21 18
43 69 3
29 65 0
58 33 17
68 3 2
61 69 515
23 52 3
18 8 514
50 32 16
45 28 3
52 29 0
45 35 3
26 15 17
12 33 2
20 30 514
52 41 3
39 68 19
2 13 1
56 64 2560
5 38 0
51 55 3
10 57 19
9 34 1
56 39 2576
51 49 18
11 54 19
52 32 1
38 52 0
66 13 528
63 30 2
2 34 2
29 17 16
18 69 0
19 25 514
69 65 2050
41 63 3
15 65 16
8 57 17
14 37 0
8 29 0
64 27 19
1 70 515
26 24 3
24 62 3
2 50 18
65 33 17
30 29 18
45 33 3
54 25 2
61 26 2579
7 18 17
63 26 17
46 30 16
61 39 18
30 36 19
19 44 514
59 6 2577
17 22 529
38 60 2579
38 41 17
60 34 0
54 25 2
46 8 0
3 20 1
19 8 2
34 52 16
24 34 1
32 61 19
66 59 3
69 26 2066
46 68 16
34 40 2
23 40 1
53 35 17
50 37 514
44 50 512
19 25 1
60 60 0
58 55 19
22 6 17
21 70 16
20 47 515
28 38 19
6 29 2
36 41 1
45 54 0
6 45 18
19 54 16
21 56 16
60 21 17
68 41 18
69 32 18
36 60 2
8 33 3
23 38 18
63 35 18
33 59 16
33 6 1
49 61 17
3 67 17
9 55 18
49 32 512
25 29 18
37 35 16
34 9 19
3 63 19
58 34 2066
55 37 2579
4 32 530
27 26 2
18 60 2
24 43 1
15 22 1
31 23 513
25 2 0
63 10 513
40 8 19
32 62 3
36 29 16
62 7 2578
45 23 2
21 41 18
28 18 2
13 16 17
27 29 19
55 15 19
66 52 2048
52 57 18
67 62 17
39 11 16
31 5 2048
19 24 529
65 32 1
18 45 528
31 62 529
6 40 18
28 51 1
1 33 18
10 2 2
69 23 528
41 28 18
65 18 2
29 32 531
21 68 513
5 68 19
38 51 18
48 62 16
31 18 2
39 28 17
31 6 2064
25 47 18
57 17 18
27 2 19
52 8 3
20 7 0
17 57 17
43 53 1
23 59 17
18 24 0
62 38 529
7 47 2
30 36 0
58 30 19
50 25 1
32 62 2
13 46 0
62 65 17
55 46 3
8 45 3
18 8 19
7 21 17
55 17 3
34 11 2577
65 67 16
24 42 19
53 31 16
10 20 17
25 59 0
33 53 19
40 58 2
68 8 3
63 23 19
68 18 0
28 58 528
29 60 512
25 69 0
56 59 16
63 11 529
40 16 16
66 19 3
68 69 18
23 46 2
47 55 19
42 62 3
52 30 16
57 4 1
3 67 19
6 1 529
45 37 16
62 7 2
53 51 1
43 64 528
9 16 2
19 24 19
21 34 514
52 70 514
12 30 18
27 16 2
51 38 2
24 38 2
69 17 17
39 39 0
66 33 3
39 17 2
1 39 19
4 51 18
60 35 16
54 33 0
7 65 17
69 36 16
13 59 3
28 48 1
45 55 512
55 43 17
30 33 1
13 20 2067
47 23 19
39 39 3
40 52 2050
59 7 18
62 31 2
39 11 3
14 28 1
29 33 17
7 1 1
64 45 0
63 37 513
44 26 17
43 9 531
12 67 0
8 10 0
20 67 0
23 40 1
52 52 18
42 5 531
4 65 2067
29 30 3
4 5 3
7 60 0
68 43 2563
38 44 2048
39 20 0
3 5 3
25 32 18
54 28 18
44 47 3
48 26 512
1 35 3
27 11 16
6 53 3
41 25 512
47 49 514
67 14 1
35 16 0
38 66 0
10 42 16
15 27 2
10 54 18
10 27 2561
64 64 513
18 33 528
15 66 531
40 50 2
67 44 19
16 35 531
51 2 529
15 26 2
5 13 3
65 15 16
40 61 18
63 14 529
8 11 1
3 41 2562
51 52 16
42 62 529
13 16 17
41 67 19
68 59 0
12 43 513
44 20 3
24 69 18
43 26 19
3 60 1
54 49 16
12 51 0
30 57 3
58 27 17
7 39 1
14 45 531
51 55 16
34 55 3
70 38 16
60 52 2
56 34 2051
55 15 17
24 40 1
21 34 2
17 57 0
47 2 1
47 13 16
43 55 1
14 40 16
4 12 0
7 26 2
38 4 515
15 11 1
23 43 3
33 29 2
35 44 0
67 1 3
42 10 3
56 26 19
57 44 18
48 11 3
61 17 2
62 22 515
58 13 2
44 39 0
13 60 2
3 58 2051
40 57 2
59 36 16
31 44 17
19 33 0
23 19 1
39 16 17
1 19 17
8 47 16
34 2 0
43 66 2
3 18 17
5 23 16
39 27 0
33 28 1
13 32 19
50 38 529
37 67 0
54 2 3
7 56 1
66 68 2
44 5 2
2 47 17
63 69 2048
35 40 530
62 38 515
40 38 17
49 20 3
13 15 17
10 35 3
35 58 2066
18 57 0
53 11 2
32 19 18
17 13 3
8 37 17
33 5 513
52 27 18
44 24 530
52 64 3
3 50 2
66 65 513
25 59 17
58 16 18
68 65 19
11 31 16
22 41 3
26 55 531
6 24 17
47 25 0
20 17 3
11 2 3
23 47 1
16 32 18
22 24 18
23 44 2563
19 55 2
11 49 2050
58 2 2563
29 23 2
42 59 3
22 28 528
8 64 18
63 66 2
59 22 514
38 57 513
66 45 18
19 70 19
30 65 16
46 28 2
69 70 529
40 54 19
25 42 528
52 55 19
17 3 17
66 30 529
2 51 530
23 40 17
17 66 2051
9 43 2563
35 51 16
50 56 529
7 35 19
8 45 3
19 32 512
32 26 19
3 9 2064
66 64 0
34 11 17
38 47 2
43 29 19
30 56 0
15 13 2050
66 42 18
28 10 18
21 50 2066
43 7 18
20 12 19
64 24 3
47 24 2
19 53 19
56 50 512
65 45 2578
50 65 514
2 10 2048
20 8 3
48 51 514
57 9 19
32 16 3
21 70 19
29 9 16
55 62 2
41 39 528
46 22 0
10 20 2563
56 62 1
67 30 2579
38 19 0
25 33 18
62 11 530
39 60 3
28 36 530
8 10 530
16 10 16
53 4 0
25 54 0
10 20 18
48 57 1
47 64 16
47 30 2
44 16 2
9 9 19
49 18 16
38 7 19
4 19 16
67 50 2
28 19 512
35 70 2
16 12 19
51 52 3
16 66 19
34 25 18
64 42 16
31 18 2
2 64 528
2 45 530
6 49 17
15 49 0
7 44 0
30 42 17
23 33 19
55 44 19
64 44 1
9 33 2561
56 22 2
70 33 19
7 64 16
20 38 1
59 17 0
3 6 18
57 14 19
49 53 531
23 32 0
6 51 16
33 19 3
65 59 16
66 46 3
3 44 19
52 56 512
24 62 17
52 30 2
5 6 3
25 38 3
38 24 16
24 9 18
16 70 19
66 62 514
2 28 19
67 66 1
50 67 2067
11 56 2563
16 9 19
35 13 17
36 18 17
43 15 515
63 59 2562
48 68 2
52 23 0
50 33 17
25 47 19
70 23 18
40 23 2576
28 57 2
41 54 2
29 22 2
32 56 3
12 50 0
27 37 16
4 58 2
68 22 0
36 34 529
68 17 18
6 67 514
26 33 3
59 60 2
25 65 3
24 66 16
20 7 0
45 51 529
13 53 531
29 9 18
40 42 1
41 12 19
57 2 18
33 27 19
51 40 0
21 28 17
44 18 19
62 17 3
21 63 18
66 40 0
8 6 531
66 25 0
8 6 1
60 55 16
67 68 19
29 57 2
22 10 17
49 16 0
35 56 1
20 57 2561
65 63 515
45 39 19
3 56 1
26 57 16
68 59 0
45 42 1
30 66 18
3 53 17
9 35 1
54 61 17
8 8 2576
52 31 0
35 41 0
9 51 17
16 37 2
38 12 17
56 69 2
33 24 18
38 3 18
52 13 17
23 29 2561
7 31 16
2 70 1
63 13 515
27 22 17
6 31 1
28 39 1
40 66 512
11 44 16
20 33 16
46 37 1
50 50 16
53 35 19
57 18 16
49 27 2
24 39 1
30 70 0
5 2 2067
29 17 18
13 63 3
61 57 19
23 53 19
17 28 3
58 40 3
51 22 16
59 48 19
19 62 1
36 3 3
63 48 17
70 44 1
33 55 0
49 24 529
3 23 0
18 42 530
47 38 18
17 28 19
55 4 2
47 5 529
37 43 514
10 56 3
27 25 2051
26 9 513
68 22 1
34 17 2578
70 35 513
60 16 2563
10 8 1
26 3 19
17 5 2048
55 57 2562
35 25 1
17 39 3
13 9 17
20 24 0
18 59 18
48 61 513
10 59 530
26 42 18
12 25 531
48 56 18
13 1 0
62 57 18
19 6 1
31 2 3
24 20 530
12 13 18
60 22 2
50 7 3
33 55 0
42 57 0
21 46 17
12 68 18
48 9 528
38 1 16
25 31 2064
43 27 17
32 65 18
14 2 0
32 43 513
42 44 529
16 32 529
49 1 0
53 70 2051
20 44 512
58 40 18
14 27 19
9 8 18
53 22 514
22 40 16
39 54 19
12 7 19
13 1 0
51 58 512
5 46 1
15 11 17
8 42 16
28 33 19
63 4 0
26 29 1
16 70 1
44 43 18
33 19 2
32 4 1
19 49 530
27 59 16
59 67 2560
26 40 530
36 16 17
25 52 16
38 20 514
69 17 531
55 27 3
55 25 530
58 13 19
6 21 529
13 50 17
4 31 0
51 64 18
44 66 19
19 4 0
65 53 513
39 13 2049
16 4 2
25 18 1
31 59 531
7 48 17
34 3 2
18 23 17
33 28 2064
18 3 17
20 68 2
47 27 16
36 70 1
20 15 1
11 61 3
32 59 16
6 5 16
48 31 16
41 10 528
38 39 530
13 62 531
23 28 0
48 31 515
47 10 18
9 68 0
9 25 2
25 62 16
9 45 0
4 19 0
59 64 17
38 43 528
9 62 16
37 3 513
40 68 2561
67 60 528
48 33 512
1 3 1
27 18 1
4 23 18
38 44 0
30 30 2
58 6 1
25 16 2066
54 3 1
51 60 1
28 6 0
17 18 2065
7 34 3
42 24 2050
20 18 17
19 23 512
67 67 2562
30 30 16
67 36 18
49 3 529
21 65 1
32 50 2
23 47 1
53 4 514
65 41 3
8 17 2064
27 14 2560
23 59 3
30 45 18
4 2 17
2 55 17
28 11 16
8 39 19
25 56 512
12 34 2577
27 5 0
27 50 18
3 46 3
38 21 19
56 1 18
45 70 3
48 41 16
44 24 1
36 20 18
6 18 18
43 21 2
8 65 512
49 18 19
17 39 2066
24 56 19
9 33 17
6 6 1
22 46 528
46 12 3
5 15 2
63 56 1
46 19 16
21 8 1
46 21 17
49 3 18
45 21 19
51 11 2
55 28 17
36 37 1
7 16 16
16 11 19
59 38 515
40 61 18
45 48 3
33 58 18
48 29 3
64 60 18
38 43 17
48 52 531
10 43 18
5 6 3
38 65 529
25 3 512
6 17 17
24 31 19
22 46 515
46 41 19
30 16 18
49 55 18
9 9 2051
4 48 19
69 31 528
24 22 18
14 57 1
57 68 17
40 34 530
41 24 18
60 17 3
12 63 16
3 12 2
55 14 16
22 35 0
28 60 1
25 9 1
31 61 16
38 57 3
60 25 18
54 54 18
59 69 19
2 36 3
59 9 3
8 62 18
32 47 19
1 22 528
52 9 0
67 59 3
32 13 0
25 29 515
53 34 1
10 21 17
66 57 19
55 69 3
17 40 2064
44 51 1
32 63 512
32 60 17
25 5 515
36 70 531
10 22 2
8 37 2
65 8 2561
11 12 513
8 59 531
9 38 16
53 65 2
40 9 513
44 21 2561
30 34 512
60 3 17
2 37 3
39 13 3
42 51 3
64 11 3
27 3 513
26 38 0
27 55 515
9 6 531
15 59 531
33 58 17
30 51 17
61 57 512
19 25 16
15 53 2
15 62 16
64 4 0
2 9 529
14 50 3
66 49 18
20 69 17
9 39 2
42 55 19
37 30 3
3 33 1
3 11 18
2 22 1
45 48 16
5 67 3
47 55 2
18 57 2
21 42 2
27 2 2576
39 33 3
5 48 17
24 40 0
56 50 3
33 44 16
25 3 19
8 25 1
69 27 2563
2 53 17
13 36 2578
13 35 19
16 3 513
35 63 2
36 65 2
2 70 18
23 21 18
16 46 18
41 61 1
60 56 530
43 10 18
69 16 2
55 35 0
52 56 2051
52 49 16
62 26 0
18 40 3
31 12 531
66 38 0
58 21 1
43 39 0
69 42 513
9 22 530
19 6 1
1 4 17
50 70 2
49 51 531
30 32 18
36 50 18
10 42 2067
58 41 16
45 25 19
20 42 18
32 55 512
20 4 2
6 65 18
19 60 0
10 49 2
56 30 2051
37 8 19
7 3 2
21 11 3
4 38 530
38 36 0
47 48 19
51 44 3
48 9 2050
18 23 515
20 19 0
40 55 17
12 61 16
1 9 2563
5 16 18
17 3 1
53 29 16
57 32 1
63 50 1
28 17 531
23 37 16
46 18 514
3 42 531
34 7 1
22 28 2
63 55 2578
60 50 18
4 31 2
31 61 530
59 66 17
29 24 18
15 60 18
57 41 18
57 11 513
34 25 3
7 40 514
60 39 0
5 50 514
47 26 531
63 34 2
58 53 515
3 23 2
13 61 19
41 56 0
6 18 528
26 4 19
7 67 18
53 43 3
29 56 0
47 24 16
56 69 17
18 62 0
68 23 16
47 65 17
46 25 1
17 18 18
27 24 0
24 54 3
37 59 512
64 3 512
30 32 2
21 50 531
48 33 531
31 8 17
13 21 0
64 49 18
48 28 2579
43 24 17
10 67 2
28 35 3
3 45 531
45 52 19
17 4 0
26 66 530
40 7 18
33 55 16
57 8 19
69 58 1
11 22 531
26 70 19
49 9 17
16 56 0
28 61 1
12 7 17
33 5 3
13 17 17
52 27 2
43 45 2577
10 7 18
40 48 1
26 26 1
20 46 3
18 63 17
36 65 3
58 11 16
4 63 530
41 12 0
46 68 1
16 67 2578
37 27 0
21 18 0
20 25 1
28 66 0
19 60 18
3 57 2
14 33 18
57 41 0
61 21 17
50 40 17
59 66 512
62 64 530
61 62 2
4 24 3
61 40 19
3 51 19
54 58 18
1 44 3
65 66 16
19 20 514
27 42 17
56 21 530
4 37 1
32 57 0
2 37 17
13 11 2066
13 57 0
52 10 1
6 29 1
21 70 16
6 7 18
8 62 515
59 55 2050
40 61 0
24 69 19
42 2 1
63 31 17
2 19 2051
63 17 18
66 27 19
25 65 2
65 9 3
39 16 19
10 69 2
35 65 17
18 49 17
23 70 0
11 7 16
53 2 17
1 44 18
53 63 1
36 19 0
47 58 17
52 15 0
25 13 2
19 57 3
56 40 2562
13 58 1
31 10 515
53 29 513
59 17 531
46 26 512
50 65 515
35 31 2067
60 47 18
2 11 2
33 65 0
42 55 3
46 14 530
62 13 0
52 44 0
57 45 0
20 61 16
41 18 16
34 14 17
24 5 19
53 30 3
48 15 19
15 37 16
55 58 0
63 11 1
7 4 529
31 60 18
44 41 16
57 39 19
36 61 515
13 29 16
11 55 514
25 13 515
55 64 3
70 37 3
18 62 19
54 61 3
67 66 2
33 33 17
14 46 514
43 59 1
37 62 16
54 22 17
60 36 17
2 9 2
14 22 512
16 24 3
33 62 531
37 69 18
18 43 531
67 67 3
62 61 3
59 15 18
57 12 514
27 31 528
36 47 18
68 36 1
9 8 17
40 10 515
24 32 0
35 67 2
63 44 514
46 1 3
60 60 514
66 26 2561
29 64 530
37 65 529
54 42 17
14 18 3
37 47 2
40 61 513
38 58 17
31 37 16
68 37 0
52 28 3
59 68 514
18 26 19
29 19 2050
17 52 18
50 52 18
9 36 17
54 60 529
6 61 17
66 44 17
54 9 18
2 57 0
67 50 0
27 24 2560
17 54 3
32 69 2
19 39 2048
34 67 530
8 46 530
36 4 19
40 6 19
17 2 529
64 1 529
49 29 2066
17 10 3
56 30 3
19 34 1
12 18 1
28 2 0
44 61 2563
53 6 19
28 61 514
19 63 18
36 58 19
60 67 18
65 69 2064
63 53 17
56 38 17
52 28 16
52 52 1
40 8 2
49 61 16
65 53 16
52 21 513
37 64 0
13 15 17
11 9 3
60 54 2
18 5 2560
8 32 19
35 34 1
12 64 3
24 64 2
44 48 17
26 63 531
12 3 19
66 7 2051
5 46 515
36 50 16
6 43 529
8 31 0
52 39 18
50 70 1
62 67 3
27 43 18
48 19 17
8 46 3
58 37 3
46 39 1
22 29 3
70 17 0
55 49 1
13 46 18
67 59 3
26 22 1
29 63 2
52 40 1
36 15 18
45 13 2
27 35 2
57 27 16
47 26 528
12 49 2
50 16 2
10 16 529
2 26 2
26 69 1
70 7 17
12 66 528
37 5 0
12 8 19
65 32 1
8 18 18
59 64 3
64 23 16
18 51 2577
59 31 1
1 7 16
14 37 2
39 12 2
46 1 17
20 23 512
62 53 514
38 58 529
47 48 0
70 56 19
10 66 2
65 50 2
67 44 515
16 7 0
56 30 19
24 59 2560
55 3 514
31 39 530
42 22 19
12 19 528
64 13 528
41 2 512
25 51 18
55 57 19
38 46 530
57 30 0
65 3 1
14 62 17
4 8 19
26 45 3
30 21 3
27 18 512
6 10 528
33 7 3
4 18 1
67 16 19
7 22 1
61 36 2066
5 29 2
34 27 19
30 14 17
5 38 18
47 42 19
17 3 2066
32 5 2576
20 52 530
23 13 528
2 56 2
59 59 19
21 23 17
45 47 3
38 54 18
37 41 1
38 29 2
28 20 3
30 10 2562
57 23 2578
38 44 18
43 67 2563
62 56 1
14 32 3
50 40 531
17 2 1
13 17 513
32 13 17
49 51 19
29 31 1
10 8 1
57 60 1
59 45 18
40 69 17
4 54 2
26 44 514
9 9 17
11 39 1
47 53 16
7 30 0
54 68 3
24 62 3
58 35 18
50 19 3
50 34 19
70 62 529
53 33 530
29 12 1
49 69 2560
4 46 19
52 58 512
32 15 2
27 63 3
4 53 19
29 8 0
65 51 1
61 63 3
70 63 18
41 70 18
7 46 512
55 19 2
51 41 17
29 14 1
28 58 528
6 50 17
55 7 18
7 45 530
5 13 3
28 56 1
34 68 17
57 12 2
13 57 1
32 62 18
45 45 2
19 67 16
1 54 0
21 32 513
69 27 530
18 20 17
54 39 1
67 32 17
10 38 1
50 38 2066
31 27 19
34 50 0
18 20 16
34 30 16
51 1 0
65 48 17
6 58 17
49 38 18
48 32 515
8 60 17
43 46 0
48 30 2
68 36 17
29 26 3
19 33 2577
33 35 19
41 63 0
52 33 18
3 12 18
4 29 0
5 15 529
36 66 19
30 54 2064
7 65 19
66 59 2577
2 23 2051
54 7 18
47 67 2
59 59 16
36 65 2561
57 66 515
45 66 2
32 44 3
48 55 18
7 48 515
59 20 514
8 64 2
49 25 2
54 60 19
24 49 512
24 53 3
69 19 3
66 12 512
70 53 16
21 25 513
21 53 528
68 14 18
60 42 1
36 54 1
14 42 3
10 46 3
1 46 16
9 19 2066
43 42 2064
50 58 0
19 6 0
43 33 17
29 9 16
37 9 19
15 21 515
67 64 512
45 59 2
20 34 0
20 43 3
45 36 0
60 57 514
49 3 528
14 70 17
27 28 19
62 29 16
19 3 2563
45 34 17
24 21 2051
50 34 531
11 32 16
24 3 3
70 66 17
44 36 0
31 20 515
53 19 2576
46 53 515
41 31 0
7 48 16
25 30 2065
1 16 2
38 50 16
15 28 17
59 25 18
27 29 17
22 23 1
57 24 1
47 53 16
55 6 3
36 10 1
10 2 18
22 21 17
26 54 2560
35 68 1
41 17 0
2 30 2
11 49 1
53 14 1
27 48 528
63 44 1
15 32 19
28 59 2
40 33 17
66 45 1
10 18 18
64 58 1
68 5 16
53 35 2560
53 43 2
50 33 2064
20 30 19
11 2 19
4 18 19
49 43 2
49 34 19
13 22 17
28 8 18
14 38 17
67 52 2
39 57 1
36 34 2576
9 27 18
2 33 515
9 68 17
40 17 0
58 62 515
6 64 2
32 57 0
2 70 18
22 65 2
28 3 0
15 51 16
27 32 0
16 59 18
46 34 19
10 64 2049
5 20 529
14 12 2048
67 30 530
40 1 1
15 24 19
44 36 16
58 59 18
9 34 17
25 7 530
62 67 17
64 33 17
46 28 514
30 67 1
53 42 2579
48 32 0
1 10 1
58 43 16
56 21 2
68 7 0
52 68 16
49 5 16
6 25 2561
30 45 19
19 15 19
69 26 531
12 63 19
43 33 528
14 11 16
33 11 18
56 49 528
12 56 0
66 10 512
26 54 3
8 57 513
56 25 18
10 42 529
21 58 18
58 49 16
6 17 530
43 46 3
54 70 18
28 50 2
49 26 16
70 38 1
37 5 2
31 52 2
54 11 514
22 55 16
11 39 0
18 50 2577
9 70 16
3 6 2050
23 41 17
11 53 528
70 61 16
23 51 2
65 13 17
26 18 512
57 36 17
48 59 514
15 69 528
51 47 17
22 33 17
58 49 19
25 11 0
27 31 17
53 19 0
42 41 3
46 35 2
20 67 0
19 52 2
28 32 1
37 51 16
7 54 1
44 68 18
46 33 3
4 36 528
61 4 19
67 23 2
36 15 513
59 7 2562
56 56 2
13 17 17
53 11 1
6 10 512
4 13 2
20 27 529
46 22 18
18 48 18
41 15 17
64 66 2
66 25 3
19 35 19
10 49 18
13 64 18
12 27 0
63 15 531
40 67 0
69 10 16
50 68 17
30 51 16
5 20 19
63 70 3
65 32 16
34 2 17
38 7 17
48 60 0
30 35 2563
58 60 2562
32 65 528
31 47 17
13 32 2
60 6 16
33 49 1
48 70 18
30 17 2064
7 42 17
6 10 513
14 8 17
56 44 530
52 63 19
34 48 2
26 36 0
46 44 514
3 52 2
34 30 515
6 24 528
2 30 2
21 53 17
3 60 18
56 16 17
13 41 514
28 55 514
5 33 2064
43 36 3
12 4 3
33 11 19
57 18 0
19 34 17
1 27 1
54 4 3
3 35 2560
50 38 18
50 40 531
37 3 17
46 20 17
42 14 16
24 70 19
21 23 2
39 30 19
67 30 17
35 7 1
46 42 3
7 29 2
23 51 529
54 39 1
58 2 1
37 68 1
40 51 0
6 7 515
64 17 1
16 53 17
44 31 3
43 40 0
39 64 3
4 26 16
39 14 2
66 41 515
43 17 16
70 62 528
35 48 0
35 27 1
18 69 18
38 30 2
6 33 514
32 3 3
62 39 2050
12 49 17
44 16 16
9 24 19
44 52 18
56 45 2577
45 32 18
1 44 16
60 12 2
4 64 1
22 35 17
33 6 18
37 15 17
21 64 19
32 52 2051
55 33 1
65 40 18
31 23 18
47 29 17
69 10 17
30 53 2562
29 25 0
43 11 3
35 19 2
12 18 19
64 34 17
23 5 0
10 49 19
61 39 17
59 30 17
26 4 3
54 46 2
22 57 3
60 31 19
41 54 18
31 5 2050
70 17 3
20 4 17
66 12 16
46 47 19
46 22 529
34 70 530
51 12 17
54 36 17
30 30 19
35 62 514
22 31 0
1 49 1
18 28 0
19 7 16
2 7 515
64 8 2050
3 45 19
7 8 19
67 30 17
9 68 16
55 64 529
38 29 528
26 45 16
58 28 17
50 60 1
12 53 513
11 63 18
65 44 512
60 35 16
13 31 16
53 11 18
65 10 17
7 54 3
44 16 3
60 45 17
30 49 1
30 45 528
10 18 0
15 35 1
48 59 1
67 29 17
8 57 0
6 60 513
27 17 16
10 32 515
52 47 1
65 67 0
27 27 18
23 21 16
24 34 2
17 40 2
31 25 18
6 49 0
1 7 17
37 33 19
41 67 0
48 17 18
38 49 2
37 8 1
13 35 17
47 29 16
62 43 3
13 1 0
41 54 529
36 1 515
54 44 2
21 15 3
4 59 18
65 30 19
12 2 515
46 58 1
19 12 529
23 15 17
39 32 16
26 67 16
27 18 19
67 3 18
9 24 513
2 68 3
61 69 17
28 63 529
41 30 0
47 50 513
28 31 2
38 58 0
60 66 515
19 8 3
21 39 512
15 20 3
58 36 0
65 46 530
38 56 19
33 53 16
39 48 18
26 23 528
51 22 2
12 17 3
18 19 2563
40 62 17
8 21 19
43 57 2
51 19 2
22 11 1
49 17 3
50 55 1
42 40 18
69 22 2
68 45 3
36 29 16
41 12 18
3 59 17
27 57 17
37 60 17
5 4 2579
9 66 17
9 63 0
17 27 2
24 45 0
4 69 1
49 44 0
10 68 16
59 54 17
8 42 515
50 31 515
4 52 16
21 24 18
25 65 16
3 2 19
33 55 16
45 11 17
65 6 528
30 23 2066
16 62 0
2 53 19
47 67 528
56 9 17
46 30 530
69 8 0
15 32 17
11 52 2048
3 45 1
14 18 529
59 33 2051
58 31 3
10 17 2
69 58 17
70 36 3
4 63 2561
69 16 529
40 24 3
44 22 1
4 26 0
38 69 16
29 46 17
60 5 2563
13 54 2560
13 14 19
24 53 3
3 52 16
43 35 2563
28 21 2
3 54 514
51 57 515
50 3 1
27 37 19
50 48 18
22 7 1
70 46 515
19 5 19
12 47 512
28 69 514
27 33 19
4 10 530
54 48 19
48 68 0
36 52 512
8 27 19
10 53 19
29 11 2
43 17 528
60 53 0
54 17 18
45 41 3
65 36 16
36 51 2
23 33 0
54 12 16
13 19 19
3 33 19
26 10 3
25 68 19
15 25 16
27 48 529
41 32 531
33 49 1
19 10 3
10 1 17
39 65 513
64 11 2560
66 46 16
34 68 19
56 37 17
51 63 18
58 41 2065
31 15 19
17 58 1
37 20 18
2 2 529
55 26 529
5 60 19
12 57 17
44 31 512
22 10 3
24 31 2
51 30 512
68 44 2064
29 57 2
61 55 0
55 16 0
45 31 1
14 39 3
62 20 2065
39 21 16
5 67 2
52 67 18
47 63 0
15 9 1
5 6 18
43 31 515
56 61 1
38 48 2050
38 19 3
53 16 0
65 33 1
20 66 1
2 68 0
29 56 512
51 61 2065
11 58 0
33 52 18
31 7 3
16 53 17
11 61 0
41 23 512
40 47 512
61 43 2
67 26 529
52 67 529
31 6 530
2 2 19
64 49 2577
5 8 514
49 35 18
24 67 18
55 6 514
17 33 3
44 55 0
12 28 2
70 63 2048
4 14 2050
1 51 17
1 69 18
57 69 18
46 59 17
3 51 1
30 67 19
13 60 2064
40 29 513
28 1 3
1 57 528
37 10 19
27 38 16
5 30 2
9 37 515
44 26 1
58 3 2048
69 2 1
6 34 19
26 30 2
67 53 2
18 43 2
42 23 3
50 21 19
41 54 3
53 70 2064
40 18 19
37 33 2066
6 69 2
42 31 1
65 24 2
59 30 0
19 17 512
57 15 16
14 58 18
13 7 16
67 33 18
56 45 16
3 3 1
58 54 18
7 20 1
44 43 17
31 12 2
13 62 17
61 52 3
58 61 0
3 62 17
12 1 1
52 63 1
59 11 513
24 16 1
66 41 3
4 48 19
36 45 514
23 7 18
14 49 19
43 20 16
17 37 19
26 61 2578
31 17 17
16 59 513
28 52 3
55 1 1
44 41 16
35 69 0
18 7 19
57 57 3
38 4 19
65 60 16
69 33 19
40 25 3
56 56 17
18 14 2
49 38 0
59 59 19
70 14 1
36 68 18
37 35 1
15 29 19
17 16 2576
22 69 3
37 22 1
43 16 2065
2 31 16
54 43 16
7 19 16
19 43 528
14 36 16
15 30 529
31 3 513
55 9 2
60 55 1
45 11 19
9 54 1
1 52 16
4 34 1
60 15 2
48 18 1
23 10 1
8 49 17
12 17 530
26 1 17
20 61 16
10 55 3
13 34 0
16 22 2
49 43 16
24 48 18
4 6 2
22 55 0
65 53 18
20 68 2
25 21 17
37 68 0
55 6 0
44 51 0
47 67 513
22 61 16
5 45 3
54 30 16
18 20 18
48 36 0
34 19 3
34 26 2578
1 24 16
67 5 513
36 28 1
58 23 1
47 24 2
56 51 530
35 58 514
63 58 2561
47 30 530
7 63 0
56 1 19
15 15 528
2 66 17
31 56 512
45 24 2
25 37 513
35 38 19
17 2 2560
29 30 17
27 37 529
6 57 2
27 30 513
45 13 0
51 65 16
35 16 0
23 19 2
54 5 16
53 44 16
30 26 1
16 16 16
23 60 0
63 1 530
57 42 2067
44 27 19
64 9 16
66 56 0
24 67 530
48 60 17
11 42 3
57 14 19
3 54 18
33 31 16
18 20 19
14 38 17
41 28 3
60 10 0
43 51 3
34 23 528
44 43 515
70 67 19
8 7 16
25 25 18
8 25 1
14 21 0
53 34 16
4 69 19
8 61 19
4 50 19
64 11 0
36 5 3
2 2 19
62 9 515
19 23 16
25 39 2
40 61 0
60 18 2560
67 3 2
28 7 17
47 36 2579
43 62 16
1 20 1
30 58 17
27 13 2065
20 13 0
41 29 3
22 3 16
4 9 2
52 57 3
27 39 1
25 56 18
24 50 3
55 28 531
32 47 3
23 41 530
65 2 18
33 58 2067
35 54 0
39 12 16
70 39 16
8 9 18
55 1 3
53 57 514
26 4 2576
68 49 17
61 58 528
7 47 2051
34 43 0
44 48 2064
17 16 3
37 54 17
56 47 515
3 66 18
9 34 529
6 9 3
57 8 514
68 4 2065
14 62 1
7 14 2562
39 13 530
26 43 2
48 16 18
43 69 19
58 51 514
3 27 2
55 68 3
66 24 2577
1 67 16
52 32 3
13 23 18
1 6 18
64 29 3
27 25 0
27 18 17
10 13 3
8 34 2
3 32 19
58 7 1
63 27 16
64 55 3
12 14 16
60 41 513
50 53 16
56 47 0
66 53 0
24 19 17
49 6 17
70 6 0
40 68 531
47 13 1
57 51 2
1 23 515
32 10 16
17 15 18
45 18 17
61 11 18
35 53 16
1 36 3
51 70 18
8 27 531
39 5 528
48 25 19
9 22 18
3 60 2579
44 57 0
41 49 512
54 63 1
67 12 513
69 38 17
36 18 2
40 40 1
52 9 18
61 30 18
12 44 3
55 53 0
19 41 18
52 59 2
9 35 531
1 25 18
11 48 528
33 46 1
37 59 2
12 65 18
64 48 17
51 69 0
65 60 18
64 60 2
51 59 2563
20 69 528
10 35 514
22 30 2
8 37 0
63 38 3
33 9 2561
32 24 16
47 55 513
17 19 19
28 30 16
45 20 2
53 30 3
53 4 528
57 12 16
15 29 528
10 15 0
46 32 2
3 47 514
70 1 0
63 17 2
39 37 18
48 14 17
10 46 0
66 65 3
1 30 2064
66 30 3
8 47 2
57 53 531
13 34 18
12 68 17
52 55 19
21 9 3
47 11 3
7 29 16
44 55 19
33 1 1
60 10 3
53 24 1
44 15 1
47 7 2560
51 53 512
5 16 18
31 14 19
54 60 16
49 30 0
67 27 0
26 10 1
35 25 2066
23 35 529
51 9 529
70 53 512
22 21 2050
46 65 3
2 26 16
30 37 17
69 25 2
23 35 0
67 8 16
47 13 1
10 64 0
35 56 0
67 33 16
20 61 3
24 57 1
40 42 2
7 49 2579
69 51 3
51 62 513
18 69 19
6 34 16
42 57 3
57 18 0
43 14 19
51 3 1
15 2 1
50 50 1
15 52 512
31 15 17
21 62 0
37 58 2561
4 1 16
23 62 17
54 45 1
20 2 2064
21 63 3
29 52 2
29 62 18
10 41 17
60 49 18
13 10 3
62 34 18
45 5 19
21 43 514
37 20 2563
54 36 16
15 64 528
4 65 0
56 27 17
9 36 19
54 8 16
21 40 16
19 32 0
64 48 17
23 17 528
13 39 17
69 11 530
63 29 18
46 52 2
43 44 3
24 59 1
14 48 0
63 50 3
31 42 16
60 32 531
25 32 1
30 31 2
15 4 16
23 28 1
42 6 2577
58 69 528
18 32 0
39 62 18
31 13 2563
8 32 1
63 70 2579
48 50 2067
53 21 16
4 41 531
48 57 19
32 16 513
6 63 17
65 31 19
52 18 19
12 23 17
68 46 18
24 49 17
10 50 1
53 39 513
62 65 2560
16 21 19
66 48 19
54 13 1
23 36 16
4 4 0
40 25 1
2 2 512
70 11 16
61 69 2065
19 27 2051
40 38 19
2 17 2
8 45 18
64 49 2
31 17 16
28 30 530
43 15 18
50 24 17
5 8 3
21 62 18
17 69 0
61 41 1
43 14 3
52 9 0
17 17 18
62 15 17
42 4 3
53 49 528
37 9 531
15 66 16
60 7 17
65 56 16
46 30 3
8 30 512
44 69 2
65 17 0
60 27 3
5 50 18
70 9 2
44 1 19
68 67 529
17 68 3
48 33 2051
6 51 17
18 4 3
6 9 3
22 5 515
58 37 514
34 10 0
13 68 3
23 19 2048
3 17 3
66 3 1
6 8 16
37 27 2
22 58 515
6 20 530
40 18 0
31 35 16
3 3 16
55 67 16
21 37 16
13 1 3
42 3 17
56 8 531
43 11 513
8 66 2051
47 52 16
46 19 18
15 21 2
18 6 19
38 12 19
29 52 17
28 36 2563
37 52 0
58 17 2
30 22 1
35 54 18
50 41 16
29 56 514
37 64 2576
29 68 17
60 60 2579
32 61 17
10 35 19
28 13 17
55 30 3
44 62 18
19 70 2563
48 36 3
51 65 19
11 55 16
23 7 2579
5 63 1
18 45 1
25 1 2563
28 9 0
53 9 1
38 2 18
47 20 0
37 62 19
29 22 512
6 16 1
64 43 0
42 26 19
56 55 3
39 57 2
39 41 513
38 22 17
53 60 512
33 51 2
39 60 19
37 52 16
28 29 531
38 53 17
31 3 19
68 60 19
60 23 2
33 41 17
14 17 17
7 15 19
62 55 528
44 44 17
25 50 16
28 39 1
63 57 2
8 70 16
39 16 2578
24 5 1
10 26 514
54 13 19
70 35 531
40 60 3
13 23 18
38 36 0
44 41 2
58 45 2065
23 24 3
44 21 1
29 38 531
47 49 1
27 64 19
67 63 530
56 5 2
20 5 16
53 12 3
17 47 16
43 66 17
40 50 1
16 8 16
26 40 19
24 20 18
34 46 2
18 38 18
19 70 16
49 69 528
46 11 0
10 65 1
70 32 16
32 65 2067
12 40 513
9 63 2066
58 41 17
19 14 1
12 3 19
68 28 3
16 64 19
43 2 2
3 8 3
16 26 17
62 19 17
39 33 0
9 47 19
35 27 2051
38 3 3
17 6 18
38 50 2
8 17 17
1 22 513
35 26 1
19 8 2
16 40 2
3 43 0
29 8 16
48 8 515
58 51 529
7 28 19
12 56 16
1 18 513
3 16 2048
48 13 0
7 47 514
15 18 1
1 13 1
50 66 1
4 8 515
70 55 0
51 16 3
44 12 16
39 43 3
28 53 528
48 58 16
23 34 2
19 15 17
70 67 528
55 42 17
24 59 16
15 67 515
51 34 1
64 13 2
26 7 18
32 8 3
48 7 0
20 61 19
1 35 18
13 64 530
26 30 0
60 1 529
56 17 513
68 14 513
45 49 514
16 26 17
54 48 17
18 27 0
66 4 17
37 36 2560
23 9 2067
61 25 2
4 46 3
43 34 3
63 18 3
54 23 512
47 16 2
32 41 18
64 49 18
62 68 2
65 34 2
30 35 528
1 46 19
24 70 531
46 22 0
13 2 18
28 44 18
50 52 19
12 38 17
48 55 514
53 10 19
36 69 3
39 55 3
4 16 0
40 68 19
19 3 1
70 47 16
23 58 19
38 43 17
3 12 514
32 13 2
39 61 17
48 40 512
37 44 19
42 52 0
8 11 3
19 11 0
58 45 19
24 27 16
20 51 0
11 19 19
46 15 1
63 36 18
60 56 1
55 64 19
70 32 2
20 53 0
31 41 2
46 41 2
33 29 1
54 24 16
10 54 1
33 62 530
65 1 2
15 69 18
10 53 1
30 48 530
4 52 16
70 57 528
62 16 528
21 26 3
8 19 17
11 52 19
19 37 0
36 36 17
17 59 18
55 34 3
19 9 530
17 64 16
68 24 17
57 1 0
10 28 2048
65 42 19
52 51 2066
24 54 512
10 8 2
54 3 17
65 66 1
36 65 19
69 70 0
23 4 2563
37 12 1
66 25 531
17 29 19
57 26 16
41 4 1
65 39 17
57 3 17
64 68 17
25 14 3
3 48 19
55 11 1
25 44 3
57 29 19
36 70 0
34 17 515
66 47 3
68 44 0
13 48 16
50 9 17
50 54 2
24 30 17
35 46 18
2 19 17
60 34 529
17 54 16
48 2 0
68 7 512
5 69 19
3 26 0
18 13 3
13 57 16
45 28 512
23 57 17
14 67 2
3 22 19
21 62 2067
29 47 1
20 28 1
14 63 3
29 34 1
2 50 0
51 24 2050
48 50 16
1 26 3
33 2 16
5 42 2066
28 52 530
11 58 17
44 38 2
37 64 0
70 38 19
22 26 513
70 32 16
35 64 514
28 52 19
68 39 514
28 56 515
69 66 19
36 61 0
19 16 0
50 1 528
19 20 18
20 11 18
14 13 512
19 18 2064
24 49 2
44 47 16
15 36 512
43 48 1
10 10 19
46 15 16
67 28 530
24 21 3
39 53 18
25 52 528
52 35 2
11 64 3
47 43 19
19 53 18
8 53 1
2 13 17
52 12 17
52 57 2561
9 39 1
14 35 0
63 7 3
36 57 513
9 16 18
25 1 3
69 43 19
26 55 515
27 12 17
15 12 514
48 8 529
65 43 0
68 50 16
28 57 512
11 6 3
58 53 3
11 69 1
55 42 2065
31 2 19
9 60 514
25 20 3
7 70 0
37 30 2561
11 53 17
5 36 18
50 17 17
17 61 0
50 45 1
29 10 18
43 15 2
37 69 18
35 38 2065
7 19 2067
14 29 1
3 46 2
5 61 3
27 60 3
31 53 0
39 44 19
11 31 16
50 52 16
44 63 19
54 50 19
20 56 1
39 11 16
46 64 528
2 44 3
29 2 2
14 48 2
42 10 19
5 60 512
13 6 528
49 1 19
35 55 19
33 59 0
22 25 3
70 61 17
45 10 19
64 43 0
18 46 17
42 59 16
21 49 3
21 69 18
1 1 16
67 20 529
2 26 2562
52 47 0
52 2 16
23 4 2
52 50 19
9 50 17
21 39 528
15 62 16
2 37 514
49 29 17
40 70 17
39 23 19
5 53 16
30 51 16
24 34 513
33 36 18
17 64 3
13 13 2
23 17 3
42 14 3
36 2 530
64 43 19
26 4 515
1 5 514
43 24 2050
57 32 19
10 66 3
67 60 17
13 53 513
16 6 514
26 45 3
37 10 531
20 54 0
37 52 2
70 31 3
40 52 1
42 9 17
48 41 18
5 16 16
49 15 17
21 61 17
27 32 16
19 34 17
1 41 2
68 46 515
1 41 531
4 64 16
26 38 514
55 67 17
13 41 18
42 29 2
23 46 19
43 7 19
1 57 529
50 6 0
40 4 513
53 41 3
17 24 1
65 59 18
3 52 17
14 51 1
55 43 17
43 28 513
35 41 17
66 42 528
2 12 16
37 12 18
23 35 17
22 25 3
68 30 16
64 25 528
28 18 2
33 1 19
26 3 1
26 64 1
18 36 3
2 61 529
14 7 530
26 61 16
3 14 515
45 38 530
59 4 3
43 26 528
3 26 16
9 5 3
47 49 1
54 36 18
60 50 2
65 45 19
60 54 1
3 39 2065
52 68 19
3 59 19
46 37 19
61 68 19
27 43 0
67 35 18
18 3 514
70 41 1
17 40 18
33 27 17
65 64 19
36 61 0
50 33 18
1 64 16
7 54 2065
39 44 514
58 65 3
30 62 18
31 23 18
23 43 2
2 11 19
8 17 16
51 33 19
52 70 18
15 28 19
19 27 528
34 60 2
61 43 17
55 20 16
32 5 16
3 41 19
23 2 3
17 44 18
3 26 1
24 30 514
42 55 1
57 64 0
69 8 529
42 39 16
37 62 17
23 22 2
14 15 2065
27 8 16
66 34 528
36 20 1
51 20 16
28 18 18
2 9 0
7 35 0
62 44 2067
1 31 19
12 5 3
45 7 1
26 63 2066
36 10 0
37 64 19
6 55 19
36 55 3
40 66 1
52 34 1
50 27 19
62 33 18
68 3 18
26 47 18
52 21 17
6 59 1
64 26 531
51 63 512
59 10 3
9 21 2
54 38 3
57 23 17
9 43 2064
20 40 1
45 17 0
60 50 16
63 38 530
36 47 16
34 38 530
68 54 19
34 17 17
55 16 19
68 57 17
5 32 1
39 49 512
14 69 0
17 52 16
64 49 16
29 13 17
50 36 18
23 32 18
59 43 0
37 9 3
38 62 512
60 58 16
69 40 2
45 1 17
1 11 2
47 58 18
56 49 2579
11 56 17
33 60 19
57 60 17
41 6 1
11 42 19
20 20 513
63 51 0
66 54 515
66 45 19
26 41 1
11 64 16
52 22 529
5 67 16
60 29 16
37 26 529
64 3 3
24 61 2
45 32 17
40 7 512
43 35 2
47 14 18
40 10 1
11 39 3
39 65 16
34 45 19
52 41 1
32 19 3
17 40 512
50 70 16
44 33 3
67 4 1
31 40 18
35 24 2066
69 3 19
64 62 1
2 15 16
30 35 17
39 7 514
5 7 2
68 68 513
4 48 18
12 58 16
23 5 2067
43 31 19
36 60 18
29 58 2
33 57 16
9 40 512
5 7 1
10 65 3
51 30 0
3 37 16
3 31 18
48 46 1
56 3 16
34 2 2067
65 67 16
4 67 529
51 47 19
70 27 513
66 21 2
41 33 0
40 6 19
29 49 2
31 30 530
66 17 512
52 66 18
16 2 3
30 18 515
29 55 0
65 26 2
36 48 513
54 26 16
38 9 512
12 38 2066
20 14 17
57 47 18
18 32 18
52 22 0
1 32 19
60 1 0
58 35 512
62 26 16
42 16 0
32 39 0
12 20 17
70 17 1
28 58 3
53 66 0
69 7 0
10 12 515
59 29 513
29 55 529
13 19 17
21 37 16
57 2 0
44 53 18
29 9 1
38 12 19
21 20 2
32 10 530
19 45 2
26 1 512
41 12 2
24 10 16
45 19 2051
58 31 2
33 45 3
14 59 1
49 20 16
55 37 0
35 13 512
35 28 3
6 65 17
58 46 2
66 63 2562
60 32 2
27 45 0
8 58 528
13 54 0
37 14 17
69 20 529
40 5 528
67 16 2
31 58 2
54 47 2
46 57 19
53 43 17
17 63 0
39 16 18
23 16 19
1 65 18
55 58 1
67 33 0
55 52 2049
48 51 3
18 29 528
23 47 16
68 19 0
48 56 19
64 44 17
18 2 16
55 50 19
29 21 1
12 9 17
70 34 17
15 61 0
20 62 1
65 24 16
70 43 19
64 32 18
36 51 513
22 11 0
34 30 17
2 57 19
7 1 17
24 64 2
28 70 512
55 6 515
1 46 2
28 15 0
24 70 19
24 70 529
21 49 0
56 35 515
36 55 17
28 20 16
6 58 19
49 4 16
39 1 0
14 10 17
42 22 1
48 17 17
5 33 2
28 15 2
55 33 18
37 47 2563
56 6 16
1 60 3
61 24 531
2 39 515
25 53 2
32 2 18
28 70 17
33 35 16
21 48 16
24 53 19
67 4 515
26 50 530
66 28 18
41 28 2
45 42 18
51 22 2
67 39 0
55 55 18
13 37 2
16 68 1
22 29 1
21 3 17
59 52 1
45 59 17
43 39 19
49 32 2049
44 32 17
43 34 1
39 70 529
51 57 16
51 41 17
70 50 17
61 31 19
52 2 0
8 50 19
35 43 18
47 21 2
22 14 2576
20 46 2577
33 9 3
58 61 18
1 50 3
10 1 1
68 53 18
32 68 18
24 24 17
13 45 1
18 33 0
42 20 19
64 20 1
26 53 1
59 24 19
48 14 2560
54 50 1
38 17 512
37 50 19
21 34 19
54 12 2049
36 49 515
8 21 3
9 43 16
42 54 2049
65 47 515
50 20 1
9 50 530
54 4 529
33 30 0
29 50 19
13 68 3
62 2 2
18 23 18
41 28 514
45 47 512
50 24 16
64 53 16
22 44 2
24 58 19
29 59 3
46 39 528
32 17 1
5 55 3
26 17 513
48 24 3
37 43 0
3 4 19
56 34 0
21 23 530
38 69 513
27 55 16
18 68 18
6 24 16
46 1 16
53 62 0
62 35 1
50 65 18
8 63 2
3 59 531
16 41 2048
37 57 0
1 36 19
45 54 1
2 14 19
18 58 3
25 47 17
44 36 531
55 42 1
7 30 528
64 54 2563
14 37 2
16 13 529
51 25 0
49 34 3
60 59 515
56 49 531
65 38 18
9 63 0
42 49 16
64 68 0
34 2 3
7 44 1
34 69 0
9 59 1
3 42 3
18 49 17
27 44 17
19 40 3
19 65 16
52 65 528
18 68 1
31 19 18
37 23 514
17 63 0
20 29 17
15 50 16
51 28 16
29 41 19
64 42 3
8 26 17
34 65 0
44 63 529
56 66 2
9 43 531
27 46 1
24 5 18
2 45 1
38 55 3
45 4 17
41 17 1
18 61 19
46 44 17
1 60 2
69 4 2
67 35 2
23 55 1
4 30 1
64 15 531
16 7 2067
67 19 3
64 25 0
29 40 0
3 30 2
33 11 530
25 62 16
53 13 16
35 18 513
23 42 16
3 32 2
2 19 16
31 36 528
18 15 1
21 8 17
37 51 2562
53 43 2
35 12 0
55 52 531
47 36 3
31 8 19
59 18 1
5 18 1
19 48 16
58 57 17
34 15 16
48 57 16
64 25 514
12 10 2
59 10 0
25 5 1
63 47 16
32 49 16
9 58 0
20 44 16
24 57 2067
11 19 0
23 38 3
6 60 17
16 37 18
28 2 16
60 39 530
15 52 3
22 45 16
4 24 3
35 60 19
65 38 19
7 35 3
63 33 19
31 62 19
5 52 3
55 7 1
21 5 19
44 40 16
25 10 0
23 38 0
47 20 17
26 17 17
57 50 19
12 27 3
53 52 19
7 17 3
20 53 19
19 43 1
50 14 3
20 27 2051
41 23 16
61 33 17
70 27 1
56 37 530
20 15 1
36 36 2
41 62 529
49 13 528
54 23 2577
9 53 531
33 16 18
48 70 514
56 60 513
16 55 2
48 63 0
18 4 515
41 35 16
37 27 1
7 63 16
59 51 16
19 19 3
46 51 1
56 69 3
49 35 18
16 50 19
60 4 3
29 67 529
28 35 1
28 20 528
49 20 2067
31 1 3
60 54 2048
22 45 19
21 41 2
49 47 19
70 42 16
57 1 2064
2 43 2577
36 9 16
24 17 529
50 25 19
26 58 2
67 22 513
29 13 0
53 45 513
13 29 19
6 17 0
65 34 3
50 24 3
5 50 3
33 8 2579
35 17 2
2 28 3
12 33 529
11 26 1
42 24 18
46 11 3
15 24 16
15 68 16
70 41 514
35 51 17
14 17 18
32 50 1
64 35 18
56 34 17
63 41 16
15 27 1
37 69 18
8 18 17
43 45 17
63 30 2
22 56 19
46 7 2048
3 15 1
14 3 1
30 43 2
49 39 3
16 43 19
55 69 2
20 7 530
1 35 1
12 34 530
44 36 3
24 49 17
36 47 513
52 51 17
33 41 17
18 46 19
52 42 515
41 65 2
16 23 1
17 35 2
25 36 3
20 52 3
4 14 17
14 29 16
2 34 513
38 25 2051
7 18 3
60 28 16
47 3 528
11 26 2578
55 25 1
44 55 17
36 68 19
29 50 16
40 68 2
39 17 0
18 51 16
36 51 2
69 43 19
63 51 16
62 24 3
58 49 2
28 50 0
5 15 17
21 32 2
46 5 16
29 13 18
3 65 0
1 68 17
39 46 0
12 47 18
15 19 18
31 34 16
17 37 18
5 2 0
54 70 529
53 59 2
30 6 0
14 27 2577
17 31 3
15 40 0
58 46 1
14 18 18
36 23 17
61 58 3
31 29 0
51 54 19
32 66 0
60 34 0
65 23 0
18 58 16
35 54 2051
65 59 3
53 65 1
35 48 2
33 21 3
62 52 0
36 43 19
36 70 17
3 57 2
63 8 19
34 67 16
53 38 3
10 10 0
38 48 16
65 40 529
22 23 3
38 31 2
21 24 19
13 46 18
47 28 2560
7 27 528
44 54 17
4 70 512
46 42 2
58 2 16
65 26 2561
1 28 2065
4 34 2
64 67 16
46 10 529
24 70 16
8 25 1
55 9 19
66 13 0
23 31 2560
67 17 514
25 6 515
49 56 512
54 38 3
12 58 16
13 8 2561
27 31 17
51 47 16
23 50 19
14 13 2
22 39 17
36 22 0
57 20 19
6 33 2
25 6 530
25 16 2561
54 23 3
60 63 2050
68 10 17
60 10 19
13 7 531
70 38 529
20 23 531
19 48 1
66 48 528
66 65 530
60 17 17
55 32 17
23 38 515
24 59 2
56 12 3
29 42 2051
51 68 513
17 13 2
19 22 531
19 49 0
54 69 3
66 42 17
5 47 1
59 23 17
64 53 531
68 50 17
44 55 18
16 13 16
22 14 2
62 34 17
12 34 19
53 8 531
70 57 1
27 8 1
9 48 2
2 30 2
55 18 0
40 67 16
34 32 530
42 10 514
62 42 0
52 53 3
14 12 0
25 30 18
69 49 17
68 70 531
22 50 1
45 44 513
24 25 0
9 51 17
25 67 2563
13 58 16
26 70 531
66 23 2067
7 6 16
61 39 2577
27 26 528
27 35 1
30 4 0
50 45 2
65 66 18
27 32 2
12 62 17
50 33 16
3 46 0
40 7 1
5 30 2562
27 54 2
47 46 2
61 21 19
66 40 3
60 54 514
63 23 16
35 43 16
46 22 531
37 49 3
66 1 2576
70 12 1
56 19 2065
56 18 528
21 15 18
61 53 18
14 55 17
52 16 18
44 4 17
25 38 2
59 19 18
68 7 16
12 45 1
8 41 0
66 12 1
2 49 17
12 56 528
9 55 1
61 43 17
23 21 2562
20 66 2
7 21 3
32 62 530
44 60 1
43 60 531
40 25 529
53 35 0
56 10 18
10 51 1
2 30 1
15 10 16
39 66 19
29 21 3
1 4 529
22 18 3
22 6 514
45 31 18
25 5 2563
26 12 1
56 64 513
46 36 18
40 60 19
67 44 2
42 53 17
9 33 2
8 33 2
70 36 0
6 17 19
17 40 2
43 2 16
56 56 3
40 53 19
2 35 513
62 50 1
24 56 1
56 12 2
45 54 1
56 63 19
63 27 3
20 43 531
28 53 515
17 65 528
23 28 19
56 48 514
32 63 531
26 7 18
28 50 3
5 51 2
19 13 2
52 45 18
29 41 18
27 2 513
57 30 16
43 32 19
55 1 2561
43 34 2064
37 36 0
42 24 19
43 50 19
18 69 2064
1 6 18
15 70 528
11 21 3
59 61 18
53 28 0
45 66 16
37 31 2
50 16 1
38 17 18
51 51 2067
18 27 3
38 39 16
62 10 2
62 66 0
32 12 515
13 53 2
70 12 16
8 3 0
51 8 1
7 45 0
35 60 3
67 43 528
51 47 528
14 19 513
32 47 17
41 22 512
12 22 18
53 11 1
40 48 2577
3 65 18
2 8 18
29 63 16
15 5 0
16 28 2050
68 11 19
10 12 17
56 31 2576
55 7 17
32 9 3
16 18 19
47 15 16
45 47 3
46 36 1
9 12 1
32 27 1
65 11 18
53 44 2577
50 46 514
60 38 513
45 66 3
60 21 1
43 19 2
22 22 2579
62 20 16
49 54 2
58 26 19
32 49 1
36 61 16
18 24 17
51 25 18
24 30 3
61 40 2067
15 69 2
48 69 19
7 46 19
50 8 515
10 28 17
1 21 0
24 56 19
60 54 513
8 32 529
61 35 529
39 68 19
58 47 1
42 67 2561
10 15 0
37 8 2578
40 24 2
29 53 0
15 22 16
55 3 2
1 69 17
20 53 1
13 47 17
13 65 1
27 33 1
32 23 17
42 66 514
13 23 16
55 34 2
22 34 0
33 26 18
16 50 16
4 54 2
35 20 2
64 12 1
7 62 512
44 14 2
5 44 515
57 29 2049
63 28 18
11 50 528
47 9 1
58 41 513
22 28 1
1 21 1
41 29 17
26 35 3
37 22 515
70 28 2
49 15 16
28 46 515
29 61 17
16 50 514
22 33 1
59 66 0
39 55 515
45 42 19
55 51 1
5 30 1
10 20 16
20 39 19
41 61 1
60 1 3
8 64 3
3 28 1
66 18 2
17 23 19
7 41 18
11 43 19
39 3 19
32 9 1
65 57 16
69 8 0
53 31 0
9 33 2561
28 5 17
62 59 2
36 50 515
29 69 3
21 42 18
33 10 531
45 49 3
15 27 19
22 70 16
23 60 16
59 25 17
38 25 530
41 47 17
57 11 17
52 52 514
65 6 513
45 9 3
31 67 1
32 30 2
39 44 2579
52 67 0
59 7 18
7 14 2065
19 25 17
5 28 2
64 11 515
58 18 18
32 42 3
30 39 1
1 47 2051
64 32 3
63 22 3
28 3 17
3 45 2
49 70 512
29 33 0
28 62 2577
33 57 513
57 17 2
55 69 512
20 62 16
4 12 18
62 69 513
6 65 514
12 22 16
54 34 17
9 47 531
33 33 0
35 65 17
39 60 17
10 65 17
53 68 512
60 14 0
54 33 3
61 51 2
3 22 0
47 20 512
31 7 17
46 67 529
61 26 2
43 19 17
58 7 2
25 65 1
28 25 0
38 41 17
12 57 1
22 61 3
11 63 18
21 31 17
29 53 3
12 58 19
51 30 19
37 29 529
26 65 531
20 69 18
36 33 514
46 40 1
18 3 17
53 56 18
57 64 1
16 33 16
38 29 16
18 23 529
31 29 530
52 28 19
64 37 2
34 29 1
65 43 17
67 35 18
20 10 17
69 39 3
12 34 2
44 9 3
10 36 531
22 61 19
45 67 2563
26 32 2
50 28 2561
62 58 2
44 37 17
2 66 2
14 58 528
36 39 17
46 55 18
53 60 0
65 5 18
38 23 19
15 29 18
67 58 0
55 44 18
8 20 1
29 14 3
58 1 18
53 14 3
58 68 1
17 5 2
19 58 530
13 8 19
55 62 1
56 29 1
55 52 1
40 58 528
26 60 3
69 16 16
21 23 19
68 34 3
29 36 18
48 19 531
14 8 3
50 38 16
26 57 16
58 29 17
60 25 17
63 5 1
49 33 19
30 4 2
36 34 16
3 67 0
36 53 2560
57 9 514
32 13 0
16 19 1
1 63 16
17 58 0
13 45 528
33 11 0
60 31 512
3 33 1
15 40 514
50 50 528
28 1 16
2 49 17
22 51 530
70 35 2
15 30 3
63 15 512
39 27 3
1 41 16
56 50 3
47 28 2067
5 20 3
16 10 512
38 6 17
27 37 0
16 36 513
50 32 0
14 69 1
29 31 16
41 8 515
5 21 529
49 27 530
22 60 0
2 3 0
46 17 3
31 31 2
34 31 0
6 27 513
41 55 2066
36 55 16
4 44 19
64 58 515
12 56 3
31 62 529
64 21 0
27 57 16
41 4 529
6 65 3
5 49 19
66 34 2050
20 58 17
67 52 16
28 52 19
7 14 0
7 29 17
20 68 18
14 54 530
11 58 2
6 44 19
29 29 16
35 22 529
21 57 1
29 36 0
1 14 515
59 14 512
43 11 19
4 22 19
25 5 19
17 16 0
5 24 18
20 41 529
14 45 17
2 10 2050
6 47 530
22 4 530
35 13 3
69 12 0
43 66 19
7 36 528
37 17 16
53 60 1
50 36 512
19 42 2
7 23 2
43 38 512
67 55 0
9 20 17
18 30 1
46 34 512
39 56 17
1 6 1
52 67 2
68 23 17
47 59 18
58 69 530
66 30 16
7 33 0
51 15 0
9 23 3
17 16 2
53 67 512
2 45 1
17 60 2576
67 65 2066
56 14 17
20 45 17
32 55 515
41 46 18
52 33 18
27 8 16
33 47 530
29 36 1
6 35 1
20 5 1
30 25 17
10 51 3
62 8 19
35 9 18
52 33 0
14 64 0
34 50 2561
49 45 18
1 68 0
57 3 531
39 10 2065
62 30 530
58 11 18
11 12 18
66 54 1
34 7 2
55 48 3
44 46 2576
11 53 0
42 53 0
18 6 1
4 59 17
70 30 18
26 8 528
26 68 17
12 19 0
8 66 18
2 16 3
11 25 1
69 60 1
60 62 17
31 25 17
52 15 17
54 27 18
68 2 3
38 12 17
60 1 19
45 50 0
41 55 2
49 56 18
61 56 18
63 57 3
66 26 531
5 36 2
22 50 16
41 22 16
10 1 18
33 23 16
20 3 19
34 27 531
61 55 530
35 34 0
41 58 16
40 55 17
17 55 16
39 13 2579
48 32 17
26 45 18
33 10 17
27 38 16
3 8 529
56 59 17
43 9 2560
49 20 1
45 7 530
61 49 513
31 64 16
25 30 0
40 68 17
58 43 18
27 16 528
7 36 16
35 3 0
44 49 16
49 22 1
53 16 16
17 47 19
23 23 17
69 44 3
28 45 0
5 30 3
26 22 0
23 13 3
57 23 530
28 50 18
65 63 3
54 1 529
56 38 3
58 53 17
36 47 16
5 15 530
10 65 19
47 70 2
55 17 16
32 29 515
19 67 16
8 37 2579
30 18 17
34 5 17
56 24 16
15 14 515
27 51 16
46 69 19
54 15 2
27 21 514
59 3 530
70 67 16
53 33 19
11 31 19
24 7 1
16 43 2
22 41 2
28 38 513
17 56 3
13 15 2
18 7 0
27 11 19
44 62 2048
44 21 1
37 58 2
23 10 0
32 43 0
68 35 515
52 4 2
44 18 16
41 14 18
36 35 2
15 7 19
12 11 18
43 66 17
21 18 18
57 5 515
37 30 17
4 26 2051
2 40 17
18 54 2
9 24 16
7 13 1
6 12 16
33 69 18
5 31 2561
26 48 513
24 8 0
34 17 3
23 31 529
68 2 16
7 27 17
59 4 0
5 39 18
4 16 1
30 46 3
26 42 17
46 63 0
48 20 19
35 46 16
13 3 3
43 62 531
2 40 0
62 21 1
18 61 529
38 28 513
66 18 531
58 54 512
1 61 16
39 12 0
8 55 18
27 21 17
70 41 17
2 70 18
42 31 2562
18 15 514
34 58 528
9 69 530
32 2 528
14 39 18
48 48 18
36 44 19
20 26 19
1 61 530
59 11 16
11 22 1
19 63 531
21 23 19
53 16 19
60 44 2050
20 32 528
55 42 2
21 30 16
35 45 1
25 61 16
40 69 2051
68 56 3
64 43 1
9 26 0
51 58 528
15 44 2
35 16 2
17 14 1
14 5 18
47 15 1
31 44 530
10 34 1
53 42 19
56 12 18
17 2 16
43 30 531
3 4 2
66 51 531
13 2 17
15 6 514
31 21 3
40 12 3
38 20 17
50 59 0
58 13 17
21 60 0
33 24 528
34 57 17
3 50 19
40 18 0
33 15 18
39 49 528
33 52 530
9 44 512
39 58 18
29 15 18
20 69 1
50 47 1
34 11 18
46 40 19
70 67 0
63 3 513
33 39 2
23 4 1
24 27 1
25 30 3
47 46 1
10 39 19
68 19 528
18 41 16
53 63 0
40 59 2576
1 68 1
6 60 512
20 21 513
62 25 3
57 65 2576
9 69 531
13 27 0
26 14 0
25 65 1
39 70 17
26 27 18
22 68 18
31 21 528
27 28 514
13 19 512
62 3 16
57 6 16
46 67 19
13 51 528
18 61 514
13 44 0
45 62 18
58 31 529
7 52 513
61 60 515
29 36 2577
5 5 18
6 56 2065
46 10 1
22 57 17
7 17 3
34 13 0
56 25 513
13 42 513
45 64 2
48 3 529
44 38 2579
11 36 18
21 13 2
62 8 2
5 55 2
42 44 16
28 15 513
7 69 16
11 2 1
26 39 2
70 36 0
55 44 17
11 56 16
3 45 17
69 22 2
29 44 0
46 43 16
44 16 16
49 20 530
50 25 515
38 11 19
36 7 1
10 7 3
67 30 18
4 32 3
9 40 16
22 5 18
15 35 18
27 42 529
36 32 16
7 32 528
9 13 2
40 26 18
20 13 2578
7 33 1
40 41 3
17 30 3
8 24 0
26 65 19
8 51 18
30 26 18
54 50 3
60 7 17
22 3 2
18 43 3
26 48 1
60 23 2
2 35 19
43 55 2048
51 7 18
54 10 3
69 32 2
43 10 17
66 57 528
31 16 19
