70 100
&&&^&^&&&^&|
66 46 9
17 44 26
23 17 4
57 7 5
39 8 17
10 62 330
68 27 6
11 28 10
30 6 1167
48 50 1
59 12 10
62 43 2704
33 5 773
16 49 26
56 52 636
54 58 116
22 65 88
69 62 201
18 24 735
61 30 518
20 69 217
14 67 12
36 34 6
16 24 325
32 33 110
25 13 1289
4 32 56
33 1 71
26 33 2
18 51 1
69 54 408
2 33 81
20 11 39
4 15 5
30 41 5
16 63 57
61 53 68
32 45 1853
6 32 0
2 39 1
31 10 21
10 70 158
9 59 7
59 12 2
70 4 40
59 18 1727
64 60 165
44 50 46
18 29 333
44 61 6
53 45 1112
48 70 33
25 2 102
39 52 14
34 7 1342
26 12 16
18 6 2
5 52 7
5 54 0
67 2 5
56 11 6
10 51 1120
35 66 2
23 44 13
45 56 161
48 54 168
34 7 248
2 61 0
51 28 239
36 25 3
27 1 1983
13 31 308
44 26 3335
60 40 35
44 66 11
55 10 48
11 17 32
9 64 91
10 55 7
42 1 1339
7 61 173
29 61 31
64 19 25
30 49 207
51 36 1134
45 63 1
52 33 25
26 28 334
68 46 0
55 9 1130
47 8 583
11 55 2
30 36 1
3 48 1
10 3 413
29 47 425
30 32 203
50 24 15
58 8 181
9 48 4
