70 100
&&&&&^|^&&&&
65 50 57
46 58 417
17 45 155
35 28 56
58 35 823
55 29 2007
11 48 32
61 65 25
1 45 47
3 38 434
50 25 9
9 23 23
59 23 29
30 14 640
4 20 196
21 21 881
66 58 147
49 14 621
4 34 95
26 46 242
45 15 221
31 39 639
40 29 385
43 7 263
49 9 9
36 57 39
45 58 328
39 50 70
47 28 252
6 15 79
32 52 231
29 29 130
52 62 18
29 60 29
34 39 110
11 32 65
12 38 1396
64 34 82
11 60 2488
51 63 58
25 68 85
30 55 486
63 49 43
31 11 1951
39 1 248
19 19 1
47 54 498
61 51 506
25 9 55
3 47 17
34 32 2025
32 27 3334
17 62 3538
66 54 9
61 13 403
22 11 3044
1 27 105
19 54 32
10 12 457
43 5 202
47 17 110
55 10 1939
64 69 207
29 16 100
27 55 82
39 68 18
44 11 319
34 6 86
1 65 533
51 38 591
52 45 772
61 27 562
32 60 3280
20 7 1855
16 28 110
66 13 395
12 45 3207
40 21 11
53 9 150
67 67 164
40 54 921
41 14 3896
17 27 71
3 33 2060
24 53 23
32 26 156
68 27 77
57 36 37
68 24 28
44 34 585
10 9 70
23 37 68
36 63 64
54 7 1715
42 31 784
28 35 2266
52 54 122
2 54 64
61 17 91
49 16 1577
