70 100
&&|&&&|&&&|&
23 34 2844
56 17 2061
40 69 3004
55 35 2651
55 34 2357
48 56 2876
23 65 1395
50 29 3265
64 49 3467
1 43 4030
8 43 3818
32 43 2461
33 37 442
9 22 2468
65 63 2605
36 60 1149
40 23 1215
19 14 2755
58 42 963
22 41 1776
29 47 372
6 54 886
70 50 1602
25 56 602
66 67 290
50 25 3754
29 16 2835
25 64 819
60 38 3685
15 38 3469
18 35 2705
30 27 1853
22 40 3696
1 38 3338
52 61 1358
13 9 3981
13 1 2111
6 59 3552
69 48 993
4 44 38
51 3 3205
64 3 3354
65 36 3529
68 35 331
64 1 2199
3 69 3443
14 12 2217
2 56 217
32 37 1269
35 29 1585
27 64 3347
7 26 3397
21 46 1514
65 41 1502
45 63 869
62 26 2605
35 52 1628
44 59 902
44 54 2073
44 66 1619
64 60 1805
55 69 3815
18 33 1816
20 63 613
13 6 2925
9 64 3737
12 33 1757
48 69 1932
34 47 2456
41 26 1780
39 4 499
38 31 2189
4 54 367
65 59 1365
6 37 2515
24 56 1670
61 15 1950
37 22 2302
15 13 1667
12 32 42
7 68 1142
12 42 1745
31 16 3279
54 44 2079
11 43 124
18 52 1317
52 2 3979
47 67 3184
1 22 455
43 14 2447
10 37 3685
4 18 3139
35 54 153
19 56 770
47 52 2757
3 33 3200
11 54 3453
15 69 668
60 7 2110
21 52 2404
