70 100
|^&&&|||&&&|
57 54 31
8 6 13
61 30 397
5 42 11
22 50 7
50 6 124
31 36 1
33 52 2
52 49 430
23 21 110
3 68 35
29 63 0
8 55 22
2 64 368
46 12 559
50 32 1
27 36 1
17 23 0
39 67 5
28 61 10
30 32 297
65 44 547
26 61 47
21 21 504
41 1 292
44 27 2
1 33 3628
65 33 1208
17 6 7
14 63 219
59 9 7
9 60 4
24 8 101
61 70 0
37 22 1990
63 53 2
53 39 50
40 70 959
16 24 170
50 52 2668
61 33 42
59 34 87
21 21 1
54 57 102
12 14 15
25 5 3389
70 39 170
28 30 10
15 53 58
19 30 12
43 31 762
36 11 320
31 58 16
3 56 945
67 70 24
37 9 2629
64 29 12
22 51 6
24 37 2278
49 38 801
57 45 15
63 60 6
32 24 1
68 13 2360
15 51 2
39 14 4
37 43 49
41 34 11
61 26 234
38 1 60
50 64 14
32 17 3
22 23 18
6 2 302
53 32 7
2 54 2414
61 14 10
56 44 4
68 10 3
12 54 947
36 63 53
66 63 4
58 50 0
11 44 1470
52 62 27
47 70 0
46 66 116
56 8 0
44 49 584
27 4 1453
55 43 3
4 54 12
29 67 638
65 70 0
11 54 0
40 29 2166
30 28 1982
66 18 357
16 1 2676
64 45 1386
