70 100
^&&&&&&&&&&&
42 31 2344
22 49 107
35 21 234
55 47 1367
2 28 2894
11 56 92
34 52 788
54 48 2312
12 8 2642
43 28 306
19 65 2359
35 70 812
61 69 20
55 41 1976
57 25 1544
4 41 8
27 41 103
14 23 234
3 62 79
48 1 453
14 50 38
12 7 3138
24 57 1637
18 70 451
67 66 735
42 34 69
10 63 30
60 38 397
59 5 54
58 4 83
8 3 55
4 24 1258
66 12 54
54 64 241
66 20 3940
45 68 910
65 10 192
22 5 126
48 29 497
34 51 324
40 68 37
7 28 3648
17 38 364
32 33 62
30 8 692
6 16 236
27 66 15
58 41 232
13 43 191
14 43 858
13 56 1799
55 35 3240
44 47 1554
22 53 397
44 64 459
70 27 873
44 62 16
22 24 461
25 17 492
42 31 125
24 30 69
11 38 2688
30 18 185
2 52 127
21 19 2004
22 64 131
51 14 168
44 54 967
69 59 996
47 9 1105
8 40 744
51 15 1557
16 48 299
19 14 24
3 67 1540
18 18 3416
39 22 2855
46 50 2
56 29 266
17 1 980
5 26 253
58 15 119
62 28 9
60 31 1184
57 48 95
14 67 2854
48 62 420
69 61 2008
70 33 91
13 22 172
34 28 713
26 7 51
14 37 222
64 59 92
32 54 403
25 47 864
63 12 781
38 47 23
69 12 37
23 26 1
