70 100
|^&|&^^^^^||
35 52 8
6 21 131
29 44 2186
68 49 2688
50 55 2698
8 28 2570
24 23 521
60 18 649
36 16 650
46 14 9
7 54 2690
23 65 2562
19 64 643
25 44 2699
34 60 515
24 12 2689
6 45 139
13 8 643
20 20 2178
24 62 2688
38 40 2178
24 47 2699
59 35 520
6 43 521
43 4 2051
38 61 640
29 36 2690
36 55 1
37 4 2177
65 39 2563
61 68 522
56 65 3
25 29 2562
14 8 649
46 42 8
46 56 2177
21 9 643
14 49 129
23 9 648
49 70 3
6 14 2570
39 4 2178
11 62 2560
43 68 129
54 39 2696
28 47 515
37 51 2688
51 65 2568
55 50 2179
3 58 2185
8 44 2057
30 17 2691
55 49 1
20 52 521
9 31 2569
70 41 514
32 26 139
47 35 2560
5 53 649
53 31 2689
5 56 0
28 32 138
42 14 649
10 20 2
62 46 2688
5 43 137
25 55 129
39 4 648
54 37 512
15 55 2691
25 39 2176
48 6 2561
10 54 522
2 22 10
43 34 651
5 64 522
49 15 2
10 61 10
64 1 136
19 66 2057
69 68 641
43 52 522
68 24 129
1 34 3
66 33 128
34 7 2048
3 11 515
18 41 2696
68 4 11
17 4 515
39 38 2176
47 53 2056
7 29 650
50 26 2560
65 63 520
54 45 10
68 17 136
6 43 130
40 43 1
54 38 129
