70 100
|^&|&^^|^^^&
44 6 132
5 65 15
7 15 0
45 8 0
62 65 4
24 39 872
56 36 5
1 51 318
60 18 8
43 37 32
21 44 0
7 21 1324
11 23 179
18 26 1
2 2 2
26 49 326
11 34 357
3 68 2201
50 62 0
63 50 2068
69 64 3985
55 47 43
2 60 55
70 12 0
48 36 6
32 3 9
65 60 9
30 6 115
33 25 822
25 33 14
22 54 131
24 27 716
28 45 8
29 27 33
59 50 1
27 7 375
62 25 110
50 42 0
33 63 30
63 55 0
53 44 200
13 37 1255
3 70 1
22 54 350
10 34 5
33 39 8
24 63 350
37 63 2
66 63 100
11 49 1
25 30 163
21 65 88
53 3 10
35 34 22
66 4 6
32 50 0
67 65 0
50 52 3
56 13 0
36 28 7
37 46 2406
35 16 5
32 15 27
46 63 128
6 20 21
38 4 37
23 69 447
49 1 30
69 5 110
17 46 8
58 7 117
22 64 1935
54 5 0
43 8 364
70 2 397
16 18 0
61 8 82
38 35 240
61 68 450
51 26 825
13 70 4
16 58 97
61 13 60
28 13 1849
68 15 24
14 35 370
49 3 2604
50 61 1
30 30 656
1 1 2004
24 37 108
36 18 2
11 48 1
24 63 515
21 49 1143
37 52 9
5 16 1901
22 34 178
68 48 25
58 59 15
