70 100
^^&^^^||^&&^
60 25 80
3 56 17
5 56 1089
61 34 320
24 38 256
27 14 336
26 65 1025
26 20 16
47 58 64
63 67 16
2 67 16
63 67 17
26 13 1089
33 41 0
31 58 80
50 63 64
43 12 1297
59 59 320
5 44 17
36 68 257
53 30 0
48 1 336
50 50 16
17 66 17
29 17 1025
49 26 257
5 20 0
22 65 0
43 10 1
3 32 64
28 38 65
13 52 16
56 6 256
22 50 64
39 19 17
24 26 64
25 4 0
47 49 337
1 24 1
41 43 1088
43 43 1
24 42 17
10 44 320
26 64 257
51 12 273
59 56 17
12 51 17
37 35 1025
43 10 17
67 66 0
21 60 1104
12 53 1
6 58 65
10 18 81
70 35 320
27 14 17
51 13 1089
24 63 1297
14 48 321
5 13 320
56 22 256
24 37 337
15 5 16
69 46 17
34 48 257
27 12 16
18 9 1
25 56 337
5 38 256
51 45 337
19 47 64
16 49 1104
47 58 1089
50 68 0
67 29 0
68 68 64
55 66 65
21 68 1296
53 50 16
10 32 1344
13 41 65
63 52 64
50 3 81
34 70 65
61 52 65
53 44 272
21 52 0
14 51 1297
54 23 1
60 54 337
11 1 65
64 57 273
33 68 65
32 18 64
33 59 0
44 50 1281
30 17 65
59 66 17
7 41 16
41 56 16
