70 300
&&&&&&&&&&&&
35 67 3197
66 41 652
21 4 1282
20 69 3800
25 51 3551
15 8 2464
53 38 2304
10 17 3541
36 55 2796
42 53 2621
54 6 3624
26 11 1719
25 57 3260
43 46 272
49 62 314
30 6 1014
4 45 1644
60 3 330
25 9 325
36 64 4060
12 50 399
30 55 3288
9 32 2876
45 69 3013
16 58 2372
42 56 841
42 65 1409
59 60 1440
20 33 718
48 53 1587
4 48 1497
54 59 2350
23 64 1774
12 33 3803
6 52 3179
31 53 2133
50 49 936
25 15 421
18 27 1693
56 17 3668
45 1 517
59 35 3866
52 43 3851
68 1 3239
59 16 4034
36 60 2933
42 63 3888
24 17 625
31 23 3875
25 27 573
7 32 2250
44 18 3084
33 12 2720
25 43 466
32 14 3567
31 20 144
57 45 3147
60 27 1116
63 49 1918
57 56 2929
52 58 2518
66 33 195
18 20 1391
16 21 1226
24 24 2558
17 14 872
18 47 772
39 7 3666
39 21 1467
28 32 1529
44 66 360
62 4 130
12 36 4
38 30 1672
28 23 869
47 18 4087
52 56 3744
41 63 3288
36 20 1255
21 24 1858
67 42 2156
52 26 2388
55 28 3918
61 49 909
30 8 3203
17 17 3359
32 12 940
19 54 2851
57 50 1902
24 34 683
18 43 842
23 46 1900
7 1 2257
4 68 1282
17 6 1376
18 64 1488
43 36 323
39 19 2788
47 63 1746
20 9 4011
25 67 348
47 70 276
17 17 75
1 67 3816
37 19 2329
54 27 3362
66 27 2553
17 38 3366
46 22 153
47 31 697
30 27 1660
54 37 722
68 67 2136
35 23 1452
56 67 1384
30 11 110
59 39 1963
19 14 1771
9 69 3292
12 55 422
6 36 86
16 27 3540
56 23 4064
12 20 3130
30 1 2760
70 5 829
32 31 1829
15 46 2724
52 49 731
57 28 1643
62 48 1762
60 67 3529
55 54 1178
61 51 1620
49 8 242
21 1 1575
50 61 1603
64 53 695
12 63 452
38 43 536
12 18 1409
31 10 993
2 36 325
38 63 2611
59 69 2689
19 69 3464
45 3 2488
9 61 1964
43 68 1888
10 62 3560
66 63 116
61 3 1564
61 9 1281
58 44 3227
36 19 464
55 60 432
64 35 1525
63 34 3900
70 32 1968
7 14 912
62 67 3149
33 46 1419
68 29 1233
67 66 459
61 30 2558
1 55 648
19 22 2399
14 17 2332
58 68 2058
48 29 3530
40 14 1819
2 33 775
67 59 1542
24 52 2740
61 53 1106
18 35 3373
15 9 2828
66 22 3145
60 57 3145
24 23 3400
43 42 1178
10 27 2000
53 50 2629
7 60 2242
12 24 225
7 59 3944
69 20 365
46 64 923
42 18 2834
3 6 1422
63 69 1137
23 16 3015
49 2 935
48 17 563
17 66 3403
41 56 1313
24 7 213
13 47 2739
3 56 600
20 64 3266
61 1 507
49 44 3125
52 28 3743
26 68 2405
70 22 4022
16 52 1316
56 5 43
32 26 2992
62 17 3454
52 69 1492
3 16 3665
12 65 3916
19 23 901
36 22 2850
24 28 870
64 53 638
17 56 3599
63 58 260
30 47 2655
2 69 3232
52 34 1870
70 30 2386
38 52 1359
27 26 1872
70 4 3332
38 60 3269
64 41 3055
60 34 966
63 45 2423
62 34 3365
63 61 1555
42 62 3078
20 26 510
30 43 3343
57 39 2776
48 6 4025
8 42 1523
24 28 1563
67 39 1550
56 45 3817
13 47 52
70 31 2907
15 29 2909
19 36 1758
14 13 1321
16 47 3704
59 64 653
58 47 2845
3 18 3587
49 40 1624
23 45 2067
33 34 560
27 22 1113
16 14 3181
41 45 3000
59 51 2192
22 28 3547
27 4 2233
14 70 221
32 42 2462
30 53 1699
36 18 1549
24 4 3898
43 58 656
62 14 302
3 26 2699
13 42 621
69 8 2222
26 25 1551
3 44 3370
26 2 3960
66 40 3145
59 51 1310
65 4 1837
60 25 2601
45 8 1728
10 47 3255
27 26 2482
10 32 3179
11 31 2671
44 37 3625
35 49 322
61 11 209
59 13 3103
22 29 3787
1 70 290
60 48 337
7 45 122
3 64 2339
11 18 3052
23 22 2449
50 54 2208
63 42 131
61 3 1459
58 7 2157
41 9 932
44 8 1839
12 49 4017
42 45 2428
62 30 2280
