70 100
&&&&&&&&&&&&
68 54 104
43 20 52
40 21 52
35 4 4
19 50 2897
43 28 496
16 47 29
25 58 531
18 46 3
19 20 12
25 3 3921
13 4 760
41 37 351
6 4 8
1 46 1117
12 65 346
50 16 91
28 10 45
25 57 39
1 42 39
53 18 1
33 53 1
48 28 63
58 4 0
40 38 290
62 25 3
36 1 1
19 34 48
18 12 28
57 39 809
29 27 324
22 10 1
69 39 20
49 47 1613
2 53 299
40 23 3
49 32 75
56 45 0
12 15 0
10 49 3
13 18 1244
20 49 0
25 2 40
39 12 3219
29 28 2
62 50 1149
45 23 126
3 58 12
13 36 778
46 68 239
49 68 1
44 23 1
47 4 58
64 37 125
12 21 0
1 20 5
2 52 45
34 64 243
16 21 5
25 7 1965
1 23 60
62 1 882
38 22 24
62 14 0
43 46 1146
26 42 13
47 36 63
52 43 60
15 55 2
13 10 1
36 57 10
15 34 1280
28 45 202
11 19 24
66 55 76
55 15 90
17 60 84
2 35 386
5 69 0
11 45 124
13 37 1
26 49 1969
60 34 2
6 61 1012
68 47 717
59 32 773
23 8 1
15 39 532
6 66 245
52 59 1906
33 22 147
27 64 4
2 35 24
41 42 0
30 49 0
66 38 22
7 45 19
9 27 1
32 39 158
44 37 12
