70 300
&&&&&&&&&&&&
46 63 16
52 52 2
32 8 893
17 1 1701
64 67 8
15 53 1
70 39 18
12 11 1
3 56 79
19 54 490
3 33 0
46 42 51
11 34 0
31 33 383
67 20 3
5 45 3
35 36 0
36 63 6
50 42 163
36 13 4077
2 1 2
39 35 3
60 52 409
15 23 11
31 57 948
12 32 41
12 44 211
1 8 18
46 57 11
7 66 282
14 61 16
51 40 273
25 20 1656
37 44 267
41 41 1726
23 10 5
24 9 199
20 9 2
19 30 232
48 31 111
51 11 56
64 3 8
62 53 44
66 55 9
29 40 2
18 67 11
53 63 227
56 47 8
28 11 1
50 27 7
10 45 27
44 4 1010
42 36 145
38 52 1
46 17 0
58 3 69
70 16 1527
68 70 955
35 33 32
53 56 36
60 4 1
22 15 288
50 63 161
21 68 1
59 47 120
8 19 1
48 17 32
18 6 2
22 42 47
25 6 8
35 59 269
40 3 7
69 10 1756
23 57 1849
31 3 60
37 36 13
47 45 78
29 2 51
11 59 80
59 10 1783
41 9 725
57 45 251
63 56 493
54 5 483
64 43 844
65 37 2
7 68 59
69 35 94
7 50 4080
17 52 37
59 59 957
3 70 15
45 65 112
12 28 13
23 16 15
49 14 2
66 40 12
38 53 8
55 56 1626
69 45 0
33 19 12
47 20 340
62 15 0
52 15 71
27 56 202
39 22 1
24 60 1
65 7 3
43 57 36
17 59 2
7 4 32
5 59 112
67 26 0
23 67 636
39 19 0
29 70 1
12 62 23
36 6 519
69 30 0
67 35 457
3 16 1896
63 46 1
25 17 87
13 38 102
4 21 177
8 56 1597
38 28 5
2 59 664
31 70 38
34 34 0
58 34 85
6 55 70
57 31 488
59 40 11
52 4 0
21 70 710
26 38 2
33 10 121
29 35 29
31 48 3
27 58 577
51 50 340
50 20 590
4 24 1100
32 31 5
13 67 0
30 40 2280
7 39 15
65 61 1798
48 63 637
54 8 42
25 64 898
25 36 40
20 14 1
27 17 436
15 35 6
36 21 0
54 65 833
30 34 45
37 47 42
55 7 1
25 2 424
34 41 5
57 68 73
51 7 953
39 43 3
43 46 1690
25 14 16
24 44 15
22 53 1395
2 64 0
58 4 329
43 18 0
52 61 187
47 69 18
52 46 194
14 28 31
39 19 51
19 54 30
39 3 2
27 33 18
30 25 57
68 24 981
13 11 1
52 43 3470
62 41 9
29 50 244
43 20 38
25 46 0
19 48 50
22 40 254
54 54 6
68 2 0
10 64 136
42 33 96
45 34 1
29 65 249
14 50 51
59 20 0
25 54 571
3 22 235
69 10 2078
38 17 2075
64 53 5
17 29 4
33 8 18
8 55 174
41 32 0
50 3 2172
1 20 10
58 20 2
7 16 2
4 66 735
34 6 11
61 27 947
12 48 60
20 49 34
68 36 242
59 64 11
14 36 668
16 1 0
20 7 273
65 51 69
4 58 889
1 44 2
44 6 1
30 35 126
9 29 889
8 20 54
63 20 42
8 63 1411
37 30 29
47 43 408
47 14 14
23 65 0
23 43 23
24 70 6
33 21 39
44 20 4
20 51 73
20 39 58
39 1 3
22 48 1255
36 22 31
47 3 235
20 66 412
33 58 0
54 31 31
27 11 80
24 48 3
5 67 0
23 66 3
9 18 10
44 35 253
3 50 17
42 67 2
42 24 1
38 12 916
26 50 0
6 31 1215
64 23 4
45 65 0
1 68 12
51 33 31
5 37 54
59 36 125
1 19 63
11 66 2
9 59 0
65 49 3155
7 10 154
69 62 3
12 17 1
2 6 46
18 43 234
19 9 3738
4 27 19
63 42 1
64 14 0
39 48 11
60 42 59
24 10 975
13 26 4
20 63 1
52 3 68
46 51 0
42 35 1
26 8 86
43 30 336
17 38 43
54 39 185
56 2 1727
21 70 1
41 40 101
37 2 2
21 16 167
11 43 409
8 33 1
66 47 232
53 1 24
