70 300
&&&&&&&&&&&&
45 12 93
67 44 27
64 8 112
19 1 135
33 55 84
30 17 62
37 3 31
43 70 20
69 20 223
48 3 3533
33 16 2323
42 56 74
41 39 295
24 28 450
40 4 4076
8 26 4009
53 23 110
29 6 177
28 7 98
59 6 752
33 59 2913
48 55 117
23 54 1882
3 38 312
67 29 121
54 68 73
69 26 48
13 13 213
52 34 305
56 35 128
47 35 267
32 38 1265
48 43 37
19 57 118
31 50 48
46 24 2963
10 37 154
18 27 125
59 3 1555
13 23 0
65 4 3
48 12 19
30 62 1107
68 65 2536
20 62 97
20 52 122
49 70 375
19 42 17
22 13 222
6 18 195
1 41 65
11 11 277
26 59 1268
68 15 4
44 2 85
61 7 379
56 68 183
53 51 34
17 15 179
34 16 291
60 13 423
17 22 364
39 19 173
20 64 426
66 62 46
46 5 198
22 32 58
41 37 127
27 2 3586
59 70 2494
69 35 57
63 57 451
68 3 99
24 28 458
3 1 883
24 25 350
32 67 468
37 68 84
40 25 4
53 12 232
55 65 300
8 1 144
1 66 273
20 61 1877
67 27 28
33 34 2609
29 20 798
2 11 985
9 15 28
53 67 59
67 20 427
19 56 235
9 11 121
3 21 3758
36 7 776
10 69 16
55 50 684
13 40 343
29 45 174
54 69 82
52 33 474
24 54 130
50 17 218
53 49 60
46 28 1577
49 29 9
34 28 35
10 50 252
46 32 425
47 62 458
29 37 1408
11 66 105
5 41 1851
19 49 1961
62 49 41
40 24 1773
30 70 60
53 59 181
50 34 898
53 43 37
57 58 1891
39 10 253
8 35 687
70 61 96
52 69 33
1 69 620
37 37 887
41 42 623
49 41 1890
6 12 2036
65 69 131
53 43 863
7 16 230
50 37 1942
16 58 61
52 54 99
15 66 2036
52 6 82
67 27 29
7 24 275
35 63 1650
35 49 1
1 48 359
51 41 1134
56 70 106
16 69 94
39 9 0
52 39 377
29 44 116
19 38 2
39 26 1167
22 8 499
4 65 49
62 7 246
29 22 312
46 31 55
29 50 1233
60 35 287
4 52 293
16 64 176
8 38 27
22 39 510
32 3 109
32 44 89
29 16 38
70 35 29
54 17 57
59 64 104
31 19 169
34 16 95
42 70 804
35 29 266
68 45 42
48 18 2099
24 41 237
45 31 85
12 10 321
16 51 49
24 32 794
51 23 558
63 22 189
17 35 112
60 26 3
39 65 240
6 7 2455
56 6 9
1 61 1482
61 7 52
14 42 55
65 9 109
40 32 126
35 53 835
41 68 3753
68 45 161
70 31 1038
37 21 105
62 24 1843
65 36 5
53 59 322
63 60 46
46 63 615
45 8 216
42 32 1648
57 70 40
54 7 1826
58 70 666
34 24 152
63 51 45
62 48 19
25 59 387
1 48 746
46 46 1760
47 27 64
48 65 36
12 3 20
58 63 125
10 66 444
8 4 135
20 24 27
42 59 820
43 61 796
3 51 681
33 34 199
14 68 100
12 35 2172
31 8 2574
65 27 37
4 18 313
9 67 880
11 2 950
62 67 56
70 23 446
35 44 235
2 62 341
70 6 111
24 16 2718
49 48 227
25 3 50
70 23 9
21 29 1071
67 11 1747
46 62 5
15 50 1126
23 38 466
16 17 644
38 42 2460
51 13 105
10 69 713
36 50 17
34 26 115
20 40 510
70 51 150
42 70 713
48 35 74
9 63 69
68 2 894
26 35 211
48 21 93
35 7 92
43 37 43
25 64 1320
44 70 248
45 35 194
31 37 42
51 58 966
57 43 807
17 6 779
31 56 321
6 29 280
31 70 933
31 58 325
32 6 63
5 6 40
22 41 2567
47 23 513
65 44 499
9 50 61
58 1 116
53 52 217
31 13 203
28 33 464
33 39 152
9 2 221
67 34 750
64 29 1182
52 15 37
48 10 91
60 66 31
50 12 11
21 11 57
29 40 195
38 42 81
45 22 966
23 46 1113
30 40 164
27 16 86
23 58 0
1 11 3682
44 57 425
54 34 105
