70 300
||||||||||||
22 31 669
8 60 317
36 59 1276
60 30 3964
24 64 463
44 61 260
2 5 1115
20 66 1795
41 36 1680
28 14 1803
19 52 2014
29 42 2276
52 70 1719
55 47 1775
6 37 3912
38 15 41
14 2 2223
23 30 1570
70 44 1748
64 43 2908
50 50 3336
36 41 3082
40 3 826
28 39 3609
1 58 677
25 70 643
65 56 1340
52 4 1962
36 12 1502
7 43 2562
3 39 3523
50 10 1814
44 5 3130
48 69 1044
32 12 3846
54 2 1583
29 57 3078
13 29 3289
61 59 2533
4 3 3060
36 37 1560
21 53 1143
6 18 3786
65 6 2709
66 29 417
1 51 2240
34 8 181
14 46 3681
42 47 959
29 39 3738
8 55 3251
17 29 284
4 70 976
9 11 3224
52 43 3663
61 68 2799
10 19 2788
17 42 2185
47 35 2000
23 54 173
62 34 1859
31 15 1057
29 43 3328
64 68 4022
6 11 2884
32 20 1449
35 3 3476
64 27 2757
1 30 2628
19 38 2363
29 53 3081
7 2 4058
62 48 2514
30 1 3948
47 18 3260
1 10 1378
41 61 3125
45 31 3816
44 29 1684
18 56 551
38 34 2747
21 9 1175
51 24 3138
28 46 1607
24 7 2200
50 34 2002
50 53 1695
13 41 1160
49 38 1957
31 6 1303
10 48 143
38 3 2204
61 66 184
61 52 109
9 47 2168
33 40 2773
69 29 341
25 25 227
35 42 395
8 51 2246
42 55 3482
31 61 3937
25 14 3792
54 38 4091
54 32 893
38 54 100
39 26 2203
6 56 1938
36 4 2618
68 35 977
11 9 2681
43 25 3148
11 64 1463
45 20 2338
34 52 322
55 32 1648
59 4 3072
67 25 3933
59 12 1939
50 19 1874
23 59 1453
20 38 2281
42 23 2098
60 14 1968
35 65 3939
52 31 1569
40 14 4014
31 29 794
11 5 951
20 64 1202
49 64 195
14 39 3440
70 70 2378
30 61 1280
27 53 86
55 64 2673
11 43 2504
42 36 331
38 55 2437
24 48 582
18 22 1496
44 34 3180
22 22 1757
51 18 3182
14 31 706
20 53 1068
63 70 3008
26 41 505
50 4 547
53 40 1259
15 62 1596
40 5 1871
44 64 3135
52 47 3605
11 46 2528
23 16 2040
65 27 3244
43 47 831
11 1 2696
70 9 1070
49 57 1637
57 69 3518
68 54 3310
56 66 1561
59 60 2911
65 31 538
23 28 417
68 8 2805
56 50 3268
15 20 2904
15 35 1849
49 67 2753
68 34 829
57 62 519
41 46 2616
20 41 1859
13 27 500
5 4 53
58 54 562
5 24 3916
43 6 1009
40 33 2787
17 13 410
45 68 3548
70 9 591
34 10 2399
8 13 3159
7 32 2470
21 22 3077
11 12 3024
69 52 2979
55 2 1232
17 26 1518
45 53 3301
4 65 558
60 54 861
57 18 2394
22 53 670
52 11 1218
28 13 3803
13 65 751
57 24 3075
43 22 1885
32 53 3875
34 61 1585
3 43 978
2 59 3762
24 59 3542
57 21 3959
18 37 1515
52 30 1822
59 19 228
33 34 2195
41 54 142
53 34 3019
16 63 521
60 65 1964
64 3 1948
64 13 1499
25 27 332
35 25 1394
23 29 1931
4 6 2096
4 63 3541
58 12 3497
66 66 441
17 6 106
17 53 91
53 59 1274
12 33 2755
49 23 3476
45 44 764
40 30 608
27 33 3488
5 25 926
37 39 1780
34 31 668
33 30 824
46 55 3257
24 56 1687
31 3 3847
51 42 1371
16 8 1001
19 60 640
36 19 1965
37 59 1363
31 51 2725
1 17 3948
45 11 819
51 8 939
32 37 3751
68 68 1371
52 65 2699
47 57 3302
28 29 3796
26 46 1848
60 30 900
6 62 1728
13 34 3384
70 48 2035
20 40 2908
8 47 4003
24 13 2135
5 47 2726
36 54 2610
49 48 2958
20 23 2375
54 29 1909
4 61 440
38 53 378
32 3 936
63 7 2845
13 37 633
22 11 702
39 8 2920
34 70 3051
26 46 1136
37 9 1413
22 27 1592
49 65 1635
58 22 1598
49 20 2811
17 51 655
21 37 2140
44 51 2189
31 1 2467
16 69 3753
18 42 946
61 62 246
11 29 66
68 29 2271
16 35 3434
52 4 2430
20 4 2564
62 32 2295
47 47 3798
41 57 272
30 42 2048
49 26 2568
2 27 3764
