70 300
||||||||||||
9 13 168
66 10 2
58 25 112
60 69 1289
21 70 3
37 4 10
18 62 172
53 68 70
64 5 14
6 7 0
3 64 0
19 56 464
42 3 1
64 59 482
52 28 5
14 2 1480
48 3 59
31 18 1855
48 24 1040
2 55 2937
55 19 20
49 57 397
32 17 142
42 28 958
22 14 91
56 4 1
61 48 1853
45 1 2097
6 31 2
6 26 3048
67 37 1345
44 51 0
25 24 0
54 48 484
13 54 8
61 1 352
31 36 159
47 70 4
49 54 508
11 51 0
32 65 4
49 12 6
50 65 26
68 33 1
63 32 1654
50 16 22
46 42 2845
64 62 44
55 40 63
21 58 52
25 32 0
49 66 24
49 58 35
41 26 5
42 34 731
10 52 310
43 35 15
28 58 10
57 33 46
48 54 239
51 23 1
13 57 216
51 46 6
66 33 24
4 58 165
58 43 172
68 2 6
9 44 25
69 35 1
9 23 203
63 49 5
59 70 27
41 25 95
5 61 610
17 49 2
4 69 958
29 48 44
35 33 981
34 25 1
6 6 0
46 38 464
48 24 3
21 60 26
6 17 27
14 19 56
58 62 17
58 56 56
52 36 488
19 39 251
59 26 39
51 15 402
39 14 49
65 29 5
37 5 5
46 69 6
25 37 31
65 34 4
3 7 1329
23 54 5
25 5 0
37 43 0
59 50 223
59 65 0
62 13 6
17 44 52
42 48 0
27 52 0
13 61 673
31 13 456
45 6 1523
45 33 0
27 45 2
3 28 101
18 15 340
65 15 1553
9 11 430
65 37 0
15 65 127
68 33 2433
14 3 1637
18 26 0
55 28 18
55 63 5
28 29 8
1 14 58
4 14 123
18 13 237
4 67 1
11 19 0
32 67 739
47 41 3
50 35 0
56 27 3
20 11 511
18 9 50
59 68 6
7 9 51
33 25 6
5 50 890
48 62 6
12 8 59
19 45 4
29 51 273
18 23 3979
3 66 7
55 21 14
46 33 0
10 70 1427
40 54 32
60 34 13
58 59 10
20 55 13
60 52 203
38 65 19
26 9 16
63 70 55
60 48 1
41 70 23
65 50 23
24 46 39
66 55 127
31 38 12
28 51 21
42 65 1
43 53 3
10 32 71
20 12 49
51 3 1891
29 21 1626
70 41 836
60 43 2
7 29 88
33 51 0
50 17 558
55 36 5
25 4 6
39 15 1
43 69 7
27 60 14
3 21 0
14 22 576
11 56 503
43 58 7
4 12 1
24 29 120
19 20 5
5 5 0
41 15 5
2 31 1489
33 45 43
32 53 2053
52 19 3062
17 19 30
33 16 4
24 69 2
55 6 28
51 17 237
30 60 11
34 66 0
21 33 509
64 30 30
68 14 233
11 62 142
3 68 464
43 17 17
58 44 0
28 65 303
38 24 339
1 63 827
70 33 2901
35 24 417
20 24 230
62 11 1
1 33 4
15 59 1654
42 4 703
65 10 233
8 64 718
12 67 8
63 48 3473
22 56 1
51 32 3
60 10 384
28 37 21
63 9 187
57 25 7
12 20 838
11 39 10
52 10 771
56 26 50
65 15 6
3 19 30
19 22 1229
9 34 0
25 57 130
63 30 1
25 13 1223
12 3 0
42 13 1551
55 21 203
39 61 1878
47 68 33
10 69 110
6 65 0
59 30 1
65 60 36
34 17 2
45 68 137
50 41 30
9 37 9
59 64 590
60 43 11
60 69 287
27 55 0
2 54 1063
4 63 98
48 48 206
45 7 5
28 54 445
4 16 8
42 47 738
16 23 396
39 56 0
2 25 3
31 59 1170
10 56 1
65 21 1
60 1 1
6 66 2
54 48 3
16 10 2
9 68 146
29 49 50
22 19 11
40 9 2
17 44 1459
23 24 9
39 10 118
26 59 1
53 17 0
24 23 14
7 51 763
1 56 82
15 3 50
47 20 461
47 11 18
12 54 0
21 59 1
45 32 46
6 15 1
19 18 10
28 5 431
56 24 0
65 59 6
65 33 110
5 44 236
20 26 340
48 9 0
51 23 3
38 55 10
