70 300
||||||||||||
60 55 25
27 49 521
63 13 9
62 23 8
5 68 768
43 5 0
42 49 792
40 40 8
11 16 257
13 46 536
8 10 768
64 11 529
45 31 1
66 28 776
37 23 1
57 51 1
19 60 16
17 28 25
68 49 257
20 70 1
44 49 24
63 23 520
46 12 16
15 18 793
53 28 16
51 54 9
44 29 17
31 39 520
11 48 280
15 12 1
45 28 9
46 1 24
58 41 264
25 70 528
18 36 17
31 50 24
23 63 16
62 56 8
70 38 1
17 64 8
13 50 792
26 56 768
2 10 24
64 11 0
39 27 0
7 21 17
64 37 521
30 11 521
37 37 768
27 50 257
41 8 785
28 67 521
19 52 520
25 17 1
1 13 280
65 67 273
68 70 513
8 49 0
49 69 785
31 34 17
8 68 25
30 2 9
15 69 17
55 30 16
13 62 537
32 41 264
37 34 784
48 67 9
6 57 528
58 59 0
29 42 769
59 25 25
32 5 9
33 37 16
54 55 1
41 4 17
10 63 8
55 32 24
18 26 272
7 51 521
40 23 16
53 19 256
7 64 25
60 26 280
49 20 281
24 1 24
5 30 280
1 11 520
9 55 1
24 21 25
52 29 25
47 48 17
67 61 9
24 50 9
62 50 17
34 29 1
14 3 1
16 28 25
64 16 537
23 7 16
46 57 8
62 24 1
26 42 536
35 14 8
12 35 17
21 19 272
46 16 777
43 17 17
2 26 8
56 25 777
38 43 17
13 10 24
44 40 17
49 36 9
13 24 784
58 33 25
54 61 281
21 23 24
69 68 9
34 33 1
18 14 0
53 53 25
16 41 264
29 26 520
44 31 768
27 66 512
64 14 528
65 27 537
35 38 784
60 55 0
52 22 769
23 9 257
60 38 265
55 25 25
4 13 0
64 14 529
2 25 264
69 22 784
4 37 8
55 45 1
54 33 521
61 61 8
23 57 512
23 62 16
51 1 24
65 42 0
14 57 24
60 63 768
20 7 265
47 57 792
4 6 24
62 12 1
22 33 272
60 42 520
44 24 264
54 33 264
23 23 17
28 5 17
37 39 536
41 46 1
30 12 777
32 25 25
10 50 1
7 68 16
23 8 9
10 1 8
69 39 528
63 61 1
50 35 265
17 61 1
1 57 16
4 23 8
7 39 16
57 66 8
42 17 536
23 22 265
25 67 16
21 65 281
17 49 9
64 38 256
65 37 24
59 52 265
30 67 264
2 32 256
36 42 16
25 53 16
54 24 0
8 43 9
43 33 265
31 16 25
10 68 8
57 42 9
30 5 257
30 34 17
7 53 1
32 1 9
12 22 280
69 53 776
19 69 529
32 66 9
5 64 17
11 58 1
23 53 257
25 25 9
2 19 8
46 62 25
24 44 256
69 27 776
5 27 24
69 25 257
61 40 8
2 17 536
19 7 9
45 35 768
15 34 8
34 36 9
21 61 1
24 28 17
36 53 16
10 51 16
10 28 784
51 9 8
36 50 24
11 3 0
67 17 9
49 5 16
6 68 768
31 31 1
60 31 9
32 53 9
16 48 9
64 34 8
63 33 768
17 70 265
1 58 9
30 11 265
24 60 281
47 67 24
34 64 273
1 36 17
40 7 16
57 56 512
15 33 16
39 60 280
16 17 0
31 44 25
61 19 17
29 15 256
39 45 536
57 66 25
58 23 0
38 3 16
58 10 8
42 28 280
66 45 8
58 6 265
51 26 0
1 10 273
57 12 9
62 24 272
7 51 8
39 60 16
17 59 24
7 70 513
18 8 785
33 59 9
4 53 1
21 2 16
68 28 281
38 2 792
65 66 16
61 19 273
48 32 25
29 69 1
60 38 24
70 49 768
23 30 769
66 47 0
2 12 769
51 41 280
37 34 785
31 21 17
30 35 537
30 31 17
33 41 272
33 69 536
31 58 0
36 59 265
33 40 0
10 37 281
63 50 769
38 11 1
13 30 24
53 55 272
33 23 0
42 12 24
47 35 793
56 36 8
37 63 8
55 14 528
