70 300
^^^^^^^^^^^^
18 59 127
22 4 2671
44 16 3904
36 55 703
5 66 1473
6 60 1882
50 9 3393
11 9 1732
58 19 810
31 12 663
45 45 4031
67 4 405
63 26 819
18 21 2091
10 6 138
70 23 2777
2 31 2712
7 29 2161
23 32 1334
66 66 2637
39 27 3962
68 66 465
60 12 3205
23 11 3790
26 16 3250
5 63 3468
38 42 4026
3 20 2255
32 62 4027
14 51 1593
64 69 4066
35 46 2322
14 50 2309
7 59 3934
31 37 3035
13 43 3641
67 22 3942
53 31 1994
54 51 135
35 41 591
20 25 1509
18 55 1772
13 5 300
57 54 608
18 18 1798
6 54 1489
2 34 2915
11 39 1890
21 22 379
15 67 177
43 30 3821
31 66 3872
9 13 1498
7 9 2116
40 66 2276
34 43 2194
8 51 1208
39 28 2906
59 63 703
7 1 1221
70 70 689
35 12 419
12 47 791
30 28 485
2 25 1785
25 70 2062
34 14 873
46 14 2609
14 49 2922
39 70 4059
57 56 2688
55 3 26
39 55 1004
11 40 909
23 13 1834
49 70 2940
62 69 126
38 22 1959
18 67 1271
10 3 3818
30 3 2086
62 41 2222
43 69 3868
43 48 1756
46 28 711
7 30 2506
29 25 3178
43 7 1563
56 11 1540
62 55 1811
37 68 1275
10 22 2521
9 5 2709
1 30 1909
15 40 514
36 31 2435
65 38 1393
18 67 1040
27 7 3777
20 41 1441
56 32 38
35 64 632
33 20 3490
60 3 3163
31 60 1495
35 67 2125
61 14 1997
22 60 3060
46 45 2147
54 22 1949
26 4 1092
15 62 1212
26 25 853
46 35 2798
53 14 3098
32 25 2075
17 38 3136
49 51 2518
4 35 1721
9 3 2509
36 18 3816
27 66 2055
6 4 3593
25 42 1129
43 23 3124
14 43 85
50 33 181
30 37 2380
38 56 42
1 31 3923
70 57 3265
53 33 2839
67 52 2443
67 16 1555
19 32 2340
65 14 1110
54 17 1076
33 59 1284
45 51 3345
52 55 271
55 56 2285
3 33 2739
3 35 2445
49 65 3007
25 8 1963
17 60 2931
25 61 3412
58 56 3706
4 33 1365
38 62 719
48 35 367
58 70 3629
56 56 2145
21 9 2086
18 2 3768
23 43 2133
53 16 267
25 5 1861
36 67 3985
43 51 3505
44 41 3294
53 59 1127
44 2 3116
46 52 20
23 45 144
53 28 3895
8 58 2608
52 19 2074
60 27 1409
69 58 91
41 58 269
5 24 2928
45 68 2614
11 21 3155
52 1 2066
15 12 507
4 70 1221
24 18 3744
14 50 1199
63 9 2925
37 42 1063
42 69 3863
9 18 2620
3 60 2504
22 53 2158
49 24 1927
66 10 775
41 26 1006
35 69 1959
69 30 3152
43 14 522
23 7 1042
60 62 110
57 67 1550
20 40 4044
64 54 3748
55 10 3171
15 45 1298
45 13 2515
60 20 332
8 58 3744
6 17 2720
53 64 1252
62 14 3309
70 20 2025
49 13 1760
69 11 1550
56 51 3781
3 22 3126
20 35 1621
25 55 1861
55 64 2472
68 18 2324
8 60 337
62 59 1052
46 64 1736
67 1 2606
67 70 1475
10 58 3930
25 11 2768
34 53 777
8 66 1739
16 18 1430
34 6 2525
11 26 2712
66 14 173
54 59 1118
58 40 449
31 8 2459
6 63 1151
69 29 800
50 22 30
21 29 707
26 9 2441
9 7 3697
39 26 2592
40 25 895
43 51 2516
29 31 1680
7 1 55
15 12 720
18 42 698
54 22 1856
13 32 308
6 51 3557
5 45 2274
45 33 2304
29 70 2388
43 55 1685
68 59 700
1 33 951
36 6 1241
44 23 1982
50 61 61
23 43 2091
69 40 722
1 52 577
38 55 2453
24 14 2516
19 6 2358
69 67 3389
12 41 1863
64 21 2909
41 37 933
12 40 2790
52 37 1931
43 33 887
33 54 2434
36 13 2023
59 39 721
2 33 2675
42 31 2396
56 46 2223
14 1 623
39 12 1330
44 19 2051
2 62 113
40 42 3149
28 61 2961
48 29 3220
34 41 3209
25 34 980
45 26 516
42 69 3485
7 25 1579
13 68 1519
44 35 880
57 10 2237
69 42 2826
3 10 2799
51 34 2164
69 51 2560
67 55 3192
56 65 3128
12 12 3230
7 41 3980
58 36 1209
43 46 857
44 8 1395
21 13 1300
