70 300
^^^^^^^^^^^^
34 57 1
65 53 1
30 51 1
21 38 0
35 49 0
9 42 1
31 28 0
37 17 33
42 5 0
5 6 128
69 25 1
23 42 129
51 9 1
21 53 1
10 53 0
58 66 0
60 14 1
1 24 0
59 17 33
50 53 1
30 57 1
2 62 32
58 40 0
4 19 33
39 15 160
15 51 0
70 54 161
3 57 1
25 20 129
36 29 33
37 3 0
24 39 161
33 60 1
66 21 128
64 56 1
62 45 1
52 52 0
22 42 1
8 8 0
1 41 129
35 46 32
48 65 1
31 62 0
41 57 0
14 8 0
17 60 0
11 1 1
47 32 1
46 51 1
8 43 161
63 40 32
1 23 1
60 11 1
68 58 1
21 69 128
24 28 129
37 63 1
5 19 1
65 33 161
40 10 0
16 28 129
60 43 129
20 47 1
51 16 161
18 52 32
18 9 128
67 2 160
42 2 129
42 30 0
20 63 1
23 53 160
33 37 1
69 67 1
59 65 0
40 30 0
48 60 1
9 10 1
55 51 33
15 53 32
21 63 128
7 8 129
63 37 161
44 42 1
32 39 33
55 15 1
4 55 128
14 7 0
7 67 33
70 5 0
63 5 0
32 24 129
32 58 0
13 34 128
14 26 1
68 32 129
64 45 32
18 12 0
45 69 32
38 35 0
33 8 33
9 55 161
18 46 0
54 53 32
55 31 33
61 5 0
70 1 0
5 32 128
43 35 0
34 38 1
46 64 128
31 19 128
27 56 128
46 18 0
58 16 32
62 14 33
51 34 0
35 29 128
21 23 129
16 35 129
6 27 129
32 68 32
47 21 32
8 7 0
35 28 0
26 38 32
29 39 0
59 66 33
11 64 129
69 38 33
50 25 33
5 69 161
64 13 129
31 42 1
4 42 161
48 5 161
55 42 1
19 45 129
64 67 160
44 51 1
27 10 1
11 64 1
44 1 1
54 20 33
34 47 1
35 59 160
45 20 33
22 25 33
62 34 33
39 70 1
8 16 1
69 37 1
52 41 0
57 50 1
3 4 128
3 17 161
42 6 0
59 7 1
57 24 128
8 11 1
54 10 33
15 34 0
53 12 0
54 15 161
40 12 129
36 10 1
9 25 128
18 28 160
55 28 161
50 63 160
69 26 0
10 67 160
40 20 32
14 49 161
67 9 128
69 58 0
33 44 33
70 35 1
9 11 1
49 44 32
5 17 1
8 31 1
55 20 1
70 45 33
59 43 0
8 62 0
56 28 0
48 26 0
54 45 0
53 23 1
4 27 0
15 18 1
33 70 161
31 18 1
31 16 1
2 59 128
43 9 33
58 16 32
17 53 161
57 4 1
59 28 1
41 36 128
7 4 160
33 19 0
3 46 32
1 52 0
31 69 32
36 52 0
34 56 32
57 55 0
12 47 0
69 34 160
7 56 1
33 29 0
25 42 1
24 27 1
38 11 128
64 36 0
70 55 1
40 23 128
68 11 1
46 18 161
14 5 33
22 59 32
18 51 161
69 64 0
8 14 32
66 57 33
58 42 1
58 30 0
32 12 0
34 32 0
53 37 32
39 50 1
17 58 0
55 5 1
59 36 1
29 15 0
51 45 0
48 9 1
47 11 161
13 15 0
42 23 1
31 3 0
23 10 161
38 1 129
6 5 32
5 45 129
70 28 1
55 27 1
27 22 0
40 33 1
61 45 32
15 70 129
47 11 0
24 64 128
5 55 32
26 27 33
58 36 161
36 12 1
10 58 0
23 69 0
33 49 1
6 6 0
18 1 1
47 48 1
61 51 129
69 29 1
60 5 160
25 36 129
33 3 1
67 62 1
24 54 1
53 20 32
62 15 32
54 37 0
65 55 0
70 32 33
63 14 0
51 4 0
43 12 0
15 64 32
30 32 1
25 15 32
3 1 0
20 47 1
63 7 32
58 36 0
39 45 1
16 44 0
70 6 32
9 50 33
57 3 32
41 45 161
46 11 0
1 29 33
9 59 1
10 30 160
18 49 0
28 61 33
8 7 33
