70 300
^^^^^^^^^^^^
20 9 55
31 56 89
39 20 175
48 49 788
63 24 126
20 39 25
6 7 762
23 24 160
55 66 257
43 45 439
20 31 103
9 43 49
6 59 213
65 54 1883
13 41 2798
19 5 3021
60 19 275
2 68 15
8 45 740
51 13 80
28 4 546
18 41 3
28 36 2220
26 35 25
46 48 50
64 29 126
29 13 878
22 19 5
43 65 23
51 21 1786
32 17 394
14 1 89
9 48 82
70 55 21
7 46 3419
31 21 1561
32 3 32
60 65 37
32 17 169
54 35 887
21 16 12
22 37 813
49 40 217
5 9 35
69 17 142
68 47 893
30 68 3231
8 37 28
32 64 486
56 52 866
40 35 14
14 29 256
42 34 25
67 37 331
10 51 11
21 56 143
47 25 61
42 60 180
20 52 61
51 42 409
67 29 85
16 48 504
10 46 40
1 48 764
59 70 63
58 18 165
15 22 76
9 50 2317
2 7 50
8 45 211
70 44 207
6 61 86
51 36 485
12 19 45
6 25 910
9 35 142
54 49 148
64 20 151
48 39 2135
34 62 87
34 33 26
38 4 126
39 28 65
68 34 2023
20 18 316
23 41 1958
2 18 96
59 18 318
21 25 117
42 41 30
40 57 3678
31 22 2850
32 67 1
1 7 1076
4 59 49
3 46 1367
4 26 2884
46 40 85
44 34 2260
58 5 0
49 59 17
30 12 29
12 38 1198
35 12 503
50 37 31
13 64 124
8 65 8
65 23 613
58 38 74
31 4 24
38 51 1705
33 11 87
69 67 1154
8 34 52
26 44 182
23 1 33
22 27 63
40 51 239
53 60 43
48 18 842
11 33 337
46 54 70
69 28 3982
59 48 1
40 49 1422
9 54 40
63 46 1075
24 35 111
2 20 294
19 60 966
48 50 108
37 56 1902
61 55 1947
38 60 505
57 70 495
9 39 61
15 51 3541
27 40 83
48 56 4
42 6 214
32 57 541
40 52 742
37 8 127
29 18 204
44 3 4
3 65 2884
13 13 445
6 27 24
27 49 569
35 35 557
41 64 1173
54 23 154
11 33 680
52 18 246
9 30 38
55 3 246
17 10 60
67 48 1716
43 65 487
32 64 1840
36 8 237
67 1 22
64 1 177
26 43 101
25 10 88
69 51 199
23 31 470
20 41 478
63 38 266
3 23 393
9 11 472
14 30 78
33 3 260
22 17 321
49 43 314
47 66 485
55 4 47
43 53 197
27 11 13
5 62 1043
70 62 473
33 24 117
59 67 744
70 3 62
58 13 846
44 10 582
30 21 453
48 22 1880
3 38 499
44 9 63
18 35 912
43 69 138
34 38 103
8 41 206
4 6 388
61 54 1262
20 5 483
28 55 59
24 45 1395
22 25 572
45 33 46
63 59 102
31 65 583
66 5 119
23 22 3489
28 61 38
30 27 2416
29 14 32
35 46 87
16 39 1480
39 57 43
6 49 1881
59 58 537
60 53 105
65 10 1677
64 6 152
48 25 129
13 44 163
65 33 1252
16 26 400
58 41 968
53 16 94
36 33 299
31 3 3478
47 20 35
5 57 41
3 42 667
20 37 502
44 39 60
3 39 146
31 42 165
8 64 1024
48 56 144
68 70 222
37 33 238
40 26 234
31 57 2779
68 44 297
65 64 244
27 19 38
65 26 228
9 47 98
68 14 830
26 65 487
25 39 51
28 35 37
53 22 158
3 45 1020
17 27 940
56 65 57
60 7 68
52 49 53
55 19 858
33 34 226
30 64 78
54 56 362
26 11 45
58 62 109
34 68 482
68 27 87
48 69 110
39 29 181
38 2 36
34 23 506
1 16 458
3 70 269
48 55 226
16 24 55
37 1 3297
6 9 967
67 36 93
22 22 208
10 30 936
47 12 3617
51 44 1221
65 7 23
48 9 1541
17 64 164
31 13 29
64 41 491
32 9 97
56 10 26
15 62 39
4 69 45
6 32 1993
1 59 150
12 44 69
31 52 37
28 32 977
15 7 424
11 37 46
64 5 1114
69 57 351
5 16 40
10 44 1582
2 2 12
54 57 108
10 30 50
16 36 55
63 54 100
