70 300
&&|&&&^&&&^&
9 35 978
13 67 933
7 4 2827
39 13 376
32 33 1921
35 31 1077
34 50 248
32 7 1332
31 59 3193
46 30 3363
66 35 1718
53 56 552
67 9 2951
70 54 3615
58 58 1389
57 49 3609
29 27 1934
62 50 627
67 6 3043
24 8 2028
43 52 939
56 27 1768
5 64 2657
24 68 1358
36 7 3413
70 28 3773
5 69 1670
69 1 907
14 50 2238
34 50 3668
19 20 664
22 63 2847
38 18 176
19 69 710
69 3 3629
55 66 4095
54 36 3755
42 24 167
10 37 3872
38 15 432
52 69 2292
9 45 238
25 23 2334
61 21 1889
27 31 3637
15 65 292
24 3 261
26 11 1876
29 40 2761
44 36 225
43 14 2961
34 62 1572
9 53 3212
37 18 1495
58 66 609
33 5 1906
52 53 1530
4 9 3114
24 64 3407
61 68 993
33 33 4022
18 18 2425
31 10 4052
60 54 2653
45 40 1251
61 63 85
15 37 2505
33 38 1367
8 67 3054
19 70 1460
37 51 746
14 39 741
68 11 3681
48 41 1258
37 29 2575
12 48 283
2 49 3346
59 61 801
42 35 412
54 20 948
2 42 3993
51 21 1423
11 18 2695
9 50 1879
61 46 2429
56 30 1513
63 51 3918
64 62 3162
1 50 3061
48 18 3765
52 17 1913
39 59 2876
33 8 3126
7 11 898
66 50 933
2 13 2012
33 5 2611
26 10 2058
66 67 1970
52 56 866
48 41 196
29 55 2289
36 58 2400
52 21 1054
56 52 1079
64 56 3744
5 34 71
6 1 231
3 25 3649
4 42 2645
59 41 783
70 19 3280
13 13 1615
21 29 3170
56 28 242
19 47 1778
13 43 3987
26 55 468
33 12 1146
31 60 1706
8 23 2905
8 51 3957
10 60 2743
54 12 1904
21 58 821
35 14 3553
19 52 3284
69 29 2425
42 68 735
6 29 771
61 27 1119
29 55 1505
25 27 934
36 7 2955
49 59 1506
34 58 3179
38 2 2271
54 65 1889
51 48 3857
60 2 2965
45 63 2117
59 64 3819
31 12 3833
70 35 2815
50 53 20
40 29 2009
6 62 3746
61 25 1073
16 62 770
22 40 1039
28 27 2375
66 58 1540
50 37 109
61 16 2578
19 27 1501
34 15 2577
9 45 2986
11 25 3921
29 59 3109
41 15 1490
14 38 1219
26 44 1020
10 39 894
15 10 1474
43 39 1704
1 35 1751
58 50 507
25 11 3272
65 18 3036
47 27 493
52 67 1084
32 15 4001
2 27 2928
59 4 1266
16 15 2318
8 50 2356
51 8 435
54 62 1142
33 64 1823
23 15 1772
66 45 3659
14 55 1765
38 42 3714
64 12 2497
48 11 4073
14 26 22
26 45 2323
18 4 3911
70 22 1812
54 39 550
9 38 1399
42 34 1524
21 4 2453
55 30 1155
52 46 3706
61 22 3205
27 27 678
18 1 2744
57 9 2946
50 59 2518
8 25 978
23 3 300
37 61 3588
8 57 3231
12 29 1789
64 38 285
18 14 3100
27 65 2716
36 23 15
43 69 669
33 18 1827
15 3 1218
68 58 979
50 19 2910
41 5 1643
64 33 910
4 18 2019
9 54 2968
29 42 1634
11 45 3841
69 13 644
6 29 2825
5 23 1036
27 28 875
65 42 2465
37 70 3986
10 3 2714
18 18 2026
45 44 2605
62 37 3960
14 28 3455
21 53 3417
12 1 538
20 34 1348
48 40 2525
56 1 2361
67 49 1895
49 26 1137
34 16 2124
69 61 1043
14 20 2184
30 15 554
69 20 2895
18 4 2118
1 27 1654
32 57 3198
42 43 3490
23 28 369
69 9 922
16 10 699
8 68 1951
8 18 3211
30 68 3297
54 58 1797
25 12 577
19 2 556
6 51 2301
25 52 117
28 19 878
23 6 761
36 12 1860
17 16 3338
41 21 2469
21 26 22
42 3 1020
63 11 617
1 58 2398
23 45 1869
2 38 1098
65 37 1779
13 68 867
63 32 1066
47 28 3852
37 4 949
46 22 2712
18 39 4073
30 42 4050
42 64 2814
8 5 788
65 60 2293
63 62 1172
59 55 2066
39 41 1797
11 54 2266
13 22 2336
2 32 752
24 40 1910
62 51 1042
12 21 884
62 31 460
35 59 3616
58 5 2066
33 58 3698
57 26 2809
21 26 2671
1 4 757
64 22 529
28 61 3920
31 38 488
26 55 3614
