70 300
&&&&&^|&|&&&
11 33 2
47 16 103
6 40 38
2 57 40
54 70 841
33 2 0
43 8 440
25 12 1610
48 37 14
48 39 0
21 54 343
4 69 172
47 53 51
47 25 6
31 20 1
25 21 2
36 40 76
28 40 225
2 53 245
19 14 51
31 13 31
30 31 91
32 34 3
5 29 1407
51 10 1
5 47 45
22 31 0
27 16 838
44 21 726
60 60 50
7 18 89
47 28 6
3 51 80
23 22 1050
7 19 3
35 2 30
37 8 1
38 1 0
10 21 413
59 61 0
6 43 7
16 58 0
11 3 3101
65 56 1
39 66 7
64 38 324
43 2 2444
57 33 58
46 32 1
25 40 28
9 23 3
3 2 1
21 45 2
43 54 89
37 37 6
61 12 62
17 18 1975
54 68 10
22 27 1
55 41 0
67 16 59
62 25 21
52 20 14
17 63 1
59 53 11
69 61 1
45 34 0
44 4 7
24 6 1540
20 54 1
64 12 6
25 32 3585
17 1 22
55 26 6
41 15 431
10 27 11
62 54 2
69 39 661
6 23 243
9 18 2
46 35 1521
49 38 619
19 28 0
33 5 3347
8 57 62
30 63 18
39 56 0
62 63 463
70 34 229
33 36 73
39 38 2032
19 41 15
2 65 63
57 18 2
35 19 155
18 5 152
19 29 3
59 61 177
64 47 160
59 48 17
42 53 26
17 25 53
21 60 55
52 7 2
34 33 52
1 52 10
58 59 1985
23 41 120
33 40 936
51 13 4080
11 46 2
39 58 0
1 47 0
8 66 360
25 42 449
51 17 29
8 65 123
9 63 70
27 58 41
8 1 8
26 26 579
49 6 28
65 46 353
8 46 267
69 46 53
27 45 58
3 51 20
15 1 1
65 7 385
44 68 3
5 4 2962
62 17 1
33 27 27
65 26 1
13 8 0
55 24 429
10 66 1
50 59 72
53 25 1
53 27 89
56 61 2625
44 10 1
67 52 0
4 25 349
22 26 32
27 58 62
53 27 2
34 17 57
53 40 5
59 42 24
60 9 20
40 45 281
56 2 382
41 11 1
26 8 0
24 22 1
32 54 7
33 51 2
29 25 1015
69 19 82
59 40 852
45 7 9
1 64 731
58 53 494
66 27 7
34 36 3
59 65 36
34 26 106
64 45 26
7 22 16
23 63 0
61 62 28
1 10 311
20 44 47
26 10 193
43 37 169
48 69 2040
43 52 249
59 23 25
60 53 3
15 39 21
43 20 56
63 6 0
8 61 228
52 66 1
55 44 7
15 11 278
65 30 5
54 29 4
28 39 6
25 53 6
13 1 206
30 52 1
9 63 3
24 39 158
29 52 245
22 38 2037
1 59 7
32 56 13
44 31 10
68 67 69
26 22 0
7 10 3
29 7 1502
70 12 23
67 58 5
33 53 55
25 17 17
58 32 61
41 69 1
64 11 172
67 30 214
52 24 1413
55 6 70
33 15 5
45 64 4
63 50 17
62 27 7
13 1 126
66 5 289
6 2 114
14 23 1877
8 45 112
55 40 347
14 70 1221
66 32 3899
13 5 41
12 1 0
68 61 0
33 47 31
43 41 0
17 43 1
11 17 13
63 3 16
22 29 29
43 50 0
8 22 1914
16 11 1
10 52 2
21 12 0
18 2 1
61 15 1
37 12 25
42 48 10
7 64 256
56 27 13
62 68 16
56 46 3036
49 9 1250
45 4 69
23 23 3
40 37 2
34 59 113
69 32 4
17 56 89
42 36 22
59 48 27
54 27 399
58 7 46
18 30 4
8 52 0
49 53 7
17 69 10
53 63 371
42 69 96
33 25 5
65 53 34
36 3 383
16 33 639
62 22 55
30 40 13
44 19 1902
15 26 3
18 20 368
33 4 1
69 39 90
47 53 31
25 42 2
12 54 100
5 1 24
20 57 520
57 10 659
50 45 4
22 58 3
40 38 3
54 16 38
63 11 122
21 61 54
8 35 4093
7 40 6
39 30 1
25 68 52
36 48 599
62 10 24
69 27 115
39 43 8
57 20 4
35 33 886
42 59 12
48 53 231
