70 100
&&&&&&&&&&&&
30 2 191
70 50 1011
50 27 253
35 33 27
35 16 425
33 54 554
39 1 80
49 52 66
64 26 687
15 10 26
31 42 58
25 3 443
65 57 274
63 15 59
36 13 689
9 40 186
45 34 122
45 65 120
21 5 130
30 68 1110
48 22 424
17 66 36
39 38 108
24 6 717
43 17 177
33 30 2187
70 60 588
5 62 46
41 49 595
47 38 858
17 56 367
46 17 42
70 18 237
22 66 71
16 44 915
3 25 93
13 53 50
68 58 2049
67 41 50
37 70 179
40 20 632
62 59 734
51 51 83
26 69 1659
35 16 3311
57 65 2541
53 63 236
46 51 111
55 9 1435
68 51 1336
4 60 39
22 33 182
40 55 436
37 65 72
28 15 65
51 29 184
32 38 430
45 19 32
16 36 1675
66 13 229
12 42 220
56 40 95
8 68 14
33 29 73
15 8 82
7 48 168
9 10 8
37 6 68
9 41 25
58 60 39
20 26 36
10 9 38
61 16 73
10 53 1180
53 30 1905
2 39 2653
63 47 54
4 57 646
49 57 977
36 23 1560
36 17 44
63 38 603
30 53 665
68 48 461
15 19 525
45 40 352
45 14 30
12 50 2
27 60 25
46 37 425
47 52 669
47 19 2741
36 9 322
41 64 1706
9 44 35
28 35 15
41 35 246
19 52 3102
2 62 622
2 35 1439
