70 300
^&&||&&&&|&&
54 8 148
15 41 31
40 36 921
41 10 409
5 12 148
58 51 157
18 67 667
8 58 901
41 2 10
36 66 896
9 52 271
67 55 10
53 40 17
7 37 26
16 51 17
7 8 772
30 21 394
68 59 645
24 16 786
45 42 3
36 27 513
30 14 1
46 29 387
60 54 2187
32 21 141
41 30 534
42 42 647
1 57 144
41 57 401
59 56 2966
48 33 267
60 63 4
17 8 19
3 62 398
38 51 156
13 58 523
29 12 142
22 18 259
13 8 9
18 35 271
6 14 27
22 20 8
8 31 5
47 33 2590
28 59 30
48 43 670
40 43 152
12 25 130
65 45 137
39 18 144
38 5 2817
33 17 135
53 62 14
20 13 27
19 34 17
55 37 13
47 49 2079
11 45 2059
49 49 152
1 46 396
4 59 28
46 21 13
5 24 277
38 57 282
56 30 775
22 5 21
67 35 6
11 64 20
56 51 268
17 27 276
23 48 8
25 14 20
65 7 19
48 55 666
47 32 285
68 45 129
60 67 401
33 33 30
61 66 137
29 39 14
41 69 16
26 18 18
49 20 11
67 63 9
57 39 25
10 40 259
24 9 156
69 12 909
6 60 12
60 51 283
42 32 409
67 27 771
50 1 155
59 37 275
7 41 536
47 21 24
10 4 29
8 60 23
69 22 4
52 22 409
33 56 157
8 48 138
18 54 12
34 61 157
58 21 14
7 39 150
46 36 410
16 49 2
67 1 2697
17 28 30
58 33 397
36 17 265
42 10 2440
63 15 257
19 67 23
56 6 13
59 12 11
62 34 151
30 57 397
6 21 2457
68 51 158
3 69 399
51 51 155
60 58 387
58 16 2843
34 15 131
34 39 143
51 7 143
18 10 14
16 66 24
18 51 133
34 67 2053
24 21 4
32 6 660
6 24 14
20 11 26
11 36 797
35 13 134
39 29 257
40 9 2445
32 16 396
16 62 28
27 22 157
5 55 129
56 21 136
37 11 390
9 36 261
66 5 522
32 39 141
7 59 401
54 27 407
67 35 9
17 48 4
39 45 30
38 68 27
31 67 281
48 63 260
31 60 410
40 56 12
12 67 919
15 65 141
17 13 385
46 23 16
52 42 403
21 54 410
70 2 0
20 59 267
27 18 795
20 17 653
64 39 274
6 34 29
50 4 15
19 25 256
62 24 393
33 46 403
25 30 135
24 10 911
51 69 273
41 2 17
2 19 26
4 44 19
52 64 17
31 59 18
29 10 640
53 14 27
21 18 388
24 26 1
11 34 402
35 60 29
60 17 2436
51 12 19
35 68 783
52 37 30
32 49 24
64 60 793
3 61 131
63 51 1
15 9 18
50 44 19
67 4 2843
15 54 10
46 19 671
51 6 20
64 33 6
70 28 781
12 21 540
8 4 777
7 51 540
34 1 3
24 45 131
59 24 902
52 59 15
17 31 16
58 32 912
3 55 268
59 37 0
70 4 656
64 60 272
7 47 408
32 3 908
68 34 2077
34 26 406
32 68 273
21 20 129
56 45 1
10 57 259
49 41 21
38 22 779
23 50 139
37 23 17
1 16 2968
33 51 2957
1 55 3
43 18 12
36 18 31
51 33 7
8 16 923
64 31 152
43 34 14
8 58 2974
5 9 159
1 13 6
60 42 2
33 64 31
63 63 143
55 37 6
9 29 2072
12 7 23
66 5 15
20 28 3
47 10 11
47 40 781
14 21 29
51 51 668
4 66 28
22 30 0
19 70 2972
58 35 271
39 18 282
68 10 2826
9 15 23
43 28 23
62 22 27
15 50 0
42 36 146
67 53 903
26 32 655
68 31 518
58 1 784
42 64 3
28 7 9
14 53 10
48 63 146
43 70 136
32 21 542
31 59 0
31 4 920
40 29 266
60 44 25
37 43 21
10 30 7
19 69 279
63 68 393
39 37 2310
59 38 154
14 70 2
17 55 27
6 25 671
33 11 31
20 20 285
18 13 0
8 43 256
4 22 7
9 41 21
52 1 648
4 12 4
44 61 780
54 62 157
7 54 281
24 43 390
