70 300
&&^&^^&|&^|^
26 69 131
63 32 130
19 58 0
36 44 0
21 39 3
8 34 2
67 8 1
31 38 128
58 52 5
16 4 4
61 15 0
44 5 6
27 59 129
45 5 2
17 39 131
67 21 7
66 49 1
48 70 1
62 68 6
42 70 5
44 14 128
45 33 3
45 33 133
67 55 2
16 29 6
25 44 129
10 21 129
35 63 6
67 49 130
27 14 1
46 9 6
51 10 1
42 66 4
64 18 128
22 20 1
29 56 133
33 18 3
53 26 6
55 14 133
63 4 3
9 31 135
44 59 2
70 39 135
54 30 2
12 40 1
13 40 133
18 31 134
63 52 1
60 10 0
31 42 129
1 40 2
38 31 7
60 12 135
14 42 131
48 70 5
13 47 133
45 53 3
39 11 129
49 67 0
28 42 2
22 49 134
8 58 2
50 64 135
24 12 0
25 64 1
31 32 4
41 25 2
38 7 135
10 46 134
33 13 131
51 29 135
67 19 128
55 52 130
44 28 133
17 66 3
58 12 135
31 12 7
41 47 5
30 30 135
14 50 130
70 49 132
24 60 134
35 57 4
7 63 131
30 12 1
41 34 128
34 16 130
70 45 133
5 6 7
67 58 5
37 51 0
33 48 128
23 60 129
59 26 7
3 68 130
65 66 128
55 51 5
23 11 4
3 65 5
4 70 132
19 61 6
14 56 5
58 49 2
67 27 133
69 6 133
32 3 131
17 32 129
59 58 135
11 48 134
56 32 0
40 8 3
10 69 132
27 14 4
36 66 128
37 7 130
31 52 3
23 64 129
35 11 135
57 11 2
70 4 7
70 69 2
30 19 133
35 15 6
66 16 135
16 57 4
61 3 133
5 59 128
15 15 130
43 61 132
18 45 130
64 19 128
20 30 1
15 67 134
52 40 128
5 36 7
52 56 132
66 25 5
24 3 132
16 24 131
10 4 0
33 61 3
25 32 5
52 58 132
23 4 132
55 26 5
57 5 133
43 34 3
16 29 130
41 24 133
35 40 135
33 56 6
34 66 133
36 41 131
54 24 134
64 18 133
13 56 0
67 57 129
54 15 131
62 14 128
45 35 4
9 43 2
14 52 128
29 19 130
65 11 130
69 18 129
38 44 6
48 46 2
45 31 133
29 68 129
50 6 135
48 4 134
52 3 1
56 58 128
24 50 135
69 65 129
6 17 3
10 68 0
46 29 134
31 33 134
53 61 1
6 40 6
45 29 0
50 55 131
47 1 135
62 28 129
23 25 128
53 1 5
50 67 132
69 66 135
10 28 6
37 33 128
39 9 132
11 57 134
4 7 128
6 39 1
8 4 132
67 44 1
64 52 6
41 35 129
27 12 130
3 3 1
47 30 129
2 29 132
52 22 2
13 2 130
38 55 7
28 16 5
9 67 0
69 64 4
33 27 132
22 12 128
27 27 133
3 58 3
67 11 135
34 24 132
37 45 128
69 3 5
11 17 129
7 68 7
22 56 134
52 23 128
34 31 128
50 23 128
34 59 135
27 43 134
64 53 1
60 57 131
62 37 134
14 8 134
15 42 4
30 64 4
19 33 135
1 70 133
13 68 4
29 17 131
61 39 134
48 40 3
61 67 4
2 27 131
21 8 135
69 61 131
25 17 0
67 7 0
52 24 132
59 31 131
62 66 135
24 18 131
9 61 3
42 68 2
43 42 135
63 1 7
41 21 0
39 70 4
43 54 1
43 10 130
16 44 135
63 69 130
5 53 134
3 44 2
38 65 130
63 44 132
56 3 131
23 28 129
52 1 7
54 67 132
26 55 132
31 10 6
4 50 135
17 13 134
66 34 133
16 50 7
26 44 5
37 14 131
69 7 6
22 59 128
2 3 132
10 47 130
41 23 2
37 60 5
41 2 130
2 70 129
11 32 132
57 6 2
30 8 129
50 7 132
1 34 0
4 64 135
42 70 135
11 68 134
70 23 0
31 65 4
52 45 3
3 62 7
57 36 129
46 3 0
4 28 129
63 34 132
28 48 0
12 38 2
60 60 6
