70 300
&|^&&^&&^^^&
64 57 126
58 15 556
54 8 1
33 47 73
9 43 5
20 53 7
57 59 7
52 44 1
18 17 1658
20 35 358
18 60 0
8 1 0
5 32 293
50 11 26
33 1 48
63 57 251
37 55 76
35 21 427
27 48 3100
10 70 7
37 41 196
61 38 1
39 36 1
34 59 417
24 33 10
66 41 1
63 15 467
33 18 18
7 28 65
10 68 0
24 21 134
46 33 6
43 9 91
32 8 50
12 34 18
21 8 130
13 39 72
54 63 3222
5 2 438
33 3 1
28 42 18
25 48 8
50 45 1275
63 59 1
19 14 1523
43 29 98
37 70 6
49 41 57
69 18 19
44 69 26
30 1 23
57 62 1328
44 10 225
70 22 7
68 25 1
22 63 213
19 30 1658
53 63 5
16 53 118
19 38 4
12 20 553
54 37 22
61 61 7
51 3 13
49 33 20
56 2 72
24 65 2
25 5 60
6 60 3
68 26 0
41 39 114
29 57 2
65 40 4
67 8 361
44 18 3
57 19 17
65 46 1873
19 58 9
31 8 865
43 18 3936
55 29 25
32 61 154
44 21 2046
61 37 3
65 1 11
68 8 0
54 17 3549
29 58 1
67 5 87
12 37 55
27 9 33
48 15 138
32 56 7
41 17 4
33 37 6
1 19 3
27 22 1
20 33 960
1 41 95
46 37 836
35 38 66
4 59 92
26 46 124
57 9 1285
52 45 3
38 42 194
45 46 157
36 9 682
66 46 3
63 70 4
14 68 641
9 65 264
70 30 27
7 45 2299
13 66 2
14 34 508
17 65 4
67 56 4
2 24 59
14 11 48
25 20 2404
11 60 86
38 67 3774
17 3 0
31 21 6
59 36 1888
32 54 2268
39 51 3
15 45 1
56 62 175
19 35 0
3 44 3
16 40 3
11 2 5
41 66 3581
6 64 141
18 57 0
3 31 1779
2 22 5
18 12 147
20 52 3223
22 26 49
32 39 143
46 5 2
53 16 3516
60 54 27
13 4 2264
61 69 143
45 48 3
50 15 21
22 24 7
39 17 80
24 65 1
3 27 805
7 60 2
62 58 18
47 22 61
60 38 48
16 13 0
63 30 0
17 15 244
59 29 2
40 36 598
36 31 44
36 55 3361
66 33 8
40 6 5
34 9 1
3 65 2
18 58 4
32 38 1
52 58 7
11 30 67
2 4 1
66 38 424
34 22 48
14 50 11
5 44 73
2 39 357
14 42 3
52 3 484
32 44 3
17 68 0
49 32 57
47 17 14
29 70 0
37 62 327
36 57 20
43 12 420
11 8 652
36 61 8
49 48 3
57 27 2865
5 25 1
55 51 3
2 40 743
28 65 573
41 11 14
58 65 3
54 22 19
63 28 39
46 66 329
33 22 1
32 28 11
21 26 1116
59 25 26
43 17 2
56 15 3
17 64 0
13 17 121
26 54 0
3 70 120
45 52 220
24 11 28
61 69 5
36 68 1
36 1 2
38 66 7
47 36 877
61 31 34
38 2 49
7 36 18
30 13 7
25 2 35
37 61 8
45 30 108
34 18 670
37 25 8
6 2 73
17 42 139
35 66 0
17 4 3813
17 26 1418
40 67 3
32 29 20
16 36 12
60 21 190
67 31 1
41 53 692
22 20 13
70 40 869
66 15 62
4 2 385
57 47 6
57 47 130
65 48 2225
52 46 12
23 21 1
58 10 1820
63 7 3
66 53 58
61 5 3
13 57 245
46 22 424
47 59 84
67 55 1089
46 32 10
61 61 15
36 1 844
62 52 82
45 23 228
48 9 1701
37 35 112
16 23 31
62 13 5
44 13 863
64 6 4
5 3 0
39 15 64
26 36 1229
11 64 1
8 63 858
65 5 12
11 14 317
7 59 151
25 35 1
50 40 1
64 46 146
6 15 3267
33 62 4
11 62 69
63 27 1
57 10 49
49 35 8
16 32 127
11 25 100
2 57 19
24 27 54
23 3 2664
55 12 12
13 47 105
61 1 405
60 35 1
66 22 1
34 8 56
5 3 6
51 56 92
10 50 9
12 26 1491
55 62 14
