70 300
^^^|^^&|^&&&
36 42 1960
55 57 12
66 46 25
27 37 74
9 32 102
24 40 70
7 19 90
21 35 88
62 25 2225
50 54 321
55 65 152
19 63 107
61 69 240
31 61 23
62 26 1273
11 3 28
44 43 453
12 14 391
14 63 443
65 49 362
39 44 2
57 51 45
14 52 9
13 11 174
23 11 1034
10 59 91
35 30 685
39 2 229
35 3 61
13 56 3087
18 6 213
2 19 318
29 38 898
23 15 172
36 1 19
17 54 142
36 35 1306
11 26 761
33 47 108
56 45 111
25 12 1665
63 19 32
42 55 435
16 1 14
18 36 1386
8 17 1382
55 17 917
32 14 121
7 64 85
49 47 1224
31 51 87
30 63 523
50 57 20
21 1 350
66 8 5
29 49 115
5 14 103
14 67 976
17 42 3997
55 28 125
11 48 222
62 69 22
39 23 17
45 13 1797
36 1 599
26 30 496
56 52 67
5 9 163
42 17 34
26 37 25
30 19 117
45 3 146
49 10 186
12 15 432
67 1 818
33 1 952
46 4 244
70 37 2686
49 31 994
13 51 980
27 38 970
25 65 14
39 52 69
65 35 4020
15 49 1752
39 26 20
35 65 155
62 16 37
18 10 146
68 16 895
24 43 297
28 11 87
40 60 1114
31 15 5
2 67 228
31 7 304
20 1 16
38 12 131
7 59 1709
4 62 3
46 15 111
43 63 111
30 51 1502
8 42 439
27 45 2676
5 40 3275
11 63 1166
66 40 232
54 51 1403
53 56 45
42 62 14
30 52 3
61 19 9
67 6 51
40 55 37
21 34 3
61 8 12
69 14 1792
17 43 36
19 46 31
49 14 63
10 12 670
68 17 585
3 41 27
5 60 163
13 19 876
38 7 3473
35 20 231
20 52 81
50 1 1127
20 44 15
1 21 61
1 4 150
14 4 174
53 35 7
16 15 234
70 51 1348
12 31 11
22 59 111
49 35 152
64 46 135
31 24 4
50 32 485
50 4 17
8 36 121
68 66 1226
17 27 3504
22 24 73
23 22 2767
10 4 32
21 4 862
37 25 971
59 6 503
11 1 98
3 24 255
70 8 47
35 1 101
6 23 3799
65 56 209
39 54 2
7 18 35
31 63 44
29 3 714
29 13 59
68 4 16
65 18 29
26 52 81
21 62 513
35 17 188
2 39 172
38 6 14
50 11 747
45 61 194
16 37 60
5 34 23
66 41 551
14 30 457
39 11 409
2 50 2249
19 61 21
19 23 53
53 56 27
11 16 3445
62 40 19
38 2 30
5 28 461
17 26 119
70 6 3704
64 53 166
58 32 62
25 61 30
26 53 114
14 43 25
65 19 37
64 38 1612
22 67 24
38 9 23
18 41 1770
12 14 128
18 35 8
39 48 803
42 2 134
46 14 525
34 11 25
33 4 241
16 6 9
56 23 1921
67 58 446
50 60 178
11 15 317
55 65 6
46 18 137
48 50 109
14 14 46
43 60 364
24 26 17
46 68 827
32 51 107
9 64 413
36 59 25
67 41 2082
61 29 106
69 46 683
53 8 124
68 6 1334
44 46 565
44 15 13
35 30 710
8 12 22
5 7 23
37 69 39
14 18 353
47 70 458
5 53 387
62 34 37
7 7 1983
4 27 63
3 9 15
54 6 131
28 33 2264
19 62 40
35 21 44
56 12 80
48 2 266
7 58 903
36 23 533
10 25 412
63 63 14
39 63 335
19 42 95
48 58 669
3 49 661
53 58 408
15 7 111
51 33 12
17 32 1291
26 69 60
34 49 28
7 49 67
25 34 1551
56 21 582
5 16 341
61 61 239
14 25 227
36 53 588
2 8 99
30 18 93
44 19 60
19 42 212
44 32 357
67 13 357
66 68 13
6 70 44
44 23 42
67 2 370
17 11 147
12 52 1260
13 58 67
32 63 857
56 16 53
45 51 155
42 43 256
31 3 55
24 70 45
11 2 2538
63 11 191
8 20 139
9 66 2150
19 8 741
45 35 2708
42 61 47
23 15 0
43 66 63
19 70 3370
17 55 907
29 10 391
25 17 166
31 20 19
32 9 249
12 36 46
