70 300
^^^^&|^&^^|^
26 12 755
28 45 2296
5 51 3715
25 33 3577
57 40 3629
7 10 2316
9 33 483
34 29 3150
5 10 3817
5 52 2452
19 43 3908
54 59 3809
9 27 3900
48 59 1342
12 10 518
7 34 3800
44 55 1620
32 42 2646
9 15 2476
31 23 1187
5 65 1572
31 55 519
36 59 796
38 29 887
30 7 536
20 54 2511
54 52 155
1 19 3896
60 28 927
27 70 2030
42 42 2077
45 28 1235
39 4 650
2 31 4033
33 58 2217
7 46 3115
16 53 728
6 50 3494
2 38 739
37 7 1240
54 70 1539
49 54 3149
41 62 3764
25 28 2613
19 65 1442
18 15 3293
23 64 577
32 48 1252
34 48 4029
58 42 219
69 44 235
60 43 449
66 44 713
32 30 2359
52 18 2921
64 29 2348
20 64 3275
65 60 1853
12 13 71
52 41 520
34 60 3879
46 44 2066
69 5 2811
55 46 1730
13 24 2922
70 59 3573
6 51 2008
12 64 3351
15 38 725
66 26 3308
5 17 1649
19 57 1876
12 35 1437
66 26 3317
19 16 3781
51 51 3255
62 67 1681
13 35 3773
56 59 2835
3 24 440
70 21 454
18 3 3365
3 44 1815
17 34 439
51 21 1756
17 56 3868
13 34 1632
63 1 3280
15 59 1810
45 9 2347
61 63 685
32 16 1225
1 36 3718
19 13 2123
13 20 3026
13 13 879
43 28 559
21 70 2538
62 25 355
69 45 3492
26 6 3690
42 9 2562
55 38 3783
30 27 1128
68 3 706
8 69 1818
50 22 3390
50 21 2757
51 70 3934
69 61 2335
24 41 87
14 66 4010
33 45 3486
29 23 2664
3 61 2225
44 34 1807
21 35 1974
19 26 3208
1 9 1096
32 66 2012
53 31 736
24 63 2320
8 8 1122
57 68 3938
69 63 3304
13 13 3211
29 16 1361
64 40 288
70 25 2555
43 32 289
65 55 3108
42 12 4056
34 44 74
12 59 2417
44 51 2212
39 45 1060
68 41 2963
7 41 945
24 50 1358
35 7 3913
48 30 2223
38 34 3261
41 49 2187
47 22 1191
47 26 3266
31 68 3143
1 45 834
64 7 1172
12 20 2730
45 27 1942
3 43 3652
7 12 3545
43 65 2512
24 5 3321
47 59 3500
25 33 1291
6 57 2420
53 33 1650
23 33 533
30 26 2860
46 8 907
42 51 1616
47 64 3769
21 2 3993
46 63 939
3 20 1378
67 44 1568
32 26 3857
18 59 1488
45 25 2546
68 46 40
31 21 496
1 15 1430
33 34 1692
50 38 2230
20 27 3094
27 41 1981
38 59 826
40 27 2926
57 19 2110
14 70 339
22 18 1827
44 31 3355
44 6 2205
30 45 1871
9 29 1468
2 44 2306
38 20 3829
62 6 1043
1 11 973
45 30 1721
1 14 868
53 32 1460
68 38 3363
16 60 2977
36 46 3182
53 58 1156
45 9 1295
31 46 2302
68 57 1648
37 32 2094
43 35 1464
11 70 752
50 66 2824
42 14 1339
47 66 1594
39 2 2949
28 50 2295
30 13 2559
59 39 1384
49 4 3894
20 36 2666
28 39 67
49 49 901
2 22 1812
48 26 2239
39 35 3452
46 4 4093
35 22 756
26 22 1603
9 32 1116
46 44 1139
7 62 2968
38 51 1284
10 30 4081
67 64 1768
19 11 2143
34 50 1217
58 6 1831
18 37 2033
15 64 1344
30 6 379
62 15 969
67 19 2079
62 51 1581
54 70 2485
10 61 318
16 61 2081
61 45 2146
7 63 2008
18 55 1537
3 3 675
11 4 1664
17 60 4008
59 30 3129
6 32 2407
45 44 417
8 5 2486
4 11 1554
15 10 1265
51 44 3831
69 19 4073
43 57 349
29 35 2711
42 45 3180
30 36 2722
59 24 1544
16 70 126
34 9 1235
37 17 1730
30 52 1787
39 11 2382
52 63 505
25 4 2028
14 42 682
35 32 922
15 49 955
47 60 1699
2 36 1943
32 39 2095
67 25 3986
14 15 1265
51 54 3014
54 68 3931
10 61 1569
40 69 3111
38 41 288
1 11 2270
52 59 1860
56 70 3219
57 23 3376
18 45 1015
20 48 2973
36 70 4050
37 66 2143
16 70 3913
59 23 3012
38 48 1012
49 48 2921
55 23 469
12 59 3812
2 52 3979
29 42 2692
47 46 1437
63 23 2956
4 60 1680
2 39 2217
23 20 2642
44 15 3576
43 19 3728
