70 300
|^^^^^^&&&^&
9 35 1024
21 11 164
29 21 32
31 36 40
45 69 0
23 25 12
54 66 140
45 68 1028
51 64 128
31 1 4
13 66 40
8 31 4
63 34 132
22 64 4
10 54 0
19 50 12
2 53 8
51 23 0
34 68 0
62 18 32
26 69 0
51 34 0
8 38 0
8 2 132
49 38 12
26 15 0
12 59 0
46 61 0
29 8 8
67 59 0
22 67 4
70 36 36
17 32 40
3 1 1160
43 7 4
61 5 12
48 47 4
52 11 128
57 3 4
9 50 160
20 1 12
6 8 0
26 45 0
2 20 0
13 40 0
21 9 32
58 53 0
60 52 12
62 24 0
28 18 12
57 70 0
48 64 12
3 26 0
3 33 1068
56 40 0
55 59 128
34 13 4
47 24 0
2 48 0
28 21 132
30 19 0
8 10 4
58 43 0
14 59 136
43 26 36
33 10 0
53 19 0
46 70 0
47 24 1024
34 37 132
68 1 0
20 21 1036
61 26 172
19 26 160
48 65 164
59 5 36
67 57 44
28 29 8
43 70 4
6 52 8
32 34 4
18 67 0
26 29 164
54 24 136
41 25 160
45 17 12
37 50 164
12 54 140
43 58 44
9 26 140
58 34 172
42 1 12
15 21 4
29 27 8
56 41 168
52 42 0
66 60 12
59 68 160
28 17 0
1 69 0
3 48 0
50 50 8
41 32 0
40 13 0
30 65 36
56 64 0
50 29 0
54 54 164
28 7 12
34 38 128
28 37 0
44 12 140
17 59 32
3 61 0
34 10 1184
10 51 0
2 54 1160
57 44 132
53 46 0
56 9 172
18 31 0
42 50 0
16 68 0
47 14 8
13 70 8
50 33 36
32 65 8
66 28 0
68 26 40
37 33 8
16 52 32
48 17 32
40 69 36
28 17 0
14 11 0
4 33 12
42 24 32
24 39 4
49 5 8
27 15 36
7 37 4
35 69 32
6 16 8
11 67 136
58 36 1028
55 4 0
38 30 0
8 36 0
8 53 0
5 20 36
62 5 128
2 60 32
34 36 0
66 67 36
41 9 4
21 47 12
67 5 4
7 32 164
2 5 0
51 16 136
30 51 0
7 20 0
8 40 0
17 46 4
27 14 0
39 43 0
36 58 12
23 18 40
30 40 132
13 58 0
32 40 0
15 9 172
20 66 0
59 69 0
29 30 160
70 3 0
29 41 44
39 3 1056
12 21 1164
37 15 40
52 27 128
46 9 4
66 20 1024
39 11 132
57 45 1192
47 63 0
36 57 40
34 27 0
20 32 0
40 41 4
23 49 140
59 37 12
2 7 8
48 69 168
51 48 36
26 39 12
65 25 1196
8 13 44
33 69 128
52 67 0
5 16 36
13 49 0
60 55 0
66 11 4
40 7 8
26 38 172
56 50 0
31 22 0
6 37 4
33 56 40
50 43 12
62 28 0
34 66 44
41 16 0
57 38 32
46 36 0
49 46 12
66 28 0
10 42 0
35 11 4
61 6 136
26 15 0
35 1 1196
28 59 0
51 19 4
62 48 36
29 25 140
67 25 8
30 20 36
63 22 140
58 37 8
17 29 0
39 28 0
35 36 132
20 16 8
12 70 0
61 55 32
35 4 32
10 17 128
34 16 4
1 37 4
48 40 8
53 51 4
34 63 128
21 39 4
9 5 140
13 54 8
19 17 44
35 45 0
29 38 160
35 15 168
2 32 36
63 30 8
1 47 44
14 36 12
5 14 168
35 16 0
35 1 0
70 5 1036
17 63 4
47 33 0
21 33 36
41 66 0
9 15 8
13 9 12
64 33 8
68 29 4
2 31 0
61 65 4
9 6 4
48 46 160
52 7 0
3 61 40
26 12 0
24 5 160
33 33 132
52 10 0
70 6 8
20 11 44
44 57 172
47 26 160
5 34 1032
27 28 12
34 37 40
12 49 0
59 60 0
49 50 36
46 41 8
55 39 12
30 8 0
26 29 140
52 10 4
28 9 4
38 59 8
39 65 168
46 38 4
27 70 8
35 41 4
64 41 36
7 28 1032
