70 300
|^^|&^^|^&^^
43 65 16
48 6 272
35 15 0
58 65 17
62 10 273
38 35 1
24 56 17
7 43 0
45 34 16
24 45 16
20 61 0
58 64 257
52 21 17
42 6 16
67 55 1
37 60 17
37 6 0
14 66 256
49 43 17
39 4 17
56 18 1
16 3 0
52 60 17
23 65 272
26 60 273
2 52 0
23 49 17
19 68 257
47 22 1
51 3 1
4 41 1
27 57 1
40 22 0
66 42 0
23 69 257
35 13 257
42 31 0
6 67 17
33 9 1
56 46 273
2 14 16
27 55 273
48 25 273
38 11 16
48 68 17
29 20 273
13 47 17
34 70 0
24 63 1
69 64 0
5 36 0
28 70 16
38 41 1
14 64 273
3 2 272
21 3 17
34 49 16
38 31 1
46 3 272
52 30 0
51 12 1
31 41 1
40 24 1
70 39 1
51 11 272
58 40 16
16 69 0
48 2 17
10 3 1
43 59 257
36 28 272
12 48 257
62 42 273
35 24 17
39 65 1
34 9 273
28 27 256
62 39 16
60 7 0
62 56 273
7 66 16
67 44 17
19 17 17
53 8 1
66 15 272
14 6 256
30 33 17
2 68 17
64 24 0
8 60 257
6 62 17
41 38 16
17 5 17
43 29 256
47 65 16
24 67 1
40 22 273
6 63 256
6 62 257
44 3 16
29 35 17
29 18 17
48 26 273
1 36 16
22 66 272
32 24 272
61 47 272
69 61 273
68 27 272
34 67 272
1 30 16
22 15 256
39 25 273
37 64 16
38 48 1
49 44 1
40 51 256
58 46 1
27 18 1
13 66 257
50 8 1
13 42 1
52 58 17
37 36 273
8 60 16
49 46 1
50 64 16
41 30 17
36 44 0
52 27 1
9 37 17
30 39 273
63 47 256
47 5 0
19 59 0
47 47 1
52 8 1
5 43 16
5 3 17
32 30 16
2 16 16
65 40 273
40 70 272
30 23 272
63 35 0
1 24 273
57 34 16
2 36 16
10 19 273
37 48 272
45 7 16
7 27 273
12 68 17
42 25 256
49 21 17
62 32 0
64 57 0
31 66 272
50 65 0
12 16 0
57 58 1
68 16 257
49 26 17
50 69 273
56 22 1
63 35 1
48 1 16
47 46 1
25 50 0
23 43 273
27 46 0
19 42 1
41 37 1
59 12 1
22 30 16
38 60 1
23 48 17
16 54 17
30 62 17
38 44 0
20 23 0
41 57 1
6 12 256
47 62 256
32 15 17
31 39 16
43 44 17
53 15 0
53 52 17
4 28 257
3 49 1
24 68 0
31 10 16
35 37 16
40 47 0
9 27 16
68 21 0
57 1 1
19 41 257
13 32 17
33 39 1
2 22 17
61 28 16
40 54 0
63 64 0
62 62 1
26 14 17
46 54 256
19 12 0
33 9 17
31 41 17
14 45 0
31 29 1
10 69 17
40 23 17
43 43 0
39 19 273
58 4 16
37 7 256
50 35 1
25 16 272
70 18 0
62 17 0
39 64 273
34 49 257
70 66 0
58 55 256
63 23 257
17 43 1
58 3 256
35 30 256
32 7 17
57 69 0
59 64 17
61 67 17
20 33 272
64 45 16
12 9 273
22 68 1
50 27 17
10 46 17
3 57 1
58 12 273
39 1 273
5 48 16
57 55 17
60 45 17
26 5 0
45 31 0
3 30 0
36 46 272
26 66 16
24 37 273
56 24 257
46 12 16
8 34 16
36 63 257
25 33 17
24 49 17
8 43 17
43 23 273
25 50 273
31 25 16
12 36 1
17 58 17
34 40 0
25 28 16
24 50 1
62 13 1
14 45 16
38 38 272
44 4 272
14 35 16
3 51 16
45 12 273
55 31 272
2 7 257
17 66 1
28 31 1
23 28 257
67 26 16
48 55 0
30 59 256
41 31 16
36 55 257
30 37 1
40 66 1
30 53 272
30 54 1
36 24 256
55 26 16
70 33 272
39 3 0
15 46 1
46 49 16
30 62 257
39 26 16
20 65 0
11 5 16
23 17 16
