70 500
&&&&&&&&&&&&
59 35 1190
19 22 947
20 34 1135
55 47 2788
6 18 3576
6 50 1558
62 58 2183
69 31 2215
28 38 360
27 17 3532
38 66 2725
17 14 3209
47 34 1592
48 49 1305
63 68 3854
67 45 3856
1 58 3976
3 5 817
33 47 819
51 69 153
5 10 1249
35 34 1559
16 27 500
58 40 1122
67 6 103
31 51 485
27 48 2939
41 41 915
70 3 1791
41 49 714
67 30 3141
40 56 2254
18 37 903
26 70 3083
27 65 45
26 24 3081
44 46 2466
33 66 1784
5 68 1690
48 35 2686
37 58 983
15 39 746
29 55 3053
14 39 1816
31 50 2442
24 6 507
24 69 1573
57 47 3197
54 46 136
12 57 2441
1 27 150
50 70 576
61 35 1575
7 57 712
8 10 2154
19 55 1858
4 59 2359
6 41 3403
67 3 2052
62 45 2857
3 19 705
27 42 226
31 48 2085
35 28 365
20 33 3185
7 24 3779
30 53 703
4 44 2983
56 36 471
49 52 790
18 43 2160
22 1 2159
36 52 3777
58 10 952
58 55 3482
66 58 1152
17 4 3693
29 57 215
6 29 3007
3 26 760
39 49 1025
49 16 844
12 47 3024
13 2 3260
38 64 988
39 24 146
47 54 89
29 20 843
42 48 2522
46 16 3971
36 1 24
27 46 274
51 44 946
21 59 319
57 19 91
4 50 1395
24 56 228
67 14 392
61 63 1402
55 67 3905
59 27 1074
16 67 573
53 30 1454
30 11 1722
19 69 3287
35 5 3745
20 59 2057
60 2 3603
9 42 980
57 35 1284
17 34 1087
2 6 646
63 31 1145
32 18 726
40 35 2900
22 29 1951
21 50 2315
42 55 3566
7 63 2245
22 10 1154
20 21 2111
68 34 1930
43 30 2206
44 23 64
2 25 1057
22 47 1802
65 26 2055
60 64 2818
49 46 3173
26 53 87
10 6 2341
16 34 3842
18 4 62
34 40 1615
47 12 3834
25 36 2408
17 13 3377
40 12 2552
26 12 219
59 32 3590
6 14 1550
41 49 3960
53 15 1992
64 41 954
5 9 1345
62 55 1648
25 9 2035
6 34 2991
3 50 4012
68 33 1943
57 27 2278
17 13 3653
2 46 427
69 51 1410
70 4 3554
49 17 641
64 5 952
68 7 3300
46 17 3878
32 62 2325
10 45 1058
23 31 1528
54 19 1800
39 1 1403
70 6 1902
68 39 2497
27 37 753
21 62 2066
1 58 3780
5 54 3270
4 66 3453
44 50 1978
30 66 1574
2 47 753
59 33 194
3 9 1738
33 59 822
2 5 1671
64 62 262
31 13 3103
46 33 3560
16 21 483
6 34 2182
16 37 3692
25 46 478
9 67 1242
55 70 3434
14 56 1505
34 24 1888
67 40 3289
45 25 1429
19 55 3062
51 25 3961
7 50 508
56 53 1824
63 64 3318
55 46 1580
30 57 830
9 65 632
14 50 1554
21 29 2915
38 22 1173
11 16 3075
10 19 3200
59 54 1858
21 31 2603
28 63 2912
30 53 3035
27 3 2897
7 44 1671
32 11 4060
5 55 3842
19 3 2330
2 36 2149
12 37 1566
46 8 4028
14 1 1817
24 28 2782
23 59 278
67 28 2344
57 16 3437
19 65 938
37 45 1518
63 4 310
53 67 3550
59 59 126
42 65 1574
55 20 1655
16 17 3478
5 58 2739
35 40 1446
32 50 3875
43 24 4077
34 27 1811
26 10 93
27 22 3659
37 70 951
48 49 3605
57 55 1258
31 10 1715
32 61 4000
60 61 1845
7 69 572
56 19 2932
9 53 3548
37 53 1748
49 21 3445
5 59 571
28 12 1639
6 14 285
3 11 2504
4 56 687
56 14 1682
65 51 1437
66 1 2635
41 26 1295
6 1 2662
49 63 2264
15 70 2707
41 46 3095
22 24 2486
46 47 35
25 31 2375
39 46 1772
46 10 129
67 23 1781
35 20 2975
65 8 1596
48 52 1198
64 58 874
12 54 2977
43 8 1999
4 15 261
31 64 2522
22 59 2312
39 19 2771
65 54 3513
19 17 522
65 52 2124
52 3 3884
55 30 3183
59 23 2110
38 46 3619
29 54 626
65 68 1214
70 64 2814
16 16 1616
69 66 1259
21 16 2012
43 66 3023
47 11 109
62 52 2804
63 49 420
54 52 2019
3 26 1155
63 31 2728
47 26 2246
4 33 3647
18 47 3209
56 56 817
3 61 1160
28 32 1431
8 34 1435
48 10 3940
43 5 356
23 49 3128
37 37 1217
34 20 259
44 63 326
47 42 4066
48 14 48
30 30 3674
13 45 3129
3 16 3507
25 29 645
9 59 2925
20 22 3193
46 49 3827
38 48 3207
3 8 2898
22 9 760
67 53 2164
50 44 3851
57 34 791
14 33 387
23 53 769
70 32 1184
14 1 2057
52 27 59
1 62 2736
21 25 2787
65 9 2628
62 1 2070
51 39 624
56 40 2105
14 67 561
55 4 2258
30 12 3634
18 38 2045
23 36 3566
54 49 497
70 68 3092
32 67 3031
5 59 899
56 26 839
2 38 3879
60 32 2085
34 65 4064
14 1 128
66 57 3572
31 17 2940
47 23 3566
25 1 3898
49 63 2269
53 56 198
52 6 999
8 12 2596
37 54 2085
52 61 3833
45 52 1132
4 50 4040
36 29 2482
12 6 4037
68 47 3478
9 41 1465
29 55 124
67 70 1972
63 21 274
55 59 2475
35 42 3156
48 63 650
7 26 3579
50 14 314
3 21 4021
54 38 3539
65 45 2670
67 58 204
32 4 2428
11 32 3074
19 29 1710
48 28 3651
31 44 1423
35 58 2899
39 40 3199
20 21 3807
6 44 4034
59 39 3176
53 62 2923
67 2 1262
69 44 653
13 54 634
23 37 3887
65 13 1000
48 29 1980
60 54 821
37 11 670
52 70 3372
58 39 1284
2 25 777
3 22 3859
28 25 1750
40 50 777
50 12 42
69 51 2352
59 14 3112
9 7 3386
22 59 294
9 14 200
10 3 2911
45 29 2826
69 2 71
32 30 4080
47 36 2386
7 69 2510
25 3 561
18 10 2032
26 21 3019
10 63 2390
28 32 1292
67 46 3754
31 20 352
29 29 2332
1 23 3907
49 5 1610
53 35 3072
36 56 165
20 17 814
25 52 2018
21 51 3407
51 22 2712
15 56 2694
17 49 3712
11 30 1371
58 15 1234
64 26 1752
5 50 604
27 14 1095
26 1 946
68 8 2016
17 32 1165
63 52 170
5 39 2404
40 65 3307
36 70 3218
58 41 3627
1 50 3545
26 25 890
65 11 1955
65 50 1340
19 61 722
61 56 702
59 32 2122
12 62 1570
5 9 1449
24 35 2354
49 17 1297
42 2 287
1 69 945
11 3 1503
17 69 3573
1 10 3107
68 67 3857
46 27 3637
11 31 1706
38 41 2024
42 30 898
5 44 2986
36 37 4078
57 27 2625
46 37 680
38 48 3199
28 25 2955
67 5 1657
54 67 650
15 61 2006
1 7 30
1 58 2280
52 9 86
32 63 1996
17 50 3902
33 17 1761
26 49 3477
1 24 2793
24 62 153
27 68 2634
61 29 2549
59 8 3859
16 61 1428
26 13 598
40 40 721
47 14 932
60 44 2950
15 53 1423
51 70 3996
5 19 1170
54 49 1008
48 60 54
5 5 381
1 15 3735
42 23 283
