70 500
&&&&&&&&&&&&
14 43 17
28 21 17
19 57 1
46 43 1
11 40 1
41 16 16
50 44 1
2 19 129
34 30 1
64 45 1
12 63 1
23 50 1
59 63 16
66 60 128
31 59 1
13 67 1
70 48 400
44 11 0
5 53 1
64 27 257
18 8 17
17 3 1
29 50 0
23 50 0
15 57 144
44 45 1
21 67 401
70 33 0
28 41 17
51 21 401
60 4 0
26 59 17
4 69 0
42 70 1
25 69 0
37 35 0
20 49 0
40 45 1
54 22 384
14 37 0
61 63 257
42 67 1
48 45 0
12 5 0
16 49 0
34 41 400
20 28 272
13 20 0
11 21 1
51 70 401
31 8 385
70 12 1
15 25 273
14 51 256
60 49 0
41 30 17
9 2 0
31 56 0
22 10 144
58 20 1
28 34 0
19 21 1
11 53 1
53 11 129
21 45 0
25 65 1
56 50 1
69 3 0
19 37 257
70 13 17
13 36 128
66 10 257
13 43 1
36 12 128
19 12 129
30 61 16
18 33 16
62 66 1
41 42 0
32 68 0
36 69 401
69 28 0
65 37 1
18 34 1
20 4 0
46 21 1
68 49 1
19 46 1
69 11 16
35 68 1
56 11 0
56 58 129
8 68 16
15 12 0
37 11 401
27 12 17
18 45 1
67 56 16
44 23 1
37 63 1
32 53 0
4 57 17
59 2 17
43 54 16
58 18 400
35 64 16
21 32 0
38 34 257
32 14 1
22 13 1
30 36 385
54 15 0
41 48 144
3 63 145
35 57 1
27 56 257
64 10 257
28 53 400
50 41 1
61 33 129
29 40 273
11 8 1
14 16 0
9 15 16
8 9 1
4 9 0
14 3 400
38 26 385
39 30 401
9 55 1
16 52 0
41 41 144
41 3 1
38 41 0
60 7 384
11 17 0
44 2 0
36 67 1
60 52 1
5 5 129
18 67 0
7 21 17
33 60 0
43 51 401
10 4 1
11 59 0
34 13 385
49 5 400
28 30 0
11 26 1
57 32 0
66 28 1
60 18 401
8 47 1
21 69 0
10 11 0
34 54 1
28 62 0
58 8 1
39 3 0
38 64 1
30 29 256
7 43 1
10 66 272
65 46 1
49 47 16
4 45 17
58 7 1
34 32 16
9 52 0
25 43 1
26 54 1
51 70 0
3 46 16
15 30 1
28 18 1
22 56 17
32 61 273
2 6 401
54 2 1
58 70 0
62 63 145
17 15 16
9 32 16
34 20 145
57 27 0
42 12 0
21 35 0
5 6 0
52 15 1
55 68 1
6 4 401
28 49 401
7 18 1
11 19 128
24 39 257
56 8 1
53 6 1
59 24 17
29 57 1
26 62 400
59 51 16
65 54 385
45 37 1
7 23 1
63 63 1
19 10 17
22 26 1
19 15 0
54 1 1
63 2 145
11 26 1
35 57 16
55 46 1
43 49 0
57 9 1
46 62 1
39 39 1
29 35 0
48 47 257
19 27 0
10 3 1
5 21 17
17 65 145
11 55 17
65 44 1
54 16 0
27 37 17
68 43 128
15 14 128
64 62 1
20 12 0
3 55 0
10 7 1
62 8 0
18 31 145
51 40 273
1 35 0
36 44 16
53 3 0
4 9 0
49 28 17
22 47 16
27 63 400
48 26 1
43 17 0
68 48 128
11 40 1
53 12 0
14 51 257
47 19 17
35 49 0
45 38 17
62 51 1
58 34 0
31 10 273
3 45 17
48 21 0
66 46 17
52 37 1
58 37 0
8 49 17
12 18 1
56 33 1
61 70 0
60 8 0
47 22 384
47 25 1
66 7 144
16 5 1
62 29 16
13 47 17
12 65 1
62 50 17
53 13 1
43 16 145
70 55 1
23 9 1
7 26 0
6 69 1
33 23 0
6 47 0
48 40 17
45 19 0
2 36 144
65 67 1
28 25 16
42 60 128
23 54 1
12 36 1
25 44 145
26 9 273
12 4 384
30 61 0
38 60 385
48 57 0
38 65 145
36 45 0
66 28 0
27 49 400
27 35 0
22 18 0
69 31 256
34 32 401
33 51 1
67 8 0
8 3 145
56 61 1
65 59 0
52 15 1
14 17 1
34 27 128
11 58 0
20 53 0
63 52 1
52 32 1
63 23 273
58 42 0
43 56 384
55 16 17
56 70 1
30 61 17
64 54 129
57 48 16
27 11 273
65 45 0
69 43 1
25 26 1
4 21 1
65 3 17
64 14 400
2 54 385
34 59 16
60 5 16
21 10 400
58 58 0
44 56 257
39 36 272
30 10 144
17 16 0
18 58 0
14 70 16
69 70 384
18 67 17
30 19 129
46 36 257
41 8 144
55 68 16
67 49 0
39 51 16
11 54 0
7 16 400
48 68 16
23 39 1
9 5 0
64 68 0
67 24 144
44 12 0
61 38 0
58 1 0
60 61 16
20 14 1
5 53 16
67 41 256
52 14 273
12 61 1
20 51 384
26 28 0
68 64 1
67 9 1
55 57 144
9 35 0
64 20 1
52 30 17
63 17 16
46 13 0
25 53 1
59 18 144
66 45 16
53 32 145
51 53 0
15 9 16
31 30 16
48 21 1
59 59 1
46 6 17
6 62 272
43 42 17
13 33 17
64 14 17
53 58 129
68 47 1
62 18 0
61 50 16
29 57 1
29 70 1
70 20 16
49 34 0
45 49 16
26 30 0
56 31 401
19 1 273
45 58 16
31 67 0
61 46 17
52 18 16
61 62 0
26 66 16
49 54 0
42 2 0
24 52 17
17 20 1
37 18 1
8 18 16
24 48 16
34 1 0
14 52 1
66 67 17
9 13 0
28 61 1
44 32 0
47 58 0
60 37 0
9 42 0
2 52 1
40 59 384
16 49 128
13 21 1
19 45 1
19 11 129
59 63 0
69 47 257
30 54 1
6 26 0
12 41 273
32 25 145
37 42 0
57 68 17
63 15 1
53 2 272
58 64 0
61 61 0
33 49 17
25 15 256
45 13 0
24 64 1
60 33 272
25 22 17
62 70 0
28 52 17
51 62 0
44 46 17
39 31 0
23 57 0
46 26 384
59 46 0
51 57 144
6 7 400
45 2 16
34 6 1
13 35 16
47 7 0
4 46 0
29 67 0
65 31 1
24 16 0
4 41 1
69 6 1
47 50 0
16 70 16
28 8 1
1 10 0
4 18 129
12 9 385
43 4 401
63 28 16
5 56 17
7 38 0
2 37 1
10 9 1
39 70 16
15 28 257
13 25 16
38 47 0
54 32 385
41 4 17
10 40 0
33 60 257
37 40 1
34 36 17
63 10 17
68 1 17
66 16 1
39 18 1
24 26 0
60 6 17
49 51 1
11 35 0
34 32 0
55 21 384
