70 500
&&&&&&&&&&&&
34 60 308
22 69 56
24 46 34
15 46 959
44 14 215
47 36 3157
36 35 49
10 6 157
61 17 143
23 22 889
22 67 121
9 49 13
55 64 77
59 50 40
27 54 577
12 42 24
38 61 949
15 58 1074
24 25 753
30 50 1213
65 54 401
41 21 1363
66 32 442
67 21 1740
21 9 632
62 25 21
30 36 247
63 14 290
46 56 2247
37 21 99
7 29 20
68 6 101
29 23 2650
18 69 113
44 16 1350
15 66 503
20 56 27
30 6 78
31 2 44
47 16 2735
68 32 35
64 7 1805
14 26 9
26 56 38
35 48 165
64 44 22
13 62 83
53 33 1961
70 30 315
70 14 60
38 6 929
16 29 327
63 32 3242
65 28 52
18 62 1495
9 35 49
38 39 258
60 7 4
58 43 6
10 56 244
60 39 2175
21 39 689
47 16 3851
40 53 250
15 63 1426
38 4 219
63 60 15
7 45 457
29 7 164
5 31 224
51 5 835
8 36 1647
11 47 713
63 28 497
8 21 3271
56 20 424
13 53 290
39 40 805
13 31 950
49 11 92
18 1 878
69 12 55
43 17 55
70 31 160
57 34 223
25 57 1167
8 8 58
52 62 126
54 45 917
68 51 138
69 17 18
27 64 82
61 42 463
26 65 2006
40 19 166
47 41 1028
56 35 56
23 60 41
28 22 189
63 4 28
7 39 30
14 66 492
46 52 713
12 1 2114
36 21 9
18 47 869
22 15 3221
13 64 3151
64 13 68
33 5 489
6 59 3321
22 57 1654
3 4 9
69 27 2576
67 29 214
32 38 447
50 60 1100
49 5 356
39 1 42
62 54 257
40 59 7
32 2 621
66 3 3393
57 41 53
68 70 41
41 17 471
49 33 1186
53 39 500
8 6 1694
2 48 172
40 16 88
60 36 1616
12 54 195
15 14 101
64 53 83
6 26 506
20 2 90
3 23 10
29 66 729
57 64 226
70 18 447
48 3 77
7 49 1921
61 10 3613
47 10 789
16 25 66
32 65 3868
19 21 22
49 52 826
68 1 721
66 19 58
54 28 28
51 33 757
20 3 1265
30 60 1655
66 1 115
16 22 461
56 18 1854
8 59 2595
49 67 1188
53 66 1699
34 34 486
67 39 232
35 1 1003
62 15 10
59 69 191
37 44 14
70 35 435
68 11 1965
18 59 35
4 70 1557
66 11 130
20 28 515
1 18 175
14 7 434
4 70 1857
53 34 1008
28 17 23
60 25 49
45 21 927
58 70 82
10 43 2076
56 51 92
67 24 72
31 53 317
56 37 437
24 52 40
64 67 1053
25 66 50
3 34 12
52 70 127
62 35 266
30 51 6
44 18 356
7 19 1917
14 62 164
68 5 1120
37 31 121
25 21 116
20 12 626
39 10 30
8 24 83
20 35 126
66 21 610
46 40 73
18 5 64
9 21 4053
39 30 1010
30 35 78
25 14 101
12 40 699
2 9 0
32 57 7
7 43 1188
12 17 105
25 66 344
5 5 628
65 56 5
55 40 309
40 20 548
18 15 241
50 66 183
55 68 162
58 32 35
19 27 9
5 12 3929
32 53 150
27 34 556
61 48 796
57 8 1452
3 50 150
30 4 435
19 26 158
48 39 44
61 65 1601
59 43 40
33 43 8
20 55 247
9 15 26
41 59 1512
19 45 502
1 24 194
14 44 64
65 66 37
34 48 235
46 25 54
47 68 25
47 24 207
10 70 26
22 63 148
11 23 582
13 42 2111
35 69 377
64 26 232
15 20 30
44 21 46
6 68 9
22 28 507
64 6 4
24 3 1716
58 37 1528
24 60 9
24 63 973
68 68 165
15 6 323
47 30 65
31 70 26
38 58 23
50 1 849
54 44 14
7 36 1277
60 34 227
62 28 22
46 30 360
64 28 743
56 3 125
69 12 33
64 44 51
61 22 1293
29 31 469
51 20 23
67 24 3032
70 21 206
55 5 76
67 42 7
25 43 1224
44 58 17
12 21 26
31 45 195
5 55 499
38 32 204
2 44 815
53 41 68
59 35 712
49 5 3121
66 45 39
68 52 1110
47 65 57
47 46 159
66 65 337
45 23 6
30 57 1338
63 20 12
58 65 35
22 65 409
16 61 8
48 6 0
24 43 450
41 17 30
39 8 43
49 2 1797
22 31 147
12 6 288
39 9 203
48 25 291
28 32 1259
29 30 207
45 8 892
8 39 4
6 22 1487
56 37 1711
37 67 80
47 4 2751
2 66 142
6 70 3464
17 41 10
46 6 12
39 58 3
13 63 69
60 70 588
8 5 443
57 50 430
14 42 367
35 24 1692
19 58 111
18 15 3257
26 31 7
26 69 17
68 40 80
67 52 880
51 67 149
21 49 1024
49 13 22
64 66 394
7 46 817
35 23 76
16 28 3545
64 47 3464
15 27 3574
46 14 2987
38 21 46
25 43 51
24 50 1632
32 23 3637
1 60 369
27 43 2056
61 9 38
42 29 220
54 61 222
55 19 111
69 26 3782
13 40 95
58 13 3
12 64 1155
1 66 1886
3 70 45
6 33 101
27 10 4095
70 63 21
65 22 41
15 9 244
18 19 73
7 30 11
51 64 646
27 37 1362
40 43 36
30 59 1198
18 57 549
47 54 291
37 45 91
26 44 0
63 21 1117
12 17 624
5 59 557
14 3 508
43 6 62
69 14 1527
10 38 427
69 55 245
59 53 19
33 28 5
12 35 54
65 67 65
45 58 584
39 37 1916
35 43 152
6 40 154
57 65 2402
23 66 875
57 64 40
7 23 56
4 20 62
23 50 43
19 10 295
69 60 370
62 38 3364
8 18 448
3 29 38
54 8 427
6 23 66
43 27 114
17 25 540
3 10 345
62 36 645
21 59 2731
47 48 447
23 18 16
13 9 44
51 57 583
17 36 43
65 2 94
21 11 78
11 2 3
35 41 43
45 40 608
39 42 3511
5 53 1811
29 7 48
55 57 66
57 53 143
4 45 303
60 61 309
18 29 122
13 20 3488
27 17 1767
23 57 49
4 26 27
47 20 100
32 53 24
9 7 500
66 6 413
15 35 240
16 41 190
17 64 2883
41 70 116
59 30 22
38 65 29
19 18 2181
20 24 76
42 56 31
64 16 1674
47 42 946
39 62 37
63 1 186
67 2 2480
35 60 121
62 50 155
8 3 59
51 48 816
12 14 1709
1 5 25
9 69 763
24 34 79
59 49 421
58 39 27
5 50 104
44 12 1144
59 28 437
6 40 856
52 14 7
40 8 199
58 41 632
66 29 22
7 35 41
51 27 63
3 58 1408
57 15 877
6 58 2110
11 62 2
7 44 6
62 67 54
42 55 86
18 69 87
29 2 125
33 29 96
8 20 34
25 62 146
46 3 368
33 60 94
52 61 43
57 70 266
44 7 1800
38 7 63
39 20 3812
9 67 877
8 57 197
23 35 961
58 11 25
47 52 2786
41 25 169
