70 100
||||||||||||
20 42 235
69 65 841
68 60 8
17 45 2067
64 4 1080
25 41 2664
22 32 359
38 26 3178
37 21 2102
32 10 2938
18 26 387
60 33 3279
18 8 1428
10 34 2278
54 29 768
56 55 3837
63 52 995
54 4 3857
43 17 1627
2 23 125
9 59 1613
37 53 3852
44 26 3720
15 15 268
42 45 3503
67 9 3533
45 38 528
58 4 3900
48 46 73
31 28 3769
38 15 4035
3 4 3360
3 26 265
38 56 2293
22 43 2125
45 60 127
58 38 875
50 49 1594
8 24 1007
12 20 384
3 37 1728
52 15 1617
56 29 785
17 61 725
28 25 1471
65 6 1011
52 53 3763
4 57 1269
1 32 2427
8 11 447
49 48 972
53 19 274
17 66 1368
6 56 1288
40 63 4013
22 62 3348
33 56 3210
20 8 1180
65 22 417
63 58 3648
65 56 4085
38 17 2402
48 58 1336
37 48 432
56 28 2142
55 5 3963
50 51 2227
17 2 321
12 67 688
33 45 2408
24 22 3277
43 37 404
61 4 423
35 19 89
64 61 1427
34 4 1416
54 58 3385
33 41 153
25 8 2081
70 32 960
65 48 2148
7 34 2752
44 36 2492
24 17 3170
20 4 1691
13 47 3506
33 38 716
34 11 1677
57 66 4050
27 34 1362
25 9 2059
30 65 1986
41 60 3412
7 59 298
39 23 3806
2 39 3484
61 15 1320
40 62 2340
67 60 2938
48 51 1511
