70 500
||||||||||||
25 18 642
35 25 512
65 17 2178
66 13 706
31 61 2754
50 15 2688
68 22 64
50 59 2112
67 62 2
6 20 2688
14 67 2050
24 47 192
55 23 130
45 40 192
39 51 706
1 62 2690
6 66 2624
56 4 642
59 9 512
25 46 64
55 11 2050
19 13 66
16 4 2754
1 61 2560
42 20 2242
15 62 704
61 65 578
67 16 2752
15 13 2688
49 48 2050
35 18 2178
63 35 2688
21 17 642
27 10 2178
6 43 2688
49 27 2752
25 52 512
25 57 706
28 55 2114
29 49 2242
7 56 130
15 37 2240
36 36 0
40 9 642
24 67 194
39 12 2240
67 7 2560
25 22 2178
9 6 704
46 14 576
38 38 704
60 14 2112
23 64 514
30 35 2240
16 5 0
38 22 2240
40 70 2560
16 47 2688
25 56 130
20 9 2176
56 19 2560
10 39 2240
26 29 194
33 29 640
63 47 66
46 57 2178
51 65 706
24 68 0
3 20 2242
10 31 2112
39 70 2690
16 16 130
67 12 2048
44 65 192
36 21 2624
55 65 2560
52 21 2626
36 5 2754
50 23 64
31 6 2114
21 43 2178
47 26 2754
19 43 2560
2 55 64
53 38 2752
41 28 2240
23 20 2690
58 56 2178
60 50 0
47 24 0
16 54 2754
39 58 2240
13 58 2048
56 10 2048
41 43 194
57 47 2562
17 66 194
11 39 66
33 43 2178
27 12 2050
5 19 704
35 39 192
64 38 2560
34 37 2626
4 4 576
5 6 130
64 40 640
1 17 2754
57 35 578
41 18 706
49 60 2624
20 44 2048
9 61 2624
61 31 2626
63 27 578
43 26 642
31 27 2114
67 43 192
46 70 2690
18 48 2114
11 13 130
51 33 64
50 65 2690
37 4 514
31 28 2688
48 36 2560
37 51 642
2 17 194
57 23 2242
40 60 2562
44 1 640
8 13 706
47 56 2624
30 51 512
38 42 642
58 25 576
8 14 2752
35 1 0
15 32 2560
68 33 576
14 23 2690
28 58 706
9 12 130
2 35 66
52 39 576
57 1 512
40 26 66
34 46 2626
65 52 514
51 28 194
20 36 0
8 5 2754
7 22 192
53 11 2240
23 28 2114
8 64 640
26 56 704
10 58 2178
22 54 2752
9 1 2050
9 56 2048
53 16 2624
56 44 512
5 8 640
5 40 192
63 60 2624
5 2 642
19 36 704
19 24 706
37 30 704
58 49 64
66 69 706
4 40 2
23 4 2176
9 11 2752
64 24 2
58 8 512
27 38 640
18 64 640
14 26 2178
27 51 2754
2 36 642
70 41 66
59 50 66
28 42 2050
57 58 578
9 61 66
26 23 642
21 31 2240
40 62 2242
66 56 2560
20 11 512
61 54 0
27 45 2624
20 3 2752
14 61 2
43 13 2114
11 51 192
34 56 642
45 38 130
18 11 128
65 51 66
19 58 194
27 67 2
57 24 2112
44 61 2112
42 52 66
25 16 2752
46 58 130
12 67 704
7 8 194
64 46 2752
31 27 2560
10 18 2688
62 4 2626
68 9 2688
62 19 2178
1 33 2112
51 69 2754
35 21 2048
68 49 192
69 68 642
10 47 514
63 10 2240
40 3 66
55 7 2754
3 30 2560
34 5 640
20 47 0
60 34 2752
68 38 130
53 70 2690
32 70 2690
57 59 640
4 56 192
18 29 2562
26 49 128
53 56 704
52 32 64
53 44 2626
6 38 578
63 3 642
33 56 2048
14 7 0
62 15 2
24 17 2112
49 62 192
64 55 2560
27 48 2114
31 34 576
53 14 578
60 52 2754
61 25 2690
22 32 192
35 26 66
63 59 2
15 66 704
10 31 64
67 13 2754
14 57 130
37 31 514
33 41 2114
53 62 66
66 17 640
33 51 642
29 52 192
54 46 2
50 6 2050
49 36 66
22 64 2050
44 19 2176
36 39 2688
48 52 2114
19 3 2178
60 11 2690
45 54 2560
25 5 2562
55 2 2048
8 43 192
41 42 2114
15 53 2050
55 49 2050
6 34 578
44 44 704
5 65 2754
57 21 706
38 29 706
70 45 194
6 37 2114
60 27 2688
17 42 64
12 28 2112
3 24 2624
64 58 512
23 59 130
39 39 514
1 11 512
15 31 2624
21 13 704
55 5 64
64 50 2
5 59 640
22 22 2690
45 70 2690
40 27 2112
41 39 2626
68 40 0
34 12 2176
20 9 2626
42 38 2176
28 37 578
58 13 2562
50 34 2626
19 23 192
60 68 578
28 7 578
35 65 130
43 37 2624
19 25 128
21 62 130
11 57 2690
24 39 2690
13 51 2754
34 33 2114
41 18 512
8 25 576
50 69 2626
64 20 2240
24 12 2048
46 20 2562
37 19 192
26 60 512
56 54 2050
59 39 66
10 46 642
18 33 2626
57 47 2624
67 60 2690
18 47 2688
59 3 2754
30 38 2752
40 18 128
59 30 642
59 61 2114
6 56 66
7 26 2562
46 70 2752
44 6 2050
35 56 512
59 59 2
2 25 2690
53 67 706
23 24 2626
3 47 2050
1 26 2690
17 46 2624
25 41 578
50 1 642
58 44 706
55 61 2050
5 46 2562
38 36 512
69 5 2562
34 52 2048
27 19 640
69 65 194
30 66 2242
43 27 642
12 52 2112
49 48 2690
37 46 2048
42 22 2754
1 29 2
26 1 2048
27 17 0
30 48 642
54 65 514
28 3 2688
3 10 2178
64 18 514
6 58 192
8 62 2626
68 50 2050
18 35 2114
7 32 2048
70 9 2
37 27 2114
69 69 2048
4 14 704
27 34 640
34 27 576
20 58 2754
24 69 2114
36 39 706
23 40 2626
18 47 2050
48 2 2114
57 31 194
49 2 192
51 32 2176
36 69 130
60 52 2624
31 70 706
30 50 194
38 36 642
17 4 2752
70 34 2624
68 63 2112
40 20 2176
69 65 2050
64 57 2688
33 67 2112
47 13 192
49 26 706
39 39 2176
66 18 512
25 28 578
2 54 2560
57 48 2176
45 20 2050
2 62 704
17 50 704
37 6 642
54 16 2
42 38 2112
53 7 576
33 56 2176
32 27 2754
44 39 2560
29 16 130
2 22 2626
41 18 2112
68 12 2562
29 12 2754
42 54 0
5 68 706
18 52 512
33 67 514
24 28 2624
68 33 128
32 38 2752
43 29 706
68 63 642
33 5 66
57 34 130
59 24 64
39 68 576
47 42 2176
58 26 2560
69 50 2626
25 53 130
42 49 2114
30 31 642
7 14 2688
18 5 514
58 24 2114
47 51 66
32 52 578
28 52 2178
62 60 0
52 15 130
64 36 2562
38 16 2176
57 63 578
2 39 642
12 69 2050
68 20 2624
19 51 576
64 16 706
68 15 64
17 44 0
41 1 2754
64 43 2112
51 49 578
44 60 2626
55 55 2560
21 5 2752
53 41 2562
34 55 2176
64 60 66
2 49 2178
2 51 2624
49 68 0
10 34 2242
16 16 2050
68 13 2242
9 69 194
42 60 2242
56 5 2176
53 61 66
61 63 704
47 13 640
65 16 2752
9 42 2178
52 33 706
31 51 640
69 1 514
32 29 640
31 38 66
9 6 2
