70 500
||||||||||||
14 66 117
1 18 3
67 14 1
14 24 1
11 21 3
51 35 7
38 43 79
5 28 80
5 65 1412
1 7 384
30 51 31
47 12 19
61 24 499
66 6 225
4 48 917
57 37 414
5 24 3945
24 63 1
38 20 46
27 12 3603
63 3 126
22 23 63
35 60 0
68 42 14
24 52 244
52 27 10
33 68 1
60 8 100
56 52 1471
48 37 4
49 44 3
47 35 2
16 1 11
8 26 1
33 46 105
16 69 10
50 26 1166
4 1 47
64 4 3
11 36 0
6 50 9
2 69 25
27 70 44
38 65 864
70 53 683
22 38 1
28 14 2579
19 53 86
35 18 0
21 34 0
11 56 1
66 48 1921
68 37 4013
59 54 1055
25 67 107
57 4 80
38 51 1062
26 21 13
64 28 109
64 20 1
55 37 0
36 38 3
67 6 330
39 9 1975
69 20 2005
63 64 82
21 14 11
11 68 5
55 7 1161
61 59 1
21 61 816
36 44 2230
57 2 29
35 26 1
22 27 644
64 47 9
26 9 3813
22 41 5
9 66 7
63 59 144
36 58 332
7 46 30
17 27 247
50 58 194
34 14 0
64 10 903
24 34 206
3 43 58
11 58 1633
22 21 24
16 70 2
49 59 6
66 18 24
15 68 9
27 13 454
42 7 11
1 61 52
31 13 1
53 1 15
54 7 160
46 45 1
52 15 20
3 41 2
64 16 0
11 29 12
62 63 0
58 30 0
48 65 61
39 19 207
18 61 4
12 46 74
67 26 3
7 37 400
32 68 18
68 4 0
31 30 482
50 50 766
19 54 18
6 51 198
7 21 857
22 65 106
57 64 150
11 59 18
10 32 7
50 52 1470
58 64 0
67 33 1171
50 37 5
60 48 0
8 33 7
9 30 24
55 56 187
65 52 1595
62 16 6
32 54 69
34 25 16
61 63 9
28 15 151
47 63 8
16 46 698
62 14 7
16 61 15
12 55 276
54 1 82
28 9 501
13 38 128
47 49 112
43 12 3
56 56 1
54 27 42
11 14 68
21 67 1163
68 41 486
11 9 25
70 65 25
45 66 1606
17 58 0
48 63 4
57 25 0
67 9 7
45 24 26
29 21 25
37 14 683
44 64 4
36 40 21
1 38 1812
24 10 7
14 43 275
59 29 228
23 43 50
40 28 3
68 9 78
67 68 3
5 28 614
19 33 92
3 2 5
7 40 1
3 32 18
68 48 1
26 7 81
60 52 44
43 16 83
1 43 0
70 23 3405
64 50 60
55 54 6
38 8 189
67 63 788
9 58 3
10 21 1731
28 12 59
39 28 0
8 48 5
49 18 16
64 23 238
41 41 2
64 13 19
65 29 36
54 27 4
60 36 92
4 8 59
34 33 12
2 3 1
7 70 3
58 29 5
6 51 5
61 48 16
46 5 105
6 57 889
17 43 328
30 59 1088
33 8 1
17 59 199
34 57 1
7 14 125
64 48 339
37 63 63
50 3 12
59 62 6
62 65 870
7 32 3038
40 29 806
65 3 6
70 58 10
16 46 6
40 42 0
55 36 210
37 48 4
3 52 96
61 42 751
67 52 97
11 61 2
8 66 3
51 50 383
32 5 185
17 18 2
28 61 1551
50 66 2494
21 1 238
21 65 3
12 36 2
34 14 27
61 55 1
35 10 388
25 5 0
10 54 277
50 43 667
24 32 6
51 36 1853
39 61 38
9 56 0
48 48 1
64 61 462
41 53 39
52 20 3
45 16 18
65 34 129
65 13 31
70 50 2783
16 59 1
42 5 1
65 34 231
31 70 0
51 58 1
46 20 15
39 27 874
35 67 34
52 36 6
50 55 61
50 43 3
61 24 411
38 20 2096
54 48 1
1 52 58
64 35 3
57 63 49
64 68 10
55 27 790
58 65 0
52 60 842
42 37 5
17 45 476
14 1 2960
53 60 50
25 45 114
26 7 1
44 7 10
38 37 22
66 70 6
30 12 983
47 6 1
20 52 13
40 35 6
22 41 91
67 18 1
3 23 100
2 42 26
9 26 326
1 63 5
17 34 1
3 21 39
33 28 2
69 13 11
10 13 79
40 63 263
4 12 18
65 55 1
18 56 21
15 49 1
59 38 96
62 52 1053
37 62 1
5 50 423
40 59 1
8 33 3
65 24 7
16 56 0
8 17 1503
5 44 35
21 65 156
14 68 1
9 47 411
42 17 915
13 44 1967
55 54 3
28 2 41
22 4 26
17 17 30
66 47 0
54 21 337
19 13 1
46 23 340
11 53 15
46 50 2
4 29 15
58 2 0
49 55 50
7 13 1
48 11 1
37 65 1
47 31 14
13 43 0
27 45 28
25 55 51
53 63 0
62 17 2
50 53 3127
24 20 2
52 68 25
24 15 107
31 56 237
21 15 13
51 68 2
13 33 3
22 22 6
62 23 336
53 16 54
67 4 0
32 39 417
56 30 567
60 2 607
60 60 0
8 69 10
10 22 5
11 45 0
21 4 1
24 31 531
2 49 100
19 63 0
12 22 15
20 14 6
61 50 591
32 34 7
8 50 563
51 30 1079
43 34 0
52 64 1484
10 60 30
16 33 247
5 29 2
8 57 836
58 25 245
55 36 1014
27 65 2
2 1 5
25 34 12
32 42 4
14 16 991
57 62 51
33 15 7
65 3 25
54 14 30
61 51 14
57 30 7
11 67 395
38 60 1
30 26 418
5 64 1
42 19 21
3 16 256
49 9 20
24 10 29
25 61 0
7 20 335
34 18 1601
41 39 3
10 34 42
51 15 805
27 32 1
3 32 4
42 21 1468
12 46 1951
6 37 2026
5 53 34
2 51 60
59 7 3
54 24 1270
31 43 96
52 20 449
70 22 32
55 6 9
56 18 30
23 4 0
57 33 58
5 50 324
32 66 3591
5 39 187
1 14 1232
7 9 24
12 50 2437
48 60 48
52 14 230
18 62 1342
56 68 0
11 38 15
68 44 3914
28 24 1182
62 37 2169
52 53 39
43 53 75
29 28 7
17 10 25
67 16 17
47 38 9
47 31 90
18 28 377
55 53 5
33 2 138
15 24 12
24 34 30
50 34 45
56 13 2176
63 64 1
11 54 1670
2 62 1795
22 4 1168
35 8 913
47 1 1294
9 63 277
53 16 532
47 9 241
10 37 4
2 22 1785
67 6 8
14 9 2918
18 32 1667
26 25 70
43 50 252
13 49 332
14 32 3
64 21 16
25 47 100
56 61 0
18 67 73
37 17 9
13 48 917
42 20 1
57 17 576
67 26 18
13 67 1778
41 51 13
63 22 94
5 1 50
10 3 495
27 10 1355
26 28 482
69 49 2
57 51 15
33 32 123
55 55 226
70 7 2
2 47 5
55 52 3
43 44 1830
49 62 1743
4 7 260
19 12 88
70 58 11
32 38 266
10 35 11
