70 500
||||||||||||
6 69 4017
13 59 1767
40 61 175
19 49 771
1 54 647
36 20 107
39 65 59
4 64 16
43 35 1582
48 40 94
31 42 1754
21 32 1744
23 69 58
68 23 41
5 40 189
63 37 86
67 52 388
55 55 19
65 40 73
53 23 8
10 68 366
8 25 6
56 14 85
15 38 29
8 51 22
31 58 1473
56 69 192
22 63 390
9 41 1050
18 8 1035
54 13 6
19 58 146
63 58 2451
56 43 97
11 22 171
20 58 86
24 18 151
29 59 3
12 38 28
43 61 27
13 36 43
66 6 2
67 44 13
65 51 238
9 28 183
65 1 209
5 15 87
54 5 1921
59 61 197
29 40 143
32 2 217
2 55 2632
11 46 101
13 46 54
2 46 110
43 10 14
19 18 500
66 42 47
58 6 472
18 4 5
31 51 215
21 48 417
23 7 90
68 29 415
29 2 76
48 19 339
41 21 455
37 24 24
50 48 35
22 7 20
17 55 24
39 50 594
15 45 425
57 23 3222
39 21 106
6 30 5
64 33 185
35 70 786
68 49 238
62 67 3460
8 17 74
9 36 62
10 6 77
31 50 1704
4 8 106
1 70 46
50 30 342
16 49 3114
26 60 230
39 22 3579
65 6 1055
45 36 300
30 56 12
26 31 1108
12 37 334
27 19 64
64 14 17
46 39 2361
69 31 1129
54 27 991
61 2 679
19 65 197
67 37 920
16 50 1751
21 61 364
45 46 120
7 24 1155
28 59 26
43 15 59
60 7 148
10 27 49
46 60 352
6 26 5
9 69 1798
63 31 3865
9 23 240
22 47 36
51 59 416
29 40 43
54 25 15
24 11 48
8 60 74
25 19 21
40 38 1190
60 53 78
55 16 3416
56 6 700
47 45 258
12 21 403
43 62 86
57 39 762
17 46 139
42 41 68
8 31 8
2 48 82
41 31 35
31 7 1162
48 2 38
47 59 1462
4 42 289
64 53 987
51 16 224
6 12 27
37 28 40
37 47 1371
45 69 120
12 16 17
61 35 91
32 7 48
70 1 205
48 31 679
27 39 87
65 13 56
65 37 56
7 52 3885
2 6 1673
33 2 34
23 58 61
10 44 3669
5 60 483
14 59 973
64 44 505
36 2 1914
52 17 63
70 2 3
16 17 32
13 1 528
11 6 44
63 36 20
48 9 104
16 19 42
24 64 172
38 64 2829
28 15 612
41 50 699
15 62 29
38 18 1506
36 39 253
69 69 124
54 18 324
23 16 348
51 68 2526
13 30 2172
23 21 210
3 32 48
5 66 922
46 7 19
70 58 431
67 4 9
70 65 230
26 3 479
13 35 807
13 58 4072
41 53 98
37 41 44
5 51 918
15 22 1947
65 61 604
70 8 26
39 44 3489
7 47 2
19 26 1007
37 49 109
61 65 14
61 63 20
21 5 117
29 1 78
70 20 2323
48 16 729
10 61 59
44 6 687
2 52 3855
66 29 2820
38 49 488
68 15 184
34 12 14
28 14 898
3 13 165
59 48 4
38 13 47
19 69 16
39 24 30
11 15 460
32 54 250
70 1 235
5 32 3896
38 30 2303
22 67 379
7 55 41
13 13 1705
2 53 469
10 19 2032
63 35 195
65 2 275
62 53 97
11 39 59
65 3 42
67 47 73
60 16 59
58 5 35
34 23 1119
39 26 374
70 36 861
51 57 128
53 33 1038
67 52 63
55 41 1688
65 56 752
4 64 292
13 40 568
14 42 140
52 62 1046
30 20 51
34 54 132
17 44 60
14 57 776
63 53 178
34 58 10
11 26 4009
57 40 61
9 2 69
52 5 557
11 57 37
64 57 1
55 28 40
14 56 137
41 50 115
16 63 11
21 3 350
22 15 312
36 25 627
28 27 39
40 61 117
20 38 22
30 11 1388
35 28 22
25 53 23
36 57 125
11 22 28
66 61 10
36 21 664
27 27 1105
49 61 951
52 19 8
48 15 85
70 69 1678
58 37 113
48 33 6
40 20 516
63 66 1237
54 9 2072
59 12 987
53 47 477
60 52 143
12 36 49
55 51 22
2 37 434
20 42 5
21 53 273
48 66 50
2 4 1523
40 57 44
45 62 348
29 62 13
49 27 38
2 9 650
67 22 173
17 1 1811
36 60 252
57 54 2
9 16 471
67 54 70
19 13 24
23 70 12
47 36 533
53 6 67
8 34 11
67 69 5
55 35 51
44 31 1676
16 28 4047
55 68 469
7 10 341
30 16 0
59 21 36
56 56 53
27 54 277
6 48 1355
29 39 229
66 40 63
48 43 49
29 26 43
64 2 1514
52 69 1470
2 34 52
30 42 416
5 46 36
61 12 15
17 56 45
50 14 1799
11 46 867
6 63 1221
52 11 21
5 6 579
28 54 2268
15 21 121
66 30 58
57 36 469
41 60 58
4 46 619
5 56 50
35 9 581
38 3 11
67 7 1132
36 10 102
53 67 73
52 13 344
45 65 1043
66 61 357
34 16 35
57 13 3309
66 49 688
23 55 392
61 5 42
64 56 1944
39 7 50
21 53 529
40 12 857
50 68 290
41 7 2051
13 22 74
21 60 94
8 56 999
64 13 6
63 54 192
17 41 33
1 3 1330
17 27 10
17 10 36
15 51 53
50 10 0
32 50 477
60 18 351
1 48 217
7 41 61
8 1 440
32 67 1799
56 52 3556
43 30 198
19 36 1282
2 22 219
30 20 186
32 27 81
39 61 45
28 41 267
18 29 1559
29 54 84
10 34 55
60 68 134
47 63 96
45 34 43
51 65 941
49 28 1053
40 10 82
24 45 63
38 56 252
8 36 1129
42 70 941
15 8 288
6 20 472
38 49 1081
43 47 41
29 46 102
16 58 42
8 67 46
68 24 534
53 32 170
49 64 39
56 66 3562
61 43 4079
16 2 46
56 31 15
58 67 448
56 1 1214
65 52 62
68 15 1728
11 10 3493
34 46 1139
55 15 4038
52 9 855
30 17 45
33 50 2366
50 32 1646
12 35 1438
15 32 44
60 53 8
30 70 12
26 13 296
51 10 7
70 13 15
49 38 161
67 42 2007
6 44 108
3 10 120
8 27 64
31 65 209
14 65 3502
26 19 41
8 58 3627
28 9 356
67 58 1915
11 36 346
46 55 56
1 33 273
65 65 29
15 32 60
22 68 701
22 16 1435
56 59 2005
36 20 567
24 24 725
17 28 44
36 66 462
13 51 108
60 37 1514
58 18 70
54 70 563
41 17 25
10 56 23
26 2 85
42 43 1857
67 18 122
9 1 1523
43 9 20
47 58 184
43 7 912
14 63 1427
62 47 1323
17 25 1131
43 11 29
49 22 1654
41 12 2928
27 68 4030
64 63 41
57 9 35
34 4 240
25 61 679
52 51 3795
9 29 514
62 59 68
11 13 138
21 70 1722
11 48 491
8 53 23
67 54 1735
63 55 422
9 19 61
39 42 47
23 41 62
58 23 2377
