70 500
^^^^^^^^^^^^
28 53 1811
66 50 2481
18 60 476
9 8 683
8 14 304
57 17 3030
56 30 787
49 32 3227
32 4 1777
44 16 566
16 50 2655
50 30 463
25 27 3736
45 59 2727
67 12 3767
1 4 680
41 9 2488
12 49 177
57 22 3090
54 67 2504
41 20 1872
20 61 2234
45 54 1523
54 24 2488
36 30 1368
56 47 2413
16 22 2891
20 53 579
56 46 332
55 2 4052
30 13 1756
28 55 2186
45 70 3362
28 68 2981
29 46 1859
15 11 1653
40 15 560
28 61 2803
60 22 1534
68 39 3036
49 5 2081
9 2 3218
70 56 3605
30 54 3831
62 28 1524
68 5 2788
11 13 2044
52 17 2522
5 62 1557
6 24 1365
47 18 2056
67 26 2239
52 41 3232
9 55 833
64 1 1864
21 5 2933
57 61 509
25 20 3903
22 17 3271
43 23 868
32 11 1134
23 26 876
64 38 2187
27 21 1362
41 47 3463
67 5 1388
53 19 1307
37 42 2326
37 31 2956
63 61 83
16 32 2857
52 18 3533
58 24 1980
14 35 3815
9 16 2902
38 34 3272
67 33 3468
67 19 914
22 40 2593
18 4 3447
17 11 1637
49 44 973
3 57 575
57 4 3278
12 37 403
29 38 2863
25 40 1349
19 56 2925
42 33 1056
60 38 2272
28 32 2183
15 46 3379
54 41 2514
57 3 11
42 1 3377
58 68 475
50 33 1205
40 15 1846
1 9 3591
35 52 1696
62 37 1615
60 5 3591
15 60 689
24 61 781
61 46 3734
11 39 507
6 50 3037
56 45 2539
60 14 2672
62 61 298
65 69 2832
32 49 3216
30 42 2302
1 61 3943
68 32 3947
34 54 867
49 11 986
35 34 576
49 8 713
43 7 3103
67 43 3196
49 45 263
65 12 3249
32 2 527
6 26 1420
34 7 162
2 62 2050
44 66 628
2 11 824
14 70 1846
49 38 1778
5 55 697
29 42 427
19 37 1130
64 11 2676
25 38 1558
70 40 1995
8 61 4067
51 12 687
64 28 2990
31 55 3444
58 42 1412
11 47 1381
65 61 2537
8 23 2932
62 13 350
29 48 1191
25 57 191
36 56 772
58 68 1008
10 17 1894
65 46 3467
45 57 865
31 22 2118
60 20 2568
45 14 39
5 69 3925
70 51 4053
33 22 2822
51 36 1730
69 45 2828
46 15 494
9 56 1998
3 54 399
52 49 3641
12 70 1582
40 70 744
56 10 840
33 39 363
43 62 3961
50 48 1576
64 14 1726
28 40 575
2 37 2772
57 69 2261
53 26 2767
41 52 2241
22 7 4060
39 37 1535
70 69 3889
18 40 1312
12 29 3356
30 63 129
2 31 2822
56 68 2518
44 22 1062
8 20 1478
70 41 2510
22 4 1062
62 34 2088
7 12 1953
62 7 2715
31 66 2581
28 55 2015
27 41 1190
11 50 1575
50 47 764
63 51 1631
32 9 3549
43 26 2243
29 15 1321
24 34 2369
43 25 2103
53 44 1297
56 66 3077
55 48 1674
43 59 3963
44 19 2791
2 36 1569
27 29 3689
12 7 2540
12 19 1777
29 2 2994
67 52 3274
61 33 2676
56 24 2400
66 50 898
5 49 4016
24 23 3760
23 40 63
17 16 3977
35 2 1192
4 9 2308
46 29 2166
62 67 3166
60 3 997
30 8 3786
58 54 2946
67 65 4092
19 57 1948
41 22 3750
39 41 1238
64 60 2895
6 15 771
55 54 25
60 23 1593
24 42 2884
38 48 697
20 49 581
6 10 3304
64 4 3360
59 15 1560
51 52 1435
65 46 2413
2 65 3470
1 48 441
37 36 2697
7 27 1511
24 43 471
50 12 3696
34 42 140
14 55 4009
50 23 2398
46 29 3938
15 37 83
68 56 3565
25 63 2885
24 67 3598
15 21 1554
68 44 2053
59 32 822
67 37 1584
19 7 515
6 13 231
31 70 84
7 22 3018
34 42 1770
44 62 1766
59 49 2143
58 2 2418
41 57 2308
37 20 870
8 23 3361
54 6 1203
45 14 3788
43 13 1484
59 3 429
68 62 819
21 62 3257
13 25 1467
24 63 3195
59 27 2402
32 44 2444
51 60 2827
46 27 3677
59 31 31
60 40 1116
14 55 3764
16 57 3210
11 57 1253
70 42 1711
56 15 1592
11 13 2014
7 14 757
38 53 38
62 11 1721
22 61 425
50 20 789
65 61 1080
58 69 2288
36 37 497
25 34 3926
48 49 3468
56 18 3184
48 55 2550
39 41 259
25 16 3481
25 17 2325
40 49 3170
23 44 172
70 63 398
40 28 1665
46 63 1870
49 55 3177
11 52 3875
19 19 4030
20 18 2010
49 62 1035
12 69 3424
27 12 858
65 7 2197
54 13 3723
47 51 70
44 33 1384
49 56 2629
43 7 3105
1 65 3067
17 14 702
32 60 2514
60 6 3653
48 2 2324
55 9 1101
40 13 2090
32 65 3790
30 55 3759
57 5 3573
25 60 1949
70 35 3570
50 47 3593
46 15 2236
23 32 3232
51 39 533
62 60 1006
40 32 172
8 43 1682
39 41 792
15 23 1046
28 47 661
69 17 1142
59 63 3112
70 36 2537
42 21 3562
50 24 263
6 8 2325
20 69 825
69 63 4086
26 49 4070
23 44 3973
36 19 19
30 40 1407
7 58 3256
23 54 558
3 54 159
6 21 974
64 52 2995
34 11 491
7 54 2656
13 64 1062
67 33 1246
63 37 2418
31 18 211
5 61 2802
3 11 2088
20 63 3684
69 53 2745
13 15 3611
39 18 1111
61 57 1891
21 48 3172
58 43 913
49 49 1434
8 60 314
23 29 1108
31 52 2268
3 33 1759
15 30 1343
53 52 1668
55 37 4085
39 2 3613
51 54 3819
57 2 3907
45 17 2553
35 49 1452
53 55 2881
66 42 2778
31 10 3797
47 60 3531
4 28 2740
40 39 1464
35 51 2198
29 28 2385
30 13 945
6 16 751
55 29 2095
42 33 1544
54 21 950
40 7 2175
69 16 378
39 17 12
18 69 1939
35 43 1860
17 3 1753
18 67 3404
48 19 2368
43 52 1559
60 42 3321
52 2 956
12 31 2676
5 42 1088
12 60 2517
14 62 32
7 38 923
8 67 1318
39 47 104
58 31 1137
6 13 1684
55 11 1261
68 46 2770
38 10 1712
52 17 2522
23 1 308
20 3 1513
12 59 2429
8 13 2658
25 2 3224
43 6 1209
46 50 409
10 1 425
27 21 2861
56 2 505
51 15 3836
16 68 37
33 69 3372
52 8 2648
38 47 1123
25 58 1706
51 12 3706
17 18 2846
63 10 572
65 26 86
7 60 3426
49 46 3636
29 30 1230
1 53 721
14 12 1906
42 62 2446
19 55 3968
63 25 774
31 42 218
22 59 2235
49 59 1780
18 37 230
10 17 3652
58 66 1766
8 19 4050
22 44 530
32 41 2452
60 70 2211
52 8 1018
11 7 3199
36 29 3621
49 57 405
68 28 3330
40 23 130
48 24 2344
43 66 112
27 36 265
45 65 2642
40 39 3784
59 68 3363
5 1 1002
20 62 285
35 70 720
10 50 3993
47 5 1626
42 58 3170
36 21 1482
35 49 284
59 35 3966
52 39 2180
5 4 796
36 29 1466
56 1 467
67 24 2201
20 60 1726
41 24 2498
12 2 1371
62 60 2615
13 59 2565
34 33 383
