70 500
^^^^^^^^^^^^
65 48 16
3 10 16
23 7 33
29 45 1
7 1 33
61 12 49
49 38 0
57 23 49
55 55 1
20 26 1
2 31 17
42 63 48
21 29 0
33 68 48
58 20 0
10 4 0
57 13 33
2 39 1
24 2 0
32 13 0
38 17 0
43 22 0
27 2 16
5 28 17
21 69 0
9 62 17
59 42 48
4 45 49
7 44 0
34 37 0
68 4 0
10 37 17
42 4 0
65 8 0
46 52 16
6 30 1
46 21 0
15 10 17
39 22 1
8 16 33
18 52 16
7 3 0
9 69 33
49 48 16
44 12 17
13 69 0
27 70 48
33 55 48
57 53 49
53 2 0
2 27 2080
23 21 17
34 66 1
19 69 0
53 43 17
26 45 48
36 63 1
38 13 49
46 16 16
38 41 0
12 19 1
33 64 49
58 32 1
15 56 1
45 48 1
14 39 1
40 38 17
42 69 33
70 55 49
44 3 0
59 22 32
46 8 48
63 36 1
69 19 33
17 49 1
42 57 1
50 36 1
37 61 0
52 46 0
36 54 16
33 62 49
39 13 0
61 10 0
41 37 0
60 29 16
6 62 1
67 67 49
35 58 32
13 16 1
68 67 17
11 67 17
43 53 0
59 47 1
54 65 49
42 15 33
61 29 16
39 9 48
52 36 16
37 12 17
37 46 1
18 50 17
16 56 0
26 61 0
34 40 1
58 53 16
59 1 16
8 53 1
1 43 1
24 44 33
40 62 1
35 49 49
38 11 48
25 4 1
56 63 32
23 52 0
37 7 32
47 25 49
40 2 32
56 15 1
33 12 1
51 63 0
8 21 17
14 19 16
33 70 33
63 34 1
24 22 1
43 56 0
40 57 0
41 5 32
51 61 1
32 35 0
67 67 0
52 68 0
10 30 1
10 60 0
15 22 1
15 57 0
51 47 16
48 26 1
34 14 0
52 65 1
54 56 2081
44 18 0
41 43 16
21 65 1
45 39 1
56 29 48
45 17 1
49 54 16
37 25 0
19 65 1
33 2 49
10 44 1
6 6 1
29 51 49
30 34 48
7 36 0
45 61 1
13 15 16
31 18 32
59 31 49
12 17 49
48 59 1
38 13 1
61 29 16
20 52 16
62 4 0
35 31 48
37 61 33
45 66 1
49 16 2049
13 63 16
27 65 17
15 40 33
32 58 49
41 4 0
19 2 1
14 32 16
21 27 1
38 35 0
60 39 1
33 46 0
43 22 1
58 35 0
3 42 49
44 17 48
48 35 2080
16 34 32
66 6 17
11 17 0
37 2 1
12 44 0
18 6 32
44 23 0
36 55 0
34 37 33
31 60 1
12 19 1
3 22 1
10 8 49
48 56 1
20 21 49
31 45 17
55 11 17
6 66 1
42 7 33
37 34 1
2 46 16
1 56 0
69 51 2064
2 50 1
55 60 2065
46 16 1
19 69 0
34 45 1
61 41 1
59 54 1
24 38 49
43 39 0
65 47 48
38 6 1
18 1 0
41 17 33
70 18 0
12 68 0
42 39 16
5 51 48
52 69 1
2 28 49
34 39 1
38 64 16
19 67 1
64 46 0
25 35 1
34 2 32
28 3 48
15 23 49
38 38 16
70 4 16
66 41 1
63 13 33
40 31 33
17 18 32
66 22 1
56 37 0
17 21 0
59 69 0
31 45 17
47 20 16
3 62 16
12 13 49
59 27 33
15 31 49
5 49 2080
60 63 32
19 46 0
57 21 1
56 46 0
7 53 49
24 53 0
62 67 1
45 67 0
2 58 1
1 63 32
5 54 32
41 19 2081
3 20 16
61 20 33
5 42 0
6 49 1
60 67 1
47 44 1
22 70 1
9 69 32
69 11 1
19 13 0
31 34 32
8 63 16
9 39 1
10 54 1
53 45 0
64 43 17
68 11 48
54 32 48
23 19 1
56 3 32
22 21 16
34 32 0
64 51 0
28 43 1
63 16 0
43 15 0
68 65 0
56 8 1
48 54 16
45 49 49
1 27 16
8 4 0
15 3 0
1 62 33
62 8 16
67 68 48
22 24 48
36 7 1
14 39 0
26 13 0
52 1 49
13 47 33
17 3 2049
45 16 1
27 25 16
22 34 0
29 32 1
12 60 0
9 13 17
3 41 48
34 70 0
57 27 32
41 16 1
52 21 17
50 25 0
60 59 1
52 12 17
66 36 17
5 15 1
39 68 49
56 64 1
2 70 49
10 35 0
34 9 48
54 69 1
2 23 48
42 41 1
26 64 33
13 62 1
33 8 16
5 45 0
7 36 16
25 1 0
25 34 1
13 12 0
42 2 0
35 25 1
52 18 49
52 42 2080
38 13 17
43 43 48
63 33 32
36 42 32
22 67 17
63 19 1
70 14 1
22 49 17
40 22 33
20 22 32
14 32 17
19 58 16
67 61 0
36 20 0
57 56 1
22 28 16
30 19 1
47 64 48
15 59 0
18 40 0
34 32 32
33 22 0
39 70 1
56 1 48
29 57 0
2 67 17
51 69 49
10 18 1
26 53 33
69 55 1
54 58 2081
17 41 0
16 39 33
32 57 0
22 25 49
47 25 49
58 2 0
21 68 1
25 34 33
22 16 1
8 22 1
43 14 2048
52 63 33
26 56 33
49 20 1
46 14 0
5 5 0
44 69 32
57 33 33
1 27 0
12 67 16
23 43 32
70 28 0
65 51 16
44 12 32
54 53 49
63 19 1
59 24 2048
21 29 33
35 23 1
44 28 0
47 29 1
68 27 1
48 58 1
25 25 1
23 11 1
57 48 1
48 57 33
35 18 1
44 64 32
49 35 17
33 22 2096
57 61 49
14 33 48
52 15 1
28 29 16
48 36 1
63 51 48
44 62 16
49 29 16
16 30 17
53 42 0
26 8 1
62 47 1
11 17 0
53 46 1
31 32 48
20 57 16
12 54 1
42 31 17
45 2 48
48 36 1
43 6 49
21 3 48
25 21 1
61 10 17
28 61 48
58 37 48
9 14 0
45 4 1
8 7 0
9 15 0
68 67 17
57 19 0
12 30 1
13 40 1
21 65 2065
67 54 17
9 1 1
52 54 16
5 16 16
42 28 49
16 14 1
34 4 1
31 70 49
30 28 48
12 18 16
18 12 17
57 26 1
17 6 1
16 9 32
29 54 0
24 45 0
9 5 48
14 21 33
4 69 1
38 45 1
38 61 17
10 20 49
64 24 1
35 43 16
62 54 16
39 45 1
25 19 49
52 55 49
4 70 0
57 49 32
12 68 2065
45 64 0
37 69 0
31 39 33
6 54 33
41 27 0
51 62 0
27 40 17
29 58 0
33 41 1
34 68 32
1 26 1
44 61 1
13 41 0
10 65 48
50 15 0
5 1 49
32 34 0
