70 500
^^^^^^^^^^^^
63 27 0
18 56 0
25 16 0
4 33 0
14 39 0
3 63 0
37 67 1028
25 42 4
3 22 1028
60 14 4
22 7 4
16 64 0
19 41 4
34 46 0
40 30 4
33 33 4
13 36 0
51 58 0
35 27 4
58 61 0
39 9 0
66 32 0
39 57 4
38 1 4
17 31 1028
56 57 0
59 43 4
30 43 4
52 38 0
39 35 1028
56 65 4
21 9 4
22 4 4
30 59 0
24 58 1028
42 26 0
66 2 4
32 33 0
16 5 1028
35 43 4
2 51 4
32 1 0
64 14 0
29 60 0
4 57 4
67 11 4
9 11 4
45 23 0
53 23 1024
50 29 4
37 30 4
59 32 4
63 9 4
49 17 0
9 61 4
55 25 0
33 46 0
18 52 0
59 6 0
69 29 0
53 24 0
68 53 0
34 9 4
64 29 4
6 65 4
27 50 0
32 4 0
23 55 1028
20 43 1024
13 49 4
62 2 4
52 35 4
11 29 0
36 60 0
63 22 1024
24 22 4
70 62 4
4 47 1024
50 44 4
11 28 4
43 11 0
44 70 0
20 38 1024
49 70 0
36 33 1024
29 11 0
5 40 0
13 21 4
39 15 1024
47 51 1028
68 14 1028
68 43 4
27 41 0
46 51 4
45 25 1028
21 51 1028
9 25 4
26 57 1028
29 43 0
67 5 1028
28 30 1024
58 61 0
3 23 1024
65 5 0
14 2 4
14 11 4
12 53 0
13 7 0
20 40 0
56 68 4
60 11 0
20 65 0
66 28 0
32 57 4
57 67 0
41 24 4
46 60 4
30 32 0
33 35 4
20 59 1028
24 42 1028
46 48 4
56 14 0
49 51 0
53 16 0
55 10 4
38 65 0
36 24 4
50 41 0
46 23 0
23 61 0
6 2 1028
42 15 4
41 27 1028
37 56 4
18 40 4
37 33 1028
68 32 0
7 57 1028
7 11 0
56 28 0
6 69 4
69 51 0
46 10 4
62 2 0
49 45 0
51 40 4
67 68 0
33 20 1028
64 48 4
36 34 4
42 24 1024
36 31 0
8 29 1024
33 10 0
48 40 0
24 51 0
1 60 4
24 21 1024
46 47 1024
7 14 0
36 25 1028
2 35 1024
4 39 4
5 14 4
16 8 0
45 63 4
3 43 1028
39 58 0
47 66 4
36 49 4
17 31 4
6 21 1024
24 56 1024
32 28 0
19 44 0
52 21 4
56 13 0
31 39 0
37 54 0
48 12 4
64 12 4
23 35 0
4 20 4
4 67 0
51 14 1028
55 51 4
69 38 1024
44 37 0
61 7 1024
30 29 0
1 13 4
47 16 0
39 69 0
31 41 0
42 58 1028
40 44 0
40 13 0
16 39 0
17 26 1028
56 29 4
48 35 0
31 29 4
29 59 4
48 23 0
6 19 4
21 27 1024
10 4 0
62 27 4
36 42 4
56 44 4
23 3 4
57 16 1024
16 26 1028
42 2 4
44 41 1024
46 44 4
38 20 4
37 51 0
17 44 1024
14 1 0
12 22 4
65 42 4
24 12 4
22 62 0
41 15 4
32 23 4
46 54 1028
70 56 4
9 5 4
33 34 0
64 26 4
14 10 0
23 35 0
53 27 4
13 12 4
8 55 0
36 51 0
69 66 0
46 54 1024
47 36 4
69 69 4
43 64 1028
62 31 0
1 48 0
17 58 4
1 1 4
30 8 0
69 40 0
47 36 1028
56 33 4
13 55 0
47 63 0
23 17 1028
28 8 1024
60 7 4
17 12 1024
39 43 1024
31 32 4
11 62 4
64 8 1028
70 45 0
12 67 4
17 69 4
56 4 4
1 35 0
44 53 1028
40 9 4
17 9 0
4 16 0
70 36 0
23 27 4
60 21 0
29 27 1024
42 8 4
23 47 0
57 49 4
4 44 4
32 62 0
12 39 4
22 19 4
32 40 0
37 17 0
17 62 4
62 55 4
25 70 4
18 5 4
16 13 0
53 8 0
29 60 0
41 29 4
17 33 0
13 31 0
20 7 4
10 52 4
31 22 1024
11 16 4
36 56 0
24 27 0
52 37 4
13 4 4
19 6 1028
35 47 4
58 59 1024
70 65 0
13 70 0
35 26 4
23 13 4
13 70 0
4 37 0
10 58 1028
24 26 4
42 70 1028
31 37 4
20 63 4
54 69 0
21 49 0
8 29 4
63 23 4
37 18 0
14 50 1028
8 56 1024
30 21 4
12 66 0
68 21 4
9 31 4
57 22 4
3 61 1024
63 49 4
28 55 4
9 50 0
4 15 0
26 46 0
58 16 0
22 26 0
23 58 0
43 55 1028
23 20 4
6 31 0
42 58 4
60 36 0
52 65 4
46 2 0
28 54 1028
54 42 0
11 15 1028
48 66 1024
14 48 0
36 23 4
10 65 0
66 51 4
38 21 4
43 1 1028
63 63 4
53 36 0
32 65 0
36 44 1028
31 39 4
26 37 4
46 23 4
40 65 0
67 70 4
48 31 4
20 51 0
46 33 4
12 24 4
68 65 4
40 31 4
44 50 1024
56 4 0
17 1 4
63 13 4
39 7 0
21 43 4
68 65 0
41 47 0
7 7 0
27 36 4
59 29 4
3 4 4
40 67 0
47 54 4
37 68 4
35 2 0
20 15 0
4 49 1024
9 20 0
39 40 4
68 65 4
9 7 4
5 37 1028
44 21 0
62 57 0
13 28 0
13 15 0
63 53 4
49 11 4
33 26 0
39 3 4
21 10 0
67 32 0
19 20 4
59 21 0
56 25 0
12 10 4
53 45 1028
46 37 4
8 34 0
49 25 4
46 28 4
21 2 0
27 21 4
53 42 4
32 6 0
4 17 0
38 17 1024
47 44 0
28 33 1028
66 44 1028
21 22 1024
60 31 1024
16 9 4
2 39 0
45 30 1028
63 46 4
64 2 4
31 1 4
48 44 0
34 32 0
65 26 0
67 11 0
15 46 0
53 53 4
32 36 1024
63 62 4
22 30 4
7 27 4
4 39 4
33 58 0
42 14 4
49 48 4
68 63 4
14 33 4
33 4 0
28 6 0
9 65 0
21 12 0
17 24 0
64 51 0
35 54 0
11 7 0
69 65 0
50 49 0
42 45 4
21 68 4
9 13 4
13 26 0
10 55 0
5 39 1028
29 51 1024
59 66 0
48 24 0
59 17 4
10 67 4
39 20 4
68 44 4
47 12 4
43 53 0
53 57 0
25 45 4
12 13 0
36 23 0
54 4 4
18 35 1024
31 22 1024
9 63 0
65 64 0
1 11 4
53 44 1024
13 23 0
5 8 0
53 59 4
50 30 0
34 13 4
17 36 0
65 35 0
49 57 4
27 51 4
21 57 4
65 47 1028
37 62 1028
6 25 4
70 48 4
17 47 0
30 42 0
27 29 1024
4 56 0
29 26 4
46 46 1024
44 55 4
