70 500
|&|&&&^&&&&|
25 38 2076
39 21 1284
15 2 2328
64 29 2048
46 28 3080
56 38 1300
2 17 2076
55 44 3072
55 22 3328
6 58 3096
62 59 2072
53 1 2324
26 45 20
40 8 16
18 19 3348
32 59 1040
27 11 1048
19 66 1044
40 60 3076
38 20 2332
27 11 1024
24 68 1036
27 14 276
64 23 264
43 63 16
51 3 0
42 45 24
34 19 2320
3 61 3328
44 25 16
56 2 1304
13 27 12
39 49 3076
12 16 3344
46 66 1292
25 30 2312
66 47 1040
28 39 1296
41 35 1308
63 17 1296
14 67 2048
53 16 3072
60 53 3348
22 12 3328
55 5 2304
23 31 3088
58 52 1304
7 52 3076
14 26 12
50 46 3084
68 66 272
42 22 2048
8 32 1280
7 4 272
12 45 2056
40 43 3076
12 44 2324
35 50 2312
37 40 3352
11 44 1308
70 60 264
66 42 2068
8 36 1032
32 55 8
48 24 260
7 48 2312
8 48 1036
16 6 1024
44 29 2320
37 22 1044
23 7 3100
48 30 3352
11 35 1032
28 9 1284
40 6 20
19 15 256
36 50 280
12 1 1028
41 6 1052
56 46 260
30 43 1044
35 20 3336
49 50 2064
9 57 1292
59 8 20
37 17 2064
68 54 1280
69 54 2332
56 21 3336
56 21 3084
45 3 1296
50 49 3088
18 46 2048
11 34 3072
29 66 3100
58 14 268
28 40 2316
22 63 1308
35 25 1048
29 17 2324
35 65 3344
6 42 1032
33 25 2304
5 9 2328
27 38 3340
53 64 256
44 46 3072
55 32 260
5 3 2048
30 55 3340
25 6 1284
20 57 3080
58 48 268
44 3 3088
34 16 1024
66 54 2308
61 1 1308
45 1 2048
59 11 3096
35 62 276
66 65 3084
21 19 1300
55 61 1036
33 49 3352
14 51 2068
17 57 3100
57 68 2308
34 25 2304
65 15 3088
5 17 24
33 70 24
32 52 1308
29 38 2052
20 52 3100
47 27 4
14 19 3332
32 25 28
18 48 20
45 50 1048
29 53 2068
70 9 1300
30 25 3356
20 23 1032
10 33 3340
16 42 2324
16 10 1300
26 69 2060
32 69 2308
4 33 3340
33 62 272
41 27 3076
60 18 2068
54 11 0
30 34 272
59 56 2068
21 64 2312
58 39 2072
63 1 2304
38 11 276
46 34 276
32 46 2052
66 32 0
24 25 1296
30 55 3340
3 37 24
59 53 3344
56 11 2328
25 25 24
58 35 2304
20 55 1040
26 55 3340
9 43 3100
4 40 2332
14 70 1036
62 68 0
46 2 2068
22 28 2332
70 66 276
12 10 3328
37 29 1032
65 41 3092
6 42 264
39 26 1052
67 58 3352
7 42 1308
23 63 28
30 14 2332
14 40 1024
21 9 3072
9 47 8
48 69 1304
19 42 1308
53 49 1284
70 66 3096
28 27 1040
21 69 1024
40 38 2308
40 43 3336
58 39 1024
3 1 3100
56 64 256
58 23 3332
52 20 3100
38 46 1296
26 8 3356
68 44 256
12 52 4
26 34 3356
51 64 2332
14 60 16
69 31 2320
24 26 3080
31 44 3080
59 52 1032
48 50 2328
13 62 8
11 10 1292
40 36 284
16 33 20
32 32 20
4 27 2076
48 35 2060
3 44 3352
2 61 20
11 67 2052
50 60 1280
22 20 1300
42 22 3076
66 34 2060
59 34 3340
46 3 1304
44 55 2328
7 43 260
32 53 1036
26 10 1280
58 57 1040
46 60 260
34 5 268
62 64 3332
45 20 3076
70 35 1296
10 44 1300
32 4 272
44 43 264
8 62 8
11 50 256
19 57 1048
41 1 28
35 31 1040
46 27 1024
10 15 3096
4 47 3340
24 1 2304
56 52 3328
53 25 1280
23 23 3352
9 61 2328
11 32 3352
6 39 12
27 5 256
42 40 3332
63 10 3076
37 67 1044
16 5 2324
13 3 3088
38 20 2324
23 46 2068
37 58 24
70 4 1296
65 63 284
61 33 3076
9 2 12
64 64 2324
46 30 2052
55 6 284
47 1 2056
56 35 260
17 17 1032
67 2 3092
56 68 2068
33 66 8
52 68 1304
29 3 284
43 10 3072
26 12 272
2 22 2064
17 65 3340
1 17 2072
60 67 2316
51 12 3080
54 42 1280
19 32 2052
57 41 12
11 26 3328
18 22 2060
66 38 3348
38 26 1036
22 45 3340
62 65 2056
28 6 2056
36 67 1048
64 14 1036
59 37 3340
24 30 2324
66 63 272
5 17 2332
10 39 1032
19 43 1296
3 42 2064
34 40 20
42 9 1292
28 56 3340
49 50 1284
43 19 3356
25 6 2048
22 25 3072
38 18 1040
29 57 8
25 23 3088
26 19 2332
7 50 28
66 69 2064
18 8 1052
13 66 20
62 17 28
47 33 3072
70 8 1300
12 66 1280
65 22 1024
23 6 1292
7 10 3340
39 20 1284
30 38 1308
17 2 1280
44 35 264
44 39 3352
51 22 3332
34 2 4
12 3 3092
58 5 3076
56 33 284
46 10 3356
41 35 16
11 41 3352
65 13 284
15 25 268
54 37 3356
11 62 2316
62 58 2308
49 29 2320
6 39 8
57 39 2304
68 39 1024
7 69 272
58 4 3348
27 17 12
20 70 3084
23 65 3356
38 16 2068
42 14 1028
6 69 2328
45 34 3100
43 37 2064
39 7 276
36 28 2068
21 63 2320
19 35 3348
51 35 1048
33 5 3092
37 31 1028
13 31 256
42 31 272
34 46 3344
21 26 3088
31 58 2056
67 1 260
56 5 2312
51 24 2312
1 14 20
37 20 1292
63 7 3088
4 56 2332
17 61 1292
13 6 2328
20 29 264
55 16 1052
39 40 1048
22 56 3340
25 53 3336
11 10 284
17 28 2052
19 13 2316
60 29 256
14 21 3084
9 8 1052
32 12 1052
55 18 3332
43 14 1288
35 70 2052
43 20 1308
69 5 16
22 33 12
11 2 1048
34 70 3328
5 68 3100
17 62 3072
7 19 284
24 48 2060
64 67 1032
26 4 1284
8 27 3336
68 15 3084
34 50 4
67 4 4
25 19 20
17 11 3352
39 47 2052
63 42 260
42 49 1032
33 11 3088
40 44 2048
13 30 1308
13 23 2328
32 61 260
23 37 3076
44 3 3348
31 25 1304
43 20 256
37 8 3100
56 37 2324
55 44 8
58 8 1044
4 42 1308
50 52 1036
63 68 280
55 35 272
42 67 3080
37 7 1032
41 3 1284
12 14 2304
69 46 3088
30 7 3096
11 30 1024
67 64 3332
38 56 3344
38 12 2072
16 22 2060
24 62 20
22 64 1024
23 66 3352
39 30 3088
62 2 3344
38 52 2072
51 5 256
42 43 12
2 66 2308
55 30 3340
62 48 3352
65 2 280
3 50 0
48 10 1040
19 28 1040
50 24 2072
19 26 3080
24 17 3076
16 5 1036
58 64 2060
29 40 2072
3 26 1036
34 5 2332
65 64 3072
34 14 2316
30 10 2064
19 17 0
11 40 3332
5 60 1040
1 42 276
4 24 2076
20 67 2308
59 66 3088
53 40 2060
13 36 8
10 12 272
3 35 3076
65 62 20
52 22 2312
67 40 3328
25 9 0
55 28 3084
65 18 2048
14 8 1052
15 31 3352
41 32 276
70 10 3080
10 18 1300
10 58 2056
8 26 3080
67 37 268
66 38 2304
65 1 280
