70 500
|&&&&^&|&&^^
67 68 17
19 30 5
36 37 3
42 26 2
50 44 1
8 51 89
32 21 2
9 47 2610
7 49 1
15 42 1677
7 65 2
25 16 1
23 26 10
23 26 148
16 36 61
11 60 2
38 35 1
49 62 182
8 35 57
24 47 463
7 52 5
62 3 361
30 25 82
7 59 140
70 46 11
56 40 14
11 69 5
39 68 371
59 6 352
61 68 4
13 15 140
17 69 256
6 19 117
30 65 37
70 21 816
7 13 5
27 55 11
11 36 1611
12 35 1
48 33 4
56 39 0
47 8 1029
14 68 20
16 61 10
24 43 1
41 49 117
52 51 3
59 68 41
35 52 23
3 39 6
2 55 374
1 10 0
60 68 201
53 69 8
34 3 30
17 66 0
10 41 2
21 58 14
16 67 8
61 4 0
64 40 31
19 35 56
30 6 188
36 49 155
64 62 1
39 8 58
12 35 0
31 66 1654
67 4 877
62 9 1103
55 40 496
41 21 194
48 53 109
7 65 0
62 49 152
16 16 0
18 59 67
36 64 119
14 54 12
65 42 22
4 23 412
21 48 1
32 50 81
45 38 17
13 11 30
23 52 79
59 16 3
11 63 490
5 66 0
29 57 5
57 34 2319
41 15 91
62 8 19
25 65 36
4 29 23
44 42 2613
31 52 826
52 32 1408
29 21 23
18 18 1
33 43 2180
59 49 391
63 31 1
64 22 2
18 6 1610
61 51 0
57 24 813
50 16 622
38 10 29
60 39 19
3 38 2
69 38 885
30 7 0
52 70 357
15 5 216
43 62 11
67 44 256
64 41 88
35 54 1441
23 7 8
29 29 34
27 64 24
46 27 3
42 69 980
60 53 1
63 54 886
64 17 0
67 35 1
6 56 5
17 15 167
33 5 2074
59 40 0
19 11 4
33 48 2
52 39 90
61 15 326
46 27 146
43 6 140
16 28 39
12 55 77
22 22 390
2 17 187
63 21 204
66 54 8
16 62 1
56 16 1
44 61 1
67 31 7
19 8 20
8 11 287
7 22 291
29 48 1
21 57 77
20 30 892
55 37 1571
50 14 3
56 16 14
42 56 55
19 59 29
28 17 3
16 51 1
16 6 1675
55 28 22
6 63 2
39 10 54
70 17 89
22 33 104
68 21 177
63 66 740
69 19 7
16 11 130
34 56 1358
53 32 1
53 57 4
41 1 29
55 38 1282
10 48 259
21 10 2
59 25 1768
68 51 421
57 54 1787
36 54 7
54 32 24
47 57 5
60 21 1
51 56 6
47 59 1297
49 4 723
3 34 1
62 44 0
28 15 0
41 47 25
61 61 655
16 37 15
67 58 1
59 30 27
27 49 139
1 55 38
38 45 1
56 63 2
10 8 0
14 3 2
32 30 689
61 10 0
23 42 37
34 59 2035
19 63 2
13 65 106
37 28 2
68 61 3
49 16 2
30 61 49
48 53 1610
11 15 17
67 58 0
54 63 4
30 11 20
2 3 131
7 50 1
21 47 3130
31 2 0
39 32 1746
15 42 20
44 5 0
21 30 1
70 61 101
39 63 1
45 32 57
42 44 12
68 46 185
45 46 3
57 43 122
34 12 12
33 41 441
39 20 177
47 31 219
9 55 1
68 63 45
27 59 226
42 18 0
40 43 7
38 43 54
20 55 13
15 68 29
66 9 90
55 13 1642
19 59 1
66 55 31
59 8 218
11 48 3
36 62 114
53 21 7
6 8 1526
16 36 161
2 26 1
18 8 109
20 39 899
23 10 2295
34 54 14
13 28 1
29 11 48
1 48 5
3 4 1216
5 39 1
20 15 35
30 47 0
5 38 6
37 29 0
36 23 1
17 16 1
25 54 1
21 22 448
28 69 100
13 22 59
26 54 68
24 30 411
16 52 104
68 38 1
57 69 425
63 7 13
46 7 237
51 4 122
20 64 22
21 24 0
14 15 1986
9 48 1
29 34 15
46 64 2
45 54 190
12 59 6
15 35 2
40 6 26
38 70 1479
45 7 2
61 14 23
14 42 122
16 2 1717
39 62 0
3 25 105
11 33 10
64 26 2
23 1 1
63 29 14
59 62 5
56 69 0
50 9 4
32 39 792
41 3 91
28 52 31
32 4 0
3 47 1627
69 22 3481
17 33 21
8 49 319
8 46 434
70 53 60
30 28 1
45 51 1
64 55 27
68 37 5
60 14 60
15 36 9
60 66 2
45 24 1
32 30 111
42 56 8
59 29 42
6 6 26
10 6 919
24 16 1
8 29 415
43 22 7
2 14 11
62 27 25
54 50 14
45 38 282
50 59 159
68 66 1
17 44 9
11 2 1
36 63 9
48 51 107
35 54 4
32 61 3
35 49 343
9 43 18
29 24 111
43 41 1
29 70 3415
17 69 14
10 35 297
44 46 1
28 51 86
32 29 97
24 65 990
21 39 12
35 40 7
4 32 22
46 2 0
46 19 2681
2 14 0
58 20 0
17 41 466
69 41 15
20 21 64
11 43 33
61 70 66
7 44 15
56 2 2
33 33 106
66 60 0
52 33 0
12 59 18
7 46 33
37 17 26
46 36 1
37 31 58
9 1 94
55 45 148
57 70 624
24 64 7
40 51 498
56 59 258
23 68 1341
2 17 287
22 37 1
26 67 250
49 54 191
45 10 1
35 1 17
22 16 3475
36 52 5
27 24 3577
54 45 2996
54 20 3
36 41 25
4 62 15
8 15 108
45 51 11
41 26 730
62 60 1
8 45 11
7 15 1573
57 6 2
40 10 0
1 59 116
9 42 116
11 51 37
11 48 13
49 70 25
14 26 893
7 39 654
69 36 695
47 52 431
38 12 23
4 52 3
47 3 1
59 32 1
59 39 1
63 21 21
59 18 146
3 46 200
33 19 1
48 66 3
7 25 1487
67 41 876
57 29 1
25 4 9
14 34 401
1 12 460
60 20 1
13 24 1913
20 38 1
4 27 4
63 15 11
44 37 51
41 34 301
37 13 16
37 31 740
63 9 3089
38 40 118
36 7 185
32 12 53
19 61 2
32 69 62
13 39 0
44 22 690
25 19 1875
31 52 13
46 28 10
5 65 14
70 34 215
66 25 0
22 31 55
63 18 11
33 43 0
15 54 1
12 34 1
3 51 495
63 42 484
48 63 52
68 23 6
56 66 154
3 66 1140
29 23 78
34 39 25
3 40 36
23 51 1731
25 64 25
64 17 1
30 56 12
15 8 1
41 8 8
56 22 361
52 55 345
38 50 3003
21 23 3
33 66 117
15 49 8
39 7 10
26 63 8
54 41 3402
43 58 390
19 18 387
69 18 823
1 69 1134
48 56 101
46 15 1222
31 47 987
42 23 1
6 18 28
65 38 20
61 58 6
60 44 2945
69 7 71
36 4 98
67 23 2761
46 62 6
13 39 1483
41 14 1
