70 500
^&&&&|&&&&&&
28 58 152
57 29 808
10 53 177
3 56 1290
37 2 117
59 45 100
34 30 229
70 4 162
25 17 103
11 2 78
15 42 1570
38 58 134
54 45 36
22 18 466
40 45 4072
25 9 3894
48 2 203
14 12 124
25 34 726
58 39 109
37 17 93
34 26 2566
28 22 965
53 26 253
59 30 838
68 42 69
2 44 11
56 29 73
34 15 66
34 31 666
20 69 1984
53 39 184
39 52 507
56 39 311
10 40 56
5 55 39
30 4 3824
46 68 360
39 55 38
58 44 1428
46 16 4043
43 53 547
66 39 267
9 5 36
8 49 1997
44 49 148
65 61 301
41 19 495
7 49 3456
27 57 3927
27 57 108
56 5 23
53 22 152
56 40 2463
6 43 712
68 4 748
52 19 78
22 7 41
19 4 769
59 2 108
54 12 1725
70 55 796
20 55 926
42 67 401
5 26 28
1 70 967
35 7 1601
11 59 6
29 9 242
59 52 3467
47 70 135
47 62 679
68 24 110
53 5 883
4 4 47
34 44 1
32 26 115
28 23 508
69 21 88
58 37 55
38 5 115
44 38 158
44 7 49
36 19 48
41 34 17
63 4 4033
45 67 207
49 56 191
23 8 860
26 13 999
18 39 93
52 41 245
16 1 148
42 1 124
23 32 3
9 40 2593
42 67 503
47 59 55
13 8 38
61 68 39
19 37 286
33 16 679
11 21 40
67 15 71
11 33 38
4 18 63
67 34 64
52 67 225
66 21 403
62 24 61
10 52 234
69 29 225
54 7 1468
16 9 240
57 51 304
15 67 73
17 50 492
40 12 96
61 50 21
2 27 389
55 34 301
27 3 7
30 53 163
3 60 28
11 29 66
52 24 1008
25 5 19
66 47 7
49 41 1687
4 56 789
14 52 478
41 46 113
69 13 281
18 12 2574
58 66 844
65 19 238
1 27 40
70 14 145
49 3 63
64 36 422
49 45 1564
4 17 98
36 42 25
48 18 819
3 42 191
54 32 209
11 56 765
55 66 28
59 41 920
37 25 52
62 45 225
21 24 1358
61 15 27
62 51 666
25 17 1373
40 9 3930
52 29 417
58 46 1297
15 10 2375
7 55 425
9 58 2788
49 61 3193
36 50 387
32 1 3977
12 62 3394
16 57 120
39 42 20
29 12 47
62 33 59
27 7 10
56 51 57
48 40 14
25 70 27
62 12 57
31 68 97
46 53 600
22 5 129
12 34 54
56 4 791
46 66 49
66 32 657
39 42 7
41 10 78
35 59 118
16 37 609
38 7 2132
42 63 741
33 32 54
17 49 89
13 48 1608
29 33 1350
25 68 401
66 53 402
1 29 126
9 23 2196
49 24 405
42 64 250
33 6 45
15 49 1380
54 30 699
61 40 18
30 58 53
61 13 710
28 30 35
29 17 113
1 19 596
42 35 1621
67 60 336
34 24 2203
31 59 361
26 4 100
37 44 526
68 43 4
54 4 1960
23 15 409
54 11 195
63 52 665
20 66 76
43 62 52
60 44 5
24 66 0
42 10 224
10 52 690
11 58 1101
36 64 269
64 34 1828
22 69 69
62 67 413
19 55 34
37 55 1851
1 46 24
9 33 3094
60 35 76
52 11 992
43 18 3644
19 60 84
67 24 314
69 52 349
41 28 1087
5 27 159
36 47 16
68 53 922
36 61 736
11 5 462
65 26 19
10 47 1740
8 26 116
33 51 1368
7 11 1678
63 63 35
10 17 491
68 52 125
62 47 3755
28 52 31
28 67 94
68 48 110
16 66 401
30 33 170
21 7 49
34 31 855
63 32 232
2 42 1762
46 18 4
8 13 280
42 24 313
29 4 517
25 35 35
34 42 127
53 12 650
42 48 879
25 37 821
16 35 133
10 61 100
33 46 3
23 40 59
33 29 74
24 38 67
38 4 49
16 26 93
56 18 108
9 53 295
66 60 305
4 59 1000
9 38 671
33 1 435
40 26 127
1 11 43
7 48 21
54 68 392
10 4 238
19 48 337
29 44 51
27 68 4040
68 6 814
6 19 1373
22 64 460
11 26 1947
50 27 134
10 60 134
48 32 50
4 48 172
39 55 140
70 49 95
65 67 29
20 56 2655
62 1 54
12 58 675
2 41 464
55 58 136
52 1 6
25 55 18
67 11 33
50 30 990
42 38 26
35 7 535
70 57 1455
48 59 131
66 43 1241
8 37 1
58 32 68
68 56 606
9 13 93
57 13 2118
23 6 1306
22 50 60
63 69 2742
38 6 65
69 57 17
3 48 437
62 7 52
11 4 191
27 24 150
43 39 465
56 26 2876
46 68 272
55 68 195
50 69 2637
38 17 52
10 65 130
32 20 254
8 18 62
37 23 88
70 58 1200
52 26 1058
39 2 25
58 12 377
37 20 1751
48 2 1002
40 47 410
13 28 83
4 69 18
59 1 2446
27 44 929
45 15 29
27 21 26
45 40 10
21 8 138
3 68 2153
53 53 89
49 41 23
33 46 99
52 40 3
33 53 253
31 42 16
21 8 561
4 26 125
1 19 16
22 55 33
46 66 997
30 43 21
70 47 59
40 38 37
23 11 416
22 15 62
41 63 73
20 42 336
22 59 13
51 22 51
6 25 1934
2 64 102
20 31 110
65 9 281
44 39 17
20 68 100
52 66 190
22 59 54
54 54 111
47 55 1335
15 47 408
41 27 620
69 30 505
52 36 61
37 17 674
41 16 77
2 8 435
11 15 47
25 55 11
37 52 12
30 41 416
19 38 2898
50 27 412
51 57 33
35 13 50
69 50 1402
33 12 403
57 31 2
35 15 35
20 34 28
50 40 36
50 1 25
16 40 943
51 53 576
45 62 419
14 51 46
67 16 1779
4 55 22
68 27 54
36 45 61
39 7 44
68 4 503
52 39 456
22 43 61
29 59 1411
66 61 615
10 48 30
65 36 21
37 14 123
48 55 1126
37 51 160
21 60 3
31 31 54
17 45 1531
39 65 249
65 69 1478
45 68 117
55 65 42
57 40 95
17 8 8
20 25 242
17 40 453
24 9 1944
51 45 86
34 32 49
1 30 60
19 14 363
16 56 78
58 56 627
59 41 3024
3 31 1947
40 19 122
69 68 55
48 3 105
25 29 34
56 65 538
29 20 421
48 43 1267
57 60 239
26 55 21
23 27 1977
44 47 675
9 6 837
12 64 2237
26 68 22
43 2 57
64 15 3720
45 33 457
41 52 130
21 49 1848
23 12 1772
16 70 39
66 1 3
50 15 226
27 51 78
8 56 191
48 5 187
31 43 1348
36 67 2724
9 34 435
12 69 1020
40 3 1937
20 31 815
21 68 7
64 11 36
12 9 3806
62 23 46
29 55 151
31 43 284
3 5 119
50 62 2191
5 28 45
33 44 221
39 16 247
30 50 3927
36 35 300
61 30 36
51 16 1971
36 27 2
30 20 26
41 63 97
5 16 6
