70 500
&&&^^|&&^&&|
29 43 10
20 57 3
57 48 522
54 28 1
39 58 10
2 44 1033
52 12 1537
33 4 3
39 46 3
39 62 521
23 49 1026
61 47 1034
48 66 1537
69 33 514
52 54 1033
9 9 2
60 37 9
35 15 1539
27 14 513
55 10 521
14 39 1546
9 32 1035
7 34 9
45 16 9
65 39 1026
1 31 1539
36 11 1027
29 55 522
49 27 0
9 13 1538
27 32 521
39 58 514
46 52 521
9 23 3
5 36 1
1 49 1547
63 36 513
1 12 11
32 28 1034
22 25 1537
52 56 1537
53 1 1545
61 25 10
6 13 1547
16 60 1027
27 66 9
40 43 515
31 37 1546
60 61 11
33 18 1
27 48 522
16 66 522
33 8 1545
29 62 3
67 48 1539
1 38 521
70 3 1024
7 1 1537
26 52 1027
38 5 2
70 6 1034
35 32 513
46 31 1
46 28 1027
6 6 1026
27 68 514
31 54 1035
16 48 515
53 29 1
17 35 1544
3 53 3
26 49 3
53 57 1547
52 10 9
63 43 1537
34 3 1032
17 54 1033
10 70 10
45 21 1545
10 8 9
26 47 1546
22 2 1537
29 8 515
63 70 514
15 14 3
26 37 513
20 56 9
42 14 522
64 32 2
14 46 9
26 50 10
52 67 11
27 66 2
44 62 9
6 18 1538
24 57 8
32 50 8
58 4 9
7 63 1025
11 53 1025
61 62 2
21 34 521
12 56 2
69 55 1545
25 57 10
33 33 1032
34 37 1
16 61 1545
44 41 1026
3 16 1026
64 39 520
69 52 1538
15 28 1027
23 5 1544
9 34 1024
4 17 1545
1 26 514
57 12 520
44 7 1034
43 42 1537
39 49 1027
48 48 1545
21 40 1538
23 44 523
6 22 1546
22 55 520
15 28 1539
58 59 1024
14 11 523
5 16 1035
49 60 515
34 41 1539
69 24 1544
3 37 520
17 43 1027
68 19 521
20 1 1544
40 5 521
68 32 522
32 35 1547
30 39 1034
10 7 1545
42 44 1025
4 12 522
43 2 1034
31 30 1538
8 67 1033
56 2 1034
38 22 523
36 22 1035
58 34 3
54 35 523
21 13 1033
57 28 522
70 33 1
18 58 1539
57 21 520
66 37 521
41 9 8
59 24 1027
52 64 10
4 70 1538
52 43 1025
23 16 8
38 44 8
14 54 1538
67 31 515
35 50 9
54 31 2
60 31 1033
30 39 1024
40 42 1544
37 23 9
57 47 1547
24 56 1034
32 1 10
70 33 3
19 49 1033
31 42 1024
65 15 1
61 2 1547
50 39 1546
38 21 521
7 15 10
35 64 1539
67 43 10
57 4 512
39 51 1035
34 53 8
34 26 523
10 68 514
52 18 3
46 40 9
14 17 11
68 65 1537
43 1 1537
70 49 1026
58 2 1033
47 5 1026
64 10 523
8 67 1025
67 12 523
8 19 8
18 53 1026
26 36 0
61 55 1033
50 18 10
46 51 1025
52 70 1032
16 22 513
29 53 513
26 67 1546
49 61 515
43 38 1538
30 51 8
1 16 2
46 55 1033
10 69 0
48 25 1545
28 18 1537
34 52 1035
60 32 2
1 10 1545
8 48 2
15 63 1025
11 37 522
3 4 1537
24 23 1536
6 55 8
40 19 1026
46 34 1538
22 53 1035
16 44 1024
11 50 1032
45 37 1026
43 64 515
65 15 3
61 54 521
37 59 1545
43 47 1
45 48 1545
9 40 1547
51 35 521
6 58 8
54 66 1537
46 47 1033
6 18 8
14 6 3
10 60 1545
40 12 1536
38 56 1033
36 10 515
21 32 514
36 16 515
13 69 513
44 5 520
38 62 515
68 16 0
58 51 1
22 14 1032
25 54 1536
55 49 1537
36 15 10
66 45 1537
58 14 9
59 59 515
55 54 9
41 10 1026
32 22 9
64 21 1034
29 62 8
10 56 1537
14 12 1547
56 1 521
61 1 3
28 54 512
6 51 512
59 28 2
25 11 513
16 44 1026
36 2 1033
56 49 513
51 61 1544
28 37 1026
57 9 1026
56 50 1
51 14 1546
44 45 1035
11 21 1034
19 42 0
37 28 8
3 56 1538
42 24 1536
39 19 1026
43 40 1539
53 2 1536
64 67 1546
26 15 1025
49 70 515
1 69 513
55 53 1536
66 68 11
26 46 0
60 47 515
21 24 11
43 70 1547
57 54 10
12 14 522
3 29 523
62 23 1545
44 44 1034
37 13 1538
39 68 514
37 21 1035
25 55 1
43 35 1033
39 49 514
27 8 1034
53 10 3
65 20 8
47 61 523
46 20 9
22 1 513
26 9 515
7 3 515
60 4 1538
40 16 1032
70 19 1032
9 39 514
7 12 522
60 52 1544
70 39 1024
18 17 2
45 33 520
29 41 513
21 6 515
28 16 1032
5 46 1027
24 51 1538
60 50 522
6 16 1544
49 68 11
52 29 1025
34 30 1034
56 23 1035
28 32 0
11 15 514
44 50 512
19 39 1033
4 58 1547
17 16 1536
19 26 11
50 33 3
52 50 8
42 63 513
60 11 1026
50 65 522
68 10 1539
59 8 11
15 53 1544
31 52 1546
5 42 514
26 44 520
28 51 1537
26 33 521
64 2 1536
69 19 1536
20 22 1537
32 5 1539
8 20 3
59 36 513
44 44 1
30 45 8
19 46 1537
29 66 1544
43 34 0
24 44 1033
32 35 512
50 50 10
34 44 1544
19 63 1026
33 2 1546
62 14 9
44 39 2
36 49 1035
46 47 1545
2 14 2
41 1 513
46 21 10
20 46 1547
23 45 522
64 58 9
44 12 2
6 44 1026
2 46 523
56 4 522
9 64 520
58 35 521
37 49 11
27 11 515
45 13 3
68 12 1024
59 13 1024
38 39 513
48 49 1538
28 47 1547
48 23 1538
68 45 1035
32 15 515
56 40 9
28 64 1024
51 55 1032
27 35 1536
62 34 9
28 46 521
31 51 1033
70 55 9
53 15 1032
29 43 11
3 23 1033
38 52 522
54 25 1035
24 48 1035
61 55 514
23 53 1544
61 13 1025
24 20 523
41 39 1026
58 41 1025
60 47 1035
18 9 8
65 11 8
12 31 1544
61 19 1032
18 53 514
46 39 1545
19 6 1027
12 60 9
42 39 512
70 35 2
29 23 1034
16 21 523
3 62 0
17 39 1026
68 55 1546
8 44 515
45 3 1035
66 39 1537
12 12 1546
32 58 521
52 30 1033
48 33 1027
15 52 512
48 34 1025
21 3 1547
45 58 1537
15 16 522
70 46 1545
55 2 10
50 60 513
11 15 1024
45 27 1034
5 8 2
18 56 1035
29 27 1539
22 36 512
26 12 1027
9 65 11
3 37 1539
64 22 1034
2 12 1536
14 21 1547
48 12 1024
17 21 522
62 69 9
39 55 522
29 45 1545
51 69 521
22 47 8
32 25 3
67 10 515
11 30 0
68 49 522
30 59 514
19 68 512
48 44 1034
66 32 1035
46 36 1026
18 48 1027
67 35 8
55 35 10
51 37 1
31 63 1034
9 10 1536
42 26 1033
52 2 3
48 58 514
34 12 520
4 44 2
9 40 1032
