70 100
||||||||||||
57 22 0
31 36 0
6 43 0
16 40 0
63 42 128
7 44 0
30 64 0
23 4 0
59 51 192
8 43 0
9 37 192
54 53 128
65 21 64
21 50 0
23 54 0
45 18 0
62 47 64
58 39 0
66 46 0
54 57 0
46 65 0
57 60 0
32 41 0
11 59 0
2 1 0
1 42 0
33 58 0
14 53 0
28 31 0
13 36 192
35 3 128
14 10 0
60 27 0
11 64 0
25 3 64
34 5 0
17 15 64
3 45 0
21 46 192
9 41 0
59 31 64
39 12 0
52 1 0
43 28 0
48 35 0
64 8 0
39 5 0
69 53 192
63 33 0
24 49 192
40 37 0
60 55 0
23 42 0
42 48 128
47 53 192
7 48 192
54 60 192
21 69 192
10 12 64
67 37 0
27 63 0
65 1 0
44 68 128
60 53 128
7 48 64
58 9 128
61 54 0
36 13 0
24 38 0
10 46 0
21 63 0
32 62 0
4 13 0
26 62 0
9 63 0
53 61 0
10 12 192
25 57 192
30 10 0
1 26 192
23 60 0
13 5 64
63 34 0
56 41 0
28 59 0
47 21 128
42 18 0
21 54 0
46 36 0
7 6 0
55 7 0
17 52 0
17 17 0
63 59 192
3 59 64
27 22 64
51 36 0
47 34 0
24 31 0
8 25 0
