70 500
&&^||&&|^&&&
1 13 27
55 12 0
26 24 0
59 36 1
43 52 25
62 33 155
68 55 1
44 56 8
58 17 1
46 11 16
27 22 147
53 68 154
36 13 16
64 65 2064
3 19 10
67 33 11
37 67 2
48 22 2185
62 39 147
35 42 1
31 55 129
53 34 3
43 46 2
15 29 145
37 33 10
35 56 2
31 9 8
67 29 128
41 58 3
44 24 10
6 42 153
38 36 11
12 63 153
21 57 2186
45 8 3
6 62 2074
56 55 3
19 41 144
48 26 130
59 36 147
68 4 0
59 38 25
67 65 0
53 69 2200
21 40 1
39 38 10
35 37 154
59 70 16
54 3 0
23 27 1
12 37 24
70 8 25
70 60 10
34 57 2
45 30 10
68 34 2
17 15 0
4 66 130
15 11 0
57 38 16
40 23 2
65 23 153
28 53 0
61 24 3
67 58 0
32 5 2
31 36 1
10 61 2
38 4 144
7 60 153
39 42 1
15 22 0
5 44 2
66 37 0
16 33 1
39 8 18
37 11 128
62 47 128
54 30 25
32 41 1
9 42 9
42 32 26
34 11 152
61 32 1
65 8 24
57 48 0
9 7 8
20 28 16
17 37 27
62 37 0
20 25 9
43 31 8
17 68 3
38 11 128
50 10 147
35 42 11
55 62 138
5 1 17
38 13 2
62 4 3
70 70 154
7 33 131
63 61 2
24 40 3
34 13 19
57 58 10
4 1 10
51 28 19
59 69 1
46 51 1
30 64 3
37 65 27
30 26 2
14 42 130
12 62 2
47 68 155
39 44 153
38 28 8
29 61 26
5 56 3
56 46 0
70 65 26
54 40 1
25 50 2074
66 33 0
33 14 17
30 24 128
43 48 0
45 25 1
38 17 153
61 48 3
46 22 146
41 30 11
43 44 2
21 18 1
13 1 152
50 31 2
57 24 145
21 40 137
22 51 9
56 10 1
6 52 0
69 20 129
56 61 3
36 51 0
28 18 17
6 60 9
29 59 17
11 35 27
33 18 146
48 39 18
7 38 3
46 6 10
16 29 1
37 30 0
31 37 1
60 4 1
38 62 2
22 48 1
66 11 27
50 18 2
61 33 19
44 8 1
23 44 9
31 57 1
68 36 17
34 38 27
49 68 139
6 32 19
66 18 136
31 16 144
29 25 137
21 51 1
26 51 25
25 22 3
58 13 1
34 21 8
62 15 2
62 60 1
28 16 26
49 1 1
10 30 0
61 21 18
69 49 11
17 9 0
57 33 0
15 26 2
32 56 25
58 40 145
32 38 1
20 62 8
70 47 8
26 29 11
26 37 8
62 14 155
2 62 139
43 54 24
10 33 0
3 40 0
27 32 147
18 67 11
39 44 8
64 61 130
40 44 137
21 40 1
11 66 2
33 56 3
50 32 154
3 20 155
51 67 0
37 55 8
38 61 2
52 9 18
11 30 1
35 10 146
27 56 147
10 45 1
33 5 2058
61 59 1
9 38 3
42 67 27
60 55 144
43 29 137
26 69 18
17 63 3
18 57 139
35 63 137
59 46 26
16 6 9
25 5 146
56 43 2
55 25 0
4 39 2
36 58 27
30 41 3
44 36 1
5 61 3
44 65 137
52 30 18
66 19 27
3 20 3
29 35 3
4 51 0
51 67 11
20 25 138
24 2 25
6 23 11
49 11 26
61 35 0
14 29 1
5 23 27
18 2 19
41 50 153
17 42 18
15 54 1
45 13 2
54 30 131
27 68 1
63 63 24
2 37 10
59 30 145
61 15 27
21 67 19
42 21 128
41 12 128
70 33 146
21 65 2
28 60 144
44 52 3
24 2 0
44 28 0
2 9 8
44 36 129
70 28 17
70 68 24
23 51 0
66 19 1
20 43 155
16 44 154
7 67 2049
62 43 3
69 34 136
27 39 3
61 18 16
58 24 3
4 15 2
56 9 10
58 21 1
35 51 1
11 11 3
46 70 3
39 55 2185
65 44 130
45 48 3
25 9 18
34 48 2
26 7 155
7 18 27
8 40 0
12 61 2
62 23 17
7 55 152
52 50 139
62 35 2050
69 23 11
3 42 2
12 40 1
21 37 139
34 63 18
53 29 0
68 16 2
62 26 1
11 25 146
49 24 1
13 5 145
20 58 2177
23 4 19
8 54 1
37 19 2
17 47 24
68 44 17
27 49 1
2 32 153
19 3 1
6 35 11
61 61 3
50 5 1
26 19 3
31 36 8
18 26 0
4 55 11
25 25 139
59 58 1
36 53 16
22 69 2
38 8 152
4 41 2
62 17 1
49 26 144
9 39 152
52 57 18
3 58 27
10 39 25
29 3 2201
8 6 8
34 69 145
51 60 2
2 34 8
20 62 17
13 32 2178
56 37 1
29 47 0
67 16 1
41 20 16
62 16 8
46 70 27
20 43 2
31 65 0
18 70 0
12 18 8
6 50 8
1 64 129
27 67 1
12 49 9
63 70 19
51 49 1
39 48 24
8 30 2
2 50 16
9 67 16
13 27 136
39 1 10
3 42 2073
24 64 1
49 26 3
70 66 10
54 59 128
13 7 1
70 18 26
52 19 2203
12 38 9
24 4 27
36 67 8
43 21 128
32 57 2201
3 21 1
20 27 2
40 34 2058
70 33 2
22 31 24
7 55 25
56 53 2179
50 31 8
56 37 3
67 5 1
25 11 8
33 67 8
14 23 3
36 39 1
42 10 19
60 4 27
46 43 152
37 29 11
44 27 3
62 60 10
22 3 0
20 2 11
44 39 128
11 45 1
29 44 3
42 24 138
15 8 17
12 7 155
7 12 0
6 10 16
34 62 1
36 43 3
34 19 145
49 6 152
35 20 0
69 26 0
41 59 1
39 55 153
16 25 152
30 41 137
62 53 138
51 39 24
12 55 8
37 36 131
42 9 2178
68 16 8
55 62 1
14 2 0
56 47 18
16 1 129
17 52 2
62 34 2
47 50 11
19 42 139
48 15 3
38 18 26
52 48 3
59 14 1
51 2 9
48 16 1
55 64 18
33 14 154
24 33 24
8 34 8
37 3 17
60 60 17
31 7 154
34 50 1
41 8 0
8 63 131
57 36 137
58 4 24
16 39 8
13 4 24
6 57 3
32 41 26
48 63 2057
47 14 130
62 12 9
10 56 0
42 46 3
19 67 19
56 14 136
67 25 1
51 65 2
41 16 147
3 28 17
45 54 16
12 34 0
57 6 3
38 22 1
60 11 136
70 50 144
8 60 3
53 60 16
11 27 0
64 51 137
13 32 0
62 51 11
59 35 131
43 8 131
42 69 130
45 38 25
57 69 8
37 23 3
15 49 11
66 40 0
24 27 1
7 53 19
63 10 0
6 45 3
22 36 18
56 35 128
36 40 3
15 23 0
