70 500
^&^&&&&|&&&&
33 16 62
64 31 1311
4 20 17
58 35 21
51 15 1830
27 4 444
48 2 1322
43 3 507
34 40 12
8 37 565
10 34 1575
62 4 2535
67 69 196
35 52 236
59 4 6
43 28 156
25 68 425
20 55 243
44 7 376
58 12 39
34 58 339
42 18 222
27 51 88
15 70 1043
37 34 282
56 5 218
9 58 4093
45 68 188
60 41 17
51 55 116
57 3 60
26 28 883
2 46 1016
38 54 145
37 56 147
14 35 194
1 14 59
50 54 3384
45 62 626
43 62 204
20 11 48
31 33 1816
69 62 183
59 19 1101
39 50 463
39 48 140
15 66 317
51 23 1586
33 34 8
8 1 163
54 31 1482
50 6 884
50 15 119
54 40 3266
58 36 20
69 53 268
40 52 23
70 58 52
2 54 241
67 47 1066
26 7 1229
43 18 19
13 69 97
41 16 59
28 20 931
59 2 308
35 23 1827
31 61 2458
15 4 1186
15 43 689
60 46 125
70 35 15
47 8 23
6 48 214
26 13 2076
18 12 546
55 16 595
25 44 2829
57 9 120
63 70 222
22 65 163
22 13 79
18 35 1765
51 15 1599
48 24 15
58 3 1255
55 43 107
31 35 2880
25 68 50
16 50 441
50 63 594
53 19 197
43 32 61
54 42 71
55 57 77
65 2 46
61 40 3424
70 31 1
6 5 59
50 6 62
47 19 59
42 24 3
17 61 260
4 42 449
22 51 400
28 43 989
10 31 418
35 6 213
32 37 972
54 47 164
40 53 462
55 26 73
25 46 452
7 43 642
29 63 3120
41 59 745
29 41 4
41 13 41
38 59 359
31 9 1815
58 23 53
26 69 625
35 31 203
36 16 4012
29 30 447
33 25 3
12 3 0
45 57 602
48 64 642
2 67 625
29 55 713
65 6 41
40 15 322
3 34 1536
70 5 68
28 42 17
68 60 27
42 68 671
3 56 2877
34 50 466
32 2 8
51 43 494
15 21 155
51 2 453
65 48 885
37 22 2794
10 23 35
47 21 75
48 32 164
69 70 462
69 36 192
69 15 0
32 29 177
29 65 145
39 14 31
58 42 181
59 33 28
4 16 92
69 55 53
51 9 87
68 16 3006
15 30 16
7 15 819
33 54 461
43 23 48
31 55 38
24 21 35
17 43 376
5 19 7
5 27 351
59 3 3668
13 68 165
14 29 440
48 48 13
27 3 47
12 70 210
25 3 16
13 43 1559
42 64 1840
17 50 2757
65 23 274
40 66 153
14 30 44
33 38 54
64 61 183
51 42 158
54 66 1370
54 4 1527
25 59 32
62 12 63
31 14 937
41 4 146
56 11 163
11 45 479
65 50 899
58 58 1288
60 60 135
34 47 417
60 26 1186
54 5 963
59 40 7
57 23 95
63 44 73
52 58 9
28 46 187
7 39 153
10 33 121
1 58 1097
24 49 178
62 55 500
37 46 79
35 51 1169
30 16 772
41 16 723
35 46 971
49 16 23
49 55 153
27 24 1767
16 66 52
65 43 387
44 43 50
44 62 480
22 43 63
27 58 154
3 56 3
17 12 294
15 14 989
35 6 129
55 20 110
30 3 939
11 69 3201
64 30 60
52 54 495
11 53 153
32 14 3393
53 21 94
24 34 194
45 25 38
24 23 180
48 14 1006
44 7 1012
30 47 93
23 13 317
29 19 2060
65 20 961
33 35 464
60 33 2131
64 3 174
31 13 240
25 7 87
48 53 592
29 57 51
46 53 183
48 59 65
50 51 236
56 33 1331
12 34 69
60 59 925
50 6 491
15 22 270
25 5 528
63 57 1007
63 32 222
11 23 253
35 24 875
32 47 1285
66 65 1638
31 1 71
49 62 559
69 27 0
8 10 229
63 57 135
39 20 9
10 66 106
9 46 444
13 23 37
63 2 612
9 34 835
30 37 34
12 56 405
20 58 125
13 20 10
36 4 207
67 38 518
42 68 808
38 20 167
9 3 1013
42 65 42
26 70 966
50 42 72
52 2 1765
41 55 1898
37 8 1519
62 51 41
17 68 1578
17 33 3993
59 21 103
1 32 153
4 31 206
6 2 42
55 3 380
15 14 3194
22 13 6
44 61 646
11 59 681
59 37 45
5 55 47
2 28 159
34 28 392
42 61 323
38 42 1833
12 37 4
20 35 1264
11 27 217
38 37 533
26 5 207
36 60 3987
21 27 54
9 31 18
57 70 39
35 5 55
53 37 48
32 34 1719
63 34 22
1 1 93
48 54 239
46 52 173
15 57 205
20 21 13
64 33 25
25 18 605
48 38 81
31 49 175
29 39 79
68 32 412
50 23 1820
19 40 2435
61 1 1285
28 15 17
49 17 633
69 45 88
35 66 326
24 47 33
13 13 152
16 67 25
66 21 1858
22 16 591
22 33 0
14 22 204
13 8 46
55 58 1335
26 11 9
2 62 12
55 42 68
50 52 608
36 6 153
37 8 267
54 23 187
11 7 779
39 36 101
3 64 522
45 14 31
42 50 50
31 12 146
41 46 25
63 49 27
37 61 336
10 46 167
69 57 1865
37 23 135
27 43 203
12 21 151
8 29 126
53 55 101
7 62 1345
13 24 214
56 26 370
19 10 732
8 39 687
37 65 121
21 46 22
56 13 59
47 40 31
21 6 882
32 10 29
62 37 1310
40 35 369
22 5 1381
53 14 936
53 66 122
21 9 125
35 6 157
25 6 439
18 55 29
59 3 61
69 67 12
64 51 56
50 67 207
57 7 2754
46 42 54
31 57 37
58 59 311
18 5 2
6 61 92
42 35 340
56 24 1409
30 53 201
27 60 1585
65 35 82
30 62 1910
50 16 359
15 31 707
11 22 318
1 19 27
30 37 0
28 59 521
7 67 69
46 47 3304
66 38 54
38 45 1490
57 2 2
27 67 366
51 25 385
19 14 605
26 6 231
49 67 200
60 27 199
48 40 258
49 33 872
59 33 13
63 68 1042
1 44 60
29 44 44
45 58 603
27 20 61
10 19 763
53 30 16
4 1 670
23 34 3
59 22 32
28 23 1644
69 63 494
29 22 1963
17 16 941
12 51 677
11 9 1023
43 34 19
19 49 2791
29 39 8
43 43 393
57 2 9
12 51 113
45 69 91
32 5 21
7 64 151
63 20 364
9 5 4
22 68 849
17 1 1001
26 19 31
62 65 1401
3 19 366
5 33 84
47 36 193
16 11 69
63 65 165
31 5 230
15 34 96
8 29 71
41 45 22
16 35 209
45 58 86
10 27 322
68 54 99
32 35 661
55 28 2600
38 64 26
5 68 7
38 38 532
59 43 11
45 28 122
38 63 2900
41 53 59
58 3 64
5 56 55
43 37 88
41 40 58
66 1 7
66 20 32
38 62 10
20 67 1252
44 12 1811
42 27 55
40 6 3340
46 60 98
69 59 741
54 49 127
55 34 34
1 14 117
54 7 52
