70 500
|^&||||^^^^|
2 21 0
59 60 548
27 16 32
55 63 32
13 22 36
24 14 560
22 15 564
69 37 548
43 35 48
8 40 560
70 29 32
29 2 52
32 31 564
42 39 20
70 61 4
12 31 548
25 41 16
57 17 16
25 13 528
66 14 32
51 56 560
42 27 512
16 14 548
32 23 544
16 37 544
32 17 532
57 15 564
2 2 20
39 28 48
54 12 52
27 21 16
13 22 20
69 36 20
48 4 48
53 43 48
31 24 548
26 61 52
8 69 560
34 10 32
14 15 52
4 10 52
44 54 560
11 11 512
16 20 52
14 68 20
18 53 544
65 24 0
16 53 36
36 26 52
30 9 564
38 65 32
41 29 512
66 13 516
43 40 52
66 27 16
28 47 32
27 57 544
17 59 36
51 12 36
33 22 512
16 38 48
44 31 32
51 23 560
6 64 36
14 16 4
13 55 544
15 30 516
62 12 0
1 65 32
19 37 52
26 62 548
16 13 4
43 46 32
68 60 20
37 52 564
55 41 48
61 57 560
24 16 4
67 34 0
54 51 544
61 27 560
63 66 564
1 57 20
14 68 0
25 67 52
14 40 52
29 23 532
3 68 32
57 40 564
42 25 36
35 7 564
40 46 544
55 47 36
23 55 560
9 63 528
29 51 544
7 46 16
36 68 528
36 30 32
12 5 4
46 2 32
37 3 516
60 2 516
4 14 4
25 37 544
11 17 548
35 58 548
39 56 36
31 9 4
38 11 516
7 27 52
62 42 528
16 37 560
1 61 0
45 55 48
43 3 48
32 28 52
66 30 528
43 31 32
61 31 512
4 9 528
57 19 560
5 19 512
19 52 528
4 18 48
15 50 36
60 57 516
17 27 512
52 52 4
37 60 20
55 40 532
24 46 528
2 68 564
55 10 548
57 50 52
45 65 36
11 24 516
45 64 4
70 35 52
5 21 16
25 1 20
33 46 532
68 14 564
3 28 4
70 37 48
26 45 544
8 28 20
44 8 528
23 53 20
54 52 544
21 12 564
38 40 512
22 17 560
14 23 20
68 1 532
62 49 20
1 39 0
10 24 36
23 56 532
2 7 32
48 24 512
37 58 16
47 39 16
39 17 16
56 38 36
29 68 528
47 23 528
69 9 52
11 29 548
28 11 16
17 55 32
63 59 20
11 30 20
57 7 4
22 29 560
50 8 48
15 11 548
24 44 544
66 17 528
50 27 532
31 20 512
51 51 564
65 69 0
33 60 564
23 7 52
29 66 532
25 63 548
44 19 52
1 53 36
10 33 32
63 4 52
56 50 32
22 8 4
56 55 528
30 54 36
15 32 544
22 43 560
51 10 564
42 61 0
35 11 0
65 62 548
42 57 16
31 26 528
53 14 32
30 53 532
27 66 560
69 40 532
51 61 16
44 37 4
57 65 32
56 36 560
51 2 544
17 22 512
43 47 36
23 68 52
47 38 544
52 43 32
47 64 548
59 50 0
5 37 48
31 16 52
26 49 16
49 22 4
63 29 48
29 29 528
25 64 528
50 36 48
23 66 0
9 58 32
58 40 0
29 6 528
46 34 532
68 16 512
2 57 52
6 19 52
2 63 532
68 15 4
47 41 32
14 16 52
10 40 32
47 52 528
19 8 532
2 58 48
18 56 532
20 13 36
47 30 32
31 18 548
28 23 544
19 63 52
60 2 36
28 56 544
46 10 36
34 57 48
39 15 564
62 35 16
10 3 532
14 23 16
52 16 532
12 12 16
35 28 512
41 70 544
22 54 532
64 24 560
23 69 528
24 56 532
46 16 0
29 26 532
41 24 4
6 49 544
65 12 548
70 28 516
33 56 52
67 9 564
16 3 528
6 22 0
5 57 516
5 64 560
5 5 52
54 46 560
11 31 20
10 65 512
43 22 4
25 32 564
5 53 512
37 10 532
16 58 512
14 10 4
33 28 20
32 35 16
58 38 0
16 48 4
50 67 16
13 19 564
50 6 0
9 32 20
53 20 564
11 15 36
27 12 544
1 46 16
13 4 532
5 41 48
65 20 4
26 44 532
57 11 20
58 31 560
68 69 48
44 50 48
29 61 4
33 55 36
38 47 544
38 61 548
10 59 548
70 21 544
62 6 32
30 56 532
38 11 528
57 36 544
14 21 0
24 57 544
51 12 532
40 37 52
67 26 560
14 4 16
40 49 528
18 3 532
7 19 532
26 41 0
52 65 52
38 5 16
4 56 0
15 61 512
16 32 548
18 29 52
50 61 48
25 5 544
70 52 36
46 69 528
68 4 20
62 65 0
55 48 516
17 44 544
42 40 48
61 19 564
26 6 52
53 56 560
8 63 528
6 58 4
64 3 516
34 19 52
70 46 16
57 30 532
29 15 48
26 70 532
68 50 48
31 66 544
67 49 36
64 32 52
41 23 532
38 36 544
2 35 52
14 48 48
60 59 516
24 65 560
58 42 0
59 50 544
64 69 20
64 54 516
52 49 36
40 23 516
56 44 4
11 17 52
67 64 564
29 33 32
22 55 560
61 62 36
62 18 52
66 32 528
15 8 544
63 5 4
59 6 564
51 57 4
14 14 544
20 14 0
17 52 52
14 67 52
53 18 4
7 35 20
2 39 52
27 34 48
42 70 560
6 3 512
1 40 32
13 13 512
24 65 528
18 41 528
39 22 0
53 10 532
51 14 0
24 46 548
36 3 20
47 2 48
66 53 560
60 67 548
35 55 512
65 59 512
69 61 0
65 37 564
44 53 544
64 19 36
6 56 516
31 20 4
27 30 36
69 57 528
44 8 4
30 28 32
13 43 564
11 60 0
51 41 564
20 51 548
46 25 48
28 9 544
59 46 560
35 27 52
27 43 20
25 46 564
43 22 16
19 44 564
11 23 52
9 42 512
9 42 512
6 67 564
44 51 0
9 65 528
45 47 532
60 55 4
7 12 532
57 48 528
31 4 560
67 52 528
38 31 0
24 49 564
38 67 532
36 32 36
57 19 4
59 16 20
50 12 528
22 5 20
22 58 20
31 3 512
52 22 564
63 33 52
10 69 4
27 69 512
39 38 512
50 57 512
49 4 528
33 8 16
37 1 0
17 1 0
47 10 4
67 10 532
28 19 32
55 16 548
20 58 532
60 31 20
58 12 32
5 25 516
47 50 32
3 66 0
24 44 544
46 7 548
70 61 564
23 32 36
15 34 20
69 1 532
55 46 532
56 68 528
53 56 4
63 36 16
5 4 4
13 45 32
36 57 0
17 39 516
53 18 16
1 47 512
4 33 36
18 53 52
44 64 512
10 61 544
64 53 20
40 38 20
60 3 528
35 6 32
39 14 48
5 48 560
33 56 516
53 34 4
1 13 48
45 67 516
25 32 544
