70 500
&^^^^&^^|||&
9 14 4
41 65 0
26 38 524
46 5 1796
50 57 8
21 67 776
67 36 5
26 48 261
36 70 12
12 52 5
19 69 0
6 55 769
10 34 264
58 12 5
2 40 769
27 27 1
18 24 1
9 33 1
41 44 1
14 59 5
44 39 5
33 52 8
37 60 0
61 67 0
49 30 8
45 43 8
28 57 4
61 67 268
19 52 12
36 59 0
34 9 4
52 15 0
40 9 0
15 55 8
32 42 8
29 44 5
25 67 269
49 55 4
27 58 0
19 16 8
6 17 268
18 35 1
30 27 8
39 32 12
36 60 1
35 43 1037
41 59 1
48 67 1
23 33 12
56 44 4
58 47 524
63 5 1
53 59 0
53 7 4
38 25 1
9 16 0
4 54 0
16 65 516
24 6 1
14 33 1
15 1 1
7 25 13
46 25 8
10 65 12
12 45 13
19 16 5
12 67 12
35 31 4
58 39 264
61 19 8
26 13 0
29 31 1284
57 48 12
63 2 257
3 15 8
6 6 780
18 7 1
27 46 256
55 63 0
26 54 1
1 39 268
49 22 8
53 20 9
1 15 780
40 66 0
32 60 513
38 45 12
11 66 0
3 8 1280
12 25 8
25 5 1
63 67 1
35 57 13
15 50 0
29 29 1
50 59 1
61 51 8
7 8 8
3 2 5
52 18 265
55 5 0
30 49 1
39 58 0
36 22 520
25 68 1
5 3 1
55 63 9
26 36 1036
13 59 1
59 66 5
51 62 1796
22 28 0
24 10 4
62 23 8
7 17 8
25 14 260
64 17 5
12 43 1536
31 47 517
60 59 8
16 70 1
59 31 1537
67 59 1
32 33 0
47 9 1
8 51 1
11 14 4
56 3 5
42 2 4
47 16 12
36 32 5
53 62 268
46 17 0
51 6 1
60 4 264
17 51 1
11 23 1037
32 59 1037
47 50 4
16 11 0
43 28 520
20 28 13
25 16 773
32 14 1
4 27 261
67 37 0
58 1 12
44 61 13
21 30 0
39 31 13
64 36 1
62 19 12
47 58 0
69 52 1029
30 6 1285
1 50 1
60 8 268
34 19 0
29 48 1
27 8 9
69 43 1
61 30 13
52 10 1548
45 12 1
46 48 0
49 40 0
4 36 9
52 30 9
58 46 8
40 1 5
6 33 12
28 18 1
36 23 0
65 60 12
2 20 0
1 19 1
3 36 1
43 47 264
32 12 4
42 13 268
52 43 521
11 70 5
4 33 9
56 39 1
14 57 4
57 68 261
25 1 269
61 11 9
1 26 1289
25 25 12
37 40 5
56 18 525
11 23 1
36 3 9
59 32 0
31 44 4
38 56 1
54 36 0
7 50 524
25 27 0
36 43 777
20 49 1
28 18 0
18 57 0
16 36 8
28 10 5
53 14 1
2 51 4
1 33 0
55 44 1
61 23 269
34 57 768
23 8 1793
44 49 1
16 31 5
70 60 257
45 58 13
10 22 512
8 36 1024
35 17 269
2 48 9
35 68 269
23 54 1
6 12 0
33 4 256
39 47 12
43 59 13
5 38 261
63 42 12
17 29 0
1 45 5
50 25 4
21 45 0
28 63 13
59 38 1800
45 45 261
24 42 8
48 33 512
21 16 1
45 27 5
39 63 13
24 34 1
46 1 12
58 15 1
1 28 12
1 11 265
14 1 0
26 65 769
37 51 260
70 38 1292
49 36 0
40 48 0
43 58 12
28 7 1033
57 7 4
68 5 9
29 68 268
18 7 769
53 70 9
55 21 13
7 34 5
16 56 13
37 21 268
50 65 524
30 43 12
59 38 269
42 15 1
16 53 777
42 14 13
29 61 1
23 66 5
65 26 0
7 14 1
15 22 0
70 60 9
48 30 5
6 6 8
13 9 12
5 26 4
8 10 9
2 52 1024
62 24 9
8 62 773
1 44 1
8 28 516
65 47 0
64 41 1
62 68 1
65 70 1
50 15 4
23 1 9
62 1 1
18 15 0
14 7 1
65 28 781
42 45 1025
29 28 1
35 5 5
42 10 12
29 27 12
59 2 5
46 54 13
52 50 13
42 44 12
54 24 1544
13 65 768
62 15 12
23 18 9
45 27 1
11 49 8
5 11 13
1 21 769
50 70 4
64 66 9
67 17 4
26 40 0
43 57 8
41 66 9
60 8 1
42 31 4
21 5 0
22 6 13
14 51 5
44 13 1
36 34 1285
25 40 8
14 69 0
36 53 12
54 35 520
8 25 1
27 9 0
6 27 8
9 5 265
24 18 1
26 31 5
13 32 773
49 15 1
28 6 9
36 43 13
64 51 13
26 7 269
67 40 268
19 1 512
22 4 5
22 5 513
44 41 13
21 47 0
17 13 0
2 45 9
24 33 1805
45 36 0
18 9 12
22 68 1
6 28 5
13 44 12
34 57 261
19 40 1
19 51 5
55 3 13
63 22 0
15 23 5
13 66 1536
6 62 0
43 12 0
19 14 0
69 3 261
24 4 5
45 27 268
63 35 0
37 9 1292
48 24 0
67 60 524
53 36 268
50 64 8
53 14 1
18 13 8
2 63 4
32 40 1
39 29 1284
5 64 13
37 2 0
7 41 8
50 3 1028
2 4 268
20 47 517
28 54 8
43 55 521
67 16 1
64 17 4
9 46 8
12 17 256
21 6 8
33 67 269
14 47 4
43 28 0
16 53 5
36 70 0
10 6 4
28 54 256
7 26 8
41 14 1548
58 20 516
50 8 8
5 8 0
59 51 4
30 6 1
33 37 1
67 15 4
57 63 1537
63 70 12
28 39 0
27 4 4
40 52 4
2 41 1793
23 22 0
10 30 12
43 33 4
6 2 1
43 47 8
17 19 13
67 25 520
2 35 0
31 40 0
22 5 512
26 58 773
17 10 0
19 64 12
68 20 5
14 32 772
4 42 12
20 42 9
11 4 1
44 59 5
45 29 1
1 3 13
25 9 5
66 50 13
42 12 8
65 9 5
28 39 1
54 54 1
18 13 9
29 8 0
67 12 9
38 50 9
61 42 265
23 14 1
40 13 1
48 3 780
17 9 1
3 13 0
48 40 12
58 24 0
62 18 12
49 63 12
42 11 0
32 51 4
1 62 4
44 63 1
2 70 1
67 10 12
41 1 8
29 20 8
25 6 0
46 11 9
41 27 0
58 25 5
37 52 0
6 62 1292
31 5 1
66 35 257
10 36 8
48 11 12
68 69 1029
49 43 269
67 1 1
66 37 1
34 11 0
19 60 13
2 38 5
1 30 257
61 70 1544
38 6 5
44 11 0
38 64 1800
36 44 0
6 47 4
59 30 12
24 44 5
11 53 260
42 47 524
69 55 4
42 38 1
59 39 1
15 32 9
17 55 5
49 26 9
66 19 1792
65 27 8
55 17 1
