70 500
^|^^^^^|^^&&
44 20 128
66 47 2
62 45 2186
4 37 136
37 25 0
48 19 128
42 10 128
37 13 8
52 5 8
45 64 2178
2 3 131
43 51 1
47 39 128
41 34 10
22 15 11
2 30 0
58 22 2
65 16 1
1 40 129
40 13 2050
16 16 2
42 5 1
47 2 8
52 32 2058
51 15 130
36 10 137
68 53 2058
63 23 8
34 39 8
28 19 2
1 16 9
26 12 131
20 18 10
53 22 11
5 49 8
2 8 139
45 23 130
65 36 129
24 29 2049
55 18 11
45 7 128
70 7 136
21 57 129
53 70 130
48 33 137
41 63 3
25 54 2179
33 60 136
66 3 2187
17 47 138
49 44 10
60 57 1
9 7 9
11 40 10
30 1 2178
58 65 11
5 51 0
24 7 8
51 60 8
31 47 0
56 19 136
68 62 131
59 20 1
64 66 11
65 20 2
12 11 2057
39 18 8
50 34 131
53 18 11
7 54 9
56 17 8
22 70 138
43 48 2
2 59 2185
58 46 8
19 29 130
48 2 10
42 5 129
50 53 136
42 69 136
49 49 139
17 56 2177
31 28 10
39 4 3
40 18 9
64 15 10
27 65 11
32 69 137
58 69 2
49 69 137
26 56 10
51 19 2177
4 42 2051
9 3 2
16 31 2
17 6 2177
7 29 130
64 23 10
66 51 3
66 15 128
14 34 128
31 35 128
13 21 10
48 37 1
44 17 130
27 52 2
23 63 2048
34 8 129
62 37 2186
3 24 11
35 3 10
18 54 139
1 37 129
38 11 9
41 10 11
47 55 2
44 43 0
48 52 3
40 59 138
35 42 2
61 48 137
54 44 11
56 29 129
28 33 0
37 3 138
50 25 129
28 53 2
18 29 10
20 4 138
33 66 10
26 19 1
27 50 131
10 31 2
4 18 136
52 12 11
43 47 10
31 41 0
39 19 138
70 59 9
18 32 2059
47 31 139
15 38 2059
41 29 1
59 64 129
63 10 130
43 60 10
63 66 1
5 65 11
60 64 8
2 1 8
28 19 1
40 14 136
16 15 11
28 62 8
8 33 2
3 12 136
69 26 128
70 31 3
25 6 9
2 57 0
68 53 0
22 31 11
10 39 1
63 62 9
34 11 9
2 59 131
24 66 3
9 56 130
12 39 138
16 22 0
61 38 2179
13 38 11
50 60 0
66 31 0
52 55 131
53 37 128
62 54 9
40 35 9
45 13 2
4 29 11
8 25 9
48 52 1
35 20 137
68 55 137
53 27 131
31 27 128
8 69 2
36 44 2
14 33 1
49 12 9
43 53 138
25 68 11
4 5 8
68 16 9
14 23 10
60 44 11
69 3 1
10 20 11
63 69 128
30 40 9
9 27 138
49 22 8
4 31 8
11 65 0
38 42 1
22 30 10
25 17 137
19 25 130
25 15 2
15 16 2
70 68 137
54 45 129
49 14 136
62 69 2050
61 12 8
32 31 136
27 22 11
55 55 137
5 26 9
37 67 129
20 26 2
25 60 2
36 3 9
26 53 11
69 51 0
28 8 11
19 29 137
65 32 8
46 52 1
62 23 8
30 49 131
49 10 8
54 47 9
21 12 2184
5 33 10
67 55 139
58 12 3
20 68 1
31 42 8
24 23 0
60 66 3
64 3 138
56 49 2185
2 25 10
41 59 9
5 42 137
53 69 9
13 68 10
9 42 9
25 56 130
1 10 137
22 9 2050
25 39 9
21 39 2049
24 13 3
67 9 10
26 50 2186
61 4 8
59 11 10
21 42 0
11 67 137
4 44 2056
17 31 131
55 7 10
18 22 129
55 9 139
3 49 11
3 16 9
55 7 11
60 30 131
21 68 3
56 32 3
5 18 130
14 52 136
58 68 2178
47 24 128
62 17 10
14 36 131
43 28 10
33 18 3
13 28 0
59 42 3
9 70 0
6 52 3
68 16 139
37 55 138
38 24 8
53 30 2059
28 1 3
8 39 128
12 59 2
40 27 3
15 49 1
36 52 8
30 23 0
23 65 3
45 46 10
15 27 1
38 69 9
58 66 10
46 15 10
68 65 139
41 32 8
27 24 9
70 64 1
65 22 3
24 35 8
56 66 9
20 67 1
67 60 0
13 5 2056
67 8 0
69 55 2184
37 25 8
54 5 138
28 61 2179
33 66 1
62 19 9
66 5 131
45 41 136
46 29 2
44 39 130
9 20 0
36 21 2
34 16 136
8 67 130
25 63 11
42 61 2049
45 54 2
70 33 138
22 61 11
32 21 1
35 6 139
22 44 1
67 22 11
16 52 2
6 64 3
67 41 138
3 24 2051
65 47 10
17 51 8
12 48 8
19 13 3
31 20 1
39 40 9
61 26 8
66 63 9
34 27 2051
41 49 129
69 8 2050
58 38 1
46 51 137
46 67 129
1 11 128
6 54 3
47 1 131
67 64 8
4 67 2177
23 37 11
25 23 10
23 13 9
33 67 1
50 61 139
36 56 11
13 50 8
37 60 130
58 34 139
2 19 0
68 20 11
28 57 131
26 4 128
50 20 10
51 47 2048
16 50 131
22 3 2
32 35 10
43 3 2179
19 44 10
1 21 8
70 50 139
13 36 0
64 40 9
8 36 1
9 40 131
20 16 10
51 51 129
4 40 3
9 46 136
30 41 3
39 9 130
21 23 1
41 25 8
1 6 2185
68 7 2059
2 49 10
16 46 3
55 44 10
67 41 131
64 22 136
68 66 130
65 23 139
13 16 128
70 35 10
47 65 136
54 50 1
2 54 139
20 18 9
22 5 2
44 20 130
69 40 9
68 19 136
32 48 3
35 70 3
52 38 128
20 65 2
44 45 139
50 26 138
33 48 2
2 57 2057
45 26 9
68 40 128
59 63 8
16 8 2
53 70 9
11 5 128
15 19 0
53 44 3
51 17 2
2 37 0
30 26 2049
20 43 0
8 49 9
49 6 9
67 17 11
54 10 2
35 54 8
2 67 131
48 2 11
46 1 3
25 23 8
36 11 0
14 6 2
41 59 10
2 22 2
1 57 8
53 63 131
27 40 2184
23 17 138
26 5 10
35 45 137
22 54 10
37 17 8
53 61 130
26 37 139
57 12 2059
64 66 9
31 70 8
44 48 136
24 54 1
68 19 3
11 42 8
53 22 128
55 43 9
46 32 9
17 53 1
57 68 3
53 9 9
67 61 2
62 52 2
52 47 1
61 61 3
13 59 0
40 40 136
20 51 139
66 66 0
33 36 129
29 50 129
11 62 9
61 16 2049
45 8 137
27 8 138
26 23 139
47 5 9
34 14 136
6 5 10
40 10 130
53 59 139
26 49 8
36 30 9
21 14 1
61 15 10
49 48 1
59 43 9
21 49 8
64 10 9
27 66 10
51 7 10
18 68 138
30 22 1
43 22 137
