70 1000
&&&&&&&&&&&&
63 41 1044
66 38 1233
24 14 1217
23 41 1024
27 42 1217
70 46 196
37 15 0
47 16 145
29 60 81
38 27 197
66 50 1157
2 31 1221
46 18 1168
68 54 208
70 12 16
57 34 149
50 60 0
70 2 5
31 21 84
47 33 5
43 27 132
64 44 149
66 9 1025
3 59 1092
46 59 1024
46 32 1232
24 30 1029
48 70 5
12 8 68
22 25 1040
60 57 1172
22 14 17
46 23 1221
20 58 1172
55 55 1220
51 55 80
50 51 1216
23 62 4
23 60 144
49 56 68
70 15 1089
5 53 129
50 67 212
51 1 1104
40 6 1093
40 13 1173
15 66 85
32 33 1220
3 1 192
17 31 1216
30 8 81
30 13 1156
36 60 64
7 14 69
53 10 148
54 18 1024
24 52 1109
44 25 193
22 12 21
68 48 16
58 8 68
62 27 144
70 56 21
45 56 1153
63 58 209
11 59 145
67 32 1029
22 31 1092
6 56 1041
58 9 192
10 15 16
1 24 213
34 40 1152
28 66 21
29 68 1152
27 12 5
59 50 1108
24 15 212
13 39 1152
18 46 1109
62 50 1025
36 10 65
22 47 1172
4 68 1025
31 15 84
20 67 1093
24 34 1153
48 60 213
7 62 1044
23 44 209
58 57 197
64 31 144
24 4 193
22 42 193
54 35 1109
47 34 196
42 65 1024
2 22 197
23 67 1104
48 9 1024
58 55 85
60 15 145
50 22 65
50 29 1105
53 61 193
52 51 148
27 15 1237
41 20 4
58 67 213
56 32 1028
62 18 1089
36 21 1040
46 14 1220
59 19 85
27 66 21
70 66 1217
44 60 5
5 51 17
46 31 1156
66 21 1109
64 49 1025
51 64 1236
9 31 81
1 19 196
13 40 69
21 34 1044
15 4 149
61 42 1152
28 37 132
52 23 132
56 48 192
33 49 65
67 53 1093
56 42 1173
30 10 145
4 68 1237
26 16 1045
44 22 16
60 27 1105
20 4 213
63 23 1044
21 67 1168
26 34 1088
33 61 1088
68 52 1221
21 13 1237
62 56 1024
31 56 85
54 65 1041
35 55 149
48 29 192
35 68 1028
36 44 1041
37 39 1236
30 48 1221
40 43 64
21 4 1040
8 64 0
12 38 69
12 22 1093
34 36 1108
58 6 1236
52 21 193
40 12 1044
69 54 1157
25 10 1105
38 64 84
3 38 1040
40 65 145
12 4 1172
44 39 193
21 27 1092
64 17 212
62 67 64
3 59 213
48 11 65
58 66 129
56 58 128
64 6 1045
59 25 1236
37 16 1029
66 65 1236
65 20 1089
53 53 80
61 61 145
43 29 1025
37 30 197
13 7 1093
21 44 192
25 25 21
10 37 17
61 60 148
41 62 1236
29 62 17
32 68 1217
53 23 1232
56 29 1216
13 38 20
3 47 133
41 61 129
2 54 69
29 5 212
59 16 1109
40 52 1236
35 44 0
28 43 1173
28 62 1024
24 51 1
12 11 129
12 23 69
30 45 132
44 1 1232
14 69 4
66 1 64
16 46 1093
5 58 1041
17 49 80
26 54 1092
1 66 1220
8 18 1172
25 21 1041
38 32 1216
16 65 1233
16 47 68
13 52 209
59 47 149
60 37 1233
56 48 212
6 66 133
59 50 148
6 24 5
41 31 85
63 33 1220
61 1 1232
13 50 84
42 41 1233
23 43 5
52 50 4
30 42 20
24 56 17
47 51 81
38 27 1233
8 67 1237
66 1 1217
4 46 17
27 39 1172
41 70 193
29 36 1025
56 38 1156
64 44 132
36 62 4
41 65 69
58 70 1089
14 67 213
20 7 16
19 57 1232
40 45 209
61 35 209
57 36 0
21 44 1105
65 68 1109
68 7 5
16 43 68
53 63 1233
26 45 192
21 19 1108
48 9 68
19 57 132
60 30 192
51 64 1108
63 32 1040
24 34 1173
45 22 1232
7 36 133
31 47 69
31 22 1233
22 69 81
19 17 1156
62 48 85
67 68 1109
58 59 1
63 8 1088
62 46 1024
48 32 1104
69 53 1104
69 24 192
66 12 1028
1 70 64
18 64 1172
10 50 1
29 68 16
30 35 1041
23 28 1220
18 31 1237
34 21 1089
8 49 149
15 44 128
31 28 1220
9 70 1040
63 50 128
35 6 128
22 8 1089
66 65 1024
22 8 129
27 14 85
17 67 149
64 61 192
18 68 1028
16 62 1220
19 37 64
58 16 149
31 50 132
37 14 1233
57 50 1092
47 8 1169
44 68 1237
21 30 213
34 3 148
38 41 1168
36 7 17
59 30 212
53 47 1157
43 63 20
10 7 65
20 14 1233
50 9 1221
17 21 1089
30 54 65
40 43 128
22 62 1232
19 27 197
15 60 128
68 45 1045
32 42 1024
14 52 1040
14 6 1220
21 53 1173
33 38 1233
32 14 20
9 63 4
23 24 1157
32 4 208
62 50 85
17 8 1
62 39 1088
39 25 128
20 54 1028
53 5 5
60 11 213
7 20 197
13 1 1108
51 45 1172
32 2 1092
67 16 133
58 33 1157
57 59 1024
63 48 149
15 10 212
22 58 64
40 37 1157
41 2 5
44 9 1041
10 48 208
34 66 1237
66 6 145
42 44 1025
28 31 1173
16 53 1172
38 62 193
9 61 144
10 24 1093
33 28 208
45 36 1157
24 53 65
47 9 196
19 33 80
13 43 1045
69 23 64
54 62 1105
1 61 1152
37 7 197
56 37 1152
65 59 0
4 52 80
32 41 1217
13 52 1105
64 52 129
29 67 145
64 46 1152
3 16 1088
18 16 65
26 69 1024
59 17 81
28 66 1029
49 15 69
70 54 1105
69 53 1152
13 49 133
32 25 209
47 15 1108
58 4 5
47 56 1088
4 28 1233
11 1 1044
20 64 213
51 68 129
1 10 193
53 40 1237
12 7 128
51 23 148
59 11 144
50 37 84
25 21 1044
13 16 1156
24 11 84
5 46 1153
51 30 1088
68 9 81
23 42 1216
41 55 1168
66 37 1153
48 16 209
13 57 84
14 6 1157
61 62 1089
51 56 1236
21 55 212
55 20 1104
32 37 1089
10 56 145
67 5 1029
25 69 1152
30 48 196
45 31 1168
24 10 196
5 11 1088
39 52 1169
38 5 1104
5 24 1221
57 50 1221
4 64 1040
35 27 81
59 10 1233
13 59 0
11 41 1093
57 13 4
25 17 1025
36 23 144
2 57 17
25 58 209
39 42 1028
38 44 1220
31 31 212
45 60 1237
38 25 1104
3 50 1221
16 41 4
2 48 193
54 41 84
59 6 1172
68 43 1232
4 60 17
27 12 81
25 24 144
2 68 1104
26 66 1029
39 42 1233
5 46 133
44 39 1152
35 63 68
11 35 209
37 53 1044
33 42 196
20 50 5
47 33 129
16 67 1041
29 28 148
40 18 4
39 28 129
14 8 1153
57 35 1232
14 68 148
12 69 192
1 3 1236
31 26 1169
51 35 17
47 55 1045
67 42 212
1 62 1232
14 15 1024
42 48 1173
70 47 1172
8 25 80
57 57 1168
13 60 69
16 16 4
48 32 1025
62 69 21
34 16 1168
54 10 1044
27 18 129
64 34 213
33 20 1028
34 59 145
19 46 1237
45 38 129
56 49 85
15 50 1153
66 61 1157
53 40 1028
61 52 1045
28 23 1028
69 69 1156
38 60 1232
46 52 20
51 42 64
21 51 0
3 60 1153
62 33 1220
60 65 85
26 20 1157
9 40 208
13 65 129
5 52 213
38 42 149
20 64 1028
14 54 1232
12 1 1232
53 67 5
48 13 16
11 7 81
69 28 1025
26 69 1
36 12 196
64 51 1040
16 38 4
50 8 197
52 36 1152
3 19 1220
21 38 1025
22 35 1153
41 29 1220
2 54 196
37 67 65
40 33 1
28 25 1156
50 53 1109
31 2 65
31 43 1024
5 26 1029
35 24 1041
54 10 1108
68 21 1220
52 5 1041
44 32 133
30 42 1221
11 34 1029
15 42 1029
19 70 5
61 36 1108
22 66 149
7 70 1040
60 13 1220
30 44 1108
37 33 132
39 44 1093
6 38 64
17 1 1232
51 43 212
12 67 1233
9 15 209
9 9 149
59 5 148
38 32 1232
70 68 0
7 14 81
38 68 4
66 8 149
36 55 21
34 10 65
28 7 64
56 34 213
21 67 4
14 45 1157
3 45 17
70 20 1237
57 12 1040
46 22 148
59 63 1236
64 58 133
47 41 193
36 56 1236
12 10 133
15 44 1156
39 23 1173
28 62 20
36 70 1045
36 49 208
32 6 1216
24 62 1028
67 27 20
33 13 1153
40 50 1153
50 7 21
39 16 21
22 11 197
50 51 1220
12 26 193
22 38 4
57 30 1168
44 60 1040
68 67 1169
19 11 81
37 12 1220
26 26 1232
66 22 1237
25 29 1233
34 3 5
28 24 1172
30 65 1093
62 4 1028
21 26 192
55 31 1173
69 66 1045
53 11 133
38 6 129
43 12 196
62 30 80
38 25 1236
25 36 128
30 55 128
49 27 208
17 25 1221
37 36 1153
28 8 148
40 36 1237
6 2 197
39 30 1045
55 20 1
25 39 212
37 61 64
35 70 132
6 54 1104
38 42 1105
14 16 1088
31 38 1153
10 26 1104
1 18 1109
47 42 213
37 48 212
57 5 145
67 7 1236
28 22 1169
41 59 1168
12 58 1157
35 34 1157
19 42 1157
9 20 1152
9 15 209
43 52 208
3 2 1237
27 54 1028
39 22 196
10 4 1
34 23 20
33 11 1217
44 20 132
57 46 64
38 38 1152
61 63 149
55 7 196
24 53 1093
61 63 1168
8 64 1153
63 5 20
13 20 1217
31 19 21
46 68 133
35 18 1092
7 44 1028
39 12 208
66 61 213
52 38 213
31 16 1044
13 56 133
7 60 1232
25 54 16
6 46 1092
25 2 69
17 66 1232
70 34 1173
22 66 1109
16 14 145
52 12 1152
51 5 81
52 55 144
31 6 1
39 17 1152
60 37 1233
38 27 1237
70 36 149
7 5 4
55 45 4
25 17 16
43 48 1024
4 38 1028
25 35 149
19 20 213
35 35 145
24 24 1220
70 10 1168
63 23 1044
38 56 84
37 27 209
67 26 1025
64 14 197
59 55 1088
36 46 1044
49 6 1088
60 15 196
67 15 197
53 61 1157
24 50 1168
36 18 1169
31 22 192
11 13 1233
32 17 1029
13 21 1092
17 25 1029
44 51 149
33 35 1045
8 35 16
28 54 69
37 51 1220
37 14 145
26 59 1088
29 62 1045
4 62 196
67 42 1028
39 55 81
19 29 1024
67 41 1044
23 67 1045
9 24 129
58 42 208
61 51 80
46 16 1152
48 62 64
37 38 81
28 1 1109
14 49 1108
60 61 1045
54 57 145
67 62 1089
26 17 1029
61 7 20
43 30 193
45 67 1169
32 14 1153
23 56 148
61 27 81
26 57 148
14 29 1109
14 56 1232
56 41 1089
59 34 16
9 16 85
18 6 65
31 10 1108
64 40 1168
39 10 1172
1 67 144
39 32 64
13 18 133
28 5 1217
15 59 84
12 15 68
52 4 192
39 7 1172
51 51 197
24 69 213
13 32 1173
32 66 1169
56 31 65
45 15 16
30 16 1237
39 30 1237
5 66 0
58 24 1216
60 11 1169
67 39 148
39 67 1236
4 4 0
30 42 1217
64 45 1092
12 18 133
47 66 80
17 22 1028
10 6 208
24 27 1089
58 46 1104
62 26 196
30 2 145
36 7 1221
19 60 1029
55 40 1024
58 29 1093
60 56 1045
51 13 1237
23 37 1105
42 45 17
66 66 1029
52 9 196
28 29 213
14 6 1169
60 23 85
43 14 208
41 41 193
52 9 68
23 26 1157
43 59 1024
21 20 64
57 11 1045
40 62 20
68 42 1108
45 54 149
27 69 85
22 69 1156
36 53 148
70 64 208
55 42 148
9 43 129
34 70 1045
5 42 4
60 32 128
5 68 1221
66 44 144
49 27 1220
68 18 133
1 42 1152
62 54 1152
31 13 132
8 50 68
56 11 213
41 15 1173
54 8 21
39 32 1216
45 47 84
62 49 1040
17 52 132
8 18 196
35 46 1092
43 55 1217
46 57 1216
13 69 1041
21 51 1105
38 43 1152
60 47 1169
25 29 208
54 42 128
5 16 129
30 44 1024
9 17 1024
62 10 208
69 3 1041
46 3 1172
18 62 1040
46 30 149
19 49 1029
42 13 85
49 56 1233
52 49 1220
20 21 1045
31 51 80
14 6 85
30 56 1093
11 15 1220
54 70 1232
51 31 209
63 17 16
40 2 1044
58 12 1044
10 54 69
40 38 64
46 26 1217
27 40 196
1 8 132
52 67 1108
64 39 1028
3 40 0
64 65 1041
35 56 196
9 60 197
16 21 85
13 35 1109
52 6 20
60 61 1028
52 26 16
32 35 20
1 11 1089
3 26 1104
42 41 1221
35 13 192
35 29 17
20 7 1152
16 29 1088
24 70 20
63 10 1169
42 47 208
15 51 0
18 6 148
60 14 16
58 24 68
10 1 68
14 16 1089
68 66 1040
68 43 1089
40 68 1045
17 23 209
45 15 4
38 20 213
10 30 4
48 18 20
69 48 1044
65 6 84
57 58 84
64 62 148
11 62 85
46 45 1092
50 10 84
57 58 128
23 32 196
55 66 1232
22 27 148
38 34 148
14 15 1221
70 55 4
52 12 1041
68 59 81
28 12 1172
52 12 69
55 62 1028
24 49 1232
64 69 1217
16 20 129
37 14 144
1 25 128
70 15 65
21 56 1172
4 3 16
67 31 132
38 21 1173
34 69 1093
42 51 16
12 64 1232
48 70 145
2 4 4
49 49 1157
69 45 1045
22 39 129
58 22 80
55 21 149
2 47 1233
42 40 1041
23 30 1045
21 57 1025
23 7 1173
20 50 1152
41 29 129
1 56 197
30 42 132
44 1 145
11 32 1173
46 52 1024
21 53 1028
16 2 1236
44 30 197
48 19 208
51 36 1233
17 25 1108
68 50 144
47 58 1025
7 19 145
61 44 20
11 67 5
26 46 1089
28 21 193
58 11 1029
17 6 81
45 38 65
41 10 80
10 14 149
35 28 16
35 23 84
47 28 1
38 42 1029
1 3 1
34 51 1216
65 56 64
51 19 21
