70 1000
&&&&&&&&&&&&
8 51 760
51 20 151
45 38 334
64 68 68
23 45 0
8 16 2
58 38 4
2 26 1
55 20 7
44 37 4
31 39 1
56 58 2627
35 42 208
56 43 1
60 52 40
20 9 24
41 10 15
22 2 8
18 50 80
46 41 3
57 10 204
42 47 53
22 59 226
26 19 1624
45 22 8
69 12 1
57 25 62
26 42 4021
30 47 2
30 15 365
30 11 2
63 7 0
44 4 149
51 25 48
41 52 303
18 25 1
49 4 0
38 11 45
5 58 502
62 36 0
27 6 4
38 30 21
62 38 101
39 27 56
21 66 1023
13 9 246
24 52 2001
48 39 13
4 16 3
42 20 29
68 67 7
42 22 407
30 23 3
27 59 54
67 65 136
66 30 80
22 10 50
43 63 129
17 31 5
52 60 17
13 52 161
15 10 3
49 43 2
67 18 0
50 43 945
63 18 22
37 51 160
53 68 117
46 8 29
19 37 0
2 46 1339
13 39 1
31 44 98
51 41 95
30 4 6
39 22 4
25 7 939
3 51 44
46 3 1
61 49 3967
43 28 91
6 30 1001
44 8 574
58 48 13
22 46 1
33 28 1281
14 20 424
42 14 107
16 66 1
32 64 1036
56 61 18
16 59 11
47 9 4
26 44 1
34 47 0
69 8 3
45 66 1764
5 57 51
47 41 698
41 5 227
4 70 5
36 54 4
61 13 55
55 41 0
69 32 1
11 22 2
29 19 73
65 33 500
21 60 753
38 39 175
35 12 463
61 42 310
66 9 30
48 49 1
56 16 40
63 42 0
63 32 220
64 33 185
59 6 1
56 20 0
43 50 2
25 16 3024
1 17 1612
30 14 154
1 46 30
57 16 196
31 5 7
35 23 89
40 31 0
51 34 3
57 38 7
45 47 6
43 64 397
37 67 50
29 2 2
66 53 1
38 1 31
2 25 4
70 7 10
15 30 1
7 20 141
70 27 13
12 57 510
5 11 3829
1 9 344
2 68 2
30 57 35
2 15 1386
33 7 79
60 36 2634
52 43 1536
12 41 3
1 26 2
25 2 33
65 67 2
17 50 58
14 4 91
69 1 21
54 56 451
18 15 1236
60 47 244
30 60 779
70 24 15
55 29 2478
45 36 905
27 28 12
25 5 1
21 18 123
9 35 1416
58 20 19
50 33 22
4 56 1
53 44 7
55 10 0
16 26 28
15 31 10
14 29 1
63 59 119
16 68 58
39 5 25
6 29 119
62 29 1778
16 38 1475
58 34 2
61 29 1
6 3 0
12 11 1
59 39 381
36 69 2
37 69 1
44 68 1
35 26 3
49 28 538
42 20 4
15 57 11
28 70 79
41 60 330
63 66 128
44 57 2200
42 7 22
54 67 37
57 55 192
6 49 51
9 22 1
13 24 3
69 42 3323
65 23 96
35 33 7
15 70 476
21 40 254
30 4 0
39 53 10
35 40 37
13 42 43
24 10 46
19 39 3168
1 50 0
31 34 641
15 30 53
33 29 1
33 14 803
30 36 110
2 55 1
16 22 392
39 42 159
19 43 3
37 40 1642
51 21 14
1 21 0
2 52 53
23 33 254
43 53 2076
24 48 48
17 39 3422
29 20 8
58 45 141
26 49 42
66 19 7
29 22 29
48 28 318
55 43 41
26 18 191
58 44 0
8 43 171
22 47 9
40 68 228
60 70 47
2 32 4
21 56 10
47 64 1
64 48 51
68 4 5
13 55 305
54 63 7
23 20 402
9 24 406
30 22 1955
9 27 287
41 8 0
11 48 5
23 55 1
24 41 265
70 43 231
7 20 1976
7 49 491
26 59 23
13 43 16
30 36 0
24 46 6
57 47 199
11 41 9
32 24 872
39 26 59
38 69 2
52 63 1841
8 13 3
36 9 8
27 18 405
13 8 6
3 26 28
67 39 3229
51 36 497
34 54 1
60 23 241
67 65 3
19 29 87
51 53 30
14 25 1
8 53 3
35 24 6
58 36 90
35 20 0
21 17 44
35 1 0
63 24 995
11 4 1764
41 27 1
18 62 1604
47 64 927
11 55 1
54 64 2
14 27 0
1 16 909
31 18 1066
52 67 1
11 22 764
59 4 413
57 10 13
24 19 54
61 7 1
4 4 6
27 37 5
1 60 10
30 23 2
52 15 800
4 60 26
66 9 70
68 52 61
35 64 2849
25 51 1349
49 68 17
32 27 60
17 43 212
52 65 1302
47 57 57
69 48 71
39 5 23
53 8 102
36 12 1
48 15 2950
20 8 3
21 6 14
48 30 120
46 30 1882
61 60 730
60 51 28
43 56 8
70 64 2
61 27 7
54 37 77
4 49 35
37 2 3068
14 27 548
55 43 112
66 39 109
11 55 23
23 39 1
68 51 111
59 39 215
25 34 88
32 37 7
2 40 15
23 57 1133
45 23 194
35 26 11
47 2 239
8 50 72
23 18 3
24 20 1280
5 55 1
2 69 1
41 22 195
21 45 585
47 34 8
29 29 1116
15 27 21
19 47 27
33 3 177
20 36 117
38 30 43
43 62 0
9 28 35
12 47 4
14 64 106
22 60 1056
11 64 261
26 60 30
16 30 673
62 59 9
64 51 250
54 27 3
62 55 36
57 1 902
45 15 1
14 34 1936
32 53 876
52 57 1
32 55 7
50 25 2
23 36 28
5 34 15
41 33 1
45 42 3
47 33 1
47 22 281
30 3 0
45 10 34
63 61 80
56 39 4
63 34 5
8 39 467
45 25 10
48 63 24
46 44 75
42 33 1774
19 68 1
50 61 2
42 21 9
69 10 1952
55 56 103
45 14 0
62 57 211
29 30 11
62 40 1801
6 48 15
34 22 3
45 19 3146
29 1 118
1 12 1393
18 26 76
42 28 5
44 64 2
25 10 42
49 43 491
49 57 398
60 44 3
62 40 3
23 41 97
59 20 45
25 33 7
70 20 2
57 19 32
8 41 1
36 32 295
21 54 14
38 26 1965
47 68 0
21 1 1076
2 16 1
6 13 2058
54 47 3
9 53 2040
48 61 1
28 11 29
65 49 60
68 7 0
32 18 371
4 68 0
62 28 1
9 39 43
58 8 25
58 49 304
38 63 1569
13 12 780
18 4 0
6 66 1486
44 16 23
17 33 70
13 63 1487
68 4 2
8 9 3
54 35 1
6 47 1988
28 70 2
69 40 49
33 15 3074
60 5 0
3 19 404
37 22 1435
18 3 3166
7 33 39
66 52 142
68 8 10
22 60 0
51 24 3
48 44 6
39 1 0
21 47 47
22 58 1
51 17 3
22 7 1277
29 4 107
8 66 12
38 70 113
67 38 13
65 13 902
59 31 286
15 65 5
12 54 182
70 44 7
48 67 2
10 19 21
13 12 849
22 29 68
47 4 15
3 17 266
22 16 386
3 61 9
33 13 316
16 36 144
70 16 70
53 44 30
22 11 1
52 56 296
43 57 2011
61 23 796
44 7 1
46 40 3
41 9 204
48 47 62
5 57 2
31 13 55
45 40 79
43 69 27
26 66 242
60 67 43
59 36 1490
5 15 1616
65 56 1
57 22 2
50 14 1
17 12 2564
63 16 30
39 50 580
46 13 5
5 36 3804
44 4 153
59 15 66
41 42 88
3 8 3586
42 43 1901
52 27 4056
47 42 128
31 3 5
50 67 71
52 45 100
1 33 1332
25 7 197
53 33 15
40 4 10
66 36 3529
8 11 1
55 59 49
52 50 87
14 63 7
3 51 146
24 9 506
36 14 927
10 8 41
14 46 17
15 48 155
21 14 89
40 12 25
34 15 2
11 62 15
46 55 248
5 3 1898
32 66 7
34 52 55
38 54 1
32 57 0
35 9 85
60 46 1890
19 33 1
15 39 1872
36 54 2
33 70 0
28 31 6
69 51 2550
45 34 2
39 45 25
23 10 3
64 43 38
3 9 13
67 56 91
63 4 21
31 14 9
47 17 2
60 56 3
57 27 1
10 38 1
12 3 934
27 49 31
59 42 0
1 6 8
7 42 4
49 45 473
65 62 1
69 67 23
57 16 919
20 30 3
30 23 277
18 54 65
54 36 0
66 61 6
68 32 0
33 39 1
50 52 237
34 60 3
31 14 1
14 45 116
27 10 216
45 9 0
63 57 6
55 6 7
61 35 51
33 42 17
49 18 64
34 39 22
51 59 23
11 1 14
55 69 1
52 42 11
33 2 1995
45 35 26
21 8 837
12 11 18
51 7 348
18 49 404
16 20 950
56 16 5
3 3 28
38 68 291
60 3 0
32 26 1830
26 55 789
35 60 1
26 16 55
44 42 3
28 70 1
30 25 17
69 19 487
16 37 107
31 44 236
36 63 464
46 39 0
19 54 146
5 50 6
4 48 1
18 8 126
28 59 2
26 43 439
3 37 1
53 57 749
67 29 358
28 53 11
17 20 330
64 43 1402
62 21 71
41 40 25
60 24 102
5 60 0
61 68 3
3 12 6
31 56 342
19 67 134
28 68 0
29 18 1
36 2 19
42 40 222
23 61 1
60 55 38
66 21 107
27 43 102
31 18 91
23 31 24
21 62 2
2 55 1
3 41 2190
12 9 1
28 4 78
55 35 125
9 22 81
49 16 2
46 27 51
54 15 0
44 69 3
53 70 6
69 13 4
62 43 94
13 41 18
53 52 124
64 45 54
44 67 141
26 38 76
47 28 0
61 28 307
27 32 18
53 70 1815
68 62 52
16 2 7
1 39 0
70 10 111
8 40 9
57 5 27
2 69 0
49 51 23
5 37 7
18 37 1
5 57 0
6 68 78
63 36 30
67 62 0
26 60 131
9 30 2
14 38 240
62 43 717
14 63 1660
37 34 4
7 53 35
15 30 1641
41 66 470
40 13 0
53 30 58
65 29 48
15 22 34
8 3 20
41 32 3046
37 45 1
67 69 0
26 7 2444
13 17 461
64 2 4
65 64 3542
36 36 7
30 36 3212
58 8 135
45 10 30
21 32 25
2 57 3
63 55 19
26 70 4
69 6 45
47 9 3
46 30 1344
51 24 3
65 17 159
61 68 41
64 55 15
32 9 43
46 21 8
43 23 767
60 9 34
30 20 1
41 55 6
37 43 1
5 49 431
69 36 3644
43 52 42
53 67 80
30 29 2
17 68 845
31 8 2004
31 41 90
24 63 1274
28 64 4
2 41 2
7 53 90
7 3 277
24 65 406
36 29 1
64 13 398
64 70 2
58 17 1
38 27 106
30 39 216
57 31 55
23 7 2
50 61 91
24 60 6
38 54 273
27 24 1
14 24 62
23 48 2
46 44 607
39 59 9
65 16 0
67 68 410
18 3 1
2 22 1
2 58 715
5 12 1
58 21 247
48 41 51
58 68 7
27 53 41
56 29 912
40 10 176
41 32 0
20 6 204
55 16 0
22 19 1
54 39 3
66 51 12
67 31 4
26 52 123
47 15 2
4 41 726
62 8 1
51 67 1
46 66 1
7 58 312
14 19 20
4 3 15
5 40 67
37 49 766
63 32 3
38 39 1
24 64 208
44 54 7
23 41 253
58 5 189
52 69 18
24 23 7
15 52 145
25 39 232
28 36 53
23 27 0
41 64 2
3 18 126
63 27 339
60 21 0
60 27 176
7 30 7
49 29 355
10 6 648
22 10 0
38 65 10
45 1 123
6 44 158
2 14 31
5 34 10
21 66 3
53 35 46
37 50 469
29 36 293
34 59 166
17 24 13
42 45 2941
38 65 75
24 38 3973
6 57 62
30 41 0
41 64 9
38 8 50
64 16 59
6 48 39
64 59 20
28 28 1
2 58 5
65 24 3
41 59 0
8 33 12
10 58 503
42 23 451
43 1 3860
47 37 378
24 37 92
28 62 42
30 4 0
39 9 11
65 6 466
22 12 1963
47 45 2
45 28 161
43 59 51
23 17 921
19 11 16
21 50 3
15 57 240
15 23 120
58 66 1
60 62 194
31 25 47
56 47 67
62 56 17
28 50 106
37 2 1
27 1 1
61 49 105
60 25 256
61 44 15
64 37 97
52 55 10
24 15 1
70 62 61
25 14 172
7 7 91
17 38 13
5 13 87
28 26 14
17 57 16
60 64 6
62 34 846
19 70 0
7 25 3453
8 67 116
38 58 582
70 69 2
55 21 25
3 32 25
38 29 343
10 54 1759
29 15 110
28 17 0
9 54 165
6 5 405
70 43 249
60 19 0
2 58 746
31 54 15
5 34 19
42 3 2
54 26 94
4 40 1
51 56 56
47 52 1
14 31 0
38 35 2395
23 52 164
56 15 223
20 5 13
6 55 40
35 30 1
69 63 1
64 54 323
12 55 247
55 53 3
12 25 0
66 5 1
16 10 0
61 65 1616
49 14 1
37 27 0
57 6 601
47 27 1788
5 22 1
40 70 3
30 5 10
19 14 18
45 57 2
44 39 75
48 7 12
60 64 297
7 31 6
61 23 0
5 23 22
29 11 2
35 64 2
33 23 6
53 45 4
30 27 220
3 18 79
57 40 1
36 24 931
23 28 1
58 39 5
30 38 127
39 33 104
6 42 39
67 63 87
27 17 1548
47 65 912
9 68 29
40 35 121
28 7 1
35 42 346
54 53 1
21 38 21
24 28 1
22 46 1
26 40 38
54 17 978
54 67 5
35 12 0
66 7 10
18 2 999
43 19 169
33 53 84
29 9 2960
29 59 80
37 19 4
64 33 49
62 66 93
41 47 807
26 39 7
25 27 6
21 32 0
3 8 1
24 6 1
70 7 5
38 9 19
37 12 62
46 6 5
38 35 0
50 15 3
63 33 56
59 64 4
68 47 620
41 51 0
