70 1000
&&&&&&&&&&&&
24 16 202
6 61 540
56 31 1660
1 35 2724
12 46 89
14 34 82
4 53 492
45 53 50
26 28 124
19 69 460
20 30 37
28 4 34
28 29 493
44 9 1131
23 60 128
62 4 121
12 19 1498
60 14 27
4 51 1037
52 40 1290
15 21 1002
67 20 37
45 70 339
50 67 116
48 57 61
44 29 33
20 14 130
61 44 355
15 53 3353
46 45 1280
56 6 753
48 31 965
24 58 350
25 61 683
14 41 2905
33 51 310
19 26 21
69 10 106
66 42 1003
61 58 73
25 69 234
1 22 561
55 15 2033
63 57 42
27 8 21
48 8 1511
70 5 36
8 43 1671
67 48 383
13 28 123
7 49 127
35 45 247
45 67 316
54 1 18
66 64 918
28 66 78
41 31 2312
7 33 46
14 55 264
63 19 330
24 20 1111
32 15 42
49 14 880
65 52 1787
52 39 12
58 2 1332
63 6 185
24 21 124
33 63 181
46 14 271
14 67 38
38 19 786
45 49 2713
54 58 419
45 66 1047
10 22 23
43 31 155
26 3 40
37 4 15
3 48 2
39 44 1
33 50 2869
70 16 765
40 59 1742
21 70 93
57 36 296
24 7 4
13 14 649
26 62 735
47 19 2528
67 44 292
45 57 10
50 22 603
52 57 212
49 5 667
47 62 26
2 49 978
3 35 381
56 15 92
18 43 331
19 60 34
23 49 1791
16 54 122
27 23 756
48 27 862
65 62 3524
15 65 57
33 1 1900
67 34 112
58 24 20
39 27 36
57 3 31
65 39 109
63 27 1696
49 44 175
19 46 1174
37 70 251
23 17 237
46 30 252
24 1 50
47 46 234
2 10 119
13 52 24
5 69 23
41 12 112
51 35 10
11 8 1019
50 64 481
6 50 77
55 47 1
30 53 1830
26 47 191
12 13 23
27 67 2903
29 28 107
53 58 1185
7 41 28
13 59 3918
7 41 445
69 52 1487
22 42 1331
44 31 462
15 30 54
68 64 742
54 7 1171
42 28 267
50 33 637
33 68 17
67 12 3470
54 23 113
4 40 1293
7 69 202
47 20 106
12 14 10
52 59 219
59 59 33
44 70 895
39 57 2258
48 1 128
22 14 20
61 33 63
42 41 7
10 65 20
26 37 17
15 60 16
1 52 481
45 14 693
14 64 51
11 67 868
63 22 84
38 54 712
14 35 5
40 8 744
61 5 92
42 52 155
6 69 123
23 48 315
41 8 116
31 32 75
15 50 1671
19 49 11
3 53 66
26 57 127
33 5 2313
7 29 33
57 37 40
43 57 864
48 44 816
49 11 776
23 36 63
38 47 3895
7 70 31
9 18 285
24 55 288
37 15 374
41 7 344
21 7 401
12 63 72
69 12 478
59 57 163
15 18 78
63 60 632
24 45 115
67 33 427
1 62 3834
49 57 20
56 61 2009
27 19 36
19 59 91
23 7 467
15 10 20
22 60 18
29 9 1837
13 36 458
60 14 85
1 69 3592
28 54 274
50 31 356
5 22 42
43 68 448
66 54 2130
7 49 3526
30 23 102
61 33 2359
49 54 160
14 34 1596
47 57 460
10 43 3280
45 27 59
37 15 639
54 69 380
38 37 57
45 58 2408
25 3 1018
22 28 269
64 23 1021
17 44 1503
10 12 51
57 51 1822
48 52 1074
28 40 1505
18 12 102
37 64 101
41 29 8
7 47 3971
44 4 62
56 35 38
50 23 34
68 22 70
32 51 29
6 57 115
47 32 57
52 19 18
51 67 72
27 13 12
35 48 105
18 66 82
30 60 28
37 54 71
58 38 393
20 49 15
43 52 798
23 57 388
30 48 23
51 31 381
15 37 137
33 20 77
62 69 164
11 4 228
59 8 97
32 8 1009
52 2 114
20 10 11
66 25 636
12 34 126
51 48 3
4 7 831
55 11 1353
65 67 686
67 17 36
42 70 49
18 57 3796
42 34 1950
65 2 478
23 30 55
7 17 1014
14 56 475
63 55 7
64 38 69
44 12 326
15 46 35
15 65 211
68 57 160
24 1 1731
10 16 75
42 41 2185
70 55 506
58 21 116
2 35 26
43 29 4
62 56 1327
37 18 16
28 43 21
14 18 1407
13 36 123
14 30 389
13 35 382
60 20 153
47 30 62
4 13 12
28 47 87
38 15 22
14 36 1930
65 37 199
48 60 237
10 29 2037
66 15 54
15 55 74
20 62 410
24 40 6
47 35 0
42 9 924
23 32 1836
35 69 47
46 56 12
10 59 245
33 51 606
42 16 212
8 47 42
5 25 880
17 13 2518
22 54 1234
66 9 684
10 15 337
16 9 167
59 29 209
56 69 471
47 14 76
41 7 491
22 12 126
53 19 256
69 7 49
66 15 41
52 40 212
8 55 164
22 20 241
54 19 10
45 42 50
37 60 1341
44 2 517
69 33 86
49 2 103
13 30 62
50 62 3719
50 62 71
27 22 6
6 30 60
24 55 1029
25 36 206
63 30 201
53 42 1177
50 64 3813
44 9 60
29 45 2010
9 36 31
70 7 15
43 34 520
69 9 170
62 10 863
14 38 203
37 52 443
31 1 141
27 9 1896
56 56 353
18 37 543
39 33 21
70 58 424
43 8 799
17 54 38
31 60 211
4 10 115
70 66 3098
33 10 295
54 62 1003
36 51 267
29 4 325
9 54 11
22 40 2207
39 46 1398
34 38 12
41 57 703
33 19 369
64 3 143
24 30 1451
14 39 1374
68 9 20
44 55 110
42 36 810
4 64 3857
27 20 16
67 54 32
61 25 30
63 17 16
32 5 289
10 50 232
25 29 60
67 39 28
30 39 2
8 14 40
54 7 28
29 57 139
16 11 164
51 15 3924
56 14 502
46 53 99
60 38 127
22 8 772
14 14 22
57 22 39
43 30 481
62 13 951
21 33 125
43 66 1065
14 51 2032
4 1 135
54 38 1734
12 65 1047
25 54 28
68 5 900
2 22 50
6 7 213
1 45 243
11 31 241
63 8 68
40 22 9
29 44 1987
55 6 50
19 12 47
10 45 1219
66 34 22
4 54 1673
35 4 194
12 45 47
68 54 18
10 16 37
4 65 47
14 59 167
35 26 650
53 25 50
55 6 79
6 4 1239
52 43 439
18 2 866
38 41 333
61 47 295
26 68 28
9 52 6
66 45 69
13 17 2149
6 29 54
31 4 96
38 16 288
29 61 637
39 13 91
11 17 398
47 67 20
5 54 491
3 46 811
26 2 118
24 10 781
53 23 321
63 37 158
42 70 46
57 11 237
44 4 236
46 63 1163
67 8 5
62 35 17
14 14 218
30 25 1536
64 46 121
20 43 10
66 63 240
2 41 2015
62 59 47
40 40 341
41 42 1150
26 42 99
54 11 977
22 33 1108
16 9 39
24 18 1581
20 23 935
39 7 1527
18 56 91
9 65 53
24 52 305
61 21 732
42 59 209
29 34 237
13 59 90
37 30 62
2 53 1309
43 33 84
70 3 482
48 59 18
26 42 172
66 7 1893
60 25 58
2 58 95
40 38 46
46 66 879
53 36 613
55 24 76
51 39 158
37 12 2001
21 22 27
24 67 18
46 32 143
3 50 1517
38 5 570
28 52 79
1 37 1467
14 15 631
37 67 141
10 26 446
14 36 144
31 12 289
2 5 76
32 22 61
26 34 101
9 17 460
17 38 774
17 3 34
15 25 403
59 40 100
2 36 10
67 54 612
25 31 120
36 4 48
55 44 301
18 64 113
1 21 107
2 46 5
35 2 40
64 2 2594
25 34 979
47 1 1193
21 29 1320
6 41 228
23 13 474
29 69 3399
55 60 120
59 67 39
24 15 12
19 70 96
14 36 133
7 28 360
54 10 35
46 12 956
21 3 2904
26 13 65
48 68 228
48 26 55
5 34 20
64 10 178
41 31 431
16 57 270
30 9 295
34 43 39
41 28 464
41 21 130
62 1 804
56 56 8
62 42 9
39 12 11
7 52 181
35 44 3340
36 57 2758
66 27 1192
42 67 3169
10 6 20
51 54 16
37 29 1162
36 24 74
14 14 48
46 57 100
55 40 415
13 24 196
14 3 63
1 60 1356
70 65 212
26 33 210
42 39 580
52 53 78
10 32 74
8 46 1754
67 15 305
13 7 100
15 2 2395
33 64 3939
12 65 3127
6 58 7
65 30 72
42 20 353
27 18 2260
31 39 596
40 64 239
55 59 511
33 53 200
30 25 1120
62 66 1405
20 27 62
25 7 3473
61 2 141
64 58 156
65 4 3
63 58 3378
21 66 428
43 44 423
7 7 42
64 51 1591
15 32 1141
65 45 11
40 8 57
10 57 103
1 57 59
42 52 10
33 14 37
51 49 1550
5 11 35
29 4 672
7 10 388
23 42 168
25 16 9
7 51 110
2 13 889
38 51 494
65 18 2629
24 8 1523
9 6 6
42 41 2983
6 41 1399
26 55 237
26 4 61
1 28 70
33 35 1458
39 37 70
67 15 1746
29 55 723
70 14 974
57 13 326
41 6 1151
44 26 86
7 18 2032
6 69 253
26 37 1907
35 3 268
64 41 454
70 20 353
46 64 1540
18 62 63
64 23 1416
46 23 373
59 3 17
8 36 990
20 66 1339
29 6 81
49 27 1253
4 46 3808
22 9 60
67 60 754
21 19 67
7 35 1088
60 62 132
13 4 13
2 46 3104
58 22 10
43 25 33
51 2 119
8 22 31
54 31 56
3 44 99
15 2 78
65 5 260
49 63 197
61 29 1015
19 1 17
19 50 232
40 54 47
25 23 112
17 26 118
28 17 245
58 18 64
48 39 272
70 19 78
59 17 90
23 43 490
35 12 110
60 19 49
68 13 5
55 63 74
9 7 79
6 20 1701
14 65 814
17 47 949
32 63 93
46 63 31
41 20 1146
50 46 120
12 52 666
51 39 160
32 50 78
60 6 1223
41 3 51
55 2 87
30 5 234
52 59 123
56 45 410
65 55 43
38 16 22
68 2 3226
36 32 3004
9 39 45
12 33 63
39 65 0
33 23 78
47 42 383
63 7 412
51 30 2499
26 5 1
27 16 110
67 15 120
11 60 2036
24 9 44
69 20 30
47 17 504
65 23 121
24 11 445
65 36 12
67 45 451
55 21 183
6 17 384
47 7 11
52 41 55
9 56 57
24 36 110
62 47 1111
5 35 316
37 49 14
57 15 216
64 10 47
20 35 1944
20 55 358
1 47 246
20 24 1553
9 14 1725
53 64 270
36 47 22
6 64 282
51 20 56
12 49 550
28 14 637
9 7 11
15 44 221
1 54 2265
20 65 397
21 9 1083
9 4 10
59 28 376
18 58 167
32 16 95
17 56 409
29 27 22
8 11 1299
62 21 471
25 3 2397
12 57 8
5 42 126
53 1 3752
18 63 74
41 68 512
45 6 494
69 51 6
17 67 67
48 18 62
22 62 93
25 39 1404
48 24 3178
68 52 3039
19 69 172
53 39 171
22 19 719
14 11 3379
25 32 25
23 31 442
30 49 104
37 45 57
57 52 946
27 28 33
54 13 3005
31 32 239
67 16 369
14 45 71
68 62 117
11 6 1570
67 12 18
6 63 29
10 52 465
8 29 1817
36 30 3484
60 8 1361
69 14 117
20 25 466
26 35 77
64 56 223
4 22 113
58 22 7
16 49 46
42 7 387
10 29 62
37 17 10
61 57 265
65 33 51
17 68 113
12 3 23
44 16 58
55 33 86
49 50 22
4 38 101
60 9 773
70 9 33
70 3 63
49 38 90
64 40 119
40 69 110
67 68 915
50 28 567
65 44 1782
34 22 25
53 16 52
11 3 649
10 56 40
12 69 255
9 53 145
47 54 1232
62 33 124
31 32 180
61 4 3475
33 17 10
34 63 112
68 54 203
16 28 53
37 2 137
65 1 91
15 52 56
19 58 121
38 61 47
14 57 18
19 27 997
27 16 1032
70 31 56
60 39 30
54 4 3454
7 9 798
43 19 12
12 1 98
30 15 413
27 64 61
18 6 147
51 40 1270
60 32 856
66 44 14
16 45 1152
48 11 141
14 63 842
37 21 58
69 57 57
64 10 516
8 54 31
53 25 1214
15 65 112
43 69 506
25 63 84
66 23 3915
38 61 334
33 64 316
52 51 389
11 32 1926
43 33 26
59 4 526
40 48 1013
58 27 689
25 58 40
68 12 143
52 43 1112
27 64 195
32 16 804
18 34 251
1 52 129
48 53 2575
60 24 13
43 2 97
65 36 1638
3 5 218
67 54 52
60 12 402
66 62 1082
25 61 35
38 36 13
18 23 1297
13 40 192
37 52 23
65 38 304
25 69 40
63 21 205
26 56 17
14 54 1495
44 32 5
25 24 393
2 15 748
40 58 69
59 33 1477
40 69 994
50 35 38
19 62 114
31 20 540
46 13 39
28 17 882
21 40 35
41 56 48
24 43 77
56 13 152
41 23 895
46 63 2626
58 24 191
69 60 450
69 12 109
21 19 17
21 17 7
25 5 918
49 34 1511
53 66 44
1 4 51
21 41 129
3 47 162
4 54 51
34 5 107
47 46 72
7 42 137
22 18 336
49 16 21
41 57 217
44 6 1000
47 67 31
33 19 168
38 64 101
30 21 85
61 16 275
46 17 121
34 50 1380
55 3 644
4 23 18
26 45 363
47 54 12
49 23 3997
4 50 42
59 6 155
17 5 603
59 62 50
19 58 21
37 39 154
17 69 83
7 24 1710
63 9 43
61 25 32
8 68 87
66 25 93
37 37 36
42 5 3579
25 25 1744
11 27 32
48 32 1882
1 55 57
34 22 3653
14 63 8
7 41 277
59 36 1819
35 12 38
33 67 224
55 48 247
6 42 165
11 18 18
34 19 41
6 29 932
64 35 119
18 57 70
40 15 78
1 4 56
35 41 372
