70 1000
||||||||||||
48 14 123
56 59 874
62 70 952
56 40 2829
31 46 1078
44 20 595
1 18 1325
2 14 3854
22 63 3994
52 69 380
39 55 1546
47 43 82
54 65 674
55 62 2357
20 35 2876
55 3 164
40 13 2715
53 2 962
44 11 3132
65 52 286
28 53 2345
18 32 3250
38 55 73
31 53 1365
50 55 1957
6 16 68
52 10 2867
15 2 907
37 15 1530
21 40 666
38 4 1165
61 53 3710
67 59 2646
17 28 3659
29 53 2943
49 43 151
58 43 1016
68 30 2435
56 38 1890
30 45 2349
39 37 2901
10 2 3836
13 39 3935
24 48 2364
7 41 1889
53 69 3242
35 55 480
69 66 3446
33 57 1655
13 16 1871
49 32 925
70 49 1205
48 33 1135
39 63 3278
36 3 3127
58 55 1579
22 42 750
39 13 1672
57 54 2412
26 9 2153
26 9 96
62 4 2462
29 47 2648
60 64 1122
12 38 3574
23 54 2630
59 11 3796
63 35 1442
19 3 2859
27 21 2280
35 34 2919
14 26 1049
2 9 542
16 30 55
24 32 2489
57 15 2779
1 28 3047
24 50 3594
11 1 1227
14 10 1212
42 52 1861
47 28 3593
10 23 2948
42 25 2558
30 35 1065
58 39 3351
10 63 1821
66 4 2605
8 14 2880
58 38 2963
61 21 43
65 52 2722
5 40 466
63 53 1388
28 17 803
16 15 2560
21 40 2091
6 33 2890
64 32 3907
55 14 3149
41 21 1111
30 52 973
1 2 3409
24 36 3929
44 54 365
3 52 50
32 20 2152
40 52 1607
34 66 608
40 57 420
33 45 402
19 31 2127
45 61 1624
64 57 984
30 5 960
53 28 516
13 59 1686
20 51 1411
68 29 219
29 18 3469
35 26 3737
8 13 325
28 28 963
58 67 197
31 65 2667
17 55 114
62 70 541
50 45 3537
16 59 1764
70 50 1535
32 42 2595
46 25 2244
31 69 1913
50 64 1538
1 61 3381
37 14 890
4 4 2771
12 56 1803
66 45 3935
36 59 3412
46 65 3219
50 23 2587
42 21 142
52 69 1256
22 63 1670
30 24 3894
44 6 1163
27 23 982
40 29 3755
46 57 4066
54 69 3962
4 13 3244
67 2 1219
3 54 4050
50 36 829
9 51 1096
18 37 2970
44 4 1187
62 43 3984
55 39 3789
45 61 3022
29 16 528
70 20 1414
8 64 1974
46 4 988
1 37 702
36 24 3421
43 2 797
56 27 2071
49 67 1769
34 68 2781
29 47 2127
70 12 2243
5 3 729
19 13 65
66 18 185
23 44 1054
3 58 2425
38 18 1925
44 2 1452
37 60 1993
8 3 2569
63 1 2376
67 32 1021
32 55 3375
14 26 1394
66 62 2734
47 38 58
55 10 94
63 70 109
47 8 3132
3 54 1898
46 17 2227
27 70 1335
63 42 1040
69 66 541
11 13 195
25 19 3755
53 58 2144
67 52 3817
39 9 1039
45 41 3554
1 58 2614
16 42 594
56 13 2837
9 38 2717
61 35 1396
5 28 1759
22 62 1827
38 50 1385
67 52 1326
70 15 3854
18 68 3663
26 25 1415
64 46 1848
44 57 13
61 21 2453
70 37 2100
56 32 1823
38 67 1983
60 40 2623
39 69 2582
18 32 3475
9 2 2884
10 58 2669
40 58 1713
17 59 2100
15 16 1900
50 19 1124
57 31 1508
39 70 2544
4 70 1351
26 20 1781
41 5 1693
54 58 4036
26 44 2021
59 35 3272
68 68 38
30 56 1172
31 55 2629
64 58 455
59 47 2024
6 61 816
55 44 2038
11 22 1277
66 42 2112
37 3 3237
15 18 2393
17 7 1565
27 16 718
54 26 2615
4 2 2015
63 10 1730
19 58 2426
20 64 543
58 60 93
23 39 3846
43 20 2341
47 51 1085
15 64 1573
36 32 2608
70 28 70
66 52 3510
55 11 3527
68 57 3677
56 7 2521
30 41 3323
57 42 1168
50 16 2583
6 33 1809
36 22 3557
54 5 1428
41 26 4011
46 57 3756
25 38 1271
59 40 3299
4 6 3894
28 13 3313
34 14 29
57 26 1028
18 12 2970
33 55 2729
3 51 2750
20 32 1955
64 37 30
45 50 670
3 50 2921
66 39 3468
56 16 3902
63 10 2084
29 9 633
61 47 3294
30 6 2978
5 29 3222
51 25 3501
59 68 1617
40 14 364
23 7 2776
61 20 1801
51 52 3794
23 64 1440
23 33 1734
18 42 2257
23 5 3027
38 32 2481
43 2 2291
2 36 2368
56 28 3598
30 20 3467
2 9 1930
60 49 3660
28 13 3672
46 29 3068
21 29 1879
43 33 1531
46 1 3763
33 56 2172
13 53 1092
29 27 3700
7 8 3248
28 39 3621
4 57 2107
42 47 3836
11 38 3905
4 9 1678
7 54 3514
30 1 879
54 21 668
23 18 2105
29 59 1540
34 54 206
18 42 3894
11 10 3013
56 45 2510
57 40 909
44 69 2174
69 1 1303
31 32 108
39 4 2066
51 21 384
31 17 3285
56 63 2240
17 37 16
16 30 722
43 12 1005
29 40 4087
18 31 3315
17 4 3394
70 18 187
69 14 3502
24 67 1232
7 54 3894
41 56 3560
66 64 153
17 51 2370
47 2 2895
56 68 2201
6 43 3154
18 68 2616
52 9 732
54 19 3989
42 32 1903
36 17 1402
11 9 120
43 34 347
9 46 1241
22 22 2925
5 17 3341
46 12 890
52 58 1808
47 50 2643
53 26 1892
18 69 570
50 4 2385
34 33 1892
31 16 1349
35 59 1617
7 59 788
56 40 3774
38 12 2903
66 57 3831
64 3 3144
43 67 437
34 52 1282
54 13 1154
21 52 1398
6 37 37
32 6 1117
6 34 2465
63 8 3898
55 67 691
64 66 3140
67 54 27
51 8 1630
48 20 3012
45 18 324
44 52 271
14 37 64
11 44 26
48 63 2934
41 15 3707
66 40 1306
7 49 3164
69 8 1280
46 63 2031
2 2 3054
3 21 1841
57 59 2328
17 31 3425
57 24 2723
16 36 260
39 60 2391
33 12 477
15 16 1996
60 40 2462
45 45 3219
57 65 1551
24 59 2752
60 37 3882
20 69 298
64 27 1353
22 69 3199
59 33 79
52 24 2044
41 63 2287
57 35 1591
68 9 3236
48 59 71
64 45 3621
31 44 2261
30 3 3390
53 66 2090
34 51 3545
55 40 1473
20 28 3115
19 6 357
2 29 2467
60 5 552
26 12 3798
24 18 3122
46 49 3010
25 19 3633
56 36 1410
16 10 3289
12 26 1086
53 26 1162
2 1 1438
50 54 1756
57 56 1793
55 47 2666
28 41 613
2 15 2985
21 31 699
31 42 3463
46 1 1002
53 38 3366
41 8 160
45 48 2425
43 19 1454
27 24 2843
14 30 1833
56 12 685
45 47 589
47 10 3891
38 28 298
44 12 3710
26 54 3142
13 16 666
51 19 971
22 53 1188
44 68 1311
14 47 1035
37 48 568
66 10 1144
13 50 2628
17 41 2652
36 64 2310
6 23 2061
34 36 2218
50 14 1470
32 59 3185
59 63 2114
7 5 1640
32 3 1619
62 17 1314
15 26 1972
38 9 3824
9 62 1072
38 3 3635
45 9 1077
52 62 3304
55 33 1786
59 68 2294
43 34 3855
18 42 1050
18 11 381
9 8 3921
22 33 2778
23 30 381
6 36 1887
33 29 983
65 58 1850
4 38 242
34 45 2508
29 22 826
63 35 2513
65 33 905
54 5 387
51 3 2754
56 66 170
57 17 1984
53 44 173
39 1 1768
57 1 1869
32 24 562
43 40 1459
61 8 3457
56 19 2174
5 41 1568
60 2 3557
48 10 2530
46 45 437
69 3 1057
18 45 2340
64 33 542
36 27 292
29 61 745
57 70 3090
24 24 3340
18 50 51
62 28 2974
68 46 604
31 55 2181
38 44 529
20 23 2745
25 57 1371
63 52 2818
6 46 2032
57 45 2958
37 15 3119
47 7 2213
15 14 573
56 43 3112
25 37 1550
47 38 3211
30 27 1836
70 2 2867
2 1 2265
29 15 1776
42 27 2695
57 40 1752
8 69 3920
26 33 1956
42 63 2174
34 65 41
12 36 2566
66 36 2658
1 51 1795
32 43 2210
66 13 2110
9 50 1101
50 48 1365
47 36 1626
4 45 4086
4 12 2835
55 34 3622
69 35 2797
7 50 3812
34 44 3995
14 31 2173
24 48 136
19 56 4023
14 12 3976
38 60 196
59 36 1980
63 25 2706
4 19 2167
14 59 3750
24 34 1952
37 65 2586
52 5 657
70 9 3524
3 22 826
61 10 2970
15 32 840
33 46 3239
10 47 3930
64 42 1733
56 65 3904
4 65 2078
53 59 2499
49 58 1362
43 41 1397
33 43 3830
61 32 2598
49 56 3593
7 49 3483
55 40 1485
31 20 3160
14 15 1000
69 7 4074
42 29 174
65 37 3040
10 27 2696
23 26 3661
49 44 521
47 32 78
23 17 3814
10 66 2630
19 66 926
56 43 2215
69 59 1819
61 7 1239
52 7 620
66 67 3496
68 43 2470
8 32 2589
22 41 1264
14 26 2519
39 8 3675
54 31 2801
35 33 3869
52 60 2490
42 1 3401
41 43 2950
19 58 2926
22 22 2492
20 35 3704
36 32 125
17 4 498
63 16 3046
10 15 3615
16 39 2111
38 35 779
1 65 2774
60 24 2724
37 51 3795
21 11 3454
21 64 3392
42 52 3314
65 2 2995
27 23 242
47 15 1095
63 37 1399
13 22 3889
20 37 2989
24 38 862
43 49 1175
68 25 2699
51 15 477
41 37 1615
35 32 3409
6 65 599
13 39 1189
16 30 2871
45 40 3422
12 49 754
19 42 4044
18 30 3586
18 51 1253
61 42 2682
20 38 1544
26 37 1561
45 25 3670
17 44 4050
3 44 1433
19 20 329
39 34 2077
3 26 1756
8 5 2909
62 44 3410
40 25 3835
22 54 2883
65 38 3620
58 70 1384
35 20 1249
35 54 173
47 12 1357
43 57 2457
9 37 102
9 66 142
47 40 1206
17 16 1819
17 59 2681
62 30 3478
37 52 187
45 14 1869
38 9 1004
41 61 510
54 32 803
13 21 2232
19 59 371
44 32 3494
9 45 1059
25 67 3468
55 6 1252
68 31 2776
29 32 1090
44 63 645
57 17 3008
42 8 3799
42 23 2303
39 7 3676
10 54 738
10 15 744
34 70 647
60 44 1512
31 32 3921
66 66 1576
34 45 304
20 4 2444
18 9 3164
25 21 469
11 26 473
43 64 3029
33 64 337
47 16 3111
57 9 547
43 51 3445
58 20 3484
27 27 501
67 44 1028
42 21 114
11 46 221
40 13 1666
55 17 1072
50 1 699
8 31 336
28 26 1233
14 50 3419
51 66 3300
66 39 3904
52 25 3663
31 20 2070
3 64 3260
34 62 3016
61 45 4044
65 2 3541
24 22 2203
61 51 198
19 59 1735
27 10 3739
13 45 663
20 56 3634
69 70 1599
21 31 1133
33 36 891
30 59 3081
59 24 2143
49 46 3378
60 61 1055
36 70 406
64 40 817
56 27 275
45 42 936
5 32 3509
18 28 3795
34 11 2777
57 61 615
65 61 3305
43 3 1097
53 40 1915
65 24 478
20 70 1437
43 62 2105
44 13 254
60 1 1479
69 60 17
58 43 1268
69 50 1297
36 63 3183
21 38 3307
11 8 3972
1 48 1678
36 26 635
23 27 1352
35 10 3841
43 27 935
40 65 571
17 16 3130
5 20 3820
4 24 2646
42 28 449
35 69 1228
21 15 2875
38 68 236
16 62 1508
4 54 3907
35 29 2780
38 3 4054
42 69 1299
21 35 2386
45 69 235
57 58 3848
55 40 1967
28 2 3096
36 66 3717
64 48 1434
64 32 1305
5 67 1765
44 6 3522
61 33 448
12 42 3293
29 29 3600
63 29 493
12 56 3434
33 36 305
35 39 2075
53 42 3062
65 69 1193
25 56 3479
32 66 2595
37 44 2576
46 33 3258
25 4 4080
15 56 3988
5 37 955
70 57 1933
21 13 4013
55 44 2704
45 62 2245
5 61 1045
53 26 2795
62 56 3158
60 47 2924
33 6 3804
18 46 2705
39 61 596
8 37 2049
61 29 717
6 14 3681
35 66 2927
57 61 1832
30 3 3790
15 17 446
41 5 875
50 63 2454
63 70 3537
21 39 1487
67 35 2407
51 62 1666
70 55 1937
30 32 1293
42 49 907
56 53 1135
70 15 515
8 35 2350
48 25 2315
27 42 607
15 64 4058
30 20 822
21 48 1261
2 40 2439
45 62 1634
59 41 3892
42 30 1362
59 39 3455
61 1 837
62 55 2184
58 52 2874
8 15 3921
17 21 2436
29 12 2200
29 63 2251
24 28 2927
19 8 1950
51 16 551
7 25 1816
18 60 288
11 15 3453
44 1 2975
64 25 1529
60 18 4073
37 51 1299
4 38 3378
19 32 1382
60 50 1675
7 31 3437
39 15 3312
35 3 1723
31 40 2857
15 12 1732
12 3 312
66 11 57
9 22 4066
41 14 1055
39 59 1745
10 70 1479
5 61 2951
35 40 405
55 11 1496
46 32 2310
34 1 2872
7 68 3893
54 6 1299
22 4 568
47 61 2487
26 28 3836
31 34 1892
65 60 2308
21 3 1018
17 42 2775
45 38 3260
54 31 481
26 55 570
65 55 1786
27 33 3053
53 66 1221
4 20 1830
52 41 927
2 13 1995
27 70 594
64 28 1861
42 8 419
33 9 852
12 68 283
60 11 2533
44 16 582
4 6 2261
39 51 3757
6 27 2272
30 19 3064
25 26 2513
30 26 1178
56 51 1008
43 70 495
63 25 616
39 13 3096
33 40 2556
8 16 3263
4 7 2551
6 49 2580
38 8 1438
37 66 660
21 36 2877
11 23 3539
57 52 679
55 20 429
18 37 3489
48 6 3466
53 65 3306
31 54 88
7 67 1636
4 15 1092
65 6 1679
59 39 3565
58 17 2285
11 33 1216
67 62 3962
53 41 3599
2 57 127
37 19 1243
59 37 355
48 52 951
17 41 362
15 17 1673
51 6 2380
20 29 1644
25 18 730
32 1 3911
31 63 3965
40 62 2770
27 5 3150
37 4 1769
61 32 1864
65 69 2157
68 35 3665
17 49 98
22 7 2540
61 64 1441
36 64 665
55 36 472
44 12 1740
25 29 2976
60 11 1755
66 11 1331
38 43 1925
56 18 1995
47 1 2213
54 43 380
22 39 456
43 64 1912
49 14 3032
21 10 3237
33 69 1962
60 19 158
36 4 606
49 17 453
19 5 2301
17 55 667
22 60 1311
45 32 2261
61 1 2927
38 27 2866
39 8 1065
43 5 3250
52 3 1381
46 59 1860
57 17 1077
63 43 1644
