70 1000
||||||||||||
53 22 0
46 40 0
54 65 1152
64 67 144
64 38 16
25 36 0
41 55 1616
16 54 0
37 67 192
24 43 0
41 32 0
51 8 576
29 32 0
45 28 1168
37 54 0
21 29 80
58 46 1024
53 22 80
19 30 0
23 5 0
50 7 0
14 49 0
69 3 0
34 17 1616
52 14 80
16 54 640
24 50 656
63 3 0
32 3 1216
44 44 192
54 7 0
11 54 0
59 61 16
41 8 0
44 41 0
42 8 208
7 67 0
70 54 576
53 44 208
29 24 16
42 9 0
65 51 0
55 29 0
36 50 0
8 1 3792
5 7 0
57 59 64
64 15 64
58 63 0
19 69 0
69 24 64
23 43 1744
58 7 0
48 37 1680
20 34 16
31 52 0
19 56 0
40 11 0
21 67 0
31 9 1088
51 41 3072
22 21 0
8 28 0
29 57 0
19 13 1232
34 66 0
36 67 192
5 31 592
30 70 0
21 56 1152
59 11 0
22 68 144
36 64 0
54 30 80
69 11 3216
13 18 16
19 45 0
67 1 16
3 17 208
65 1 0
55 62 656
68 7 0
22 34 0
25 39 0
14 65 64
38 49 2064
8 69 0
63 37 1152
31 15 0
53 16 0
18 44 640
15 50 0
1 56 0
22 25 0
8 5 208
1 43 80
7 22 0
50 64 0
38 41 208
8 61 16
47 38 0
51 13 16
7 7 0
11 46 0
50 63 0
61 64 64
48 70 0
6 38 0
22 50 512
27 6 80
46 7 16
21 35 0
31 50 0
23 11 16
53 44 0
39 28 0
11 21 0
44 68 0
14 69 0
58 4 576
9 37 0
66 52 64
33 19 144
10 4 144
7 28 0
63 34 80
54 42 0
70 8 0
26 43 0
28 43 16
39 14 0
28 31 16
13 33 0
46 26 0
23 45 0
28 41 0
11 10 16
57 40 3136
31 35 0
14 36 16
54 22 0
21 8 1536
8 58 1024
69 49 16
31 35 0
53 52 16
42 3 1024
10 21 1040
48 40 1600
1 3 1552
8 22 0
27 52 0
23 70 0
9 13 656
28 55 1040
11 27 80
33 66 16
24 31 16
5 25 0
7 19 0
40 61 0
24 61 0
8 60 0
18 36 0
28 41 0
49 32 64
1 56 80
11 14 80
9 9 64
53 2 0
23 32 144
8 19 0
57 7 592
13 36 0
64 55 592
36 46 80
15 3 3264
6 9 16
16 48 64
44 27 0
30 13 1728
16 33 128
56 60 0
44 35 0
40 63 64
20 39 16
10 70 0
3 20 640
62 21 0
42 19 576
40 22 0
23 57 0
25 49 16
39 70 64
1 12 192
56 55 16
44 9 208
16 25 16
29 1 0
12 27 208
25 41 0
12 64 0
5 5 0
52 12 0
6 63 2128
52 23 0
63 40 16
45 48 0
63 59 16
6 52 16
5 48 144
55 1 0
33 62 0
26 70 0
57 21 0
44 59 0
31 69 0
54 29 1552
45 23 64
5 46 0
13 68 0
58 16 144
11 70 0
63 40 64
44 20 0
31 23 0
11 51 1168
69 21 1152
31 20 0
34 15 1552
6 40 704
63 11 16
65 12 1104
53 34 0
59 10 0
3 10 16
67 50 0
29 10 0
50 23 0
15 32 2768
3 46 1088
57 34 16
5 28 0
42 47 0
40 49 0
60 56 16
4 34 0
33 55 80
35 44 0
41 3 0
55 20 640
33 60 0
21 16 80
27 54 720
8 42 80
63 51 0
26 12 16
2 55 0
33 20 192
52 50 0
12 60 0
46 13 16
25 9 0
6 59 80
42 44 0
45 49 80
12 52 0
48 6 656
64 47 192
28 68 576
23 35 3216
32 39 144
16 34 0
2 21 0
45 38 656
5 12 0
13 59 208
62 35 0
8 65 0
36 57 0
40 70 0
18 28 0
55 34 16
55 32 0
12 56 592
33 65 128
26 33 0
68 38 0
28 37 128
13 13 0
23 66 0
42 41 0
30 29 144
2 51 208
55 54 16
27 10 1152
50 23 16
40 28 16
16 14 0
22 66 704
64 14 3792
62 9 0
42 65 0
70 40 0
39 70 0
45 16 1040
47 47 64
24 18 2624
29 22 192
41 6 16
50 4 0
23 29 0
67 7 144
21 40 0
35 50 0
37 65 0
6 22 0
42 56 16
5 50 0
54 56 0
13 19 1536
29 2 0
3 51 1024
69 54 16
38 28 0
48 28 0
23 24 80
70 49 0
2 22 192
66 69 16
8 24 2048
5 48 0
6 50 0
10 22 0
45 3 0
32 63 0
58 56 0
22 66 704
70 11 0
14 43 0
28 15 0
33 56 0
39 44 0
2 21 0
23 27 64
48 40 1216
64 8 0
64 50 0
9 59 0
42 53 2048
8 17 80
60 55 2256
52 41 0
30 4 0
17 16 0
65 17 0
56 42 1616
21 1 0
57 58 16
49 64 720
9 30 64
7 66 576
63 36 0
48 52 16
38 28 16
49 55 0
20 40 1088
42 37 0
54 28 16
37 62 80
26 46 64
24 48 16
33 21 64
3 6 0
2 28 2256
58 47 656
58 23 16
30 62 128
4 59 0
29 4 16
20 42 0
63 23 0
54 52 0
56 7 0
18 40 0
70 3 208
14 10 192
29 11 576
13 7 0
15 29 16
49 53 16
48 45 0
23 9 16
20 64 0
50 20 0
8 64 0
59 10 576
67 70 0
47 53 0
68 70 0
2 25 0
27 1 80
57 39 528
16 6 0
9 61 0
25 17 1152
38 2 0
57 18 1536
25 8 80
6 21 0
13 59 144
35 17 0
49 28 0
44 14 80
55 12 0
69 70 192
12 69 0
57 18 3088
8 53 0
27 47 0
1 54 0
40 37 0
11 15 0
21 12 16
69 31 2192
23 47 0
48 1 0
64 19 0
36 44 1552
29 19 0
37 30 16
64 56 208
69 20 0
30 41 0
12 31 192
18 23 16
68 67 16
7 34 64
25 24 80
19 48 0
6 9 192
4 21 0
57 57 3072
6 70 0
6 69 0
55 13 16
18 43 16
39 62 656
59 12 64
8 54 80
6 7 0
39 64 0
20 27 512
40 54 1552
24 29 0
3 8 208
28 69 1600
62 8 16
13 16 16
23 69 2176
15 23 528
44 70 64
16 69 16
55 17 64
40 52 0
44 15 0
68 33 0
35 43 0
55 45 0
30 54 64
40 32 528
23 8 80
67 47 528
68 46 592
12 13 0
64 27 64
40 14 0
56 20 0
29 7 2112
49 17 80
68 8 0
30 67 0
22 4 0
35 56 16
45 46 0
46 48 0
26 14 0
9 63 704
22 60 0
61 68 0
46 45 0
14 13 16
19 19 3648
12 69 0
60 58 208
30 39 0
51 27 0
44 20 16
24 1 16
47 23 16
38 56 0
39 40 64
64 60 128
2 54 0
47 11 704
44 65 1040
70 63 528
42 27 16
16 37 720
49 13 80
30 68 16
58 30 0
63 48 640
36 15 0
43 20 0
25 25 64
30 5 0
66 60 16
46 34 528
16 64 2112
64 50 512
35 25 0
49 12 16
52 25 0
12 15 0
50 18 0
42 63 3776
45 15 208
70 59 16
55 45 80
42 17 512
62 43 0
20 5 0
17 2 0
45 58 16
57 21 80
68 56 16
1 58 592
65 58 0
50 13 64
29 50 64
46 19 0
34 19 16
39 69 144
29 17 0
58 56 0
38 16 2112
34 16 0
39 39 0
49 44 0
56 11 128
27 4 0
70 47 16
10 8 0
65 44 16
37 26 80
58 42 0
33 60 0
54 27 16
13 17 0
70 41 0
39 7 144
68 1 128
68 2 16
13 41 144
4 33 512
33 60 64
62 56 0
31 3 80
14 3 0
61 15 0
5 62 0
49 48 0
14 16 0
51 70 0
9 47 16
16 56 1728
38 45 0
68 68 16
31 33 640
43 23 0
6 49 0
40 35 0
52 50 0
25 19 0
32 44 144
51 38 0
33 28 1616
40 24 0
57 1 208
4 14 0
5 13 0
65 47 0
60 6 16
35 66 16
68 63 2752
9 43 0
1 7 1168
40 46 0
24 60 0
63 3 16
29 44 144
60 47 0
70 53 1216
10 27 0
42 12 0
14 25 16
15 46 0
24 41 0
11 69 0
44 56 0
47 9 0
9 9 0
35 44 0
63 33 0
11 70 0
8 47 0
55 62 0
12 2 592
55 45 0
68 27 0
23 10 16
60 45 0
16 41 144
6 67 80
28 41 16
47 50 16
65 59 80
2 1 0
57 12 0
3 44 208
45 1 0
15 26 0
32 62 0
26 24 0
40 19 0
21 48 0
43 20 720
38 47 0
17 34 0
49 52 0
35 27 2176
25 18 0
32 24 0
31 1 0
23 4 0
54 63 16
48 63 0
2 3 64
10 10 0
5 23 128
13 19 704
61 10 656
1 34 144
47 24 0
32 31 0
31 59 192
35 68 0
67 27 640
41 62 208
58 56 0
27 15 0
35 57 0
43 7 144
38 61 144
27 41 0
28 9 128
19 36 0
47 24 128
8 33 16
58 48 0
63 50 3648
28 59 144
46 50 16
37 8 64
65 30 208
37 39 0
66 33 0
11 30 704
10 58 1232
62 51 64
53 46 128
50 16 0
36 17 1152
56 36 16
49 39 0
41 45 16
59 43 16
34 19 1024
22 11 0
12 41 16
1 25 192
54 19 0
4 46 80
38 56 0
23 42 0
54 28 128
44 49 0
21 59 0
64 8 208
8 48 0
27 48 80
52 49 0
1 59 128
62 38 16
30 23 0
4 43 0
25 24 3264
7 56 0
9 70 16
25 50 0
9 50 0
45 7 64
64 2 0
47 47 0
11 64 0
11 13 2176
52 40 64
8 13 0
43 8 0
49 43 192
61 9 512
66 15 0
61 65 16
49 48 0
52 28 16
20 58 0
45 45 0
1 51 16
34 62 0
41 66 1040
51 45 3712
21 39 0
30 32 0
20 67 0
8 12 1536
46 8 16
36 48 0
50 57 0
3 37 208
68 43 0
26 36 0
25 27 0
70 27 0
69 51 0
30 67 16
65 69 656
52 50 640
70 19 208
65 7 16
36 4 192
59 2 128
40 40 80
49 27 16
39 55 0
31 16 0
64 62 0
47 13 16
26 32 80
66 5 0
68 9 80
61 17 16
63 43 128
31 13 0
23 16 128
36 64 0
16 65 656
57 34 0
44 59 80
11 69 16
49 67 144
6 30 1088
54 34 0
6 70 0
32 43 16
9 31 64
37 41 528
13 36 144
47 63 0
35 27 576
16 24 3712
58 15 0
50 30 128
51 44 144
50 32 16
34 63 64
46 44 0
46 15 656
50 55 0
45 29 0
4 33 0
64 30 64
32 30 16
22 38 0
64 10 128
33 21 208
31 70 1088
44 27 0
62 63 0
6 67 0
27 1 16
26 21 80
24 38 0
60 58 0
33 6 0
12 5 0
56 30 0
24 62 0
67 47 192
51 39 3584
13 9 16
4 39 0
51 69 144
68 50 0
9 5 192
37 44 0
61 42 0
50 31 0
68 70 0
33 3 1168
59 53 0
17 3 16
43 56 0
58 38 16
52 28 640
50 48 192
28 1 3264
23 6 192
62 66 1040
14 63 16
43 52 720
12 49 192
8 60 0
8 64 720
39 67 704
24 58 2640
5 42 0
56 49 208
37 8 208
68 62 0
38 6 0
39 63 80
43 68 0
8 59 0
60 3 1168
8 26 0
30 26 0
67 21 0
66 56 0
33 44 704
53 33 0
28 14 16
52 49 0
37 68 0
51 6 0
14 9 1744
66 40 0
43 13 16
13 70 80
55 41 0
49 37 16
46 23 16
15 30 528
57 12 1040
14 24 0
48 35 128
25 24 1088
49 15 512
6 47 80
4 55 144
70 58 0
19 54 0
17 10 0
68 28 0
30 16 0
25 56 0
31 32 0
19 50 0
34 14 80
26 35 0
6 23 0
27 39 64
57 14 528
12 66 512
68 69 0
57 47 0
50 46 0
37 47 0
68 45 576
53 45 64
43 66 0
45 29 64
49 22 16
56 32 192
30 3 704
3 41 208
15 54 64
28 23 208
11 63 1104
51 24 0
12 66 0
42 34 1088
54 34 192
20 30 0
6 27 0
21 19 192
62 49 16
61 69 0
46 42 0
3 35 0
62 16 720
69 31 0
62 20 0
12 46 0
29 2 16
46 60 192
14 67 16
24 45 0
4 39 0
37 34 16
29 45 1728
31 45 16
41 14 16
55 2 2240
17 15 0
70 63 0
66 35 0
58 54 0
65 40 208
40 13 0
5 20 16
33 14 592
56 55 16
10 70 0
62 60 16
50 47 64
20 32 0
8 38 128
49 66 0
42 46 0
42 57 0
23 63 192
20 16 16
6 10 0
51 10 64
1 57 16
62 57 1152
16 39 0
38 38 0
33 14 0
46 58 0
14 30 80
32 1 0
28 4 208
70 37 0
54 59 0
60 26 0
40 68 208
27 11 208
27 23 80
9 9 0
49 57 0
24 38 0
15 18 0
37 15 0
49 67 0
27 43 208
29 14 0
47 43 1536
7 26 64
13 1 16
53 16 0
67 24 656
25 24 0
2 31 0
12 33 64
5 70 0
35 18 1536
52 67 144
42 45 16
30 40 144
61 69 0
26 19 0
30 32 0
37 33 80
1 54 0
17 48 0
29 64 1152
11 30 16
9 11 0
26 5 1600
47 52 80
24 9 16
14 25 208
53 65 0
19 37 0
47 53 0
47 4 16
14 5 64
40 14 0
