70 100
||||||||||||
9 61 0
4 34 12
68 6 53
19 25 330
49 29 403
21 20 51
35 32 3898
10 34 3624
49 21 515
1 24 41
39 27 140
8 16 210
57 52 160
46 48 99
18 16 27
33 47 3853
69 55 696
15 70 1629
2 12 400
33 46 10
41 7 46
67 13 366
34 43 1150
40 61 218
50 12 1430
12 64 18
15 25 95
45 1 8
16 41 18
66 6 1568
29 24 57
70 65 275
64 6 52
55 35 27
16 68 29
14 3 705
18 53 2605
45 44 637
58 52 3099
23 39 1630
20 69 384
7 30 247
33 11 0
38 31 216
66 62 11
13 56 113
63 12 31
32 35 903
18 64 29
24 61 104
47 61 1535
45 62 158
48 39 118
43 2 115
41 19 3944
53 12 21
19 42 101
57 64 123
55 48 229
49 39 5
56 3 255
59 4 195
51 6 247
3 36 2821
43 37 46
14 53 6
15 13 252
45 64 25
66 4 116
9 46 1989
24 28 33
35 64 69
36 42 46
44 12 187
32 18 1
43 43 103
39 31 1943
29 69 27
61 47 33
55 68 136
24 49 48
17 70 45
50 68 12
47 46 86
9 60 1072
32 10 495
25 40 435
25 51 6
22 5 61
42 69 149
60 22 111
40 66 227
26 59 12
7 34 1725
2 61 623
34 19 3
47 26 1851
22 5 1573
25 37 858
65 17 128
