70 1000
||||||||||||
34 35 292
40 67 53
10 38 698
56 40 586
20 51 170
1 40 115
28 27 2086
17 67 11
63 44 808
65 62 148
59 11 72
13 64 774
67 5 257
38 33 245
56 56 21
61 49 156
64 46 6
45 37 45
47 21 11
35 12 3005
21 36 868
68 54 42
40 46 635
39 13 19
29 19 969
68 49 299
50 70 2005
20 9 1815
59 25 1982
11 37 412
34 56 92
28 17 45
5 54 92
9 60 112
10 38 1771
43 69 3212
7 11 53
63 50 563
47 20 122
58 12 54
48 17 55
19 8 804
38 39 113
37 62 73
30 7 130
51 21 1283
15 63 60
27 8 318
48 31 673
39 36 716
10 27 65
58 15 3
37 14 1441
16 57 254
42 31 1175
59 51 56
51 24 415
63 3 392
19 31 3493
25 7 2521
41 31 1340
67 27 213
42 25 3
39 44 851
32 68 410
44 60 3826
46 41 215
10 27 237
70 55 426
49 31 24
61 8 300
18 70 1395
32 65 328
31 29 28
41 2 910
61 31 406
55 18 890
33 19 15
6 23 171
34 1 50
31 16 53
45 19 853
31 33 337
18 25 358
61 25 27
50 40 101
17 30 180
36 32 1
55 66 1536
54 47 59
10 33 12
26 59 1758
53 46 30
44 23 25
16 49 63
44 57 267
40 68 1722
37 42 701
45 31 2587
58 23 756
67 29 48
70 34 666
5 18 72
59 37 141
69 46 191
4 63 471
61 23 56
43 47 681
3 13 2900
60 55 342
23 38 41
53 39 1104
59 22 978
19 67 2324
5 7 77
30 33 531
41 67 179
10 56 42
65 45 354
52 67 1377
45 70 30
69 28 313
48 45 1313
59 35 7
12 22 11
38 39 115
65 19 2049
2 17 470
68 55 582
18 45 50
15 15 249
68 61 163
70 11 844
60 40 128
20 52 88
44 61 1462
35 32 30
15 22 1683
36 67 35
49 31 1653
11 42 10
26 62 2903
62 36 19
19 30 1646
9 7 43
32 38 116
39 40 479
36 51 791
67 27 34
54 68 371
52 32 740
5 14 66
12 58 1
52 70 75
61 43 87
29 17 2036
67 46 297
61 28 550
54 61 63
62 51 810
18 36 603
22 69 156
36 9 225
33 11 50
3 17 367
63 47 3412
21 15 247
43 23 1332
51 7 238
41 56 2738
51 21 165
55 32 22
48 53 322
25 27 17
34 54 28
34 70 605
24 61 875
68 5 198
4 51 1792
13 42 51
59 55 3592
36 43 2741
67 59 229
64 8 2070
9 2 9
19 18 13
48 61 1175
20 9 1657
42 10 745
13 15 312
68 24 10
60 32 9
47 50 80
6 36 65
31 4 819
57 38 360
42 38 121
57 27 991
4 53 3583
37 50 156
55 22 257
62 52 2
11 14 119
31 46 84
3 26 63
65 22 63
25 34 31
15 18 510
8 66 87
34 35 86
36 55 404
28 12 939
5 43 1396
17 64 1720
8 9 68
63 12 42
44 63 1976
31 16 1955
12 58 1013
22 13 12
22 35 2765
46 57 21
3 15 194
69 47 122
14 10 137
30 14 444
56 29 2
10 26 951
50 63 20
16 48 914
8 58 303
13 26 701
50 6 62
28 68 1851
1 7 1257
47 48 2
27 17 1074
34 3 419
17 63 242
50 16 2
61 51 246
60 62 439
25 6 105
61 14 52
36 67 12
17 33 3601
59 3 178
19 3 587
5 17 560
55 24 97
57 55 48
63 29 421
43 50 201
26 40 54
47 42 628
55 38 206
43 30 3501
9 21 13
46 52 205
20 53 12
33 43 32
35 10 2010
9 24 479
41 35 2018
22 14 1711
30 40 198
51 50 2
8 28 1617
69 63 20
53 35 854
8 34 48
20 47 47
6 68 21
26 56 32
22 24 3886
15 63 934
66 21 221
64 5 312
20 22 58
45 21 125
1 54 29
19 13 55
58 48 454
28 45 147
11 37 31
63 14 777
32 63 9
68 65 52
63 47 655
41 24 868
50 33 157
65 17 59
51 9 16
30 43 5
64 40 50
4 59 883
58 16 698
43 21 167
11 29 46
23 17 46
47 52 20
31 13 965
33 55 7
12 42 976
68 50 1095
51 4 235
16 55 60
37 41 26
23 10 55
21 37 289
70 56 971
38 4 3604
2 28 104
67 31 541
31 66 96
13 50 249
14 41 134
3 56 484
11 39 2378
47 57 1235
14 9 2
64 37 75
5 57 118
59 17 176
36 30 1761
45 21 1311
37 65 185
3 62 304
41 27 289
57 12 156
11 46 248
15 10 17
19 26 391
62 25 111
22 4 64
22 53 106
31 49 926
59 47 1797
28 34 62
27 21 107
33 1 372
70 35 19
64 30 80
10 27 893
32 35 6
53 58 222
60 8 555
50 61 1842
64 28 87
10 1 626
52 37 37
7 58 676
29 25 3965
53 56 1733
55 16 178
58 36 43
3 19 314
2 19 1543
59 9 404
32 54 122
14 26 42
39 36 83
62 25 26
5 29 37
64 23 60
55 21 191
61 46 12
5 35 1966
10 53 167
37 65 125
1 33 101
13 55 34
8 40 213
32 9 293
23 50 85
53 20 495
15 49 43
58 61 919
41 17 608
3 45 40
21 25 3152
8 41 1438
7 23 23
29 24 150
14 20 362
49 21 448
34 44 88
15 68 1537
37 4 247
38 57 616
31 24 12
12 40 1347
42 5 548
59 45 120
10 3 355
31 53 103
9 40 2795
12 53 777
32 57 1624
19 54 422
14 59 129
42 34 2475
50 15 1895
28 41 91
48 29 21
55 16 31
19 37 269
23 40 13
33 55 36
55 60 241
38 50 45
47 53 567
44 51 89
60 20 608
25 13 2884
53 48 1328
30 49 87
22 29 8
22 7 191
63 27 424
18 47 971
68 68 0
67 31 462
63 49 3321
5 64 15
32 27 15
17 7 12
13 57 380
61 51 1217
7 61 32
12 12 47
25 48 22
28 62 39
57 53 253
12 58 59
18 10 312
62 61 20
48 19 655
27 32 977
62 1 947
43 3 433
54 55 276
32 59 310
22 26 10
51 42 1246
3 60 18
16 44 892
37 11 767
45 61 215
31 13 35
63 56 1221
48 54 108
36 69 33
31 33 1223
67 49 84
66 51 231
4 24 31
2 5 345
57 51 159
7 53 393
6 50 9
40 58 1324
23 35 84
31 29 1120
32 42 922
52 48 45
65 51 39
5 28 47
32 28 2973
8 44 199
25 9 8
36 70 836
33 49 6
29 39 110
17 25 826
25 46 140
25 12 49
22 59 43
64 60 51
38 28 89
25 60 682
2 22 356
54 65 474
3 1 345
60 63 221
14 41 107
64 69 628
42 32 57
36 29 421
53 63 13
3 21 632
37 7 102
29 35 200
57 68 787
42 4 2477
12 14 33
69 25 393
19 8 97
29 19 3634
1 16 87
42 57 3098
12 24 431
50 25 617
25 58 1714
43 58 22
26 55 481
8 29 100
39 52 109
4 19 80
25 59 2702
8 57 153
36 41 125
70 36 1027
42 23 122
42 50 161
18 30 54
68 24 53
51 4 1338
20 42 44
31 41 238
4 63 173
43 23 39
28 18 3149
22 19 31
1 37 1
12 65 89
41 40 18
66 21 277
47 5 243
2 17 444
10 50 19
65 33 226
39 37 4024
70 2 874
42 1 73
23 38 210
31 48 972
34 47 35
54 58 67
64 47 2058
12 60 41
26 33 332
57 18 30
31 20 102
32 22 40
12 28 284
40 17 31
53 52 87
1 70 141
45 7 26
1 37 584
69 7 21
54 36 422
44 18 1262
30 11 383
59 60 210
45 3 787
2 44 612
6 5 143
20 65 97
40 56 142
35 19 3683
18 38 26
55 60 378
58 5 1366
52 18 602
18 65 123
8 68 455
11 51 26
38 23 1325
39 41 77
50 20 30
34 14 236
52 15 662
58 59 792
62 2 504
40 66 118
37 5 2623
45 63 3291
48 21 19
29 5 24
14 41 264
44 68 44
38 40 1677
49 47 219
1 1 113
7 8 198
13 27 789
14 51 127
65 66 1423
37 15 272
59 10 29
58 4 22
18 48 858
61 7 255
4 51 45
34 27 5
32 68 623
16 20 488
18 46 256
28 19 63
22 42 456
61 26 1818
15 45 17
54 43 255
23 40 213
37 20 232
66 4 16
52 67 472
5 31 42
62 37 77
22 58 71
46 3 2
64 22 46
69 15 479
40 56 1812
14 56 181
18 11 54
57 34 103
41 32 192
24 42 1307
50 6 179
4 15 8
57 68 61
31 28 144
64 54 1001
38 6 247
22 29 296
43 62 328
36 8 432
70 63 259
17 8 98
28 67 912
22 4 291
3 27 1612
32 53 229
20 34 61
48 20 1957
65 39 95
56 69 2039
58 63 3341
5 64 756
57 2 76
53 65 881
61 4 689
43 5 172
23 7 200
15 47 116
25 64 6
38 53 1019
6 22 58
2 54 185
8 11 279
6 62 1722
9 66 482
45 18 5
49 67 206
53 56 220
14 37 210
33 52 33
14 7 1245
47 34 28
70 18 42
53 17 102
42 33 233
12 37 74
56 10 402
1 30 237
28 30 3168
37 62 291
35 52 27
60 26 3
18 62 1820
42 25 852
39 61 820
43 7 79
70 70 16
31 2 148
24 48 258
67 6 634
28 53 0
37 36 985
40 54 14
19 28 128
23 68 28
62 66 273
32 6 82
39 5 35
22 26 17
37 16 574
8 51 674
66 38 107
51 42 216
33 65 1409
32 70 18
66 22 409
64 9 1288
47 41 37
56 28 770
17 3 42
42 55 732
55 41 116
54 62 38
15 4 211
17 9 106
42 8 119
17 69 146
19 40 1072
37 39 482
40 63 3595
63 24 65
58 36 668
55 37 799
9 6 286
12 47 1619
56 58 1495
64 4 4
64 62 195
32 14 62
57 67 19
5 3 646
14 36 833
38 69 50
6 50 378
32 24 744
40 47 156
15 5 43
56 5 445
48 5 58
36 38 2099
26 47 38
44 23 1960
12 37 143
21 4 26
61 27 315
32 8 2820
21 48 834
19 36 77
53 6 52
49 38 177
43 33 147
24 39 414
7 53 10
63 56 75
61 68 132
61 51 22
40 38 13
8 48 313
32 67 52
18 65 263
12 22 37
65 41 1252
48 9 73
69 43 77
21 26 15
57 1 115
18 16 14
65 22 18
21 42 5
8 27 1144
66 29 592
67 69 116
8 16 1896
53 34 159
14 17 673
69 22 96
25 8 9
10 54 190
29 64 56
3 1 995
43 54 77
28 14 141
56 62 54
4 15 254
4 4 950
54 58 532
14 25 3
69 3 1151
34 34 230
59 43 67
14 9 735
60 3 65
56 64 925
22 66 53
36 65 309
68 40 118
59 3 253
34 14 33
9 57 1636
43 64 120
20 7 435
61 63 132
57 11 454
39 62 875
2 52 76
12 69 1714
28 34 52
39 38 765
69 53 52
10 6 817
70 3 466
64 16 21
45 70 41
26 47 111
17 70 885
15 4 372
25 10 202
4 16 193
19 2 63
27 56 47
70 63 21
12 10 184
18 33 883
18 37 40
65 54 1282
9 26 1869
63 62 69
6 68 217
63 58 455
62 32 583
68 44 4
1 41 795
47 64 757
30 63 81
40 15 3921
61 62 52
59 70 901
28 43 3672
57 26 455
40 7 412
31 7 1098
34 16 31
35 17 270
55 63 560
26 2 16
69 33 3405
19 16 917
8 34 1566
66 65 74
32 16 57
59 11 393
18 29 128
27 53 90
45 35 100
37 30 82
10 13 106
15 5 41
30 51 59
38 45 901
11 63 68
34 8 26
25 28 3499
62 70 605
36 19 175
57 33 1955
56 60 44
56 28 351
65 54 33
65 12 686
67 32 84
22 21 113
26 27 60
42 49 96
46 70 1837
41 68 238
35 27 392
5 26 3976
40 6 34
65 40 42
43 6 125
45 17 225
38 47 1636
68 32 11
62 14 38
25 62 218
28 47 21
18 7 125
41 53 333
9 4 914
67 18 944
26 19 538
18 14 81
34 25 29
66 33 94
22 45 217
51 23 255
31 53 542
38 1 3308
22 67 1763
40 70 58
60 57 507
63 12 13
6 10 59
10 54 159
31 42 1
33 60 9
69 33 97
2 48 109
39 70 3147
64 47 436
15 61 1474
47 38 3688
33 33 358
41 28 165
26 50 1485
28 59 45
16 42 360
40 2 4077
16 53 12
29 26 44
31 57 1528
51 15 3723
19 24 1252
69 54 169
2 29 881
63 24 1973
12 53 9
53 60 768
62 17 62
13 52 118
64 57 17
38 22 1132
17 67 656
69 47 3126
55 58 45
9 15 199
65 39 19
22 41 12
35 8 59
45 60 158
41 27 182
28 69 412
3 3 59
24 30 238
46 70 24
11 11 659
15 7 133
61 62 3950
6 52 470
47 58 1820
45 46 70
38 60 119
20 61 57
66 12 1052
65 57 94
2 49 894
18 49 114
34 60 100
66 52 53
44 36 61
45 53 219
43 51 649
61 18 8
11 41 3557
18 62 178
3 16 2517
21 62 204
8 24 206
22 30 252
12 12 244
64 25 45
68 39 47
20 65 93
29 23 127
3 43 248
1 63 16
14 65 3991
27 56 341
4 25 0
53 60 47
4 29 130
37 2 854
27 5 3983
32 63 42
32 24 41
50 16 2067
10 39 96
44 30 55
68 38 484
19 51 897
54 31 24
8 22 57
29 62 25
4 66 851
20 9 925
28 55 190
37 28 124
65 6 1
26 11 36
42 18 125
62 26 190
26 22 6
18 34 955
62 55 709
14 22 5
8 60 29
4 54 111
47 45 652
56 21 85
49 34 76
