70 1000
^^^^^^^^^^^^
28 61 2940
3 18 1987
2 64 89
10 38 1765
30 40 1121
70 57 1347
10 39 1642
67 24 2217
10 29 578
14 9 1772
10 16 968
22 63 3759
35 1 1654
30 45 952
62 34 822
48 64 2786
67 33 3172
43 14 297
56 21 3408
10 45 501
62 69 2961
41 39 2237
63 56 510
41 33 3963
21 3 2832
16 40 2289
13 68 2472
27 50 100
40 20 2786
25 68 3640
46 19 2797
18 33 1910
20 18 2712
57 66 121
52 38 2531
19 51 3919
66 38 2361
17 33 2495
20 28 53
22 37 3436
24 11 750
24 52 3551
31 62 2340
65 26 694
38 33 1738
38 37 2631
41 26 313
55 70 2622
60 4 2738
56 19 172
37 8 586
44 37 507
32 26 3057
56 41 1610
34 28 3420
28 59 1324
41 16 4023
38 31 3593
37 19 1265
32 26 804
40 50 3088
18 11 830
18 41 1687
65 32 2861
24 29 2707
47 42 3278
67 62 2137
17 21 191
62 45 1309
56 48 2567
67 16 1356
56 21 3926
49 22 3583
53 15 1935
41 30 1525
10 6 172
28 3 2153
49 16 260
64 35 2423
54 59 2007
59 10 921
38 50 480
51 61 1261
29 34 1196
21 70 2461
15 53 931
15 60 1259
6 2 378
70 60 3109
13 66 3544
57 40 3174
51 18 2179
2 5 837
48 66 2573
35 61 440
22 64 1099
39 54 3880
42 48 2849
61 23 1638
46 41 2116
63 26 1450
21 15 2568
6 15 1341
8 40 3605
5 38 98
22 23 3840
53 3 3390
12 53 1219
51 65 936
46 69 3651
6 36 3045
23 11 2569
39 61 3894
68 55 2885
7 11 1566
24 11 3817
6 65 2613
66 14 1308
68 31 2181
35 59 1905
17 8 2941
31 29 4066
67 39 1459
50 55 19
29 60 732
39 43 1642
6 3 827
45 33 343
58 42 1255
64 59 3511
20 48 3526
45 44 3481
40 36 3665
36 65 2429
33 32 1901
26 17 1270
9 2 460
47 49 3108
27 18 2223
32 23 1451
63 16 1878
25 27 2930
36 36 1017
53 14 3860
52 4 1896
53 10 600
2 48 2526
4 37 3063
40 16 1705
24 41 2904
66 36 557
8 42 1531
57 64 2232
4 51 451
55 39 3120
46 69 3345
25 66 1962
27 11 85
1 20 1808
15 16 517
27 21 2385
38 70 3191
18 3 101
65 53 929
8 63 277
26 54 3052
66 41 356
10 23 811
21 16 2774
53 5 3153
13 51 3125
43 13 1374
53 44 188
32 62 1353
37 10 3562
9 23 1031
27 43 257
20 51 3895
13 48 1898
18 29 1774
10 39 2161
33 41 3113
31 49 530
16 40 1497
56 23 2831
54 24 94
58 55 882
27 31 2461
66 23 2974
54 46 2904
33 36 3983
55 16 3042
49 10 887
59 5 3581
31 21 2958
50 28 2585
30 48 517
60 15 2180
41 19 937
70 5 3067
49 36 1226
62 38 3960
51 21 252
21 6 3053
4 17 2848
48 14 1923
38 65 2267
24 69 1045
41 1 3755
23 61 1919
24 65 3257
32 12 45
37 41 375
70 56 2861
33 21 2627
49 68 3323
56 26 2092
66 25 2092
22 3 2787
58 42 2777
24 54 3869
46 70 3815
17 12 2686
12 30 3663
30 48 1874
61 36 2166
41 20 879
17 19 110
17 53 2087
43 6 810
36 48 1478
27 17 3760
33 56 2521
21 49 2979
60 52 4004
67 34 2212
65 14 955
16 62 4022
39 21 1476
23 45 1115
40 43 190
58 23 977
59 40 1662
28 58 2206
31 30 568
22 45 504
39 7 1307
39 26 2602
11 19 660
54 31 907
57 36 620
11 5 318
18 55 1099
47 50 2390
27 36 3835
57 37 3641
43 31 3789
33 54 760
61 62 1576
54 16 303
31 25 3354
49 56 3207
61 3 3499
30 58 932
1 54 421
47 39 1577
32 51 2389
29 13 1650
23 68 3292
33 32 1715
44 2 1637
65 8 2220
66 45 2188
28 1 1403
5 18 3052
25 27 350
19 62 3715
55 15 1887
58 65 1251
42 61 1905
5 17 2739
55 9 274
26 70 4028
51 63 1079
17 12 45
2 70 3448
8 14 1825
2 6 3898
15 70 104
55 9 3529
67 46 154
21 36 3013
30 56 238
29 50 3105
35 19 363
7 3 2413
13 54 2277
68 56 2002
8 3 1485
55 58 820
24 65 1959
28 38 2390
30 11 280
18 52 1369
13 15 3240
40 40 188
48 32 2872
62 7 1116
6 24 925
12 41 662
1 48 1874
45 47 3559
15 5 593
39 61 1364
45 14 1586
16 38 1264
22 69 1529
6 50 719
13 50 1214
44 62 1910
2 24 3648
41 13 2619
16 63 2748
32 48 1521
8 46 1817
1 15 3448
4 50 2384
11 31 265
20 12 2396
23 67 2837
53 30 1936
51 12 2545
61 50 2208
43 70 2633
53 42 3316
64 10 1029
55 58 3077
9 47 1445
13 33 980
17 3 216
39 69 4089
39 49 3498
54 27 960
15 68 542
69 18 2644
63 23 3412
42 5 1922
9 60 1780
64 35 2457
29 46 2711
8 38 3327
70 22 3423
26 6 1057
50 3 2557
63 63 2184
53 38 290
66 23 1774
67 37 3765
67 26 3737
25 22 1106
20 20 3389
48 26 3307
65 46 1091
14 46 1701
24 12 2019
6 19 436
48 35 1227
4 4 510
32 34 2968
54 20 2455
19 28 2521
70 27 3290
41 44 1606
33 68 3720
22 67 2927
69 64 786
63 40 8
23 66 2320
4 9 1651
61 5 1076
46 12 3966
3 5 2066
62 15 655
23 61 1869
13 42 3297
9 47 3888
30 60 917
53 67 1843
17 46 170
49 60 216
53 6 2066
22 10 1490
30 32 554
64 45 3140
36 27 2726
2 15 2797
50 9 841
70 46 1194
12 27 2841
70 62 12
54 51 3583
54 41 3689
64 30 125
11 14 4018
54 1 3193
24 49 1465
40 23 3131
28 24 3879
44 20 312
4 32 1846
2 68 2726
66 44 34
45 54 2759
7 25 2317
31 39 3818
31 25 2066
25 66 2735
5 33 3744
66 11 2035
9 2 1696
46 5 69
56 20 2683
39 10 3056
28 12 1768
5 8 855
64 61 1739
3 23 1113
54 26 2363
66 7 2375
69 2 1139
35 52 3588
12 2 1275
12 59 180
27 43 820
48 70 3600
14 3 2140
13 40 772
12 27 2285
12 18 1134
69 9 2376
53 59 4079
13 6 809
26 4 3777
4 52 3191
35 52 942
50 33 3491
14 68 1209
37 19 711
67 36 1163
12 17 2664
24 34 483
7 51 3260
15 65 3423
4 45 3364
45 2 3903
49 1 69
49 4 3571
28 9 962
6 69 175
38 64 55
41 57 2214
11 60 649
19 9 1238
26 20 2251
25 52 1345
25 57 705
8 57 783
48 30 2393
49 3 3896
5 28 1726
14 38 1729
22 37 59
44 7 2686
32 45 4042
50 27 539
15 48 210
1 48 2744
29 48 3383
34 62 1922
50 22 1419
62 31 946
46 67 2221
45 13 2121
14 38 3595
14 8 1525
15 12 2151
14 61 2012
39 66 2825
25 10 642
39 8 2262
57 55 1889
63 55 2789
18 15 726
46 8 1567
25 20 3931
61 20 2031
21 26 2267
22 16 421
13 53 155
10 12 3536
28 19 4030
4 24 2819
14 1 79
8 23 3080
34 52 1566
39 29 551
70 25 1172
21 21 318
38 37 894
7 3 2091
51 8 3179
19 25 2142
43 40 2013
20 49 2532
28 62 1837
20 34 2250
36 67 2469
46 45 3643
1 58 2885
45 45 3647
29 63 3386
54 20 1717
23 5 1175
33 13 1929
52 56 959
13 69 379
12 26 3355
54 62 1404
64 38 708
37 57 1601
38 16 2739
3 64 2022
43 66 1997
22 11 884
62 47 3367
56 25 3773
49 15 839
50 13 925
29 68 487
52 21 2868
7 57 346
34 31 72
1 65 3109
46 20 2323
61 65 1566
65 8 4042
30 38 1541
54 17 662
9 37 1092
53 43 819
62 4 3963
44 30 443
37 49 3098
25 53 3054
2 20 2253
48 39 3742
8 35 366
1 1 507
29 53 3793
44 11 25
41 20 2019
20 54 406
67 44 2534
3 18 3483
10 23 2225
53 38 3079
47 44 3513
65 21 1862
24 53 2183
43 61 2772
57 29 3764
50 39 242
53 66 1607
7 64 2959
58 50 2698
30 38 1430
49 54 3202
8 58 3578
24 43 144
19 43 28
18 64 2150
8 39 1660
30 13 538
32 43 570
65 8 3144
13 4 2957
6 70 3889
32 1 3339
62 7 4068
26 63 3063
9 26 111
69 51 2849
40 14 2456
53 34 2994
60 40 2519
36 65 519
69 35 165
13 26 1544
45 6 2782
23 62 1771
26 43 491
7 55 3234
34 52 1958
47 45 1441
28 15 3382
39 32 1633
11 13 1434
25 43 1153
65 46 3289
18 27 2198
62 53 916
49 24 1186
34 4 2911
37 44 550
40 53 3559
42 60 866
19 34 3232
19 7 1583
69 20 2135
59 8 127
14 22 2986
34 57 702
54 17 1185
32 50 1677
26 21 3099
28 61 609
59 56 596
23 12 885
16 34 2541
58 10 516
49 57 221
27 53 3757
69 66 2060
20 49 1729
4 22 315
4 28 778
10 26 294
33 55 466
49 68 2791
63 27 560
30 2 697
23 25 1371
31 56 549
7 56 3558
20 24 199
25 59 1664
12 36 1286
34 24 116
34 34 2654
25 61 929
13 25 1054
37 57 938
38 14 3395
63 44 188
14 3 3118
28 44 522
55 7 3025
62 29 2526
42 44 1280
24 70 952
53 67 1911
36 61 1221
45 43 3242
70 57 2543
51 55 879
39 60 1739
66 27 560
60 18 3712
29 44 1489
42 18 1438
62 8 3878
64 50 3324
51 24 2368
48 29 2806
17 20 1203
56 8 2301
4 61 485
5 9 2973
4 25 43
38 38 2992
22 5 1702
45 54 842
44 23 3490
40 63 3223
27 20 3303
8 24 4039
19 2 2736
48 26 3900
36 69 2431
38 19 3895
21 69 351
49 17 187
53 52 3145
16 16 3337
46 59 1040
17 15 3956
57 69 1460
12 34 4050
20 29 1735
41 50 1889
30 8 2506
8 14 611
61 4 3112
57 39 2231
2 30 950
50 43 46
4 23 504
22 28 2695
5 34 458
38 26 965
3 16 434
10 58 1807
48 52 4072
49 22 2327
58 32 4036
6 13 765
3 2 3346
14 34 905
59 27 3557
54 30 1359
50 46 814
47 23 3616
8 18 2694
10 34 1585
23 9 2133
51 55 3178
14 15 2075
10 44 2461
37 6 576
14 8 3160
33 56 2794
43 47 1249
27 4 588
66 18 2382
12 61 1110
29 54 433
10 20 3702
16 59 2271
70 40 3053
17 41 4052
42 22 2714
56 29 247
41 13 2752
8 28 2524
33 65 895
63 35 3253
50 35 1301
7 6 1301
51 59 204
20 63 1636
28 40 2622
59 28 3091
16 51 3066
12 53 3530
26 58 3550
6 7 2074
18 29 79
15 13 976
46 46 3473
29 17 2407
60 14 578
25 11 2322
46 59 763
12 4 2068
69 50 1919
66 49 1822
69 62 1730
57 47 2291
42 35 1088
12 12 960
10 43 2116
28 36 375
70 32 3787
43 27 3633
34 69 1267
47 53 2828
48 28 2775
3 10 3827
51 9 70
44 14 3254
51 45 3464
13 36 1528
23 56 3668
41 52 1046
31 60 714
15 49 110
15 56 3399
52 61 438
4 28 1566
32 65 2262
8 31 2825
14 17 1797
6 2 3032
7 37 3460
56 3 3891
54 12 2809
60 15 761
11 15 3616
19 1 2242
44 33 2028
34 69 19
33 6 1427
30 13 1876
24 26 3259
2 36 1429
9 51 3962
29 10 1912
19 7 838
26 13 1197
42 26 2423
2 54 2654
43 9 1807
27 5 1090
21 30 364
30 69 2299
64 20 639
17 29 25
30 5 4070
52 67 858
23 39 3746
63 3 3974
28 55 861
8 18 2176
41 42 574
4 17 3793
25 10 2092
11 55 512
50 55 3486
56 42 2327
32 6 3584
17 29 1761
63 52 492
9 70 702
43 68 2596
42 7 103
63 11 1363
1 35 923
33 51 432
41 66 2267
22 66 719
44 23 2545
36 63 3131
10 13 2640
64 34 2185
3 37 3898
45 60 1551
68 10 439
49 6 573
28 24 2704
8 36 2795
48 12 1212
54 66 3677
23 14 1388
32 6 1684
69 39 1067
20 18 6
3 29 3345
32 30 1771
16 41 1894
4 17 3790
63 65 3904
19 19 1830
8 26 55
12 18 3934
21 24 1478
52 62 1672
12 45 3281
8 36 701
25 34 3980
26 24 1690
13 59 2461
13 62 1888
60 14 1112
15 48 675
11 56 301
24 33 2848
47 65 2531
23 1 766
20 6 2741
23 19 1293
16 5 1919
7 26 2784
65 43 1627
21 20 2690
17 60 926
4 43 1835
66 12 465
35 23 1899
30 19 4004
37 34 1753
22 23 775
25 46 1416
54 9 4042
3 15 3357
47 58 154
29 39 3222
21 33 2297
50 13 3812
48 23 1353
3 69 2379
54 38 1842
69 37 1782
20 62 3627
16 22 3417
61 10 463
15 26 1069
62 52 1934
12 42 3334
16 23 3199
68 70 2979
28 2 791
70 40 3770
43 29 1210
66 22 1365
36 57 645
33 21 661
54 70 2265
15 11 3936
26 57 1072
28 47 242
47 5 348
18 12 1333
62 55 1692
10 25 222
27 59 312
14 36 1076
7 21 645
55 54 233
8 34 3403
68 4 3841
63 5 2728
4 61 2236
37 48 3301
16 5 2861
53 38 3982
45 41 3090
32 3 3611
18 55 3668
50 10 4050
41 3 2614
11 44 3281
70 16 2341
64 5 3945
53 12 3973
1 44 1239
50 61 3914
20 24 3332
61 30 3453
38 7 595
28 60 659
54 26 3769
69 60 226
15 31 2274
35 11 3340
32 38 3100
24 31 228
20 64 3188
64 19 3407
17 44 549
41 30 1117
20 38 516
52 54 3260
48 34 2767
61 19 972
9 51 3406
1 4 980
68 14 2051
54 70 4072
53 60 1503
14 23 2806
10 30 1005
55 31 562
51 32 1759
55 43 3202
69 24 1825
7 37 2765
54 39 1678
29 22 3490
64 60 694
62 7 2985
64 11 992
14 70 61
8 38 2266
9 14 2894
47 2 3558
46 6 133
67 6 306
33 50 2354
43 18 3293
24 17 3162
5 53 129
5 16 1234
54 65 604
45 19 1208
27 17 2795
35 2 1494
27 26 800
49 23 923
58 51 3602
47 5 47
