70 1000
^^^^^^^^^^^^
44 16 2
46 47 1
17 2 8
15 65 0
13 45 3
17 37 3
49 42 265
36 62 0
51 9 1
42 26 9
40 16 2
58 55 11
38 29 9
31 18 0
29 67 1
26 30 1
33 58 3
36 60 3
65 52 1
44 26 10
35 5 522
54 45 0
39 50 0
49 36 770
35 30 259
9 4 9
43 69 2561
3 47 258
69 46 2
51 63 11
69 67 2306
1 26 2
8 47 8
34 51 257
65 26 2048
9 55 1
14 41 3
15 21 1
6 37 778
55 17 3
4 38 3
27 60 1
41 41 523
50 59 10
58 46 1
66 67 11
32 22 2
13 3 1
47 42 9
57 16 2051
63 66 0
4 9 1
33 17 11
31 25 2
69 58 1
50 50 768
1 21 2827
4 20 2
44 5 9
27 69 8
43 37 3
11 52 0
42 46 8
16 67 1
9 59 514
48 67 0
46 43 3
47 23 779
69 5 3
15 69 257
53 14 515
31 7 512
63 6 3
37 19 9
50 61 0
34 11 2
67 37 520
14 66 11
41 43 2
1 19 514
59 33 1
35 26 8
1 36 8
40 24 10
15 23 259
6 15 0
64 7 3
20 68 521
20 30 10
14 13 9
35 18 265
32 21 11
29 46 0
36 35 2
26 3 0
62 37 776
11 64 2
67 15 1
16 19 258
62 67 2306
19 58 1
65 5 0
27 51 522
66 8 11
16 48 0
47 36 3
3 29 3
55 32 2
22 62 778
45 28 769
9 33 515
20 24 3
11 14 1
38 2 9
62 70 777
57 69 1
64 30 10
54 21 2
46 57 264
27 65 522
37 16 0
70 45 2561
56 8 8
32 46 522
20 64 2
65 54 769
59 13 2
48 50 3
7 66 2
59 32 1
18 54 8
62 62 3
34 44 11
23 68 2
19 18 0
10 57 10
48 44 0
70 57 11
42 33 3
64 13 1
7 61 1
51 46 1
29 23 11
33 30 2
5 8 512
24 61 522
45 49 776
66 1 0
30 45 256
67 62 10
35 1 1
33 59 9
12 21 11
36 37 11
7 3 8
48 7 11
7 47 0
37 47 515
40 40 10
60 46 9
56 12 1
37 5 520
64 55 2
26 10 1
3 30 0
38 20 9
25 54 0
46 33 0
22 69 3
30 13 1
64 66 0
13 17 0
29 16 8
38 54 2305
61 34 9
23 38 259
67 31 3
70 67 523
51 18 3
26 64 11
20 63 8
39 31 0
47 1 3
67 54 1
5 27 0
17 15 3
54 65 10
64 40 3
26 41 770
46 69 2
52 13 11
54 14 768
20 14 8
12 13 1
45 56 9
55 69 523
68 54 267
2 24 1
56 23 264
36 14 2
48 58 0
61 31 9
16 46 0
61 58 11
23 51 1
34 41 9
54 58 11
70 28 0
25 51 779
18 49 11
21 56 257
52 10 1
33 53 3
23 56 265
35 69 3
9 61 3
40 68 770
25 59 266
58 25 2826
30 13 11
29 45 1
42 59 1
63 16 1
67 19 11
30 66 2
64 64 0
3 4 1
18 48 0
57 49 256
59 60 10
1 11 11
14 11 0
17 9 0
2 25 2
38 33 256
13 61 1
51 53 3
10 61 1
59 23 266
15 37 2
29 16 1
51 61 2827
24 35 11
64 22 2
33 36 11
51 64 1
55 1 0
9 44 513
59 35 0
63 52 0
6 21 2
17 67 2
70 10 258
60 51 1
46 5 3
56 67 9
55 8 9
35 10 9
22 52 1
12 19 3
50 63 0
64 35 2
11 46 1
4 61 2
33 33 10
68 70 3
47 8 9
30 21 0
50 58 10
1 13 1
67 39 11
9 69 768
11 15 257
44 18 2
54 47 265
17 42 3
1 63 0
27 50 1
38 54 1
1 39 779
10 3 0
68 30 10
61 21 2
34 65 258
4 29 0
33 7 0
31 12 10
5 14 0
53 9 523
20 25 256
19 14 10
30 3 1
1 67 2
2 8 2
18 20 3
23 49 264
39 29 10
43 55 8
33 35 3
1 47 0
63 37 779
65 8 8
36 48 265
5 49 2
15 56 10
6 43 1
30 17 11
46 13 0
60 66 1
27 31 3
64 49 0
7 70 9
68 48 1
4 50 1
37 38 11
57 40 2
10 21 1
30 46 11
15 23 2
48 55 0
29 54 2
63 17 0
28 51 2049
17 53 1
47 36 10
41 31 2048
50 58 520
12 64 8
14 38 3
46 26 3
50 61 0
26 26 10
52 8 1
34 48 0
29 35 515
54 17 2
15 33 1
52 29 8
3 46 3
25 61 267
56 26 3
57 42 1
13 42 2
4 14 2
32 8 515
5 19 10
36 69 0
14 17 2
59 55 1
13 6 0
66 64 1
14 30 771
2 64 8
18 2 0
52 45 8
7 16 2050
23 41 11
36 15 9
24 8 9
64 29 3
20 7 1
58 57 9
13 23 1
58 20 8
37 43 10
53 33 11
18 50 0
51 1 768
20 47 8
57 40 0
20 45 515
47 19 11
66 32 776
66 30 0
15 46 1
21 4 0
19 43 2
15 33 10
12 37 10
31 12 778
17 15 1
57 44 8
43 38 2
11 30 2050
44 17 11
52 25 8
43 20 10
37 48 0
14 41 267
30 54 0
25 46 1
49 26 9
46 31 11
58 39 513
11 22 0
17 51 264
5 31 1
68 19 0
33 52 2825
45 17 258
12 18 0
50 49 8
39 25 515
59 41 11
38 2 9
57 34 1
40 50 769
42 16 267
4 19 9
39 59 10
47 59 8
6 46 1
64 19 3
12 26 0
18 10 10
29 54 1
1 42 779
14 40 258
56 48 2049
14 61 8
32 10 0
50 4 266
49 1 777
16 23 9
66 50 1
17 10 523
33 46 2
56 24 1
42 15 2825
9 43 8
1 70 9
25 17 10
59 28 2
22 49 10
10 52 10
30 5 3
9 55 0
3 22 2306
24 7 267
41 41 2312
32 39 265
7 11 1
60 34 10
21 21 0
30 14 512
62 45 10
70 67 3
5 30 778
9 29 9
56 70 0
51 3 2
4 38 2
10 21 10
68 47 256
59 28 3
52 60 770
21 44 267
66 29 9
24 52 259
63 43 9
69 8 3
29 10 520
16 24 2
57 12 11
53 26 1
40 54 0
55 67 259
57 48 11
63 13 2569
15 38 512
54 44 0
59 23 521
17 24 0
2 32 2
52 30 259
22 42 512
18 66 2
11 2 2
6 7 2
42 42 1
25 38 11
69 24 8
44 70 9
33 4 0
16 37 0
10 33 10
67 60 3
5 50 265
53 27 3
68 8 9
69 5 3
6 43 8
28 21 3
57 12 1
70 40 3
55 45 11
1 53 267
66 61 0
29 1 0
62 57 521
12 40 2049
36 5 11
18 46 9
34 44 8
6 22 9
49 2 11
51 15 3
25 29 9
25 42 3
56 63 1
68 68 3
33 7 1
57 44 1
4 67 265
22 60 1
39 6 11
57 39 265
60 12 266
61 62 3
62 70 1
1 21 1
35 3 2824
52 60 0
22 52 9
45 20 264
43 38 0
21 41 1
18 59 515
10 24 1
64 50 11
27 69 266
59 2 0
15 49 3
17 43 10
3 33 1
52 56 0
68 10 8
4 6 257
28 42 1
66 55 2057
14 37 0
33 11 259
8 6 265
15 37 3
59 23 9
45 7 0
54 18 259
14 15 0
47 34 776
15 34 3
5 11 2
26 8 3
20 18 8
33 54 8
27 29 3
1 60 2
26 31 258
36 19 2
39 43 1
49 39 2
28 18 9
49 60 1
69 6 769
25 41 10
37 13 11
70 32 2
37 10 267
52 61 9
40 50 2
51 69 11
54 58 3
30 68 2314
37 59 2
52 3 515
1 37 2
62 7 1
6 11 768
43 23 8
21 53 257
37 68 514
60 45 264
18 28 0
39 37 3
48 70 11
26 19 8
56 9 1
46 43 1
23 2 10
1 52 0
63 53 9
19 61 0
57 25 9
27 37 2315
14 52 3
32 33 9
61 22 9
55 34 9
1 53 0
42 16 10
55 68 267
58 36 3
10 15 10
32 30 8
46 5 2
36 28 0
21 63 10
68 18 11
42 68 512
34 18 3
38 6 3
3 43 8
55 31 2
47 14 779
49 1 9
5 44 1
2 59 10
67 70 8
56 20 257
3 33 1
65 13 2312
68 15 256
67 46 8
43 2 10
37 32 8
62 9 768
30 20 1
39 54 8
48 29 1
51 38 11
45 61 8
13 58 10
44 62 2
59 45 1
16 29 267
18 37 0
33 19 8
38 58 8
4 2 3
42 7 9
20 27 777
7 58 523
45 25 2
20 59 777
30 35 0
27 57 9
26 26 11
52 4 2
23 8 2058
47 20 0
66 54 1
32 20 0
17 44 10
23 10 3
24 46 1
59 41 770
19 51 0
54 8 8
49 1 0
59 26 3
62 62 9
49 69 9
63 66 3
60 35 0
10 2 0
1 27 11
40 36 2
65 44 11
42 37 2057
31 51 10
38 25 0
42 17 520
17 53 2
44 59 2817
16 18 11
52 56 1
57 34 3
67 30 10
30 18 2048
68 4 9
36 60 0
44 28 3
6 55 0
63 61 2818
4 66 776
65 10 10
21 56 0
25 34 8
2 34 8
10 5 2
47 48 1
19 49 1
55 5 3
69 16 0
44 12 2
42 21 1
31 41 2
22 50 8
2 66 2306
62 37 2
13 57 0
21 46 770
14 61 10
14 1 3
53 45 514
46 5 3
26 35 0
45 62 8
9 63 11
46 62 8
62 58 2
47 31 1
48 50 1
33 45 259
1 43 9
51 63 11
31 3 10
33 37 10
53 64 10
15 1 1
56 1 2
44 58 3
15 50 259
65 25 523
31 40 1
10 3 3
11 18 9
7 18 9
65 12 0
30 21 10
67 8 0
35 56 768
23 35 1
45 41 11
29 44 0
7 63 2
21 27 0
4 33 1
6 52 11
67 65 515
32 4 259
33 42 3
68 20 1
25 28 10
48 51 266
17 70 1
44 3 2
9 56 2
48 24 11
25 43 8
44 20 10
34 8 520
48 2 1
56 39 0
31 68 259
65 38 257
18 2 1
19 65 267
26 45 265
54 1 2058
54 49 8
59 60 513
40 36 521
41 64 1
70 56 1
18 36 1
17 11 259
1 28 8
51 40 777
37 10 1
44 17 3
18 60 0
7 42 769
29 62 8
5 38 2
69 38 1
47 20 10
48 4 259
20 3 11
8 64 1
65 36 521
10 55 3
36 3 259
35 25 2312
14 40 3
45 62 9
44 23 3
6 58 2
45 52 259
26 58 1
43 15 8
6 37 515
34 66 10
59 39 0
44 11 256
17 38 266
54 4 8
28 22 10
67 25 9
19 51 2
1 29 2
54 23 0
37 22 2
31 63 2
35 48 521
68 64 9
45 16 1
10 3 0
16 14 3
12 64 3
33 35 0
25 23 0
3 52 3
45 13 11
40 66 0
11 28 10
61 50 777
2 18 264
14 50 1
9 5 8
41 42 0
2 7 0
27 59 0
47 17 10
61 29 8
61 61 0
18 31 1
15 18 523
70 15 259
33 62 523
36 12 2
16 11 8
11 33 8
13 17 0
47 37 2824
53 56 9
70 31 1
39 43 11
23 13 1
42 55 256
26 20 3
25 36 1
29 13 8
57 28 0
66 39 10
22 49 9
29 50 265
31 14 259
53 30 10
46 13 8
45 32 264
47 49 264
25 39 3
23 66 3
34 42 2817
20 43 2
41 59 11
66 46 0
26 31 2
33 31 8
5 29 10
4 11 9
13 63 514
13 12 1
38 7 9
43 54 8
36 29 2051
13 32 3
44 1 10
46 52 0
26 39 3
1 19 264
38 63 2
10 32 9
40 32 3
4 35 776
53 56 1
62 61 1
70 4 2
23 44 9
51 28 2
33 16 0
26 18 0
47 51 10
57 28 3
46 15 3
17 50 267
36 50 1
16 5 11
42 37 11
28 52 0
22 9 11
17 44 8
18 6 3
47 27 264
59 54 8
7 1 3
46 52 267
15 53 0
56 43 11
4 48 11
46 5 3
65 63 0
18 41 2049
29 37 0
7 11 1
50 3 10
3 61 0
29 10 8
40 23 0
59 33 0
50 29 1
47 69 0
47 19 0
62 6 0
15 1 0
44 51 10
23 33 10
34 21 1
49 2 10
42 50 266
41 13 0
26 47 521
19 63 3
5 32 1
59 32 8
51 14 2
30 43 266
43 30 0
3 65 9
9 2 514
49 60 2
40 48 3
46 63 11
6 21 520
49 17 1
66 5 9
55 68 258
42 55 2
1 69 1
41 59 265
66 51 8
24 24 0
63 18 1
24 36 1
10 51 8
6 21 9
61 59 11
18 25 267
6 18 265
35 52 3
16 32 1
19 63 1
67 21 9
68 31 256
48 11 2
48 16 2
42 54 523
49 16 2
9 15 1
23 70 10
50 48 0
64 46 10
2 10 2
39 40 0
5 16 11
5 8 0
2 50 3
61 69 1
36 56 8
4 55 10
56 8 2
3 31 3
69 13 1
16 20 2
43 22 2
68 26 1
2 55 2
64 23 0
7 34 0
35 11 3
53 70 8
70 13 1
70 50 1
17 56 10
65 27 2
32 24 512
58 37 0
5 3 267
16 67 2
15 12 1
10 67 520
15 64 9
1 43 8
43 6 1
26 40 259
29 46 3
43 9 2
14 22 11
54 40 3
19 16 1
