70 1000
^^^^^^^^^^^^
27 65 4
23 45 115
23 55 2457
32 29 206
63 60 92
53 12 499
62 13 17
53 26 71
55 18 464
47 45 79
46 56 56
15 46 209
8 54 2172
28 26 42
30 41 207
2 4 7
22 53 186
45 29 220
23 11 182
45 6 3598
40 8 38
66 38 174
61 66 457
43 15 496
18 4 30
65 27 14
25 54 14
4 15 210
18 45 461
69 65 204
61 30 19
20 67 257
9 60 1051
8 60 115
64 20 197
13 57 3399
60 53 61
13 23 125
8 62 1058
23 3 176
65 45 119
30 36 51
67 52 69
29 31 360
49 43 3793
21 38 47
57 9 932
38 40 81
52 13 155
4 43 650
63 64 471
54 51 54
4 64 236
54 49 1503
66 23 1301
46 27 1017
34 17 228
12 59 81
30 45 2171
34 63 2984
56 70 241
33 43 713
45 41 157
54 15 93
17 29 549
16 1 574
52 42 160
60 64 48
61 20 4066
21 65 1053
2 20 105
62 41 3283
24 7 50
56 23 212
6 20 51
69 29 695
5 18 73
54 17 3259
47 66 151
62 31 86
57 14 26
4 27 200
22 42 79
53 7 987
63 49 66
48 2 196
4 23 450
12 12 1317
33 1 16
9 63 181
5 35 1994
19 64 8
44 36 1917
65 60 184
5 64 1309
62 9 129
12 1 74
25 11 765
8 11 3409
10 31 432
46 39 1
16 19 0
45 38 246
59 8 805
39 9 127
20 1 785
54 70 59
8 9 47
15 52 34
70 18 85
52 26 93
29 20 117
40 47 157
2 24 331
43 61 76
22 55 41
38 68 212
14 19 122
21 32 2842
42 15 44
37 18 26
51 28 722
48 25 38
8 34 792
59 1 54
54 58 74
12 15 78
42 11 3379
16 56 157
42 20 1242
12 52 3
28 67 228
69 43 25
25 51 186
68 62 406
9 32 45
51 16 283
49 9 196
15 33 956
10 48 1227
8 51 334
64 8 20
21 13 280
16 31 115
41 24 126
13 13 60
41 32 107
19 33 1627
20 3 964
13 2 326
33 49 78
23 40 654
22 59 2
23 43 931
37 31 5
8 31 77
34 10 1739
60 19 129
14 69 0
47 15 51
62 31 57
56 53 246
16 31 544
60 56 12
54 3 1251
28 46 79
65 25 3302
40 56 50
16 20 1516
35 20 32
43 26 7
23 12 383
52 11 502
65 16 42
41 45 1825
66 36 377
23 5 30
13 63 506
64 5 11
35 68 248
69 67 218
36 61 90
27 61 651
7 59 1736
37 62 464
55 13 39
6 4 296
22 19 135
65 14 846
68 45 31
65 12 71
21 51 4
5 17 167
32 62 702
32 48 45
53 16 319
35 56 66
49 55 3288
9 46 238
67 14 52
29 28 2042
7 12 4
25 69 101
7 50 370
25 28 5
48 4 60
15 47 1870
33 55 402
70 33 237
39 53 976
65 40 117
43 27 1667
26 26 452
32 46 535
70 51 1603
36 57 561
6 51 272
28 48 216
50 33 212
27 25 290
68 70 1142
62 23 1633
60 57 3694
52 36 228
41 67 17
11 22 1552
10 32 79
58 66 60
60 52 47
20 68 644
6 12 933
59 34 54
21 21 416
50 34 931
6 35 246
7 23 125
30 35 939
23 19 40
38 60 263
56 20 242
58 6 79
27 9 1813
35 5 227
9 27 19
29 15 401
37 14 519
54 28 1056
41 17 471
47 67 935
66 68 4
39 34 145
10 66 3308
62 39 1643
8 57 419
23 59 122
24 68 10
21 67 1590
8 44 274
8 14 7
42 21 42
7 50 864
14 66 469
12 38 45
44 41 354
24 64 494
28 67 156
30 23 133
20 53 243
23 40 138
59 18 147
5 9 329
9 16 1710
13 57 76
68 67 46
1 35 19
39 58 407
18 65 559
17 23 54
46 39 657
62 46 991
8 9 1804
47 3 276
7 53 374
55 21 2888
25 31 100
15 45 234
11 39 15
62 16 429
65 6 807
10 57 1375
17 61 379
15 66 254
1 62 114
5 30 1105
54 68 32
28 19 63
51 16 415
24 16 620
36 38 3536
29 65 602
15 10 486
16 10 140
60 45 248
20 63 2877
53 3 583
60 20 270
23 46 674
9 28 37
23 19 52
9 30 32
15 9 0
23 70 7
64 14 57
50 32 15
35 45 85
26 1 0
36 40 80
31 6 204
10 64 48
24 35 22
37 46 2266
39 8 39
58 29 274
40 23 114
2 23 4017
3 49 1167
69 67 757
26 43 272
57 63 6
45 66 63
42 63 47
28 56 231
40 8 38
56 29 229
68 51 251
45 59 1237
59 41 44
40 12 13
17 36 77
28 69 1977
41 1 569
2 68 54
39 47 2635
30 22 244
56 2 1214
55 66 52
9 51 156
60 16 54
18 10 141
20 43 1111
50 20 15
63 57 958
36 53 165
26 65 30
53 25 106
37 8 2346
23 21 169
53 44 58
52 17 293
6 57 225
52 19 22
47 64 28
24 12 315
61 53 33
47 68 45
27 47 16
27 69 1663
53 62 198
32 31 1957
52 47 120
26 3 56
34 39 3654
40 1 3157
8 1 24
5 53 187
24 57 212
52 14 1444
17 44 1
9 48 1796
19 20 240
26 60 53
54 63 20
48 53 1175
22 67 855
49 67 36
17 58 1110
17 52 870
64 58 60
9 1 31
32 13 247
54 49 128
60 40 3582
26 37 92
35 61 42
19 43 7
44 43 481
44 3 3991
12 10 846
43 52 11
4 28 23
70 60 2968
22 32 691
12 40 495
42 52 3058
70 37 144
8 43 104
13 11 82
12 70 142
31 49 131
17 9 3794
39 31 76
26 19 0
13 64 24
59 55 66
62 41 297
70 49 103
58 50 995
36 70 786
26 25 63
18 59 1
18 10 25
34 43 187
28 3 702
20 54 897
11 40 785
22 6 1346
63 47 132
59 47 37
49 24 53
24 8 2157
58 34 222
66 15 473
17 33 686
5 17 103
29 56 1897
63 39 320
53 61 1470
33 6 40
43 54 35
16 63 117
61 18 57
49 32 3142
53 35 328
43 4 1556
40 16 110
5 60 1359
70 61 43
46 31 148
30 45 158
28 46 117
39 51 54
6 2 20
17 51 123
62 37 294
1 63 61
51 12 410
34 2 23
22 11 403
48 9 373
40 57 441
47 63 58
23 33 1467
46 38 123
18 69 91
1 9 53
30 47 1041
48 3 323
23 37 394
34 29 419
35 54 786
65 52 133
48 26 152
26 69 117
52 40 58
70 62 7
22 68 32
7 32 394
16 26 42
42 32 8
17 40 309
60 31 974
6 27 46
65 11 2100
23 60 122
22 41 566
64 19 1508
48 21 497
22 69 647
16 8 337
56 6 1315
34 25 729
62 21 856
2 6 40
62 9 496
66 36 48
3 23 20
22 62 74
39 62 156
65 25 614
11 33 22
49 64 149
68 40 1804
46 47 799
57 57 20
41 20 179
44 18 46
11 1 531
44 25 694
39 1 1261
23 32 401
25 46 404
39 54 809
19 33 738
57 62 35
28 16 556
58 12 20
43 15 133
37 12 16
14 53 24
20 48 756
49 60 540
19 2 414
66 62 49
60 13 385
69 34 796
29 19 62
13 1 579
25 12 110
2 53 124
21 19 1181
49 10 240
52 31 18
3 42 32
40 49 57
27 20 437
69 62 1151
47 15 397
55 1 26
2 14 38
41 57 2608
35 45 63
66 64 1675
13 59 61
64 43 212
63 57 271
49 15 290
14 28 292
61 11 70
48 1 1832
24 53 2
55 49 108
5 55 143
11 17 282
32 28 56
27 2 322
45 43 1
23 6 54
36 23 2364
8 44 4
34 47 104
53 60 108
10 23 54
18 31 641
60 31 461
19 50 387
48 68 30
15 47 169
70 27 223
57 51 111
30 51 206
57 34 59
38 24 271
4 27 1703
26 42 546
14 50 11
52 17 1086
65 4 39
23 43 204
44 65 84
53 36 721
23 3 187
34 24 12
36 33 90
42 31 478
47 66 50
47 48 288
36 43 276
10 43 1768
59 44 408
36 53 89
23 69 8
12 28 15
43 25 819
16 3 1599
30 25 161
51 35 38
69 55 15
61 17 2871
42 19 11
12 59 474
9 7 33
63 10 439
68 51 705
40 11 169
58 6 238
1 13 459
25 47 1756
50 44 80
24 25 59
50 61 25
15 55 95
62 29 393
6 31 3287
40 25 73
14 8 212
52 8 3450
69 27 657
62 37 70
11 39 1144
54 30 2770
19 19 10
55 26 157
61 12 201
3 38 52
30 38 286
3 12 24
53 8 41
21 61 33
66 26 78
8 3 779
7 33 180
62 70 36
18 21 21
17 43 72
27 20 28
23 12 50
53 33 150
26 44 36
17 63 3069
42 25 531
53 32 289
65 21 37
53 39 136
6 52 21
9 51 194
36 35 159
48 24 214
61 44 1472
24 18 330
3 55 1605
30 48 867
58 27 175
53 4 37
12 69 25
58 56 1571
47 54 314
14 49 88
25 41 651
25 5 317
61 2 40
42 44 396
34 43 141
23 21 142
23 39 90
7 27 422
63 31 829
52 63 144
37 7 46
16 33 173
63 59 90
54 62 674
11 25 137
47 56 49
37 39 945
8 28 16
67 38 106
49 34 236
16 25 42
29 59 19
60 50 82
25 32 2892
33 66 1
26 8 9
21 31 850
67 14 471
22 62 1650
12 13 244
29 43 21
67 35 481
66 50 45
44 55 14
54 20 57
47 23 265
50 69 307
69 29 49
42 2 1
13 41 647
64 60 411
53 15 328
45 51 57
1 8 7
4 24 23
32 69 413
34 11 106
70 53 124
35 19 2039
47 5 118
18 24 2933
53 50 39
16 40 179
51 4 214
56 22 35
9 1 1508
44 18 13
37 59 52
39 27 3469
15 50 208
37 38 1606
2 17 207
60 27 252
21 66 208
28 21 459
6 41 24
32 16 302
26 48 89
18 53 673
63 14 22
22 23 108
5 4 139
18 24 206
69 23 103
9 19 803
17 38 77
9 29 1653
2 70 125
17 67 423
62 2 688
25 37 41
12 4 49
48 16 3
49 40 204
41 2 630
21 19 52
40 42 99
15 69 185
62 15 3028
28 25 0
46 4 26
51 7 61
8 43 448
61 15 3095
35 32 128
47 9 251
68 61 34
68 30 6
58 33 799
35 55 400
9 6 1803
45 15 19
48 39 492
9 35 41
47 16 57
19 61 234
29 11 428
49 42 4
61 63 1
28 10 347
38 35 59
7 58 94
53 34 3
9 49 1917
42 13 54
70 67 44
2 69 318
60 13 1510
24 2 217
27 20 47
30 34 41
61 11 198
38 32 3
19 30 32
18 40 198
50 26 67
70 38 160
6 29 816
10 7 2
36 12 54
20 34 35
24 67 68
11 21 25
56 68 1527
59 55 52
21 52 447
42 54 153
8 27 1714
55 20 158
65 64 455
64 49 798
9 1 7
60 28 1648
31 10 196
34 40 14
65 48 3012
55 70 171
62 46 339
68 16 167
6 53 716
68 45 16
43 37 824
68 61 146
14 51 18
12 40 22
41 47 224
41 17 1156
45 40 9
42 55 266
37 3 2649
70 36 38
8 20 197
54 14 310
37 7 46
37 17 41
60 52 43
46 66 946
34 56 251
54 18 474
36 15 3622
16 37 610
54 62 12
53 2 25
46 57 170
56 57 954
11 1 104
47 33 11
12 58 189
54 37 1307
30 29 126
53 61 32
60 62 62
22 3 23
56 2 185
50 12 362
37 25 26
59 33 383
30 30 120
64 47 653
46 36 111
53 7 3038
17 1 29
58 48 104
21 59 354
33 3 1297
50 35 1150
30 8 21
65 31 901
27 36 1122
49 64 20
36 20 705
32 38 1041
3 56 86
15 23 22
22 49 441
65 1 15
23 6 528
55 45 24
59 16 72
50 32 55
43 23 245
1 18 233
13 62 1221
57 13 2977
15 23 312
34 34 2976
55 8 60
67 54 30
47 12 250
56 31 3226
23 57 39
35 39 133
59 3 59
60 68 21
69 59 110
10 9 7
8 64 1088
7 56 369
42 31 126
32 16 910
11 28 29
30 27 23
67 37 638
55 66 1835
21 10 16
33 8 48
22 12 105
17 29 528
69 34 1354
30 25 105
25 5 221
23 18 627
31 23 614
63 70 82
62 9 677
8 16 1736
70 62 322
19 66 72
52 29 402
46 56 58
19 63 1156
29 18 98
52 49 855
13 68 1180
54 42 4
19 64 1019
6 46 205
44 48 730
52 26 471
50 63 6
16 38 31
39 51 1919
35 65 796
69 31 23
43 31 42
20 34 58
1 2 437
40 28 72
33 10 123
15 47 725
34 31 735
40 66 102
46 21 3158
16 8 218
47 40 2394
16 69 55
26 46 2
29 60 9
55 65 35
11 51 34
11 55 17
30 30 271
62 11 24
41 41 61
1 63 34
14 70 11
54 25 383
6 20 454
20 70 54
25 57 54
26 41 236
68 18 3364
22 58 45
52 25 351
23 12 6
6 38 633
24 53 69
38 13 441
1 57 515
46 27 943
43 43 721
41 4 197
1 36 2399
67 49 227
49 66 3874
65 30 49
14 17 37
27 12 71
24 16 1701
50 7 327
31 39 454
67 64 1534
22 56 4
58 20 199
38 32 43
53 70 276
21 37 1251
32 60 16
63 62 1670
11 30 909
27 65 2838
5 19 481
52 34 233
35 30 918
38 11 421
70 52 135
62 67 3350
57 4 411
10 40 126
20 26 3143
64 45 473
64 53 78
58 30 5
39 63 53
67 65 338
56 24 27
17 17 41
66 33 110
45 12 232
1 35 1538
43 27 23
44 32 464
3 24 239
