70 1000
|^^&^&|&|^^|
51 39 3151
16 60 1023
1 65 1623
24 58 1381
6 41 1757
17 55 2639
65 38 1839
46 44 2874
65 35 926
5 51 1324
56 6 673
55 1 2336
14 59 1956
26 22 1700
15 13 35
70 29 3099
10 22 1399
37 7 861
63 40 1355
58 47 2545
51 2 864
47 49 2470
45 41 3053
39 54 1413
33 10 2117
65 46 1698
58 18 3413
41 55 1770
55 44 3054
18 58 1629
12 19 3152
29 29 2189
44 11 2908
35 49 303
12 3 915
6 4 187
38 29 2829
23 25 1028
64 3 3309
5 48 3307
38 16 3285
3 17 2479
9 14 4019
18 20 1018
36 26 198
70 39 1494
25 1 345
41 32 843
21 17 3671
13 16 1067
54 56 2251
30 40 3194
42 69 1095
19 39 3494
43 40 1389
36 18 3702
37 67 3261
14 52 2277
28 11 1878
52 6 2930
32 34 2429
22 51 1218
45 58 729
34 41 3118
55 23 292
21 3 1368
38 17 1375
52 55 3362
22 55 119
21 21 3376
32 15 2975
65 4 1354
32 36 720
14 70 2853
43 55 2901
63 43 1027
19 30 2876
17 3 1808
38 33 3927
66 52 1273
55 67 2354
50 70 1246
31 11 1164
22 42 552
17 37 2509
46 23 1674
7 25 1591
6 5 3653
51 64 3793
29 58 3530
4 4 1240
70 36 2839
61 3 778
63 17 2862
63 6 2281
46 24 3432
33 40 1030
64 21 2170
46 60 2847
1 22 4067
65 49 1033
58 31 4038
54 18 4037
55 41 1097
62 45 1138
47 1 2904
49 65 3938
1 66 639
13 49 3090
54 54 2363
7 1 3709
3 60 3140
15 49 1047
22 32 1171
64 65 3396
50 2 2963
36 13 1243
1 36 2519
39 28 1770
47 69 1511
9 59 3915
16 13 3103
56 13 946
54 64 680
65 56 2439
33 22 173
63 5 3601
18 5 2961
56 11 1212
30 52 1006
11 13 270
32 14 2300
53 58 2031
32 15 540
19 70 1561
23 14 3653
4 7 2266
69 64 3309
25 30 860
23 44 1022
50 59 1089
20 54 2164
38 5 2087
40 21 397
47 31 3966
8 10 1241
1 65 3079
69 6 3003
51 20 3908
43 19 1658
27 34 2611
27 36 2500
9 38 2802
4 5 3904
42 23 3517
12 10 933
59 3 1014
2 6 21
61 32 3578
62 5 581
25 49 2061
13 13 2678
68 15 1713
65 26 1945
13 38 1959
41 42 2195
37 41 451
9 16 844
24 27 179
57 15 3345
54 58 469
47 40 2731
2 53 3288
55 18 1128
36 68 1886
38 15 2834
10 56 1398
53 49 2080
69 12 1303
3 67 3919
22 7 3833
25 56 718
36 68 1514
15 63 684
70 14 3028
16 15 2478
22 59 3268
17 38 1085
18 42 642
44 37 3158
40 34 248
21 29 3486
25 67 3959
62 40 3594
33 42 285
67 18 699
2 6 1429
42 41 2334
3 53 3791
23 66 1454
61 31 3822
70 18 1748
25 21 1169
13 28 1399
59 22 1512
36 35 3017
64 10 3369
60 30 1393
25 36 2832
8 8 2358
43 47 4078
28 44 187
17 41 165
36 22 862
59 22 278
26 10 2973
66 33 3825
26 52 1776
48 14 941
41 17 2532
30 14 304
70 62 1947
45 45 2673
65 43 1033
15 68 3893
49 13 488
44 3 2452
70 21 3783
54 45 2138
13 20 3268
1 7 2281
5 2 2850
25 13 3703
51 60 4063
34 66 2805
47 5 3568
69 23 2209
34 42 3807
63 56 1744
59 35 2552
23 19 3007
10 46 2488
58 65 2896
16 47 2777
39 26 2466
64 52 3676
15 51 3073
48 33 785
34 57 946
64 29 3786
41 48 1842
39 30 2262
38 39 1696
16 16 195
53 38 78
68 38 432
6 1 3157
13 19 2695
20 26 3768
13 45 3527
33 66 790
16 33 1258
67 31 1780
59 31 2138
10 62 329
3 55 1619
65 61 670
7 15 1236
44 58 718
48 18 75
21 58 3307
24 11 898
60 19 1302
38 13 3541
42 65 2998
6 26 1024
15 26 2152
1 38 3792
12 40 1659
70 38 2642
24 2 873
49 5 2703
49 16 16
60 15 2574
46 24 3138
38 36 625
31 9 3389
18 27 772
12 26 3100
59 46 1385
14 43 1477
68 43 3658
62 22 2325
33 10 1435
27 32 2018
8 5 1146
4 65 1551
44 6 2218
20 13 1449
35 32 1104
30 49 3173
34 54 339
17 40 1515
39 1 3981
13 9 425
17 68 2218
39 14 2148
27 55 1003
17 27 2632
53 9 3222
21 40 3902
68 48 3962
9 10 2211
69 62 4010
25 28 1985
66 43 2830
48 21 2358
19 5 1383
39 58 287
18 22 1131
37 2 3164
40 53 2844
37 29 887
18 32 4032
35 14 3370
59 34 2803
28 40 2073
41 40 3831
55 58 1635
8 19 837
26 26 1725
4 18 2318
56 57 2463
13 15 1732
50 69 4077
38 32 3370
1 17 2825
67 53 1634
67 26 2944
36 66 1746
57 60 1998
3 26 1990
8 8 3548
4 45 3494
41 47 251
50 21 993
45 6 1068
37 40 2116
40 9 778
39 31 1941
28 53 1303
55 38 502
58 52 3345
13 55 200
66 18 3367
31 39 3967
2 54 1414
23 18 4046
33 56 3069
19 17 466
10 40 127
6 18 1968
8 49 111
29 52 567
64 56 3120
44 50 407
9 15 2800
8 36 2308
51 19 2976
7 54 2113
53 4 1470
59 36 3252
2 66 2821
25 32 4054
27 12 1351
31 58 3723
51 52 2759
1 30 773
5 7 1352
16 24 2809
46 24 959
62 47 196
18 17 3977
16 17 2119
38 56 2694
5 70 506
48 38 2509
40 58 1022
20 19 1666
4 64 3691
30 34 195
48 32 1915
15 16 1913
4 33 109
54 51 944
47 42 2279
21 26 1234
17 36 650
59 38 943
63 4 3654
52 2 311
5 8 2950
6 62 619
7 45 3281
58 17 3796
66 34 334
9 67 2351
53 70 1641
50 23 532
22 13 2073
33 56 2549
67 49 1576
60 15 233
17 13 2565
24 70 2770
58 28 3643
13 2 3756
14 61 1083
47 54 1273
36 54 274
27 25 1045
54 50 672
13 2 681
34 35 684
50 3 2297
25 3 3812
1 54 1006
8 6 3637
21 2 944
8 9 438
68 25 2221
16 23 1323
22 55 3523
9 64 2730
35 8 3924
24 21 1551
11 57 1342
67 38 2928
40 23 69
7 3 2060
66 70 629
49 60 3168
27 18 1108
35 64 1108
40 18 243
53 34 1480
26 60 3172
30 26 2492
59 13 339
1 53 3693
19 49 3971
4 70 37
26 70 1495
10 17 3614
62 65 3103
37 6 1485
69 30 2294
15 23 1296
42 13 3354
12 43 186
68 58 333
49 38 3432
17 6 412
19 15 3078
5 40 1487
13 53 3677
9 7 3991
62 45 2559
62 27 2276
15 64 641
36 25 2154
24 47 2850
38 25 3380
14 20 3774
3 48 4018
15 40 1604
42 47 3134
20 14 394
42 63 1556
9 37 1044
68 30 503
52 11 3620
65 7 752
58 36 2373
61 24 3929
9 42 885
15 7 692
11 24 235
49 46 2295
37 62 2119
68 49 1807
44 56 771
38 41 925
58 25 1781
14 68 2510
55 4 2709
27 7 2683
22 5 2247
13 29 3694
68 7 1183
54 55 1925
37 45 368
19 32 2819
64 41 3328
24 12 1263
25 20 270
31 7 876
31 5 824
18 31 2212
13 50 1245
6 16 784
34 52 2748
34 46 2111
52 54 1206
53 41 147
4 58 3044
3 29 1449
68 17 2857
22 11 1570
67 64 3675
37 16 2295
48 67 3344
40 59 3474
13 16 3895
8 6 1527
25 4 3367
34 16 2504
30 51 924
29 59 2630
52 8 3117
4 33 1492
27 58 3778
14 20 3656
21 10 228
15 54 1951
16 50 2235
48 20 2519
18 44 3759
46 63 3476
20 29 2032
51 48 305
60 46 2631
22 30 3055
25 62 1937
24 58 3824
7 2 672
24 41 1286
29 3 1565
69 17 3259
12 51 269
23 19 3839
5 57 3042
66 67 2429
60 10 3227
15 20 3904
44 24 2075
66 47 2936
59 1 1192
45 44 1205
60 69 2411
32 56 1059
64 43 670
32 55 1879
68 22 1623
20 67 2958
40 53 1438
44 57 3588
12 45 3423
39 17 3647
30 27 2143
34 6 587
17 17 510
61 10 2352
36 10 4013
40 56 1917
69 16 2306
69 61 2189
52 43 1748
39 10 1168
27 30 2237
14 62 737
19 10 1205
65 59 1615
33 11 2908
55 38 2669
16 5 2908
55 19 1526
43 59 135
45 37 309
45 23 422
31 65 2675
33 31 955
61 42 869
57 53 3887
20 15 3038
36 37 1378
68 37 3223
38 40 1280
6 26 973
39 42 3480
54 38 311
43 51 2807
4 43 1177
46 53 538
45 25 1062
47 38 87
67 18 785
38 29 4048
28 23 2244
61 63 1131
28 15 2905
58 17 2697
30 13 3315
24 58 468
37 57 1676
32 58 2459
32 7 2107
45 49 1928
67 62 1242
33 48 2573
32 16 291
32 19 1955
29 14 1359
6 37 802
17 47 381
40 45 3406
57 37 500
6 60 2779
46 17 2196
43 4 189
44 66 503
10 23 3478
10 59 2432
44 10 867
43 16 1401
68 2 2526
8 10 2959
33 19 740
67 6 3676
52 12 1151
43 20 1653
13 26 3793
4 9 950
32 57 1989
45 54 3221
31 59 59
31 39 3926
11 4 2489
41 40 2127
26 27 2954
45 29 1004
44 59 514
70 52 1357
7 67 602
15 59 344
12 8 236
36 26 42
49 10 480
29 58 881
67 13 238
40 39 1097
47 57 3857
3 4 3019
31 16 1285
29 38 94
50 23 3334
62 18 4028
15 31 3365
11 30 1386
68 17 1346
28 12 2516
68 9 4077
4 33 3971
69 63 3850
35 59 2338
32 43 456
36 10 3445
42 69 1240
68 11 996
49 37 890
52 51 1576
64 5 3307
41 41 48
57 25 980
21 10 2462
24 66 1734
23 42 2163
29 69 2227
22 62 1847
59 49 3682
42 56 3208
43 7 3648
42 6 537
61 65 2354
55 49 884
28 37 2170
9 27 1804
42 53 3968
40 35 2924
22 8 557
70 11 3592
40 55 1284
3 40 1896
11 53 2677
57 4 672
26 10 3193
36 12 1747
18 57 1119
35 3 3526
35 23 1043
61 54 2874
31 26 3050
36 53 564
57 68 1882
60 22 3327
57 47 3016
66 62 3414
67 36 4007
26 26 4029
13 62 138
45 2 695
32 4 1106
13 70 2792
44 63 2680
8 26 3492
37 68 1619
8 45 3076
32 42 54
65 8 822
28 65 1784
12 34 3441
12 5 171
60 15 2986
22 45 530
56 22 791
51 33 3269
10 49 347
51 39 3873
39 31 3172
58 6 2045
57 60 480
69 52 563
25 55 3656
61 56 4065
69 50 368
36 46 1805
49 24 3974
44 43 669
12 3 133
38 13 998
2 41 2633
47 61 1332
28 3 3471
38 39 2894
35 44 2645
10 35 388
6 11 3125
3 55 996
56 56 2813
49 51 530
66 60 952
58 15 1474
37 36 2231
21 4 3536
44 43 1863
47 6 3962
18 32 1840
29 58 313
9 69 213
37 40 547
5 44 1286
18 4 1820
7 54 55
34 12 2181
68 35 1565
24 57 658
25 51 3652
22 17 3071
29 21 2306
10 24 3199
21 39 39
67 8 3356
42 30 3351
59 27 1198
38 56 3438
51 70 2199
62 30 3182
57 4 84
19 70 67
31 70 3402
47 23 3130
50 43 2033
40 39 151
11 30 3837
45 49 3992
1 62 2649
5 32 799
58 30 3164
35 34 776
17 37 258
55 8 4044
22 42 3999
51 45 617
20 9 2219
68 31 245
51 35 3169
62 34 986
53 57 2249
56 3 3073
45 65 748
8 19 2140
48 34 3432
44 64 3831
34 63 1133
34 65 366
49 33 943
4 30 933
70 50 1818
67 14 1724
35 57 1320
46 33 3403
55 17 1003
40 33 3027
7 21 3009
5 13 1405
27 37 3385
23 9 2127
15 30 2930
67 42 3164
25 62 2905
49 25 1218
19 53 3301
27 14 410
40 61 3844
34 35 2433
1 15 2968
23 39 657
8 9 3388
36 14 3730
24 68 1072
44 61 1761
34 60 114
63 37 2729
44 15 433
35 44 2367
59 27 988
43 47 3247
41 70 3400
68 5 1691
20 22 2564
38 21 3641
56 7 2225
40 50 3351
28 11 1779
14 1 4052
35 45 2361
67 36 1224
16 49 1288
4 41 2117
47 63 849
15 21 1494
6 13 1967
51 55 1597
21 20 679
70 55 37
7 36 4037
70 12 2836
18 40 613
62 5 1639
35 58 4003
37 19 3533
47 30 1115
23 31 255
24 5 810
25 27 3135
34 33 3503
17 5 2997
68 12 3412
36 27 3140
58 62 2173
46 64 1901
67 49 13
41 45 1099
16 27 661
38 14 3938
52 53 286
39 3 2242
19 52 2188
11 23 1898
16 1 818
51 49 333
37 35 2446
6 19 345
47 19 3300
21 38 2367
35 65 998
10 28 410
13 61 3828
17 58 2351
39 26 512
50 68 3668
10 2 51
5 21 1961
9 21 440
67 30 2279
48 10 348
45 13 3329
5 38 66
28 18 263
19 36 2637
19 61 2946
33 25 560
62 37 1595
21 7 863
4 13 3296
10 47 1905
5 58 2719
13 66 3840
2 46 3635
10 31 1402
34 22 3665
57 26 2881
32 15 1731
63 1 1519
36 23 2362
10 41 1534
30 27 1465
50 30 3323
6 5 3425
26 17 2247
17 33 2101
30 22 1772
27 25 3149
44 25 3124
26 50 3061
54 6 1998
31 30 3821
67 46 2083
45 34 2604
1 16 3528
58 23 515
19 9 510
38 24 1681
28 56 3509
31 25 1783
46 9 2741
64 30 1106
42 21 1600
48 5 4042
50 5 2808
14 39 651
45 48 943
20 62 2300
49 18 2806
39 25 3686
11 18 2725
8 10 1632
40 25 1743
30 41 986
29 5 3079
39 44 106
30 54 2230
15 47 139
17 3 3142
22 67 1444
17 51 579
65 69 1050
67 64 3869
39 63 3698
6 4 2734
23 1 2368
63 52 2586
52 44 1190
68 7 2812
59 36 2482
49 6 2755
68 1 3949
8 4 2920
9 68 3608
47 69 17
15 39 2506
58 20 1482
10 41 2118
50 49 1177
22 15 706
41 65 41
51 39 1443
57 19 3399
22 48 738
10 45 3093
52 57 1327
46 58 1817
44 55 1777
49 8 1259
60 4 234
2 68 512
15 66 2130
68 33 659
64 66 227
44 18 273
