70 1000
^&^&&|^&&&|&
65 28 12
42 60 65
12 61 76
17 15 1
51 61 5
34 3 0
50 36 9
13 35 13
55 43 5
43 27 77
29 7 72
36 18 0
47 69 5
45 9 65
37 68 77
26 58 4
58 33 5
41 17 5
35 70 1
60 7 4
70 61 68
16 34 12
61 51 0
61 4 1
33 5 1
66 41 8
34 3 68
63 48 1
26 63 69
60 66 76
42 37 1
68 57 4
14 26 9
68 65 0
22 36 65
64 14 9
28 48 13
69 45 12
53 23 5
42 62 13
48 60 65
57 11 9
38 70 0
38 67 8
59 1 4
59 41 1
17 62 69
21 70 64
46 36 13
44 10 5
56 34 4
23 31 0
48 45 76
61 64 5
60 14 68
9 55 77
70 29 64
28 21 0
45 1 4
15 35 8
5 64 0
56 51 68
4 64 4
59 56 4
13 54 73
65 41 68
40 13 8
11 18 9
70 2 8
40 24 5
8 53 69
56 40 12
40 50 5
51 1 13
12 15 0
60 21 1
15 69 5
54 69 9
36 14 0
30 46 77
70 16 1
12 3 1
68 39 1
63 47 5
37 70 13
17 57 69
7 41 1
30 3 76
5 30 69
35 59 0
18 69 1
60 58 13
20 52 5
12 25 1
20 58 5
34 60 5
5 9 5
53 39 5
34 62 0
41 19 13
50 11 69
23 63 0
47 61 8
35 31 1
50 48 72
49 50 5
22 60 9
70 1 9
58 35 64
50 35 4
29 18 12
17 32 1
36 59 68
25 61 9
12 58 5
18 30 64
9 36 9
30 19 12
27 39 69
23 33 0
11 27 73
44 14 73
24 24 8
7 13 5
63 7 13
4 65 77
36 5 12
13 30 0
35 31 5
6 13 1
60 68 72
55 49 1
11 38 0
32 27 0
28 63 73
60 15 5
64 10 4
33 36 1
59 61 76
23 61 1
45 9 12
68 6 1
48 27 72
23 19 72
7 61 1
40 68 1
15 35 9
58 59 4
61 28 0
54 23 5
4 55 5
42 44 1
37 43 9
32 30 1
9 43 13
48 49 4
63 60 68
5 32 0
22 42 0
28 31 1
8 57 69
58 15 5
7 47 4
10 14 13
27 69 12
29 53 72
35 26 65
38 70 4
34 4 0
70 23 13
47 25 13
49 23 1
55 3 5
60 24 68
36 28 9
70 49 8
47 44 0
17 4 4
25 26 12
42 56 9
2 62 4
21 26 12
63 34 12
47 50 8
61 20 4
29 52 68
9 50 1
23 56 65
8 47 1
45 21 4
53 51 5
38 41 65
7 55 0
69 68 1
2 19 4
31 52 76
34 30 4
2 51 1
60 32 13
15 34 8
61 26 0
22 63 8
5 1 12
59 64 64
64 38 12
65 2 1
27 31 68
5 38 9
20 50 4
58 12 9
11 41 1
65 13 5
37 42 1
31 8 1
5 41 0
41 48 1
23 1 1
30 47 1
53 60 68
9 32 0
23 40 1
27 29 68
14 68 64
21 58 5
6 36 0
37 30 8
11 40 1
12 18 8
11 60 0
4 23 0
55 37 8
56 46 72
7 59 13
23 29 77
10 19 73
9 10 1
30 58 4
23 50 5
59 53 8
63 60 9
12 28 0
32 37 72
4 58 12
8 4 0
27 42 69
32 22 8
14 46 0
49 68 9
48 64 4
21 12 5
43 17 13
13 37 69
53 41 0
38 51 4
56 48 1
49 29 9
3 7 1
58 68 1
52 10 77
31 2 0
3 39 5
46 65 9
10 61 65
44 3 13
45 16 0
46 53 1
10 16 0
10 35 0
65 46 4
61 20 0
70 45 0
39 63 68
8 65 12
55 1 4
55 41 5
23 66 5
64 46 0
12 61 5
26 68 0
25 12 0
62 22 0
47 32 8
35 34 5
50 3 73
39 25 0
68 17 1
2 17 69
51 29 4
36 66 76
42 46 1
29 51 5
18 58 8
66 3 4
52 6 13
55 9 1
11 20 64
42 47 1
4 24 5
59 28 9
45 49 1
65 12 9
63 18 4
46 21 9
67 41 76
69 4 13
11 64 8
58 21 13
40 60 8
18 56 73
60 64 1
14 23 5
57 33 0
17 28 1
57 14 1
31 61 9
41 70 5
50 65 13
47 14 4
17 34 1
52 44 5
39 42 5
1 23 5
36 11 65
10 21 1
5 18 1
21 55 5
37 66 1
14 46 9
47 64 1
37 52 68
42 28 73
7 15 0
31 24 68
8 38 0
66 37 76
19 65 0
9 37 8
54 34 1
13 6 9
47 5 0
22 48 8
24 22 68
70 62 0
56 10 12
9 11 1
17 62 1
63 18 77
54 26 12
48 35 0
68 35 77
40 13 1
43 18 0
42 7 8
24 53 77
18 38 72
70 66 68
1 40 64
26 37 9
64 27 8
62 60 8
60 55 1
59 33 0
10 63 0
31 43 64
7 23 9
59 60 0
46 11 13
63 16 13
47 43 0
24 45 9
22 8 12
15 37 1
4 34 4
3 15 13
10 21 4
57 8 0
56 56 0
28 15 68
10 28 0
3 49 0
49 25 77
20 13 12
41 29 0
44 22 1
14 19 13
17 34 8
5 40 9
43 66 1
21 3 69
41 52 1
64 5 0
64 12 65
58 16 1
45 15 9
53 66 64
26 63 73
51 39 8
36 70 5
13 40 8
53 5 72
41 16 8
61 20 5
36 60 1
27 38 4
28 55 64
11 55 4
14 12 72
14 58 13
33 22 4
48 36 13
3 5 0
42 47 4
28 27 9
47 19 8
34 1 68
49 14 5
67 12 8
44 28 12
2 24 12
34 10 5
21 47 65
51 40 1
46 39 64
47 18 1
61 50 5
1 47 0
57 44 72
35 70 4
60 42 68
11 58 77
31 65 64
57 46 76
26 2 72
23 39 8
24 56 9
26 13 0
24 49 1
70 25 65
47 45 1
50 31 0
46 6 72
5 60 0
44 56 1
55 29 0
54 33 4
18 8 8
30 17 1
27 30 4
8 39 8
25 7 1
18 39 8
41 2 73
69 63 9
44 8 77
19 19 5
13 63 1
18 40 9
18 61 1
24 65 0
44 29 5
69 27 13
55 8 65
33 22 4
48 34 0
27 14 68
12 46 5
57 7 77
55 15 65
8 25 0
21 35 1
6 58 13
48 29 8
4 70 1
33 20 13
61 50 8
65 22 12
63 38 8
16 61 12
40 26 73
57 24 0
62 62 0
49 53 9
29 49 68
24 19 1
35 43 76
63 24 0
20 48 0
58 12 1
42 59 5
26 13 0
42 36 12
38 14 76
32 4 4
61 19 13
58 39 1
47 68 12
67 44 12
57 20 12
8 34 0
50 64 9
67 17 8
26 44 68
69 51 0
21 32 1
3 24 12
65 63 1
50 38 0
22 8 13
12 16 1
23 27 0
26 69 4
43 4 0
8 39 1
64 52 1
25 33 65
9 46 12
51 13 72
60 4 0
46 58 1
24 50 12
5 21 0
51 67 1
31 18 1
17 13 0
58 8 4
31 50 77
45 8 5
20 4 1
53 51 64
33 11 4
24 15 68
58 8 9
24 29 13
13 35 0
11 36 0
66 69 77
63 13 76
1 18 68
30 31 1
63 42 13
57 4 68
27 39 8
59 5 0
53 57 1
42 29 1
63 36 72
21 18 9
18 5 68
20 32 77
25 61 13
25 38 69
60 18 77
65 50 8
58 29 12
62 37 0
23 39 65
50 50 9
17 8 0
49 18 73
44 37 4
50 22 8
50 42 9
15 29 12
53 51 13
55 22 73
23 69 13
39 44 5
5 52 72
37 7 1
34 13 1
14 53 0
3 51 1
13 23 12
55 53 1
67 39 0
15 23 77
6 57 4
35 19 0
35 10 0
13 5 0
14 36 8
49 58 12
35 58 5
22 37 12
28 2 69
70 58 65
60 17 76
32 56 1
26 10 5
24 43 64
40 13 1
43 60 1
28 1 5
15 3 5
3 1 0
21 15 72
6 15 68
17 9 77
59 2 76
7 20 8
57 38 1
7 28 4
59 40 69
49 8 65
58 15 65
52 41 8
6 61 5
11 26 77
11 8 13
53 23 9
7 59 4
16 2 76
39 70 0
52 17 9
25 13 77
31 29 64
67 37 1
41 50 1
32 46 0
30 62 72
60 6 12
48 33 9
54 10 4
44 5 5
5 34 1
36 5 68
15 64 1
69 23 5
50 18 0
11 5 4
50 40 1
16 16 13
32 65 5
26 36 4
26 15 0
58 36 1
5 30 5
55 67 12
6 25 5
18 11 1
13 6 12
14 19 68
33 68 1
9 61 68
55 20 9
25 16 69
53 3 13
66 21 1
38 18 9
3 51 0
42 63 72
54 42 1
16 67 1
32 27 12
65 26 8
59 51 5
59 22 9
33 16 9
32 47 13
36 36 1
60 10 1
55 30 1
6 17 12
61 56 13
31 70 5
8 25 65
36 29 0
22 60 13
24 40 4
69 17 65
65 54 1
13 68 1
31 47 12
11 58 68
16 23 4
7 5 9
35 24 4
68 63 0
53 12 65
38 56 13
68 58 5
16 63 68
23 24 12
43 12 12
6 19 4
21 40 4
21 52 4
26 66 0
27 11 73
40 38 8
32 4 76
37 18 64
5 57 12
13 66 1
26 11 64
27 19 9
46 27 13
24 15 4
44 11 13
37 38 9
16 33 73
45 15 4
41 20 13
48 15 69
49 41 0
59 63 8
24 11 0
47 36 73
39 43 5
27 17 1
62 38 13
59 17 72
23 26 5
52 27 1
6 20 0
70 49 68
27 39 13
62 70 13
38 58 4
18 28 13
8 6 1
6 3 73
53 67 1
22 68 68
13 19 13
69 61 64
42 30 77
41 11 12
27 36 64
31 23 12
44 68 1
53 67 0
8 51 69
67 28 8
25 34 1
49 53 4
7 56 64
14 58 1
68 1 12
30 41 9
37 24 76
26 35 0
13 38 12
68 58 1
9 40 13
39 43 0
26 27 12
19 46 5
56 18 1
47 35 64
27 20 13
44 35 0
41 51 64
23 60 1
66 66 68
43 42 4
19 29 8
31 27 1
62 67 1
6 46 5
43 54 8
62 23 9
22 28 68
23 66 0
42 27 73
67 29 0
22 68 13
21 9 8
31 49 1
69 11 0
11 47 8
34 9 73
47 5 0
28 40 1
69 35 13
7 65 77
49 31 68
58 4 73
47 51 0
2 8 73
62 33 0
4 6 0
14 59 9
55 59 4
36 34 65
58 60 1
62 34 1
3 37 0
47 3 1
70 61 64
35 46 5
34 46 1
16 30 4
4 20 12
8 30 4
20 26 5
1 64 77
68 4 5
43 37 8
65 7 0
67 47 12
59 8 76
49 26 13
31 60 13
37 23 8
45 16 9
14 9 12
41 22 0
69 2 1
48 3 69
17 23 1
24 3 76
23 13 1
61 24 8
33 54 5
36 44 0
8 6 1
42 38 0
61 30 12
68 67 4
30 22 9
30 34 8
50 37 1
52 29 0
23 67 0
48 37 68
59 42 73
61 62 72
53 3 73
50 30 1
45 14 0
12 42 77
20 49 69
47 2 12
44 15 4
5 34 1
47 51 1
27 70 13
68 63 0
48 3 1
24 34 9
54 31 0
13 15 69
29 25 0
44 24 1
13 67 0
66 2 64
6 17 77
54 47 73
48 57 65
56 55 13
12 49 13
27 53 69
20 46 1
51 32 8
4 27 69
14 43 73
36 44 1
54 8 64
64 7 0
33 8 9
12 15 1
24 51 1
40 44 9
56 4 0
44 31 4
55 55 1
12 44 77
64 32 1
20 39 1
53 47 0
56 44 77
41 34 73
5 38 0
66 66 68
35 61 4
62 48 0
21 40 9
49 34 64
43 19 0
13 40 13
12 29 68
64 68 0
70 59 1
37 23 1
29 34 0
35 10 1
2 46 76
25 20 72
13 8 72
22 11 12
24 11 0
43 39 5
49 23 68
38 57 77
5 38 5
10 30 5
53 53 8
57 43 0
66 12 5
53 64 8
55 7 8
16 29 1
22 1 0
41 20 4
2 68 8
3 3 68
30 44 12
51 26 1
17 25 0
70 41 0
58 44 5
68 16 5
10 33 1
69 36 1
2 44 0
2 42 1
39 60 13
50 10 1
44 69 68
42 14 64
36 28 9
13 8 1
10 59 12
44 53 13
27 47 4
51 68 73
63 12 77
33 57 73
56 65 8
55 63 9
27 56 64
40 61 8
39 15 13
20 56 77
1 69 0
10 56 4
60 67 64
41 70 1
49 10 1
38 6 9
66 44 0
56 53 0
10 46 5
19 40 65
61 29 9
28 25 8
38 53 5
41 48 5
61 2 8
46 38 0
36 54 13
61 59 5
10 21 69
44 62 0
51 55 4
68 2 5
45 26 0
9 31 5
64 6 12
45 57 9
36 26 68
18 14 64
22 9 0
66 1 1
48 31 0
44 60 65
29 37 73
30 27 64
64 3 1
56 33 73
17 22 9
45 65 0
37 50 12
10 14 4
48 5 4
68 58 4
6 61 1
1 59 4
17 15 0
69 48 65
1 57 1
48 35 4
69 60 5
8 33 12
61 65 1
28 42 1
50 5 72
26 55 8
38 44 69
44 49 0
17 1 9
29 56 12
7 37 8
68 36 13
5 64 4
11 5 9
69 59 5
53 18 1
11 19 73
