70 1000
&&^^^&&&&&|&
44 6 2308
70 56 104
60 60 2234
22 61 53
4 60 1708
35 49 197
61 29 277
33 23 36
57 46 152
68 36 81
23 46 179
34 32 985
33 3 18
35 33 567
48 51 53
17 47 1329
1 38 77
33 44 3690
15 66 497
4 42 255
44 13 24
24 43 99
4 2 35
39 18 418
45 38 46
46 52 26
32 53 67
25 58 122
65 28 917
11 12 375
54 36 1
31 2 2507
10 43 29
63 54 1019
30 30 1134
38 63 147
48 43 1587
47 16 3
32 44 64
10 53 1838
18 12 1184
9 10 470
11 5 11
53 47 161
1 30 142
35 50 734
66 25 245
40 44 391
65 24 866
27 25 53
70 5 287
18 29 20
44 70 1
27 20 240
49 43 1408
39 43 46
69 21 292
5 33 78
62 53 274
14 60 19
58 61 123
46 65 353
21 69 2610
30 17 73
44 25 56
62 10 767
50 62 474
19 46 3261
28 5 3914
24 50 986
25 10 374
30 21 954
38 9 121
3 57 71
58 20 244
62 46 2
36 54 66
37 32 208
64 12 504
20 18 245
34 31 157
20 14 118
49 70 1306
61 45 78
42 39 23
35 56 104
62 57 3
59 63 24
48 17 104
56 50 108
35 60 1642
19 13 48
5 61 315
51 48 401
52 4 1623
55 45 701
35 35 55
64 35 20
63 22 46
19 67 250
3 7 328
68 32 20
1 63 498
37 66 6
47 37 9
44 41 523
27 23 55
4 45 47
46 11 45
10 32 39
5 24 78
20 27 32
6 63 987
21 60 1649
62 52 1969
4 15 2
54 25 60
51 64 103
59 66 20
1 64 58
27 46 55
4 51 8
23 29 5
69 24 1998
11 37 53
31 38 12
16 2 3836
9 46 866
8 34 30
31 66 520
15 69 3444
28 62 346
52 20 335
24 52 381
45 5 86
17 57 16
51 13 27
43 68 28
17 20 252
7 70 8
52 4 1822
52 8 78
40 34 100
33 69 136
7 12 39
6 53 3471
38 45 174
24 69 23
4 11 1855
69 30 109
14 47 747
35 8 516
29 65 2
25 4 15
30 56 1648
5 10 3597
12 37 36
47 11 166
60 16 561
42 70 494
65 15 829
44 43 11
25 16 723
33 62 1417
59 29 741
2 22 95
31 33 12
22 1 1911
6 19 957
6 7 1921
41 68 170
40 23 796
56 44 236
64 48 359
61 12 247
7 50 757
40 9 90
32 30 19
54 21 35
55 20 1515
10 9 858
22 49 41
1 23 219
52 20 4080
22 5 312
34 3 34
36 2 3205
27 9 44
32 27 76
12 30 3020
33 52 80
34 68 123
3 6 1273
19 53 763
25 30 15
27 18 1983
29 37 1811
9 47 1128
33 28 44
16 42 1537
47 25 53
34 28 26
31 17 477
21 27 13
6 64 96
59 18 28
63 53 168
19 57 577
24 26 60
29 38 810
5 2 13
9 63 780
59 53 55
13 49 580
3 61 3341
65 54 14
49 6 235
18 69 1485
57 46 3228
48 48 388
37 54 3881
41 45 509
46 7 0
18 23 97
2 33 1266
46 32 1027
41 43 60
27 50 66
43 21 6
40 7 19
65 33 303
23 1 3
3 25 1284
31 33 926
36 42 13
46 17 2977
59 56 120
3 69 37
24 11 588
43 34 44
15 43 9
8 60 3483
32 32 63
6 17 1157
6 61 10
66 58 2419
48 67 54
61 65 122
50 34 101
56 57 1418
67 51 110
49 24 1205
49 51 745
38 52 9
32 2 339
66 39 3452
50 18 39
60 26 10
2 36 3414
63 26 856
4 45 3337
45 3 185
60 13 529
56 5 163
43 14 977
8 60 678
25 34 32
47 46 1532
70 22 181
28 11 123
60 45 40
69 11 84
52 22 22
2 48 3180
47 45 432
53 2 41
54 45 122
18 26 239
3 5 617
17 51 1561
16 65 71
60 47 289
64 37 905
49 60 2
47 47 13
60 32 1482
39 28 995
20 59 317
17 30 79
58 9 250
25 7 207
15 13 3029
17 55 95
51 32 131
60 37 688
64 7 45
21 14 204
3 69 11
2 31 62
17 29 4
11 65 967
18 36 173
16 22 34
44 60 37
68 16 87
15 61 566
7 25 323
35 40 148
56 23 2774
31 67 229
26 44 743
65 13 78
53 8 751
57 50 44
13 65 76
68 42 1652
39 13 43
14 61 17
32 46 958
35 33 0
50 22 1010
55 45 377
38 32 14
28 55 157
70 30 531
26 4 991
26 48 72
49 42 1385
70 63 404
13 15 51
28 24 442
39 16 159
26 43 70
6 8 35
48 67 41
52 12 321
67 33 1577
58 52 148
46 26 51
36 59 177
24 31 1183
36 47 1023
65 4 442
28 25 460
53 60 2704
1 17 484
25 30 39
7 33 1603
5 59 19
42 50 1920
63 25 30
9 28 36
17 22 441
54 58 1712
8 2 572
25 51 0
54 50 91
21 25 1076
21 32 2359
46 25 246
50 44 105
38 1 1959
51 31 235
19 27 89
24 19 1496
70 55 1354
45 29 241
2 41 367
37 26 740
2 19 314
22 19 1
45 33 59
34 12 0
17 23 21
68 7 122
11 45 284
7 65 322
10 44 39
49 12 5
22 65 22
67 38 3915
67 59 26
36 3 1349
8 28 1435
68 46 2073
26 27 214
63 53 952
38 44 44
2 48 1970
43 63 357
67 61 15
45 66 54
64 21 312
13 66 826
47 5 148
22 37 67
41 39 802
34 20 61
15 48 479
65 66 234
11 65 191
6 29 467
27 48 139
57 63 347
13 15 180
14 11 201
18 30 3468
13 14 408
38 13 679
64 30 119
10 37 31
53 45 43
20 51 1261
28 21 223
40 63 421
53 22 9
21 59 30
63 33 2199
14 20 252
22 19 127
9 68 449
61 19 17
47 29 91
68 59 40
52 23 885
19 67 37
62 52 1963
41 57 618
19 3 344
10 42 1514
2 60 107
42 24 33
43 68 337
68 36 629
20 13 303
18 6 435
42 23 83
16 28 94
50 30 10
29 28 42
13 13 53
69 40 52
8 35 45
5 55 3192
14 27 2024
14 6 37
31 47 194
68 34 162
50 48 98
70 17 1022
14 3 670
56 47 4
53 24 5
25 24 1941
2 32 73
4 45 73
19 43 58
6 54 39
7 26 61
53 40 90
3 19 233
42 44 83
34 40 58
41 51 12
69 2 22
55 43 53
27 4 107
49 69 986
40 51 501
22 63 70
44 37 18
6 64 1
34 28 20
45 61 27
50 70 167
17 50 14
40 15 64
34 28 224
68 30 126
40 4 1445
50 6 245
69 41 223
43 63 67
21 12 1261
2 49 162
20 3 345
45 59 1018
70 33 35
50 37 4
13 11 85
41 29 928
68 51 1253
61 6 1684
64 45 1198
16 24 148
18 15 37
4 11 41
27 26 247
13 55 656
10 20 56
58 6 1805
54 8 300
23 68 605
9 11 55
64 39 177
58 11 642
13 45 378
35 27 172
62 48 754
8 61 13
9 41 626
14 51 4
11 21 3864
50 24 238
2 22 26
42 25 313
57 21 15
6 60 882
69 66 571
46 44 0
44 35 35
21 59 141
69 11 2030
8 59 1394
45 1 121
3 55 982
49 32 44
50 68 109
41 29 535
18 23 19
53 34 850
29 30 813
24 62 101
19 24 491
20 22 56
69 42 3813
57 69 1513
40 62 177
12 3 531
16 49 3899
10 49 256
5 14 1519
49 16 507
14 42 111
45 6 860
69 39 31
19 70 31
65 5 959
69 4 21
64 57 9
28 13 1809
2 47 1361
5 24 495
23 40 118
58 33 317
57 30 848
30 4 66
38 63 7
69 57 1676
54 10 69
43 37 115
45 67 107
22 31 15
70 30 64
8 33 131
45 30 1081
67 6 121
49 2 79
65 46 652
1 60 1158
67 18 555
69 67 48
9 22 19
35 56 1
62 38 61
36 70 801
36 46 153
41 36 97
35 19 58
4 10 742
33 55 201
62 9 1456
61 20 2029
53 43 130
36 21 844
13 37 63
53 50 201
49 63 69
24 30 14
48 44 74
51 19 410
32 17 29
19 51 93
39 13 301
51 52 41
21 33 384
24 54 562
32 34 766
31 70 57
18 34 14
62 43 12
19 13 160
37 9 18
14 32 66
26 56 46
60 58 1443
54 67 462
56 67 188
49 6 718
3 14 1711
9 49 4
38 32 1144
49 47 385
23 66 941
17 16 82
21 62 1295
52 36 197
34 13 342
32 63 1
27 10 55
26 50 1285
54 24 521
48 22 79
36 65 204
10 62 16
52 5 141
5 37 107
45 31 373
57 52 738
63 33 107
30 63 2081
39 67 1245
3 7 32
63 34 1406
54 59 36
50 41 356
19 9 7
59 30 245
31 55 579
35 23 116
15 40 3378
1 35 798
16 1 236
44 9 3
52 6 3948
5 44 870
40 12 2270
48 10 121
8 38 2182
55 16 5
53 25 3576
24 35 169
3 57 409
11 47 26
45 38 672
17 42 170
57 23 1325
53 32 115
27 43 397
62 17 942
1 62 3672
21 59 123
57 5 65
32 10 104
19 50 7
53 43 56
31 21 65
47 56 449
10 2 648
61 29 89
51 61 194
8 40 592
66 39 395
38 7 87
10 52 45
50 7 749
35 67 576
24 41 25
26 62 58
63 46 25
57 25 113
44 13 427
8 7 94
22 12 462
64 64 412
45 62 38
24 21 249
62 4 2366
11 46 768
58 17 210
18 54 221
38 8 102
54 14 1904
14 58 138
30 22 271
35 44 1538
12 10 57
39 32 44
40 33 522
31 10 281
58 2 40
35 39 7
52 6 336
39 3 40
52 23 53
30 51 54
25 24 949
62 4 145
51 33 429
14 30 50
37 49 203
65 8 88
8 22 61
31 42 3679
30 28 117
36 1 2555
45 50 910
47 40 3177
6 1 737
24 47 3440
25 30 43
48 67 247
4 57 650
28 32 41
42 25 34
12 13 790
14 60 368
45 13 50
28 55 1448
62 31 695
62 56 328
50 57 52
12 30 739
41 60 200
11 9 640
5 52 334
4 8 1523
35 32 227
50 28 32
15 23 66
38 5 785
37 29 38
26 3 256
27 18 147
51 27 92
21 30 44
40 56 755
15 22 1799
13 35 966
18 29 51
69 66 2353
20 46 682
55 15 35
49 40 116
27 23 179
50 12 85
47 12 2682
28 12 62
4 64 85
58 37 678
56 38 46
56 31 2347
70 61 25
3 63 6
58 2 272
28 34 761
24 38 31
53 46 67
37 35 4010
29 3 140
29 25 135
17 21 108
36 22 468
67 13 1928
29 36 193
46 28 112
46 29 1156
32 57 2010
4 7 14
34 20 176
13 11 28
11 6 440
18 17 1504
50 60 424
47 47 6
8 44 2701
51 5 55
64 23 1061
54 21 63
69 18 63
30 38 53
69 4 559
28 5 70
33 59 446
38 29 153
11 56 1552
32 42 245
68 66 146
54 31 532
27 16 590
17 36 283
49 12 1419
60 30 55
54 31 62
8 65 15
35 6 2937
45 63 240
35 43 21
28 43 363
10 18 75
35 64 78
57 60 214
28 60 157
2 41 159
64 9 2352
66 21 962
61 36 220
25 47 3
5 10 4
18 53 19
13 6 51
31 10 2784
38 38 210
24 37 1025
14 44 761
42 24 33
36 16 19
32 48 475
24 1 228
48 59 58
58 49 3850
38 24 152
34 12 57
9 48 825
27 6 134
53 68 104
69 19 1048
59 46 476
4 7 349
33 65 3174
1 57 3571
35 14 51
40 68 262
56 47 405
1 2 11
15 34 245
21 42 14
50 11 39
42 59 3209
43 53 179
19 37 3
59 36 571
45 57 2424
30 68 32
49 51 24
17 25 16
65 16 61
17 28 2799
42 40 33
30 8 76
32 69 508
15 50 34
24 24 583
59 43 7
34 51 884
32 17 12
18 31 11
8 65 3350
61 40 564
25 63 133
56 53 7
49 22 46
31 36 67
50 14 722
62 66 575
30 3 845
35 26 203
17 25 3605
25 4 276
62 43 346
36 67 52
2 22 10
55 32 3390
39 50 0
29 38 436
17 39 94
47 47 90
20 52 118
16 29 167
65 14 141
31 42 1724
3 48 235
18 70 738
48 65 1389
13 21 458
65 34 46
59 22 3049
42 13 1516
47 15 443
14 17 1923
66 30 414
6 61 111
34 10 61
68 4 56
53 50 2471
16 6 2199
3 59 126
38 41 112
16 44 55
54 1 12
40 17 3624
6 10 171
62 18 61
46 36 25
34 15 329
64 12 177
51 12 57
63 22 373
20 23 3
34 35 9
18 2 78
56 55 55
64 63 77
37 62 472
69 58 60
7 60 177
69 56 413
23 8 127
69 41 0
43 20 394
50 21 834
21 69 17
43 29 25
42 23 618
53 27 40
51 64 51
54 64 594
31 18 162
61 36 47
11 36 2013
43 17 497
54 32 106
15 3 1273
17 29 234
33 17 243
54 52 59
24 42 127
60 25 144
41 18 16
41 6 101
3 39 108
2 7 71
18 15 3134
47 27 7
65 26 1062
19 64 207
40 22 3965
29 59 36
9 20 162
18 12 2589
24 11 1746
30 65 330
24 12 115
52 20 28
35 55 9
3 68 211
35 34 745
4 55 896
44 57 109
41 7 127
54 47 619
48 33 821
55 66 1612
61 69 2248
59 12 218
51 52 24
25 48 170
27 26 13
46 8 3886
45 64 622
42 37 342
19 11 608
17 16 63
16 63 34
42 36 1533
55 46 2471
69 51 233
58 4 37
30 52 140
56 29 261
65 51 222
22 63 102
66 30 2
25 11 48
5 3 368
55 60 1205
26 46 979
70 53 1016
56 69 2023
59 56 911
