70 1000
|&^^&&&&^&&&
57 69 2465
4 36 2360
61 14 2492
58 19 2468
68 56 2062
34 35 2333
10 47 2089
59 69 314
65 43 303
49 63 30
61 49 2449
33 49 45
50 54 155
33 22 318
66 43 2432
60 22 2079
37 35 60
46 52 63
12 14 52
37 49 394
63 66 2225
48 68 2432
64 58 2180
2 26 2181
62 5 56
25 57 2357
51 24 2439
8 29 2215
8 60 2433
6 35 156
60 20 279
37 58 50
28 32 179
7 34 2468
9 54 2341
39 40 2472
64 30 2307
14 56 412
32 20 2079
33 12 2356
47 27 384
32 28 312
38 56 33
50 68 2442
25 67 182
8 4 43
69 58 410
47 53 2314
33 58 27
25 60 2336
66 19 135
2 20 8
16 10 2068
30 8 2191
18 65 2198
53 38 2202
25 42 2491
27 62 278
4 40 44
45 13 2215
55 59 2357
5 33 304
9 61 2208
30 19 52
63 30 443
69 56 2094
34 65 2053
45 46 2198
31 62 2190
19 61 266
37 50 400
49 2 191
69 21 2216
25 39 130
31 45 2237
64 55 446
16 56 2339
43 2 2205
47 48 146
10 69 5
26 41 8
47 50 2469
61 14 22
25 61 150
26 55 148
19 5 2065
69 4 416
21 15 298
29 34 2484
3 17 2487
9 66 2485
26 68 2177
15 14 2466
54 32 386
7 49 175
24 26 441
63 48 2180
45 34 2350
49 2 149
46 61 287
4 33 2442
44 36 317
49 31 179
38 18 56
34 10 45
54 38 53
10 68 2473
60 14 415
30 7 388
26 16 2230
42 2 2455
51 29 174
21 15 305
54 31 296
59 4 2182
40 1 418
33 7 285
37 54 2313
29 44 2481
51 63 162
18 11 162
55 51 142
40 29 49
27 66 2312
4 55 266
62 4 2050
20 53 2356
36 47 2339
33 57 2434
61 30 402
54 42 2195
33 57 10
38 38 34
48 29 2212
33 14 143
37 45 176
22 44 314
59 50 2193
29 23 153
69 41 2491
5 37 2354
38 24 413
46 37 2094
40 48 296
4 30 2090
42 52 178
19 44 2309
10 20 2091
8 15 2348
5 58 2453
29 59 439
10 9 412
31 12 2339
2 40 436
70 52 2216
1 61 2234
25 18 2067
1 14 2226
53 8 2329
64 54 401
8 15 2197
18 53 410
19 20 191
65 35 53
3 70 2196
30 36 314
66 53 2095
59 45 2459
1 69 2465
57 62 2466
30 49 142
4 50 2493
5 41 2219
44 67 386
18 48 2234
16 65 2052
41 22 308
22 4 58
69 9 2239
56 6 2309
31 18 397
17 18 2310
26 40 2328
35 35 425
5 36 2086
33 9 1
6 19 2069
36 62 442
49 46 300
57 54 2086
32 47 2055
11 62 52
23 69 2314
4 12 304
27 3 134
69 48 2199
53 25 390
60 49 2351
15 51 277
48 52 386
59 7 2220
2 57 2209
60 20 2198
58 64 288
8 58 173
53 29 2330
36 57 20
28 41 436
5 64 2448
58 3 2315
23 39 159
13 61 2318
50 3 2348
40 48 143
60 17 2313
54 8 2492
10 34 6
11 44 28
14 26 157
27 38 2100
49 50 36
49 6 2221
23 59 24
51 45 188
42 49 424
70 63 263
19 27 394
58 18 2205
29 9 291
65 51 46
64 30 146
4 21 50
40 2 156
29 8 2231
7 46 2490
7 43 29
29 25 2067
1 51 2050
62 14 261
7 45 2230
21 35 2493
15 66 418
49 61 47
1 58 2359
61 13 164
5 34 2214
7 36 2048
38 24 402
10 31 2211
25 23 2075
57 58 2230
70 42 2361
49 18 289
46 58 399
40 63 31
67 36 438
42 20 2328
16 61 181
55 67 314
35 2 393
13 22 2310
9 37 2320
69 47 2208
5 69 2069
37 31 2457
2 58 422
5 4 2481
22 2 280
61 1 55
30 46 2181
48 34 434
26 58 408
41 56 385
9 51 312
59 62 14
66 68 183
59 15 2186
48 17 2311
30 42 187
68 3 441
7 23 128
18 59 38
43 42 157
17 20 2202
70 30 2346
57 66 403
55 34 2350
13 12 388
18 39 285
9 34 15
50 25 2050
70 18 2458
28 5 2184
16 65 2315
9 12 265
65 21 289
36 54 315
14 34 2487
56 50 400
5 17 417
26 36 262
34 16 2195
24 53 2473
11 19 145
22 55 403
43 8 135
59 34 15
17 33 2356
24 52 425
63 12 2197
50 44 2
7 58 137
6 48 41
34 22 140
69 40 2357
60 58 2319
29 64 2218
37 13 2351
24 68 36
10 65 2321
17 33 2105
45 5 2077
57 57 2106
15 57 22
34 44 2450
59 66 302
36 31 287
3 47 267
31 17 3
43 60 2191
40 50 9
6 32 2477
23 63 145
24 46 2487
48 54 2454
27 13 2215
39 10 20
50 50 296
31 15 43
35 19 184
43 67 137
20 32 170
48 53 268
11 45 131
24 49 2336
33 21 2052
11 40 50
16 32 2062
6 21 2366
24 1 178
14 32 303
55 64 2075
17 59 167
66 46 148
20 3 2495
64 56 2208
36 33 2349
10 26 2476
2 6 28
33 11 2337
45 50 2340
20 53 2099
39 39 305
9 63 2093
24 50 2446
9 66 2069
53 5 2448
27 43 298
2 8 153
43 65 2106
15 28 167
63 5 2051
54 58 2318
46 15 2435
40 4 2316
44 24 269
39 27 187
29 17 2104
17 6 391
7 51 432
66 62 268
68 6 2308
9 27 2217
38 58 2352
21 54 2475
51 24 400
18 8 2321
22 20 167
16 28 2464
18 58 2433
14 42 415
24 16 2068
3 3 2306
48 14 59
40 25 389
37 10 418
27 6 2342
28 54 429
19 63 53
60 70 2180
53 61 2108
29 7 2217
57 31 282
31 44 2051
36 26 281
66 28 2198
23 7 2480
57 15 45
37 22 2090
2 31 177
21 7 2317
28 14 2322
14 3 290
10 17 17
54 17 2318
12 69 415
24 20 314
60 53 42
10 41 2348
38 1 2228
2 50 2109
47 58 2327
57 4 2341
25 8 153
42 8 2085
30 19 2493
17 61 57
48 46 2365
63 26 141
32 58 132
11 8 2477
3 66 61
66 54 25
23 51 2344
45 42 421
49 29 2218
59 59 2462
31 44 2458
14 60 2444
17 1 2432
70 45 140
63 1 438
10 18 2205
11 44 303
16 57 168
8 53 2440
57 34 2236
57 36 2461
37 67 183
42 64 405
56 65 2221
46 46 148
25 15 2202
70 2 299
55 19 145
51 38 2184
36 44 147
52 16 2074
23 31 2475
32 57 2085
62 28 140
47 48 2230
50 56 304
54 8 2334
61 13 289
57 26 2337
49 13 391
43 50 2190
20 29 291
32 67 2177
31 36 2443
54 16 33
25 39 2051
65 32 2077
13 47 307
23 40 2448
22 58 40
12 45 179
38 37 170
32 16 2304
3 51 290
16 33 1
59 55 2086
12 34 444
4 2 158
7 64 45
41 25 2211
21 69 287
19 70 2
60 49 183
46 50 282
45 10 390
15 2 2443
60 64 289
1 54 2052
32 56 443
66 43 50
44 54 24
14 42 2460
6 55 436
12 55 4
29 63 2074
18 28 403
2 9 158
46 37 2071
2 23 30
37 37 189
24 24 2183
3 57 2061
60 40 318
32 48 2088
28 59 418
24 49 279
7 32 2354
25 50 2343
26 10 2441
28 70 9
70 16 53
27 52 2197
22 20 56
3 8 2217
52 8 416
22 61 392
8 18 398
9 26 2342
6 55 174
52 28 58
7 58 2319
4 40 2361
39 67 2095
18 52 2232
1 45 27
60 12 265
24 65 2307
25 52 417
50 49 164
40 56 2304
54 62 2186
42 45 447
15 19 2052
68 23 2437
29 5 2340
3 24 190
23 1 2442
7 31 422
2 20 2334
67 17 188
18 8 2177
41 44 2313
1 65 2069
46 70 2316
48 18 2235
1 3 2054
69 29 402
63 23 2050
63 36 129
66 22 301
70 20 268
28 7 443
54 16 37
34 18 314
15 62 7
66 4 2080
38 64 2460
47 42 46
42 60 2239
4 67 2347
47 68 410
3 4 2236
65 30 436
45 52 2198
14 3 2067
46 51 52
57 15 2439
45 19 2239
32 30 441
69 70 160
56 39 2434
17 44 2237
32 48 392
35 58 400
46 1 393
18 70 144
2 69 168
21 44 2350
1 64 2095
16 39 132
40 14 2203
28 58 2193
68 17 293
7 38 2048
39 25 2092
15 12 2105
56 59 417
14 70 286
31 10 401
56 67 2220
9 45 256
20 27 392
64 27 272
50 16 282
19 44 436
69 2 129
55 27 2444
38 64 2353
5 4 44
46 37 2223
9 62 2464
10 34 2336
21 42 2344
11 16 191
44 53 2093
5 2 128
15 58 2237
69 43 2063
39 13 276
37 61 2434
3 7 57
61 29 2176
67 59 397
31 47 293
33 21 138
14 39 2474
20 6 418
41 44 2489
47 39 2435
63 24 2071
31 56 42
67 34 2209
39 29 2309
18 26 161
7 40 2441
33 42 2063
52 24 412
11 60 2432
42 19 2051
63 65 169
2 51 2081
8 70 402
49 4 58
2 46 2180
9 56 2361
8 28 2492
20 64 2328
43 20 2202
42 53 278
15 49 443
3 7 421
4 13 24
36 62 404
10 69 2468
54 64 2444
70 38 145
41 50 2188
7 39 2332
1 45 2329
41 54 2233
28 45 2358
5 46 274
61 40 2051
66 65 168
37 57 2451
61 33 2239
67 43 392
20 23 410
39 6 2448
29 56 271
32 57 2493
67 33 289
2 12 2083
48 17 177
41 23 2235
63 52 2478
8 13 2207
64 16 20
33 47 2204
38 38 2463
18 17 175
46 44 404
37 50 2108
46 40 16
38 40 424
24 58 2180
1 48 432
24 28 2339
68 51 421
24 12 274
4 64 172
21 46 42
16 8 291
40 37 145
32 69 410
36 35 2333
22 19 297
43 41 2357
3 32 299
60 40 2218
43 9 2494
39 29 442
8 44 2201
33 30 2444
39 8 425
46 48 51
12 35 4
50 16 2341
8 62 2451
47 46 272
30 33 2066
27 52 18
31 35 16
21 43 309
70 61 298
9 40 309
48 41 443
58 57 2063
62 23 130
51 26 2191
70 37 446
54 7 2340
68 46 286
38 48 394
8 38 2209
64 30 2486
9 64 2312
39 70 442
5 45 2205
49 9 51
26 25 2311
49 63 2477
52 50 50
61 49 190
32 69 305
60 67 2232
38 50 447
30 4 405
23 50 2346
65 41 300
46 59 431
59 63 15
18 12 56
59 3 2053
25 23 270
17 35 2322
61 61 6
4 19 6
58 8 2489
55 4 2073
51 14 2055
30 53 2330
45 42 180
39 68 2311
12 38 2065
27 50 171
62 52 138
30 37 128
20 51 2442
70 45 2070
42 27 21
27 48 411
1 55 2236
57 23 2108
3 55 2088
63 21 2079
24 49 2309
37 41 37
7 56 404
35 40 421
16 13 2363
41 56 2055
48 59 2458
34 41 432
24 54 2472
20 34 2321
37 15 2096
27 50 299
62 32 11
7 58 428
35 5 306
42 42 2091
37 6 2437
3 25 288
27 51 2309
35 55 418
58 5 24
38 8 2317
70 68 413
44 68 2311
37 10 2481
29 46 2435
40 67 269
68 53 285
62 37 438
21 68 2190
28 29 50
13 18 2359
68 25 5
22 20 2183
69 53 2219
56 18 52
43 42 311
44 39 436
19 5 58
70 31 2066
4 21 263
16 33 7
2 10 391
52 24 287
4 57 2228
4 27 2236
40 6 153
31 10 441
63 55 441
58 9 129
54 5 2341
39 65 2466
45 5 2344
46 46 415
43 41 2455
41 9 2190
19 65 2190
14 59 309
44 23 2202
46 60 2366
23 19 2364
13 30 2335
37 15 2333
28 26 2231
25 4 2183
7 42 2355
51 51 2313
24 53 53
6 58 38
52 21 2054
36 55 2312
20 6 2065
14 40 2461
54 8 2320
64 19 2439
2 63 147
8 47 2048
16 24 2055
1 45 169
19 64 39
70 23 28
3 43 160
48 52 2237
28 64 2239
68 45 2067
48 68 2442
50 36 52
50 56 2094
45 23 29
38 17 2329
59 29 15
6 14 2065
9 64 303
51 65 2313
1 61 167
59 32 429
64 17 387
53 67 2326
48 31 2092
2 63 2228
31 58 2214
14 21 4
51 58 2232
48 52 2462
29 12 272
8 24 2079
61 44 61
55 2 2219
24 35 412
69 70 410
65 31 2072
48 35 2447
35 16 397
2 26 2464
6 58 2361
1 6 2205
24 42 264
5 11 27
52 26 309
41 66 12
29 9 2487
4 58 2104
14 55 2340
50 44 2361
16 12 2309
63 50 2471
12 39 2313
56 30 2225
31 34 269
68 32 42
22 62 39
46 48 2180
40 64 388
44 67 2450
50 8 401
22 9 310
63 64 2183
38 1 2186
58 7 59
16 59 2212
53 4 2064
25 37 19
31 36 132
32 62 2474
48 41 187
42 35 2214
27 18 16
29 41 146
50 62 23
56 29 36
5 1 49
34 63 434
57 11 2308
38 8 2494
32 5 437
18 63 62
64 14 11
60 8 2311
9 18 186
32 7 21
10 4 2058
7 58 2345
20 63 185
45 13 2099
26 38 133
38 40 2439
2 23 2314
9 68 138
16 7 414
48 67 2188
59 5 297
64 30 2062
28 60 23
21 56 2312
20 56 2227
39 70 53
15 18 432
44 36 2332
5 35 400
48 13 301
47 61 2441
65 19 62
63 33 2339
16 7 129
54 36 161
13 53 2310
7 45 444
12 8 437
18 30 2075
24 3 2192
10 5 38
32 26 410
36 35 2233
6 69 2201
55 55 2107
69 37 60
48 53 2063
13 61 2235
2 42 421
20 2 2495
11 40 63
45 54 2087
63 15 182
2 22 2322
50 7 2479
17 47 308
11 70 2059
31 18 13
35 13 2473
51 47 2195
34 40 2075
56 64 2469
50 65 2059
14 52 1
37 50 2196
23 47 2060
65 63 2094
32 36 2187
23 9 313
68 60 2204
19 43 154
26 1 63
46 69 2098
12 54 401
54 32 155
56 50 288
48 4 187
24 38 2325
47 30 442
52 15 397
1 10 280
30 15 306
53 61 429
10 49 2358
34 7 312
46 34 2064
67 23 405
