70 1000
&&^|&^&&&|&&
45 6 71
65 65 3
23 22 102
21 61 3
32 23 7
11 66 24
5 44 16
46 57 3
36 40 96
45 15 209
6 18 2
22 61 14
18 45 7
40 31 49
45 67 672
56 51 9
1 61 126
15 38 0
16 46 0
26 17 0
70 2 423
34 60 173
19 32 360
28 59 495
61 28 101
8 61 1216
10 38 1
15 65 9
56 10 10
58 31 12
59 11 3
47 64 2657
6 13 84
56 3 15
45 62 126
22 4 27
34 18 6
39 63 100
61 37 1
53 68 1526
10 39 8
51 2 3822
49 39 126
1 68 13
16 50 24
17 44 125
31 11 85
7 60 870
25 11 0
43 65 662
48 38 2
44 68 0
27 68 296
69 9 1
68 41 0
38 13 1
27 63 2
1 30 866
70 39 1390
16 18 418
28 3 757
15 16 11
67 36 3323
53 10 1
4 23 107
8 70 214
52 41 1
28 6 0
12 32 0
54 6 1
10 62 155
33 11 801
52 49 2
67 25 5
56 54 12
11 56 122
62 14 0
49 43 0
41 68 43
27 34 373
7 37 35
15 43 6
16 6 567
17 45 5
10 31 56
5 51 4
36 56 0
3 69 2150
18 55 632
38 56 1
46 10 1812
17 43 8
2 61 106
25 17 3
24 25 7
14 68 1
21 60 0
39 69 5
52 29 340
67 23 1
46 1 100
11 15 2678
46 56 989
56 16 386
36 28 4
27 21 14
66 52 0
16 11 95
44 38 1892
30 14 1100
38 2 17
62 69 360
2 34 30
18 59 32
19 62 93
38 6 2
58 41 24
4 60 2736
64 44 48
62 8 2
56 34 6
11 26 1355
43 48 22
14 25 60
50 15 11
54 29 13
20 22 1873
52 52 56
69 53 707
22 36 8
19 9 7
51 50 1398
49 11 61
41 7 4045
50 58 555
39 53 217
70 35 338
65 9 810
22 3 9
5 7 135
52 26 108
18 18 485
52 35 428
39 22 4
32 4 1
8 7 560
54 64 490
4 42 38
35 38 145
27 7 24
55 28 3
61 63 5
4 50 0
3 52 1
64 33 1102
34 39 15
38 66 4036
22 23 3
48 16 19
4 18 523
9 67 0
50 26 1969
66 5 10
28 12 1618
36 23 2
66 29 1682
9 8 3
19 54 106
41 70 85
50 51 0
58 37 14
22 18 2
24 52 5
13 16 223
57 2 2
32 56 1
26 29 29
65 36 251
56 58 953
63 37 790
49 60 26
54 20 48
7 67 14
48 39 59
40 38 95
22 58 1
69 38 0
66 4 163
34 69 2
1 5 10
33 22 0
67 53 739
11 25 109
56 48 673
59 11 740
44 60 24
59 22 111
67 59 3195
22 68 69
2 11 585
12 30 0
58 35 1
65 7 670
18 4 0
32 63 3
13 37 0
4 57 706
58 10 3
65 59 38
37 27 3040
46 34 3241
13 45 1711
5 29 268
24 52 149
8 32 0
63 13 179
28 64 0
24 16 309
56 39 163
39 51 1702
59 45 55
37 64 3164
6 14 3299
29 59 1331
5 27 197
31 43 106
70 42 14
64 33 111
41 28 50
56 8 2
14 46 58
8 26 935
38 62 77
54 26 0
43 59 1
21 22 371
65 55 30
19 52 916
57 39 0
42 9 68
61 3 218
2 2 2
36 21 245
62 59 9
57 20 45
44 21 0
22 51 0
11 61 4
47 22 114
14 9 104
4 12 148
69 33 377
17 45 17
11 4 154
5 9 23
38 46 1
49 39 56
56 20 0
40 54 131
59 70 152
40 33 3825
27 3 87
49 6 91
40 58 120
60 30 168
21 64 1640
38 47 444
8 63 36
13 51 14
4 60 53
9 45 0
42 15 207
53 28 12
7 35 2
43 62 2
46 53 30
9 22 910
9 67 2
19 30 490
53 53 14
70 11 2
59 18 0
5 41 9
6 37 2808
51 69 89
65 17 2022
43 69 13
11 35 0
17 43 1
70 34 20
44 30 1240
70 32 509
43 53 1
21 4 294
53 20 4
63 59 4
70 39 3
27 2 0
8 65 0
2 68 1525
22 42 1
25 46 51
5 28 157
40 19 0
63 43 29
56 2 10
63 51 355
31 2 1090
22 51 558
54 24 0
31 55 13
62 62 12
25 36 6
28 40 36
59 57 5
27 63 2
45 25 0
4 24 1
57 28 4
1 18 27
54 22 35
6 17 27
70 20 3
17 57 4
20 3 384
27 15 5
62 44 1
17 56 1
43 5 244
58 67 53
61 26 275
31 22 5
65 14 96
45 39 3617
31 41 34
6 36 44
1 43 10
58 47 17
16 32 10
61 56 116
22 21 75
25 20 1
22 20 797
69 67 17
58 30 996
35 64 1415
54 33 3851
52 47 142
31 1 0
4 67 16
35 62 0
26 29 496
6 33 0
39 37 76
15 3 343
63 12 10
35 55 257
35 44 1438
39 13 1
43 5 477
58 40 333
68 53 23
11 11 52
55 24 120
9 23 5
52 2 9
23 35 73
45 22 1
18 14 49
48 68 28
46 10 14
7 2 15
66 36 1
29 49 42
68 39 1863
21 9 59
40 67 0
50 44 5
14 1 1398
58 38 491
51 56 653
45 10 9
24 64 5
15 26 12
24 28 14
40 57 50
19 14 971
59 70 436
19 31 18
48 68 5
48 70 36
52 24 156
64 49 170
27 23 1
42 46 453
8 10 24
11 51 8
18 30 180
54 10 176
7 62 6
5 6 400
4 29 1
1 31 3491
10 61 44
9 63 1
29 30 3
17 34 1
50 59 16
58 23 313
68 2 189
59 48 18
22 39 1
15 63 0
9 70 1
52 22 6
30 25 21
54 27 279
70 29 6
16 19 892
67 12 6
3 47 228
21 29 109
43 13 1
44 57 6
24 17 42
67 36 3
69 60 24
14 22 5
64 65 2
39 30 6
13 35 204
6 22 5
31 20 41
31 3 1
23 14 1041
23 1 23
20 44 153
15 2 0
1 35 2
29 53 980
6 18 1
60 4 1369
15 66 6
4 39 1
19 23 81
27 46 2
51 4 2
55 34 231
17 65 101
59 33 201
21 46 1
19 15 1
25 31 248
63 65 536
9 53 4
6 23 409
57 47 0
60 23 57
17 69 2
61 58 0
63 39 41
33 11 65
68 49 7
63 45 9
48 47 1
68 65 3343
27 26 173
2 42 1697
65 51 107
44 62 461
68 52 6
60 58 0
47 29 984
69 34 127
22 5 1
44 1 359
14 70 14
25 3 22
14 45 1833
18 6 104
22 5 10
49 57 2
58 22 1962
68 52 2689
52 36 0
67 48 850
41 56 1
8 23 823
12 33 1871
52 64 12
5 8 0
67 3 5
36 55 2
37 21 218
49 10 40
69 14 28
11 19 1029
15 62 12
55 5 14
32 52 0
1 52 0
52 62 88
64 17 3242
54 27 506
9 32 4
63 60 1013
4 13 9
37 62 1
46 36 5
47 17 6
49 64 3
37 22 8
67 55 3
18 22 207
57 56 20
27 29 827
17 8 1804
57 13 46
44 7 225
34 6 5
69 2 0
31 13 1638
11 29 863
42 57 33
38 55 2
59 27 1
25 27 152
39 50 31
20 37 6
28 55 2977
61 3 11
69 46 1
17 67 29
15 30 1273
5 50 781
11 22 1575
40 50 656
66 44 4
54 32 0
69 55 1
67 7 66
9 23 1
24 17 60
7 53 0
10 19 194
3 52 57
17 65 100
44 21 1
52 7 1251
69 29 3
5 27 239
8 14 4
38 42 10
5 28 920
58 53 0
20 32 18
39 43 2046
52 8 86
67 38 255
68 52 2
61 15 1002
10 26 305
22 70 8
22 60 0
30 7 64
57 26 211
50 2 168
35 24 5
35 4 2
6 20 587
61 11 3
38 62 1
18 69 29
9 61 0
51 15 241
59 53 55
55 64 4
31 11 358
26 4 69
53 57 1
6 42 141
47 4 12
28 46 1
44 65 3
60 38 3375
8 10 477
13 47 8
14 9 1
34 14 56
29 4 4
5 3 2920
10 56 15
9 6 1
15 2 1329
19 26 6
49 69 11
44 59 1944
15 51 71
53 51 5
15 4 850
32 58 5
53 60 13
61 25 10
10 4 15
48 46 13
10 25 284
68 2 25
1 69 41
69 63 0
24 64 6
41 52 22
58 58 96
42 61 16
31 68 457
28 53 3814
58 24 1
4 22 52
12 68 186
15 65 69
54 50 21
26 62 176
19 11 2390
52 37 1
53 8 1
40 3 1
54 68 50
56 17 10
58 14 1018
8 48 567
6 43 260
42 27 2
35 14 1
51 59 1175
23 40 9
70 10 8
11 28 138
39 54 14
48 54 0
48 27 57
1 37 218
23 48 1242
31 15 3
34 7 1129
6 66 14
35 6 67
9 36 238
29 45 4
45 53 3
59 18 145
35 34 365
51 13 59
20 43 1908
38 35 139
44 17 25
48 54 221
17 1 3
52 38 63
59 48 209
25 16 563
12 28 79
65 12 28
49 69 2
45 53 71
35 45 55
57 33 946
45 21 0
39 7 1
7 65 176
46 24 51
43 3 1454
29 10 728
33 30 116
9 60 4
25 54 6
55 40 3343
4 22 60
32 1 28
33 68 205
22 11 5
36 31 433
2 8 2
70 53 214
54 9 0
10 37 686
70 55 18
35 57 1
42 43 29
52 40 30
39 9 454
19 17 12
37 10 246
67 57 1963
58 45 41
70 10 1533
12 65 7
26 30 404
25 26 1
48 35 732
49 33 1642
29 45 107
48 23 24
22 6 27
8 21 284
20 44 0
9 52 3306
41 64 0
59 12 45
69 28 3135
28 17 0
54 45 952
11 11 1501
44 38 118
66 51 0
17 42 54
11 11 1
43 49 107
50 34 8
41 70 0
52 57 62
7 9 31
35 27 25
53 40 254
29 39 1635
18 11 821
7 32 4
28 38 2049
15 7 14
37 67 58
36 45 1674
30 21 63
68 24 1171
58 42 3
37 25 3751
54 5 463
60 32 2
30 46 1
57 26 60
40 58 59
11 32 552
61 28 937
55 12 448
38 37 16
15 65 637
65 32 1514
28 28 15
43 51 122
49 6 119
22 39 746
59 2 183
67 50 266
34 11 2359
51 27 2
53 64 0
6 12 1
28 8 1335
21 13 72
44 24 91
58 65 131
60 20 6
45 67 5
67 19 4
22 56 20
24 14 56
47 4 971
53 69 95
21 62 1630
54 38 965
11 3 0
44 18 21
57 40 1092
12 60 4
30 41 1
58 12 3
25 36 2103
61 63 0
16 29 11
58 2 2
70 45 131
53 52 13
42 23 63
63 58 60
36 70 12
40 49 460
65 21 230
10 67 0
59 45 328
20 18 1
17 15 1581
36 40 11
18 27 60
29 54 447
2 62 477
70 57 5
1 19 0
8 18 0
31 7 2
68 28 3
65 1 14
6 51 225
31 25 18
60 63 163
39 69 557
35 52 625
34 33 3080
39 61 257
50 62 0
5 7 13
6 48 20
35 34 10
16 59 238
54 10 18
13 34 246
65 48 1
10 28 823
9 27 24
2 10 12
18 40 10
52 56 505
4 44 36
65 52 0
31 23 26
68 49 33
44 33 1893
14 62 5
52 22 7
26 66 1771
70 26 7
21 50 1
5 44 13
69 54 328
22 32 681
1 39 19
51 16 4
40 5 2
56 46 41
69 43 3150
26 63 1796
28 20 15
15 50 15
26 27 0
16 2 1
62 69 3
17 69 11
56 51 2716
41 50 197
11 33 12
7 39 105
19 24 0
59 44 2
39 43 22
27 54 1419
15 20 25
46 46 92
39 1 117
64 30 3
4 3 1
51 41 45
9 7 4
33 4 72
12 8 1
52 56 29
22 24 6
68 20 5
47 5 3
52 69 1
30 17 0
54 48 312
17 53 6
32 28 1710
20 28 1
62 70 24
5 40 0
68 12 7
47 37 2
48 46 0
27 3 60
45 39 251
68 42 1
32 48 8
54 54 3
52 48 3
2 52 0
36 20 127
70 31 23
66 65 45
64 56 26
63 47 1919
58 27 63
50 24 60
62 66 652
50 7 101
44 26 1
3 37 1239
63 5 14
4 21 1427
13 1 199
28 34 1005
2 38 0
59 24 35
50 32 3
50 64 784
54 29 717
4 5 25
55 25 3
52 51 35
34 22 190
66 54 672
32 58 62
63 20 49
5 36 26
9 21 624
37 36 24
14 68 6
21 6 0
7 50 504
58 7 61
25 45 1345
23 53 16
57 66 765
10 52 1
65 52 13
48 23 0
37 54 299
20 32 1630
7 30 1427
50 38 68
29 42 1
25 16 4
51 37 1357
13 28 765
10 28 38
3 68 165
24 20 2
5 36 429
43 40 5
21 29 16
34 41 149
12 11 1959
48 49 154
33 54 0
54 23 215
38 49 18
44 35 474
43 29 1602
49 24 0
67 39 4
57 14 343
38 1 1
7 59 14
15 24 0
1 61 27
58 53 335
40 31 0
67 17 25
63 51 40
11 36 407
70 25 0
6 50 0
67 41 4
13 5 4
35 33 0
34 28 52
9 9 5
21 69 6
33 32 371
18 40 14
8 25 1
9 20 2086
46 47 6
49 29 923
2 38 17
14 27 413
66 22 24
35 21 1676
7 37 0
20 28 0
56 29 1
26 66 2340
45 51 783
5 22 0
36 10 0
1 68 58
51 56 951
1 31 4
3 7 0
28 64 7
64 36 7
68 10 3
37 37 351
15 25 1
53 43 3896
11 70 65
39 41 1
13 47 220
53 20 4
36 67 1723
15 12 1
43 52 15
41 49 11
41 8 2
