70 1000
&&&^^^&&||&&
18 69 70
4 26 30
1 15 102
1 2 269
6 39 2873
33 21 115
12 21 33
44 23 14
37 10 1013
63 63 503
16 1 59
24 44 3
20 62 1626
16 37 19
53 49 1
67 68 9
16 61 287
56 47 1903
70 64 58
46 24 270
50 28 3969
55 43 206
40 59 51
69 60 354
30 61 51
44 36 44
65 50 229
48 41 2299
54 10 2935
64 24 216
26 41 429
11 10 257
37 27 12
52 27 74
28 25 246
5 52 462
29 21 301
3 53 122
59 12 789
9 46 3344
6 4 207
3 32 4002
38 15 367
6 21 362
43 69 196
11 24 15
28 17 94
59 38 198
30 57 1960
37 34 2012
59 10 243
22 52 3263
20 70 44
39 29 1934
62 9 94
5 18 1617
58 36 162
23 8 217
25 63 252
59 15 1629
21 5 66
66 35 61
4 54 509
20 36 311
55 44 253
38 18 26
66 67 46
53 1 2642
52 2 342
10 8 228
10 61 1647
2 3 62
49 6 3561
10 56 24
47 13 701
60 3 14
5 32 46
19 62 234
16 36 40
55 31 42
57 17 360
34 16 26
1 70 186
13 13 368
64 58 18
13 9 2186
25 59 119
16 68 220
41 28 2067
57 70 6
52 9 390
6 20 1626
36 58 188
9 27 289
5 19 64
24 44 246
17 27 217
38 5 708
22 63 99
13 69 427
17 4 342
48 54 358
64 43 22
29 19 906
49 55 283
67 5 217
14 52 121
4 45 21
33 19 1147
49 50 17
7 3 702
14 20 186
69 32 23
66 70 107
51 3 6
18 20 1546
4 25 18
48 1 42
3 34 24
47 64 21
66 15 6
31 3 136
7 23 17
51 40 724
33 58 448
6 63 14
7 30 2435
1 22 1914
59 51 1990
61 54 56
11 19 50
65 17 1497
32 51 126
32 58 1836
36 54 29
46 4 987
50 7 251
49 70 591
26 17 3503
70 6 16
10 63 2295
70 19 2284
31 47 55
56 64 299
32 35 1180
54 57 155
24 44 4
19 53 105
39 26 32
34 21 1484
11 57 63
49 57 134
19 43 94
21 29 134
35 39 245
4 20 316
16 43 17
56 52 55
15 22 93
16 17 194
44 60 986
20 17 64
15 51 97
5 38 163
62 20 12
61 42 7
41 70 1860
48 3 444
1 5 2127
58 64 427
65 39 383
58 60 6
20 42 120
40 42 238
57 15 317
15 29 679
45 28 2
14 5 106
34 23 18
49 8 53
10 51 306
6 49 30
19 48 84
68 1 20
22 42 222
27 8 116
65 1 2992
47 50 352
70 31 0
16 53 801
70 61 62
49 27 48
61 64 139
68 3 14
67 65 74
60 53 1765
22 19 619
8 44 32
66 51 1866
49 57 10
42 21 29
4 62 2576
47 1 800
4 2 294
35 29 10
58 63 1549
29 63 168
32 45 398
28 61 989
4 20 1433
58 28 1047
48 39 36
40 35 40
27 11 99
60 56 23
55 42 4
64 61 36
2 8 61
56 48 113
18 5 2010
29 50 481
59 5 1608
17 29 189
49 17 210
25 64 336
64 61 1396
9 19 434
60 47 447
3 48 111
38 11 548
30 48 0
5 24 90
37 44 41
30 39 249
26 64 51
1 40 8
68 34 364
59 54 1896
32 48 57
31 57 784
65 42 217
5 68 1062
58 65 18
24 6 600
12 63 165
29 57 44
50 7 698
19 29 108
35 1 2500
34 18 92
21 65 125
37 8 3083
19 62 3371
29 42 206
49 22 41
50 56 3295
20 64 114
32 61 1290
12 18 1656
44 70 2229
23 4 209
18 12 37
69 32 452
1 70 2
8 60 412
11 69 9
3 44 613
40 36 1560
20 5 2041
15 34 1440
69 40 307
56 8 87
56 54 46
68 41 1001
45 25 19
19 49 63
51 54 294
53 16 1694
62 67 144
60 35 3293
56 46 30
37 5 33
31 11 3139
17 65 244
1 31 654
33 54 82
67 39 1253
7 44 497
6 5 19
33 33 192
65 10 2283
59 60 62
14 36 165
68 20 901
16 66 1757
27 57 200
44 7 41
59 57 292
31 17 49
53 65 105
64 2 17
6 33 74
59 28 427
16 43 531
57 10 912
18 50 197
59 50 155
45 24 78
32 66 123
44 70 251
43 9 469
62 63 182
45 44 9
30 45 47
30 54 47
61 17 95
14 69 425
64 58 575
15 19 2924
59 14 73
41 36 212
62 22 148
9 10 55
54 44 63
15 26 1033
70 69 205
22 11 76
69 5 3
44 44 895
45 46 3157
9 40 214
15 40 465
55 45 187
42 12 112
44 60 9
14 67 104
39 25 99
34 57 86
48 31 476
4 28 72
36 22 316
18 37 192
27 50 226
70 7 10
23 21 5
65 20 54
36 55 1933
32 1 481
53 31 156
36 33 69
19 43 218
11 67 147
47 6 603
33 63 45
43 65 158
36 11 14
70 63 3
26 5 3250
4 46 431
45 57 21
25 44 164
54 1 18
11 42 69
9 39 495
60 19 249
10 18 680
41 33 275
23 59 3584
58 55 14
5 27 186
40 2 14
21 43 32
36 11 243
56 66 47
33 64 222
69 19 71
10 68 23
11 29 47
38 35 113
61 14 2107
26 67 3393
3 38 213
3 28 297
2 61 94
68 15 49
2 16 1422
51 10 3701
57 48 865
33 18 16
33 33 363
26 58 23
36 40 253
47 21 135
26 21 934
4 18 107
21 48 36
4 45 10
26 29 1876
8 63 422
68 40 30
8 46 1576
35 22 802
23 9 9
57 30 1933
69 8 511
46 5 47
54 47 375
7 57 249
55 48 3463
52 67 3
50 45 1805
7 64 17
53 8 2006
68 20 107
49 22 278
7 55 381
20 11 209
23 60 331
31 35 1187
35 6 3442
62 33 107
5 1 688
65 19 1268
58 50 1086
17 33 121
40 43 1071
32 14 265
15 30 29
17 65 63
37 63 3686
38 7 157
46 43 44
22 39 1053
18 20 3012
59 5 233
19 63 11
23 52 29
24 57 23
70 56 207
31 69 63
66 24 2372
21 11 253
1 21 32
57 40 115
67 49 265
38 8 3
68 34 26
54 1 938
66 52 437
20 39 98
67 30 158
62 62 2139
69 44 213
52 30 21
38 67 135
24 32 1037
46 11 54
56 7 16
60 40 595
61 25 556
70 36 515
14 59 404
46 17 60
37 44 969
63 32 97
30 10 224
57 27 49
54 29 1037
3 8 42
54 53 101
36 52 1354
2 49 2600
43 68 80
33 11 31
5 6 875
42 58 160
34 12 2777
57 69 54
29 26 84
30 37 66
43 19 797
50 63 134
36 68 81
16 5 2
9 27 3812
51 28 35
1 49 3876
4 47 1005
22 19 50
45 33 3704
37 30 6
57 35 2523
18 58 266
29 48 35
70 34 3185
17 1 523
61 22 114
58 21 118
42 37 220
25 61 36
26 27 95
65 34 1992
19 38 887
18 38 1438
47 42 560
12 17 62
8 43 27
2 27 1692
35 28 730
45 16 1690
15 54 310
32 43 208
58 55 460
66 51 141
59 25 63
37 44 68
17 60 52
31 28 79
2 61 537
4 36 535
70 42 17
48 64 2657
32 47 1480
7 44 130
69 27 24
51 6 223
18 50 2813
24 31 1933
40 62 231
36 30 35
15 24 14
53 24 26
37 61 60
61 62 268
1 48 96
43 3 1994
5 57 434
23 45 48
34 20 988
21 57 33
60 57 470
22 24 498
21 51 44
56 40 28
29 25 3315
50 39 102
57 41 49
6 16 1761
22 41 56
42 61 15
46 3 289
27 28 1782
59 27 339
25 51 515
65 29 754
12 51 195
46 63 427
70 30 2
21 69 121
18 57 84
15 9 258
31 5 1827
46 57 6
57 49 22
1 2 215
49 2 1965
30 49 424
11 64 198
33 64 899
63 25 1394
9 64 118
65 27 445
13 48 60
42 51 69
45 46 94
45 43 243
18 65 66
25 18 2868
49 28 1842
24 45 19
67 55 58
54 53 10
19 59 101
24 51 43
46 38 412
35 29 2589
67 49 399
55 21 68
52 16 1099
62 49 548
67 51 3452
7 70 1892
3 36 14
61 5 62
54 30 1620
10 42 346
5 51 608
69 51 1302
34 46 134
13 40 879
41 55 532
36 42 11
61 46 697
61 33 3300
44 47 260
23 55 45
30 36 542
9 24 41
68 13 47
7 14 637
49 31 1222
14 32 507
64 10 1428
47 1 18
66 43 58
46 20 953
22 39 105
50 57 2708
56 57 167
31 2 96
38 68 582
67 23 1378
58 63 18
44 14 162
59 12 113
57 17 822
1 63 2754
58 70 361
5 57 104
28 56 911
54 33 160
51 32 235
67 68 39
62 1 5
22 52 15
47 45 32
6 8 76
18 55 117
57 32 30
53 60 147
13 46 11
11 16 21
11 31 37
8 48 388
9 14 104
46 43 54
28 60 511
32 65 7
53 57 331
19 8 90
50 3 3336
17 7 15
14 6 2138
23 50 101
67 27 37
57 39 1390
47 31 833
18 58 1350
55 66 136
31 29 2198
69 46 1729
37 18 30
55 60 12
32 17 112
3 14 424
63 37 231
30 69 55
36 13 364
19 44 1315
31 45 573
40 67 92
22 70 152
64 38 1618
12 49 177
66 25 33
45 19 119
53 27 241
64 57 1335
1 6 208
43 65 0
21 10 9
40 35 2651
20 44 91
43 21 126
47 53 2
32 52 272
27 61 2
49 42 19
28 40 16
58 8 13
52 69 119
67 38 66
49 11 475
38 69 237
51 46 218
58 61 17
63 58 1528
60 35 287
57 29 503
10 12 2271
19 56 1804
45 52 3917
69 60 26
59 22 3944
63 3 10
44 56 816
39 26 631
17 64 2170
51 14 340
23 36 29
9 51 286
36 6 189
18 18 963
64 12 909
67 70 1214
9 18 204
48 34 89
34 48 1653
53 12 71
44 13 359
69 13 678
38 19 166
5 16 976
35 61 99
22 65 2192
68 58 119
4 52 80
12 36 127
14 20 120
2 26 32
42 13 1174
25 43 594
66 5 36
19 18 1962
37 53 687
4 59 520
10 1 790
39 9 474
68 24 3925
6 33 50
20 39 25
1 53 141
8 35 62
22 25 2957
17 33 18
57 5 149
54 66 118
42 36 770
28 28 12
17 42 2221
7 25 1323
30 14 276
59 28 1917
48 69 2798
63 62 82
10 12 915
70 66 321
48 60 151
66 20 622
68 48 291
1 27 469
45 69 55
58 44 288
58 68 320
52 20 125
68 20 168
38 67 94
29 35 285
55 58 271
65 23 1
65 21 58
66 29 47
1 34 3605
27 33 349
3 64 86
23 44 815
64 59 811
1 49 2394
5 4 362
2 4 441
34 46 620
60 63 40
67 64 21
39 3 4014
63 60 885
22 1 356
12 67 892
46 13 3586
62 27 44
8 52 206
32 2 1887
68 5 2000
42 32 28
36 41 81
67 15 151
24 9 2921
40 39 38
19 33 1
20 59 3674
1 10 115
9 3 40
1 7 226
46 51 139
18 57 169
7 40 60
32 56 12
38 26 984
64 48 163
57 13 157
12 70 422
46 5 55
2 38 367
3 19 12
56 57 797
55 38 1794
36 3 923
10 39 770
51 35 50
43 67 617
5 62 20
70 15 508
50 43 5
35 22 744
40 22 5
54 53 2708
33 5 59
30 58 23
3 52 1379
1 30 3875
37 49 167
31 69 91
70 33 235
55 21 347
31 19 20
69 21 103
43 63 2045
41 60 1219
29 17 132
1 10 47
11 1 158
10 61 109
14 53 3321
48 7 1532
23 40 1390
5 52 713
31 42 264
65 30 296
68 28 182
17 18 2738
15 66 5
70 39 3711
39 70 753
64 45 170
26 24 6
42 55 19
37 7 80
54 43 9
69 37 2851
68 33 8
37 41 575
43 53 31
26 26 9
66 10 107
60 67 221
68 6 12
25 11 229
35 37 304
57 9 220
11 46 360
3 52 492
55 50 103
60 32 52
60 33 385
69 67 773
8 50 27
44 22 29
55 70 29
2 43 580
46 24 38
44 39 11
40 15 334
62 18 28
4 17 67
36 3 141
48 3 357
21 28 51
27 30 13
43 17 87
53 24 834
2 67 47
18 37 2219
15 34 245
2 4 97
49 47 589
31 32 2297
41 67 35
6 20 30
37 65 211
46 33 99
40 52 1101
2 4 402
9 4 3639
50 63 255
4 23 653
31 2 522
39 18 24
13 50 75
48 65 1233
49 15 1821
65 45 54
24 17 48
47 57 53
41 32 1075
23 59 1
30 65 363
59 70 10
36 55 24
49 57 93
8 28 19
47 20 211
64 16 54
14 26 415
15 25 2100
47 44 3997
22 63 427
7 65 218
2 7 413
8 17 14
53 14 1992
37 2 45
56 12 2572
14 68 346
57 45 23
23 66 63
24 68 3999
61 1 115
2 2 227
18 50 3165
59 39 41
45 23 696
20 19 44
68 49 670
32 58 220
20 49 470
27 20 1003
36 32 205
44 50 346
30 64 38
33 30 21
47 17 247
63 32 105
5 9 35
56 39 419
19 68 191
55 58 1299
68 8 875
61 36 241
44 56 62
10 30 16
5 68 202
3 60 55
53 47 85
52 8 20
67 62 67
50 23 3210
47 55 32
29 2 1
19 14 1298
58 29 45
39 62 62
49 48 30
14 55 48
22 42 227
40 5 87
60 68 260
64 52 62
13 42 159
3 27 909
14 16 917
59 16 198
47 3 76
29 26 2185
22 65 27
26 42 117
24 29 7
32 59 177
66 53 37
14 64 125
5 4 36
8 66 3445
66 23 253
67 12 1575
50 34 84
49 44 1344
40 29 60
17 52 1430
69 15 71
40 61 1656
51 20 1917
44 14 1629
