70 100
^^^^^^^^^^^^
35 7 529
57 63 136
2 15 528
52 44 9
50 13 650
53 29 659
63 36 1
37 57 642
14 62 25
11 29 145
34 17 531
17 65 144
18 20 649
56 3 641
15 62 153
15 6 515
49 3 10
3 32 537
22 69 128
64 49 656
13 65 138
27 66 24
5 69 137
69 3 513
24 38 26
39 51 25
50 31 537
49 41 27
23 4 664
7 47 664
20 25 3
1 68 11
45 39 523
54 58 3
64 48 26
16 67 656
36 6 643
12 59 9
1 65 8
43 2 146
26 59 9
53 25 24
58 28 656
59 36 651
39 12 10
50 48 642
24 64 147
35 35 523
1 11 666
42 55 643
27 21 641
37 21 146
18 62 138
20 57 129
63 22 521
23 46 17
42 64 154
50 63 139
62 24 651
52 10 131
33 46 128
1 27 649
43 7 515
55 35 514
35 22 8
53 9 26
43 10 528
31 65 536
23 31 25
51 50 522
9 15 145
45 15 3
45 20 153
31 52 512
59 19 137
16 69 512
61 42 521
41 69 19
51 7 664
30 20 137
38 51 0
20 46 643
49 46 531
7 28 657
25 42 512
37 69 10
9 41 523
42 70 529
22 33 642
44 25 25
63 7 11
30 45 651
23 67 523
19 68 130
42 16 129
4 28 26
47 20 664
52 11 657
16 60 153
14 38 130
