70 1000
^^&|&^|^^|&^
60 5 1402
13 48 1820
65 54 3063
7 43 330
19 41 1103
35 16 4052
6 34 9
37 1 2797
13 68 1752
28 34 416
30 11 3514
34 14 2569
49 7 2950
67 24 3194
23 16 3969
51 10 717
19 37 1269
36 52 3734
58 37 1363
22 55 1582
43 33 1283
25 19 2851
18 18 1054
30 16 3987
31 19 2184
53 19 2405
7 64 137
30 31 2338
11 34 1965
40 51 2105
18 20 2377
63 25 3461
48 70 2451
48 14 3000
2 22 3089
52 41 2236
39 45 2774
10 65 631
5 62 1525
37 37 1320
34 68 1097
39 9 332
42 47 1545
43 52 3304
63 24 432
61 19 1150
5 70 145
4 52 3675
49 48 1100
53 18 1885
54 29 1873
68 46 357
50 39 1603
37 63 2590
48 54 938
55 50 1218
30 19 1428
20 6 979
68 38 1783
36 34 2043
34 25 409
38 60 1153
15 42 507
68 61 1999
58 13 3633
47 54 1103
59 23 2010
1 44 1627
38 30 3153
28 58 2919
42 35 635
21 34 1121
11 31 3678
3 35 442
19 67 3888
14 27 1468
9 63 1529
54 56 3621
1 18 3029
12 16 273
39 6 2455
22 4 1957
16 52 1286
35 16 254
56 39 21
59 12 702
4 27 1338
19 70 2741
1 12 1519
17 46 3741
41 31 976
66 56 2900
62 28 389
68 17 824
55 4 637
48 64 2406
62 52 2115
16 53 3537
41 23 3436
33 20 1012
47 53 1571
34 47 2845
55 45 4027
2 3 2175
51 36 3566
9 18 3130
44 46 2090
37 56 2650
7 2 3388
41 44 2159
8 18 1509
63 34 2267
59 14 460
40 52 1976
6 43 3945
7 46 3155
61 13 3079
32 18 1292
7 38 607
46 42 1865
21 59 287
38 13 3732
30 29 3753
37 24 995
52 37 2383
20 59 826
12 55 3390
8 62 3989
57 30 2935
2 59 937
20 11 3685
67 26 3285
69 37 2303
48 68 1937
42 12 15
3 22 1502
16 58 1919
41 67 258
31 16 3232
58 8 3509
20 32 1163
28 28 3140
69 53 381
32 15 2276
43 15 2154
50 57 2437
51 54 1407
10 7 118
66 55 1441
32 41 2533
45 61 142
59 17 87
1 61 3851
22 46 1609
6 65 397
24 63 158
16 20 195
44 32 2800
17 38 3202
49 34 3661
1 55 3508
6 50 3508
51 35 2511
9 37 785
21 24 3734
34 59 444
19 65 3276
51 8 3780
28 37 2048
17 14 2936
4 57 3330
54 54 0
7 16 832
36 1 3614
43 11 1989
59 24 1723
24 68 791
64 40 2923
31 8 3339
50 9 947
51 67 2292
17 43 312
57 49 892
14 51 1459
8 31 2775
4 60 3434
2 13 3451
49 67 3267
67 34 1976
6 54 1047
51 33 2064
26 13 3001
69 3 1040
19 11 125
40 70 3520
28 9 891
47 40 143
37 21 3791
53 23 371
44 22 798
47 61 609
64 47 2000
41 14 2060
12 51 2294
70 54 970
13 16 2705
8 35 1855
30 20 1037
1 2 778
17 3 2392
22 47 4083
16 20 2498
9 59 2551
70 35 557
24 18 2046
42 52 198
32 61 3078
47 22 3249
46 66 1033
44 44 3975
52 23 3806
43 55 2632
15 17 3004
57 26 3568
39 32 786
40 17 1976
10 7 567
53 37 468
59 7 980
44 18 2235
9 61 3764
11 20 2817
11 62 42
55 3 2273
17 19 2266
30 45 272
53 59 2626
42 49 1985
64 34 3585
39 48 2707
58 19 1646
33 69 3580
46 51 3195
24 11 3856
11 17 4033
46 68 3422
52 64 442
59 14 3248
68 9 3436
18 46 507
32 31 2558
33 38 463
58 11 3953
51 10 3885
34 9 759
14 26 2887
33 41 3020
25 35 1338
19 62 405
67 43 3727
31 55 2292
70 61 3612
64 31 4019
68 39 626
4 27 102
3 26 3308
22 18 1371
5 35 536
59 41 2180
5 21 3635
19 58 3817
43 62 2714
63 5 360
54 21 44
27 10 739
6 35 206
35 15 1687
44 26 223
64 57 3959
37 38 2244
50 21 2206
21 39 38
14 62 3814
44 52 3410
51 32 2858
69 2 2287
26 35 3240
61 43 1485
44 49 3410
64 19 3546
13 15 706
17 61 1003
3 2 1242
27 70 2697
45 29 1986
7 67 3622
57 14 324
8 20 2348
12 59 1340
13 5 1158
26 45 716
22 30 197
21 54 4003
6 50 3033
8 47 3539
18 30 3180
28 42 2857
42 61 938
6 69 2937
49 8 98
52 14 1710
21 28 3146
13 45 2467
11 28 2049
36 64 99
8 63 1924
17 27 894
66 28 1789
4 44 2585
30 8 1411
40 17 1398
18 45 1179
22 37 2410
57 66 3064
24 3 3459
61 36 1646
30 25 2576
30 31 134
3 67 1898
11 15 3609
54 55 517
60 5 2803
4 28 1847
37 10 1615
64 21 2217
37 4 1530
48 36 3341
45 39 1976
9 28 1049
66 59 3240
13 68 2089
36 24 3473
54 26 1712
50 1 2622
18 3 3142
5 41 1273
41 17 1964
11 13 4020
22 63 640
20 48 2752
64 44 1902
42 2 2178
32 39 4091
14 64 949
50 58 3129
38 8 3571
12 61 1303
32 30 123
1 62 1801
48 3 3165
50 40 277
13 54 3500
16 47 185
61 24 2358
33 56 1662
30 25 1508
11 3 746
58 59 2051
16 16 1470
61 16 883
23 53 2292
52 8 2118
54 46 344
59 30 2599
8 52 1094
33 12 1501
11 63 2004
54 62 631
36 11 1250
52 5 1415
13 68 758
15 34 1910
5 68 1846
70 51 201
8 27 2462
35 25 1621
49 63 46
20 67 3109
23 46 2766
31 24 742
8 32 1394
52 28 2292
47 41 1549
11 35 2916
50 33 2605
63 45 549
64 57 3858
9 47 2331
33 37 1998
30 22 810
22 19 1486
12 25 75
42 1 690
66 18 3009
44 60 1409
60 53 3614
60 28 2590
42 30 3531
13 66 1707
24 62 2018
12 30 3907
6 3 3576
18 62 3708
36 10 196
56 10 688
32 38 1125
42 60 3777
16 67 330
61 21 197
6 20 1181
34 65 1776
37 35 300
15 67 3979
60 61 3490
37 27 1699
14 12 1598
66 54 616
33 19 418
5 38 1334
7 39 2035
34 8 412
46 28 1316
40 64 2479
61 31 3050
45 46 806
4 22 2632
6 2 1982
56 49 1019
52 57 958
19 34 916
27 60 23
21 8 933
68 10 2522
61 15 3825
45 69 2717
34 4 2839
20 16 2740
26 59 2363
6 18 1578
12 10 1007
30 41 3416
67 33 1303
47 19 715
70 66 134
28 52 3443
30 61 1980
53 32 944
25 20 2002
42 65 2036
10 70 516
28 49 1044
3 44 3812
4 57 212
10 9 3495
65 42 3696
35 24 3725
28 38 3361
59 57 3370
14 69 798
66 16 1714
4 31 556
20 39 1317
7 47 3290
59 58 1383
54 5 2773
37 21 1028
60 54 43
53 7 2141
29 29 1113
18 54 1735
45 41 3952
27 33 943
62 2 1292
8 49 888
13 34 2489
34 20 4009
35 13 3575
23 32 1706
30 26 2795
26 61 3683
60 61 943
11 8 2133
30 16 105
7 22 723
24 35 3803
53 48 4060
33 33 1317
24 23 3182
3 64 1359
16 60 3519
36 20 3369
19 43 3529
54 15 3851
21 16 235
4 26 796
50 2 1059
53 65 3205
33 46 566
39 6 930
45 7 857
32 28 3713
55 66 168
51 37 3219
24 53 3104
3 10 2866
5 60 1576
20 5 3187
68 61 592
34 68 737
52 41 967
19 26 449
54 6 1001
43 29 4087
56 46 1459
13 5 759
38 24 2407
13 17 197
60 49 3539
30 32 683
45 18 2696
18 2 269
42 61 572
13 53 3039
63 45 2598
38 17 3274
20 70 3075
67 7 2446
45 2 314
3 21 404
57 21 4037
38 14 2878
69 62 666
22 1 3458
57 12 2287
8 70 2780
15 48 1611
41 43 2708
17 52 2548
26 62 1957
51 11 3786
58 5 3088
21 28 221
22 48 3529
36 26 391
31 55 1370
64 18 2052
54 51 3991
39 24 3980
16 66 1814
3 51 2314
20 30 1547
40 5 1039
14 23 1301
18 21 3528
3 54 2311
62 15 2607
25 31 2542
50 25 1100
54 44 3316
51 50 2680
45 19 1243
49 51 3311
62 14 2951
17 8 2624
57 56 2212
14 37 2116
12 39 326
44 20 688
57 8 3545
60 16 2586
58 28 4070
37 24 332
46 67 351
15 52 715
8 62 3699
58 1 3596
39 68 775
66 4 2824
14 8 1756
35 52 906
55 33 1717
61 35 379
21 51 578
20 2 1254
53 7 3487
8 14 2875
49 32 3283
33 52 1954
38 47 2438
8 57 3095
7 11 490
16 1 1058
31 7 3086
28 26 2737
35 58 4055
51 40 2902
46 43 866
52 68 9
56 65 1696
51 13 378
12 51 699
58 45 3836
36 39 261
5 59 2397
10 1 64
51 56 3489
3 6 370
29 32 3079
45 38 751
46 24 3875
63 3 35
19 45 2341
14 27 1920
47 14 2879
26 63 2426
33 68 2250
63 61 682
56 64 2275
26 51 3642
36 16 1673
66 52 3303
31 8 3849
21 5 28
67 44 2473
59 63 27
67 37 1139
24 24 1773
11 17 267
20 68 1792
37 64 3487
1 52 2330
21 11 896
35 44 3187
43 61 3861
29 51 237
41 53 3757
4 14 104
28 21 1995
14 7 3136
1 64 1328
57 15 3382
16 56 1386
12 37 1762
48 66 27
13 3 2795
21 55 1448
15 1 2749
33 44 3068
55 19 2717
58 65 47
14 61 3231
15 18 2675
14 47 2390
19 21 2566
15 46 2810
51 56 2026
36 9 518
39 36 3664
52 26 3628
69 19 2171
5 53 2628
32 60 3049
19 70 2773
54 45 3107
13 17 2645
7 16 939
33 39 4012
59 47 3342
32 14 1673
13 37 1729
6 23 2860
14 50 2417
28 59 312
5 23 4006
10 65 998
63 17 51
53 50 2139
26 48 2967
12 3 2247
13 1 2984
39 33 2090
27 26 188
56 21 4014
25 59 283
35 61 1423
53 43 395
10 67 3310
68 37 1018
47 59 572
26 38 3483
13 8 151
26 24 1990
15 40 3932
6 34 1339
55 51 4015
60 35 2262
69 64 1515
67 3 2348
68 13 751
31 48 2325
30 28 3495
45 24 1686
57 41 624
46 7 724
56 1 3703
15 6 1365
3 31 3367
11 12 71
62 65 2038
54 54 2187
47 63 3923
41 52 1628
66 65 2626
2 5 415
36 60 2522
19 3 1191
21 39 2279
29 28 1021
45 4 3200
38 27 3985
57 16 1660
65 45 411
25 55 2964
20 23 2462
6 15 2806
26 21 1909
13 6 1912
55 64 3458
67 36 4020
26 31 2363
21 13 3219
16 24 489
69 44 3310
36 17 2851
43 26 2029
24 64 3055
29 59 1711
55 20 2315
7 11 2559
31 53 1356
66 19 4009
17 56 211
25 9 2257
36 23 1126
47 58 2441
70 10 562
64 49 2642
45 43 3041
28 61 3758
1 19 3243
2 26 3420
62 58 2029
32 33 2802
66 61 3197
40 53 312
70 29 269
64 65 2337
64 49 124
70 27 1977
50 64 243
52 51 3159
10 60 3900
65 38 3803
1 26 3495
50 69 1600
48 63 3410
58 23 3023
19 32 1856
19 67 1538
31 48 2521
12 41 2053
53 66 2973
56 67 3609
68 49 2134
51 12 391
49 34 1148
53 18 1158
49 33 2567
61 5 409
20 44 1788
44 69 1206
22 49 1428
47 56 1376
10 33 2837
13 44 1641
66 4 2153
38 37 859
33 38 1443
61 57 3286
31 52 3708
14 59 1786
29 26 2420
30 41 2341
20 10 280
69 5 3093
35 22 733
52 48 2313
6 42 3432
5 16 1354
10 35 1649
18 8 3660
38 39 850
63 44 647
16 52 2511
45 35 3825
69 30 2240
58 8 3231
53 20 3838
64 55 642
46 46 3485
9 64 2154
40 52 468
64 62 632
34 8 1773
19 27 585
43 25 3430
35 16 539
52 12 1900
47 69 2920
51 46 1163
6 14 2936
35 58 2954
7 38 1538
13 21 1344
5 2 3989
10 25 1130
51 70 610
22 51 3716
3 57 2334
44 11 3266
13 54 1621
29 56 1645
9 63 1335
1 67 2222
34 63 2232
14 48 1032
55 57 516
68 22 1854
27 63 424
16 38 2215
37 45 2859
68 9 2726
50 34 3711
29 67 1618
69 20 738
62 23 3170
28 33 1693
44 67 3003
56 28 4063
56 36 2923
15 62 758
57 15 3933
31 62 477
58 29 3675
48 48 3140
14 1 1436
61 45 3069
65 5 3105
29 8 109
4 69 72
60 11 1462
10 51 2883
3 18 1165
39 58 741
9 32 1044
69 1 941
21 20 322
58 56 2087
26 21 3292
54 13 1078
22 53 1313
61 1 2329
23 69 2335
65 28 3901
52 2 2333
18 54 3286
6 6 2102
63 15 3534
19 9 525
21 8 3335
47 30 3469
18 10 3821
65 15 949
15 42 3366
50 39 2941
36 25 1811
28 2 1683
44 17 2739
50 47 1375
65 42 567
15 21 2107
25 45 1959
50 17 1353
47 13 3024
26 18 898
9 39 350
50 49 2885
9 21 4002
59 23 3589
21 24 1625
11 21 1648
36 45 1892
40 44 409
34 24 936
47 69 4086
9 58 1981
70 31 773
39 33 3377
52 66 3969
17 7 3166
32 56 1303
15 1 1520
43 9 1963
24 44 3638
9 29 2545
6 61 3
63 60 266
43 55 770
14 12 518
46 60 3017
45 39 2343
1 9 3681
64 32 3812
68 65 1446
57 30 3085
49 54 2353
59 31 2956
40 63 511
7 27 847
40 53 1341
5 17 1567
1 62 381
68 52 2524
62 69 3280
55 51 2611
48 43 3295
47 48 1909
35 8 1377
6 23 3323
6 68 129
54 34 1475
9 12 2314
10 42 1632
47 51 1034
63 21 3056
52 55 3596
47 5 2532
62 54 630
11 19 451
16 69 2468
48 37 1517
56 1 2165
53 35 291
67 5 3999
39 55 1804
39 35 3276
22 39 2982
36 66 3569
13 22 3346
64 63 3148
62 12 719
32 48 1989
53 6 3812
46 50 1062
15 42 606
18 52 3286
68 50 1430
15 9 2211
5 57 961
40 14 1965
22 5 2334
43 43 2576
68 12 2896
5 53 1681
29 11 348
50 45 2975
32 44 2610
39 36 2238
21 48 2411
33 41 2816
28 19 261
40 34 1804
47 52 1488
49 62 1067
28 22 946
55 62 275
11 58 864
6 46 2899
48 68 2318
61 19 2062
