70 1000
|||^|&&^&&^^
8 24 166
47 9 1
62 15 176
7 42 0
16 20 1
30 11 8
1 38 0
44 58 7
61 56 117
33 13 423
58 7 345
13 33 1249
41 16 1
60 9 71
20 9 0
11 28 3430
5 5 494
22 66 126
57 67 408
34 50 3928
4 68 360
34 18 104
38 46 372
36 23 88
2 28 4
45 45 581
33 35 19
23 51 240
38 44 39
55 25 0
48 34 17
66 67 63
34 15 535
65 30 9
47 15 13
62 16 4
62 57 3679
46 58 6
23 3 51
57 3 8
44 55 1
39 37 35
31 3 15
13 25 189
64 28 314
1 59 57
26 67 3
53 2 12
33 68 29
16 4 2
26 54 0
15 70 489
28 44 2
2 10 0
68 43 3
51 9 0
12 57 23
47 64 2
38 12 15
65 47 1659
48 6 79
30 14 15
18 40 2
9 33 15
65 35 1
26 16 8
63 26 2
6 10 0
6 41 16
52 15 1
25 41 396
27 57 9
16 38 108
28 69 1
47 23 0
49 10 0
36 22 29
58 40 1
69 31 207
29 60 1
41 58 2031
9 28 2
35 70 15
46 17 288
56 55 948
56 48 1
5 2 58
17 64 109
12 24 3
70 39 0
66 12 0
67 64 0
48 3 33
33 40 578
62 31 0
13 14 730
60 48 29
67 56 6
44 51 1
33 36 237
1 23 164
47 70 1
11 69 20
53 55 154
43 35 2
55 5 22
20 68 457
58 7 3347
32 32 1577
65 57 1
24 32 0
10 62 11
19 10 188
70 42 2403
11 42 31
7 53 2
47 62 19
10 32 1224
22 54 55
14 1 5
36 25 1
67 18 102
22 42 50
34 34 3464
35 9 2979
38 28 12
24 55 3
47 63 2
20 12 127
67 28 5
15 12 5
23 34 5
59 18 172
47 6 1629
23 59 2
38 8 194
14 1 184
45 54 239
62 4 6
17 32 638
61 42 9
41 35 28
15 32 6
12 57 2563
42 26 0
46 54 3361
1 50 1756
6 51 37
28 70 46
65 10 1659
28 56 1383
31 2 44
63 7 4
31 51 55
35 42 9
60 25 7
19 23 3
51 56 2346
67 26 127
63 55 2
43 70 248
22 29 766
48 2 2
58 23 6
25 67 14
43 6 168
68 9 383
37 35 67
44 13 0
63 33 16
16 66 237
24 68 121
63 33 532
10 49 5
48 30 350
17 37 13
6 46 0
39 28 35
60 41 1584
1 25 78
51 34 46
35 14 2347
44 62 6
50 61 1
17 38 1
21 43 5
19 50 38
19 24 152
64 48 684
45 23 3553
23 69 28
54 28 18
58 53 195
22 18 792
50 43 30
59 25 13
68 50 771
15 64 8
5 46 51
35 21 271
21 18 23
4 7 859
35 54 297
9 8 4
63 32 1
61 26 2
4 34 0
20 46 81
53 54 43
14 8 16
5 46 344
27 66 0
7 43 58
20 45 30
12 53 1
32 3 30
45 27 2
33 9 243
67 13 164
21 33 13
27 15 600
17 38 1810
67 38 3620
19 61 1
45 67 997
23 2 3
2 23 69
21 14 69
23 10 98
59 41 2099
15 51 1436
25 32 157
33 52 25
14 33 155
16 26 3
42 6 245
4 37 2948
22 53 190
65 23 4
26 50 27
62 36 1
32 38 2
51 51 78
41 12 2
7 70 3
7 33 18
57 23 76
33 62 3
9 61 157
46 2 22
55 45 872
51 57 638
3 17 10
60 23 3861
70 52 4
43 68 49
37 62 21
56 48 13
21 66 668
14 56 73
32 34 186
6 60 17
8 68 3
10 65 1944
55 67 1830
34 50 8
56 12 39
59 47 122
31 8 5
25 53 3580
2 1 140
44 29 1572
40 51 5
40 47 337
55 41 83
30 28 0
39 12 6
40 51 339
45 7 2
51 17 952
18 13 3493
39 39 1
50 5 2909
45 45 3
68 13 318
40 6 0
2 25 0
16 2 19
59 30 28
45 39 31
31 36 42
67 52 3218
56 6 0
66 60 2
17 36 1981
54 39 476
7 30 11
66 2 20
36 27 147
61 64 0
19 17 3
49 1 20
18 13 1490
53 33 3732
59 16 29
30 43 10
18 10 41
11 6 5
15 4 6
48 60 0
2 55 5
42 36 2765
58 5 466
47 62 217
53 13 19
40 57 31
3 61 586
49 68 3
66 25 28
3 55 28
35 64 770
35 64 3
17 68 1
24 14 64
67 4 47
68 26 1015
48 17 42
35 45 1718
60 57 32
33 3 7
54 27 41
30 55 1616
37 59 482
48 38 109
48 64 955
58 29 0
49 53 1
34 24 1
58 9 28
28 5 2027
33 24 0
42 36 25
1 23 7
57 29 0
13 25 224
18 22 24
38 36 2026
18 10 644
46 43 0
23 8 2
7 56 1
47 42 15
23 9 1
38 32 0
44 38 205
46 64 987
31 62 1330
4 68 0
51 28 0
62 62 232
39 47 742
27 42 19
35 43 98
10 36 3
58 46 47
30 47 12
70 19 42
66 16 25
61 29 55
61 23 5
70 33 81
43 70 1
18 60 244
32 27 1
7 61 1370
42 67 874
23 39 682
1 35 806
56 51 64
65 39 1
21 19 77
64 43 10
4 29 34
62 25 331
44 49 20
13 51 0
39 49 3
64 26 17
64 2 1
21 46 1567
26 50 497
31 7 1
68 31 14
6 52 11
7 64 2
68 19 453
5 18 1447
64 13 758
57 32 838
26 57 394
18 2 2746
1 23 377
23 28 6
14 51 0
64 70 5
68 33 1
24 6 13
4 12 1
14 60 525
35 48 378
43 11 1210
18 28 3
65 35 1
46 29 3
64 58 188
43 27 1149
30 43 32
26 70 642
5 14 312
32 38 3995
4 14 1183
24 6 1012
9 41 0
11 64 2682
23 61 1643
21 3 5
47 27 2
4 42 2
69 8 4
59 64 246
65 50 0
62 59 1
63 29 28
58 8 1
28 12 727
17 58 2044
29 68 699
64 7 18
2 19 0
14 15 49
37 22 1
69 40 16
62 38 3841
9 26 4
60 31 128
5 22 177
35 4 39
45 18 0
32 9 137
3 55 318
24 55 119
41 17 206
48 31 79
25 35 823
14 41 140
52 29 6
27 52 11
2 26 6
60 8 15
61 43 24
41 53 480
43 2 80
11 25 19
51 22 227
53 52 357
27 36 0
49 32 153
59 69 60
63 6 163
13 57 7
11 55 43
39 32 3
12 53 76
26 51 3
58 12 1171
58 57 4
63 41 4
4 64 939
18 23 91
29 8 61
64 65 4027
57 62 173
57 67 1
63 22 151
31 54 2
35 47 1
43 26 2
43 59 444
59 59 0
70 44 979
18 2 40
36 20 2
59 52 732
64 46 4
50 39 0
68 47 7
8 24 330
41 51 2
65 10 6
42 7 967
55 57 1
39 6 2
32 31 2687
49 32 410
17 41 2
44 10 20
19 36 1894
30 64 0
48 18 79
62 44 954
69 51 1
7 20 12
67 16 112
22 23 6
39 39 4094
43 14 760
68 3 634
62 49 14
13 21 1020
48 16 793
45 50 9
67 34 15
37 52 8
11 4 15
51 29 507
40 14 1
23 13 319
43 55 1
16 24 2
27 36 538
35 58 1
40 8 23
24 32 727
57 31 3529
25 51 1
26 28 1
24 49 3
56 6 2
7 58 8
45 59 86
44 66 1
9 31 791
59 4 7
59 66 1
37 32 535
27 58 117
35 9 1
37 68 27
42 61 43
13 62 3
59 60 735
50 45 686
12 61 457
30 48 580
8 24 12
57 46 218
65 37 12
8 61 3
35 18 261
2 40 550
63 43 633
35 61 381
65 28 0
38 21 1329
32 2 229
25 45 2
21 40 121
45 36 44
24 44 10
30 68 331
38 14 3
25 28 46
68 37 5
36 44 46
25 25 4075
16 41 32
51 46 1
9 58 5
34 33 277
18 49 0
39 55 298
53 32 326
3 31 0
54 22 53
68 61 2036
4 17 747
31 46 1
14 41 9
59 65 1223
68 17 5
15 19 10
69 11 15
14 15 3
26 31 55
31 10 1
52 13 0
50 13 14
21 43 5
33 18 12
29 50 633
60 6 47
70 7 18
70 26 5
49 37 23
29 23 14
36 63 5
3 40 14
68 29 118
68 37 2124
34 9 1
28 43 118
28 69 105
27 23 1
6 33 80
12 47 3
35 58 10
13 29 11
39 5 1
60 50 25
56 42 15
35 56 69
26 23 0
6 37 1002
3 3 2
37 53 2
3 12 2
12 38 3
40 53 2011
26 9 17
8 53 0
60 24 17
9 39 1344
5 68 484
65 45 13
12 70 266
9 32 7
34 26 2
41 9 21
14 37 22
42 22 0
22 16 51
52 28 21
22 47 935
30 60 16
33 60 11
9 43 13
17 26 22
21 3 10
16 70 1145
60 53 105
2 46 44
68 67 498
65 51 220
19 47 0
64 18 3
62 67 8
14 70 4
66 41 1177
28 12 3976
14 31 1109
50 51 0
7 18 27
35 58 5
9 59 2
33 19 3
5 43 0
2 48 44
23 19 905
39 50 504
65 41 1
13 7 61
30 18 103
11 20 1
70 61 75
15 61 45
53 26 3
52 44 408
25 42 3
16 28 493
35 49 7
33 5 2570
68 42 18
12 1 119
1 39 3
13 47 473
57 4 21
5 20 2
37 28 14
44 43 371
23 18 54
56 35 46
10 68 1
52 8 126
68 61 92
40 32 214
14 67 830
13 6 2725
40 64 336
28 60 3871
47 5 393
63 51 7
39 43 10
52 22 1529
18 25 1849
55 9 0
67 5 199
48 67 7
10 61 938
5 36 696
10 9 1
14 58 3
21 46 11
65 7 337
43 50 125
65 21 0
36 16 28
39 16 4
68 6 62
16 20 116
21 20 1
13 34 1
16 65 1222
35 70 1
63 70 0
62 15 1
40 12 226
6 58 178
63 59 264
23 10 2
19 56 10
47 66 1615
65 27 3
56 39 2
39 19 57
50 2 6
59 63 3
46 25 1
21 5 687
34 61 170
24 16 2
30 4 108
68 4 0
22 33 241
51 6 1151
60 58 0
19 7 34
7 13 1050
27 64 3
70 39 494
24 15 73
36 35 29
15 42 2
53 48 3770
40 1 60
12 17 699
41 3 101
9 49 229
20 56 2
25 30 1
34 59 1639
55 47 1
35 7 0
6 14 216
46 44 182
13 45 145
43 12 12
21 4 1958
63 33 1
58 58 15
62 21 1
40 5 153
51 67 15
46 21 2
17 15 1072
7 48 1
18 45 411
23 18 59
30 40 116
9 18 95
67 54 0
3 16 228
41 6 2
13 54 396
69 60 2584
21 1 3
51 44 11
13 50 3
29 37 24
53 19 4
7 9 0
55 20 871
3 40 1
43 23 5
22 18 1
36 6 4
30 60 463
36 37 38
13 31 8
22 65 10
5 56 0
16 7 29
64 56 1800
66 32 103
37 50 347
17 66 1995
14 37 477
50 44 0
47 18 18
17 43 0
34 25 1452
44 25 435
58 17 3764
22 32 559
21 57 0
54 60 5
3 24 1632
4 68 16
6 10 3
8 28 3
70 33 1
57 58 2
34 35 1122
19 6 0
13 47 81
44 38 99
39 13 0
70 39 138
41 18 934
6 21 7
3 25 4
40 60 1
63 43 1968
60 62 1
27 28 78
35 21 994
70 29 1632
65 60 10
70 53 65
15 28 179
59 53 617
6 51 668
30 64 136
17 30 2
16 28 0
14 28 0
67 3 699
5 15 6
33 42 16
65 41 411
41 5 0
17 5 101
3 14 4
20 49 1228
12 32 806
3 69 28
41 66 817
43 13 20
4 2 972
20 11 17
13 65 755
44 60 0
53 49 2
7 16 18
29 43 263
64 64 0
6 66 29
6 42 30
4 24 162
27 3 3
21 68 7
67 65 607
27 20 298
51 59 30
3 47 0
20 48 6
54 51 943
14 8 3
54 47 8
15 2 1
48 63 28
52 14 1
36 47 1253
5 4 33
26 62 478
54 7 220
13 58 19
62 55 1887
36 56 39
4 26 51
41 34 1911
70 11 122
29 44 7
22 42 0
4 6 0
11 37 48
18 8 216
31 49 14
4 64 28
37 53 2389
63 6 14
15 10 406
28 7 130
6 41 183
5 36 228
47 33 26
69 69 15
57 62 387
18 68 11
42 49 19
51 64 7
2 43 252
41 13 51
53 33 3
69 62 704
58 23 2
55 15 3
29 38 1
21 41 75
44 47 49
33 35 1
33 1 14
67 66 9
11 69 66
14 41 24
49 17 524
11 64 604
12 35 479
55 49 201
33 39 85
5 19 3
6 2 57
35 62 179
16 55 76
46 47 77
47 21 1
52 69 616
47 70 10
32 19 1
29 54 348
40 3 0
5 32 1
59 27 0
52 40 126
57 47 1
1 44 154
53 8 26
25 68 7
58 66 5
9 46 22
70 64 672
50 64 351
59 17 108
53 22 6
10 63 0
5 70 631
46 9 803
50 33 39
16 15 4
26 30 119
32 4 157
18 8 194
48 20 11
69 62 22
28 35 1562
27 63 3
35 23 0
54 65 0
56 20 6
48 43 24
41 28 22
63 23 1
28 53 590
3 66 1
69 35 3204
48 62 10
21 49 42
54 30 18
66 42 5
48 46 688
1 19 2
40 16 5
47 11 126
48 55 11
18 9 724
7 57 9
15 2 1875
63 18 28
45 36 26
49 2 0
38 29 1
70 8 14
67 5 3
57 31 172
68 7 262
60 18 29
51 19 20
25 61 297
18 67 7
70 29 757
26 41 674
