70 1000
^&|^^^^^^&|&
38 50 895
34 37 495
16 15 1859
24 29 101
47 45 437
8 5 199
7 17 806
27 23 32
58 27 59
49 25 54
61 12 185
25 5 21
5 47 979
63 35 513
36 65 464
42 62 459
6 44 1104
56 18 44
30 17 4
7 45 100
6 54 1148
39 46 459
17 68 39
14 62 11
13 9 118
54 45 2740
37 51 2
65 18 782
70 20 225
46 60 8
34 31 1481
10 42 465
58 16 10
39 26 110
63 57 2005
53 52 772
20 37 1405
30 5 611
47 6 0
32 47 413
43 4 258
59 50 194
53 18 110
58 24 710
68 8 1675
31 68 51
33 4 97
36 24 2429
41 31 35
66 19 620
28 27 114
60 14 211
66 69 364
30 26 35
15 58 1360
41 66 1316
60 1 1575
47 19 72
16 16 14
63 50 312
13 20 735
54 42 65
1 22 57
33 31 92
33 43 769
29 7 1525
56 21 55
46 23 623
60 67 14
57 41 2
5 56 145
11 21 34
4 21 59
29 64 153
11 36 58
40 44 547
19 33 93
64 28 35
26 11 190
37 48 121
1 10 248
23 55 119
37 68 620
66 53 347
36 5 62
66 64 102
17 30 22
66 65 30
23 7 153
49 17 239
26 26 24
28 55 407
19 23 1916
5 38 324
23 61 247
5 44 865
32 55 116
69 33 335
11 13 4
29 61 561
37 41 547
18 2 1855
17 4 142
10 53 3930
6 49 4
28 12 57
18 25 1
24 49 3204
38 4 39
16 41 421
14 46 20
67 59 282
19 9 313
15 23 57
3 67 535
57 55 369
67 27 517
14 14 2847
54 57 170
61 55 159
35 68 170
41 46 53
38 59 5
17 24 65
49 53 114
40 55 973
2 68 1521
48 28 2494
24 35 39
5 15 710
59 39 721
43 27 117
22 12 102
55 54 25
43 29 795
7 48 3392
43 49 1995
62 37 263
44 38 53
33 9 303
32 23 277
1 18 250
27 4 335
14 53 53
4 34 125
6 55 1187
28 41 101
11 36 2000
66 57 41
24 39 109
52 10 178
17 59 244
53 7 112
23 54 86
58 45 70
49 12 58
3 22 121
53 7 53
53 12 298
29 47 378
51 50 122
26 12 393
45 55 106
43 13 147
40 22 644
45 48 51
67 48 409
64 52 11
53 65 55
54 1 92
47 67 94
18 58 43
64 66 315
48 34 151
17 16 6
58 33 3728
14 1 313
37 13 1992
63 31 13
40 39 40
43 11 1619
49 10 1176
6 6 2156
60 12 1
44 46 14
58 43 2755
11 37 38
25 69 221
39 65 2573
39 42 39
49 53 49
11 63 36
43 32 1649
13 49 105
20 4 291
43 28 111
57 17 123
40 36 688
11 26 20
55 33 291
65 49 147
6 23 496
60 29 219
47 10 111
63 52 15
70 64 846
53 68 432
16 4 219
45 44 44
46 33 206
61 58 250
11 12 661
22 63 150
9 38 349
67 27 981
31 55 1
45 62 25
20 45 328
3 59 26
64 22 102
19 32 537
23 15 460
35 55 1314
51 57 646
69 57 177
42 53 364
13 40 377
68 68 1999
29 38 2750
14 67 14
70 18 1659
52 4 2396
58 58 724
35 70 366
8 65 3150
58 59 941
19 28 90
21 58 1464
41 8 200
28 14 328
58 68 69
9 63 48
2 8 774
65 65 47
1 20 3931
18 29 306
12 47 22
58 67 374
37 12 210
50 36 142
63 44 27
69 8 518
46 52 3073
29 10 697
21 46 300
22 62 980
39 31 29
12 65 1319
20 38 1225
28 12 184
26 35 176
16 1 141
53 8 1307
69 42 8
61 60 1664
24 41 939
29 50 63
27 20 45
44 68 72
23 54 112
62 39 101
50 14 126
55 26 8
69 61 10
40 11 142
58 8 102
54 3 95
31 42 666
24 68 810
57 33 44
17 38 602
27 52 278
13 20 59
33 22 1072
68 56 54
51 16 3935
68 2 38
17 60 118
32 35 112
17 48 52
18 29 99
32 70 94
58 34 820
56 35 244
54 23 3551
49 27 67
46 45 2530
7 5 52
56 42 4
33 20 34
32 36 240
54 64 157
51 4 59
29 46 593
36 64 0
17 54 166
4 32 453
6 39 1983
45 60 500
23 6 3431
18 9 1371
49 25 77
66 39 354
22 36 247
20 37 43
56 55 1527
23 3 46
46 55 96
58 51 427
68 65 824
27 56 1990
4 48 147
68 64 619
68 13 25
68 44 3034
4 20 2
54 28 113
35 26 16
59 29 259
27 57 398
28 31 272
8 43 238
66 42 28
19 51 504
15 43 163
65 9 1004
52 24 603
3 59 284
21 12 13
65 43 3912
3 52 32
56 52 49
3 42 274
33 51 421
18 17 368
58 51 19
57 39 120
10 68 1025
17 52 71
34 29 632
65 58 40
5 6 14
15 51 1368
18 21 203
48 2 160
17 7 2
50 56 325
43 10 28
11 12 270
21 21 692
39 38 13
46 64 53
14 29 66
4 67 991
15 11 82
54 37 170
51 49 159
9 38 1584
51 39 19
58 59 24
49 49 673
31 44 84
51 55 490
20 18 39
12 51 438
45 47 51
45 53 99
6 59 91
65 25 10
33 58 609
16 40 602
42 59 35
58 34 3003
22 67 596
57 6 3528
16 14 92
42 23 24
6 52 655
7 40 3973
21 58 344
19 9 153
53 52 171
54 18 44
1 20 1354
41 55 157
20 57 1188
25 9 188
3 19 1687
34 11 16
21 57 1318
9 21 0
58 57 18
32 41 71
15 59 3672
28 39 520
70 5 18
33 2 357
36 30 27
33 47 19
63 6 60
8 60 144
11 47 5
27 42 795
19 45 438
16 36 780
53 57 1655
26 29 502
55 1 42
60 3 16
5 29 3
22 26 56
64 3 52
22 66 3394
16 10 112
59 48 3
24 68 7
6 12 1045
1 59 86
24 3 25
55 6 70
2 48 20
43 35 1
15 25 17
34 32 194
63 12 395
70 6 23
10 24 852
33 63 325
59 4 1856
59 31 50
40 55 715
49 56 10
1 47 24
32 34 613
1 25 26
18 20 62
69 41 3886
24 55 79
12 11 205
38 25 260
17 2 229
30 32 77
21 18 234
30 8 1020
51 22 44
54 48 56
36 65 39
60 69 105
61 39 1294
13 32 106
7 16 659
4 59 26
22 60 757
32 9 10
49 10 29
39 6 29
37 64 1813
26 3 45
20 41 39
49 37 61
22 69 23
41 11 170
25 65 11
33 51 149
70 44 371
10 69 170
48 44 2410
27 32 19
37 18 109
21 20 312
58 43 65
13 26 122
32 7 0
27 65 56
10 10 83
58 2 7
26 55 57
64 37 47
4 13 76
21 46 481
3 55 81
43 28 57
58 17 475
38 27 87
5 40 186
44 10 5
36 13 860
50 11 3361
5 34 6
37 33 114
12 55 298
44 55 1720
17 7 48
32 55 1905
17 10 37
61 34 633
7 53 2328
16 35 41
66 10 763
2 1 21
41 59 320
28 35 48
28 9 2111
18 45 68
7 23 236
25 12 355
59 15 3402
47 38 225
27 5 509
5 41 3573
38 17 34
7 29 45
46 66 3559
60 13 90
50 36 37
10 68 9
51 33 1645
66 2 48
51 15 188
53 64 170
61 9 759
22 62 47
19 42 590
50 53 32
26 68 1795
70 11 1050
58 59 33
67 65 1936
3 33 925
48 66 75
6 10 53
63 54 63
28 35 498
13 50 670
34 7 308
51 3 907
47 39 37
42 67 120
43 28 322
35 65 205
8 8 318
52 51 780
46 14 53
57 61 1711
43 46 2137
67 69 161
9 9 174
10 36 63
57 68 933
18 53 31
22 39 343
47 38 85
59 15 3151
40 61 99
9 23 2335
60 42 127
61 51 2401
61 60 1095
19 35 9
65 17 62
60 14 21
42 69 1151
34 47 211
32 25 198
27 15 92
63 43 921
19 48 286
61 45 238
54 33 35
52 49 100
65 7 104
35 12 3805
27 66 254
39 55 0
48 31 2
53 61 48
70 17 727
46 25 84
32 54 8
3 46 36
45 59 147
42 63 880
30 67 483
21 53 1974
63 15 1090
4 9 17
42 24 210
10 42 292
2 13 3345
67 19 388
61 52 218
2 6 392
20 68 20
20 24 118
64 36 454
24 61 42
43 37 54
41 34 1983
64 58 342
45 35 123
13 8 137
20 46 197
52 29 238
59 17 105
49 57 48
3 66 500
31 53 33
67 52 133
63 24 34
1 50 78
20 65 22
13 64 61
23 4 39
43 8 198
49 46 77
41 31 234
17 1 164
2 65 40
60 28 3753
47 48 256
68 27 1349
32 63 493
60 36 105
10 37 17
35 27 3017
64 22 1197
12 16 2000
19 32 2329
23 35 135
64 46 43
14 18 3261
37 10 1
23 20 28
68 16 703
32 33 525
50 58 57
66 68 175
40 37 393
50 68 23
65 68 137
68 28 859
27 5 136
43 62 871
11 41 35
17 54 1496
6 45 1147
52 37 2668
63 30 153
15 54 25
64 60 617
54 39 40
69 48 258
27 3 126
14 17 0
68 52 100
65 14 2334
7 34 56
28 17 53
66 62 5
66 55 9
26 7 15
32 18 954
7 7 508
40 70 3440
48 21 2041
33 5 462
25 21 126
24 54 110
46 15 210
16 48 913
5 24 1075
45 70 264
4 5 30
62 6 115
58 11 60
37 28 420
36 38 90
20 32 1309
5 22 1399
34 52 133
25 29 126
57 27 2406
53 63 3776
63 13 13
24 17 134
58 3 1009
48 20 46
9 28 241
64 33 1953
55 63 6
8 45 8
40 64 996
37 4 452
39 60 496
67 44 59
53 69 21
17 63 245
25 45 1729
36 5 36
28 49 484
4 66 14
60 36 449
28 41 741
32 14 54
25 66 734
58 64 773
33 13 59
42 40 261
42 7 554
16 11 233
23 41 45
10 23 101
45 7 12
55 40 42
24 11 661
64 14 18
44 64 160
9 68 888
23 17 429
65 51 228
15 65 187
18 62 488
3 50 214
30 3 42
43 67 53
69 30 27
38 59 63
69 56 45
3 26 279
58 68 158
34 33 701
62 9 384
57 53 36
20 6 642
48 38 2798
53 46 3875
44 38 464
14 17 1417
20 2 3979
14 18 53
9 13 18
25 67 41
46 5 427
65 54 1627
8 14 56
42 59 963
23 66 1175
28 52 231
60 50 976
35 56 42
42 55 372
58 62 99
51 53 2089
17 34 681
23 58 22
33 41 213
13 36 450
8 50 0
20 36 464
15 21 180
46 29 5
1 33 1692
70 1 1006
67 52 3159
7 34 670
23 54 104
63 29 1101
21 58 37
37 64 507
36 10 1351
14 24 811
53 18 498
53 58 133
21 63 2
35 8 204
70 33 88
50 43 29
25 4 18
16 5 617
1 55 3805
6 27 220
33 31 139
41 66 348
20 57 751
4 26 44
54 15 3
13 40 1387
34 62 3951
1 48 11
40 41 46
23 41 129
15 13 428
16 66 22
40 12 28
52 25 1773
25 48 424
67 10 437
32 3 202
11 45 91
70 3 182
10 41 201
1 29 2977
26 38 137
60 43 46
69 54 81
54 42 81
34 65 1850
49 7 127
29 14 36
39 41 275
42 14 267
13 17 46
49 68 44
43 3 370
11 30 0
70 52 81
13 55 50
38 39 96
34 28 263
62 12 788
7 50 63
6 46 229
22 65 734
2 57 83
7 23 122
38 42 4019
7 45 639
53 64 36
44 56 1059
7 36 113
12 11 3792
48 47 47
44 43 491
33 61 3743
23 36 41
58 38 42
16 68 91
68 24 127
37 53 158
5 9 156
46 52 1727
57 57 333
39 58 19
10 52 64
40 40 50
38 27 81
56 58 293
65 4 135
43 22 790
8 27 644
26 58 158
63 63 126
29 33 56
67 67 74
19 20 25
63 50 364
46 15 2679
17 39 53
45 31 3
25 54 38
43 7 23
67 66 57
52 63 62
3 52 2375
52 10 452
33 18 213
8 19 121
36 9 432
65 9 1450
5 24 375
59 23 315
58 21 224
38 11 11
65 68 166
69 46 1619
16 33 160
14 2 159
34 47 4
66 4 28
63 37 99
64 60 107
32 48 23
37 37 846
18 37 83
20 13 499
69 22 260
51 31 74
55 67 15
3 43 605
9 55 219
10 45 229
54 58 0
59 70 3397
33 47 105
51 23 1794
3 6 1447
43 49 585
55 40 878
69 61 116
29 18 189
34 24 100
66 29 177
53 48 50
60 2 62
61 57 105
34 1 405
11 60 973
21 41 112
8 70 252
40 42 488
36 62 76
18 34 24
54 28 372
63 26 1934
2 45 1814
25 11 1201
55 45 69
12 13 31
58 34 291
27 38 152
20 54 14
23 46 7
62 17 4072
3 31 1056
50 18 53
60 24 4
39 32 240
31 53 582
38 46 233
45 2 508
21 49 42
64 21 1338
60 35 226
62 31 1127
42 23 18
17 51 38
46 3 2907
7 36 144
53 23 221
6 36 365
15 38 12
38 24 17
66 36 28
40 50 2
66 51 117
47 1 82
22 27 173
61 12 1309
29 33 82
48 68 2989
34 54 41
26 26 46
44 37 348
5 68 2
36 64 251
40 35 735
58 48 669
49 36 264
68 6 90
52 56 326
25 17 4063
41 43 938
55 26 1600
11 7 848
21 65 248
46 4 55
44 70 6
43 26 43
30 40 197
55 30 520
11 15 40
3 6 1376
49 41 55
59 4 138
53 35 53
1 9 58
60 11 929
8 67 120
66 10 412
29 49 153
60 14 2638
23 18 632
32 55 164
14 9 198
45 46 1863
28 12 712
28 39 117
17 52 1035
60 65 181
47 21 159
