70 2000
&&&&&&&&&&&&
12 12 2283
8 33 643
46 65 1265
1 9 622
24 28 2744
48 41 2925
7 29 3734
44 11 49
69 56 1459
53 27 20
60 37 1620
25 65 1191
8 18 3016
20 30 2630
58 60 1126
5 42 1578
58 12 1552
43 27 560
21 4 597
45 28 4062
46 4 534
70 27 921
62 5 118
52 12 952
58 24 3162
47 28 2866
17 33 1330
58 45 279
54 53 1995
61 70 2206
53 36 2726
10 29 1000
44 10 1575
57 39 174
56 37 842
54 23 3409
7 21 776
24 20 3770
7 47 1462
28 56 2015
37 11 944
54 10 1664
46 4 2297
13 3 779
59 15 2461
20 53 3121
40 5 3821
42 33 197
22 18 2403
48 26 221
24 18 1487
10 21 3890
34 46 747
2 6 3202
36 64 3896
3 58 3567
15 30 2652
52 4 2547
5 70 2147
6 55 2943
70 41 4041
56 30 1938
24 9 2184
51 60 265
47 69 2768
67 64 1866
20 25 1556
6 20 1983
47 26 1055
2 57 1193
57 24 2463
16 69 802
46 1 478
32 10 3896
57 69 3171
17 41 1685
11 41 3658
41 56 419
27 46 403
11 30 2525
39 29 3505
70 48 917
19 46 814
44 17 664
32 13 71
34 7 3190
70 33 3691
28 21 1292
29 5 1952
70 18 341
65 19 3948
16 55 378
65 66 2099
1 17 367
12 35 1920
12 9 2659
34 31 1532
25 21 4053
47 32 1928
11 13 1476
53 43 475
36 21 1588
24 69 200
9 43 1550
48 16 1747
31 6 1387
32 58 3300
37 64 708
48 64 2117
39 68 2051
3 2 1334
17 24 1840
20 38 2984
35 45 3027
44 45 3805
28 6 2248
15 1 2307
12 6 3343
49 18 1143
29 70 2274
61 11 1809
43 23 435
24 10 644
64 47 1453
26 27 272
6 38 543
45 53 3022
63 2 3888
68 10 1894
33 40 233
32 12 1158
54 15 807
27 20 1715
28 69 2540
69 54 456
47 41 2610
28 17 2064
13 46 2360
60 21 2963
20 39 934
57 50 3778
19 62 2156
35 33 3064
63 37 1976
58 29 3676
49 32 725
26 34 2193
62 10 2793
55 9 2879
56 54 1808
61 23 3791
16 54 1315
70 46 1225
70 6 3287
11 18 215
38 53 364
62 27 2790
7 64 974
25 54 431
52 65 1633
11 49 2621
44 17 1842
58 26 400
50 45 2158
28 65 1672
34 23 2841
34 28 2456
5 44 3716
1 30 861
48 10 1724
17 25 2680
19 26 3524
40 50 3094
33 41 1420
23 3 2734
53 8 526
20 55 4095
16 59 323
24 52 1456
13 51 525
23 7 914
66 12 1946
58 41 1585
46 4 3082
2 18 2631
13 51 2585
43 43 1934
14 45 2672
41 58 2252
26 9 1265
50 40 287
27 37 3002
48 70 1475
42 9 2306
48 30 886
57 8 313
6 42 3844
55 10 1839
41 62 1397
52 58 466
28 60 3570
41 21 3550
14 36 2820
20 29 3717
7 34 1232
41 23 3304
7 14 223
52 28 2630
57 28 684
31 18 3020
64 52 963
47 24 1590
23 29 2921
53 56 1450
13 59 2377
65 61 737
41 1 3223
61 50 2445
14 66 3216
9 16 4009
12 17 764
12 20 2360
46 7 1931
43 14 3281
20 56 3560
22 45 1786
47 31 1316
7 63 2237
61 69 1564
54 56 2370
70 6 364
4 69 2291
31 10 1148
3 13 1902
20 66 356
69 22 580
25 32 94
19 18 276
60 45 3992
67 52 3518
44 24 2059
32 35 135
58 65 965
10 1 3820
56 62 520
35 59 364
24 25 41
12 21 757
40 24 609
68 65 800
41 61 3410
36 36 689
29 45 3787
68 68 1051
45 31 1500
17 65 1790
47 10 2616
65 48 1130
43 7 3166
50 60 1361
7 29 2529
17 9 3272
46 15 4025
41 24 230
5 70 2889
26 23 1535
3 1 376
64 64 47
43 42 2247
33 22 3666
15 25 115
24 41 2187
7 63 1586
53 27 2816
44 50 1054
29 34 3297
18 21 2158
47 32 2595
15 22 2820
38 16 223
58 46 941
46 10 1189
9 4 3011
50 17 3619
60 8 1628
52 59 300
63 21 335
57 38 2565
33 34 686
65 10 107
54 9 3552
45 55 3973
5 32 842
31 46 2879
33 9 1347
30 17 1414
20 53 3448
53 64 1160
59 22 1009
8 51 3075
55 66 1737
18 21 2219
58 8 4028
53 28 266
7 6 1751
48 23 2573
31 47 915
10 66 3904
23 50 4035
31 65 735
57 41 309
41 63 646
2 20 2040
11 64 2947
15 14 475
51 42 230
41 49 1435
26 31 3133
22 22 793
68 11 3352
61 45 1170
30 46 437
57 16 4089
3 61 3423
24 47 857
61 69 298
13 54 557
10 5 251
41 1 2749
25 70 786
36 49 955
60 18 2416
22 51 3846
64 4 1773
57 1 2288
6 3 1870
62 26 321
44 7 1741
60 40 970
58 44 4067
10 18 1206
54 38 649
7 22 628
1 26 2574
7 27 1292
27 31 1739
37 12 2936
50 26 1575
52 58 3301
56 28 3697
6 21 971
36 52 3126
70 41 587
31 29 3831
51 23 2620
57 62 2119
51 21 2382
40 8 861
17 26 1176
32 8 1498
39 26 3077
31 19 1938
41 11 2811
65 52 3556
12 51 2745
38 67 3219
12 35 468
4 19 1926
53 55 405
32 4 2690
47 31 3172
60 57 518
36 4 3853
6 66 2182
44 42 3776
60 42 2770
27 34 1131
63 12 2429
59 62 2979
24 60 3207
27 25 143
62 44 3851
43 70 3899
43 60 3935
21 59 4090
1 7 1740
48 49 245
16 63 3810
62 64 2782
48 21 3410
42 59 986
66 24 1980
6 25 1244
6 42 6
47 51 477
23 44 2414
69 33 758
69 15 449
1 57 2343
62 52 4093
6 62 2858
29 12 1336
42 10 1136
25 61 3480
11 69 519
52 13 3722
60 2 573
2 61 3802
52 49 4076
35 28 1833
37 64 315
30 48 3048
28 40 277
59 34 2258
64 4 26
67 43 1217
13 6 890
9 43 241
21 36 1704
39 43 1120
29 24 572
7 6 1232
28 47 2257
70 25 258
45 27 3611
30 17 2618
52 15 1825
19 30 2621
37 8 700
24 31 628
68 36 2940
25 7 1389
33 16 473
31 26 851
41 58 3933
56 31 3895
6 28 2603
24 67 1287
36 38 1037
61 65 3456
30 21 760
38 56 3057
36 32 3189
67 3 1371
15 57 3482
2 55 3979
42 64 12
5 3 3732
11 59 1553
43 19 2624
14 68 473
7 20 3858
11 31 478
47 27 61
32 7 173
37 19 2877
17 66 221
20 35 396
60 23 1739
48 37 1587
58 64 3638
65 31 1977
28 47 3113
40 57 1483
27 57 16
41 25 3187
50 6 2845
7 31 4052
59 69 1896
11 55 706
48 61 3671
64 2 2893
16 55 976
17 2 1280
45 55 712
1 26 3844
19 22 2950
43 69 1602
26 20 3678
13 14 3945
32 6 1750
66 38 1834
4 30 1048
23 27 2135
51 47 2096
1 66 1144
22 59 654
67 69 2229
59 43 3793
2 67 659
49 60 3771
25 61 589
30 58 2266
66 28 2074
25 15 3515
45 64 201
51 14 1659
33 49 1523
20 40 2580
51 24 1881
8 70 3120
7 9 1835
59 55 3806
23 65 1467
18 28 1612
24 6 1489
57 2 1933
37 65 936
6 27 58
35 30 1852
38 16 605
44 28 2432
32 63 289
31 51 751
15 47 2488
63 23 3915
40 30 967
38 31 3636
35 4 4072
20 30 2892
67 67 3129
63 26 988
21 55 188
60 50 1911
7 59 508
2 19 1607
20 49 714
52 2 112
13 56 2342
32 47 403
41 34 2809
48 3 4069
43 40 3565
37 40 52
43 4 1277
32 23 2646
39 69 3982
45 30 3499
54 5 2450
37 46 4022
17 67 53
29 40 3056
63 57 152
33 63 3585
35 19 3331
8 2 2502
48 68 3544
9 41 496
18 51 3569
35 43 1425
11 32 1313
39 64 2204
25 26 839
30 33 378
43 27 3103
59 15 819
10 8 1747
37 37 2968
7 3 3
53 6 3135
68 62 1318
8 35 2683
5 18 1632
64 48 2841
45 29 2307
17 26 1846
1 8 2323
49 53 3321
35 1 2350
57 64 2484
10 67 1261
13 68 418
44 63 2675
14 69 1020
1 40 899
42 34 4065
24 42 3599
11 14 120
3 57 122
29 65 3446
15 15 2736
68 57 734
1 56 2013
58 33 3467
20 52 365
4 68 2933
12 56 3374
4 23 3451
10 35 985
20 31 1476
4 4 965
63 68 3089
12 68 3069
45 60 120
45 43 1916
51 60 1708
58 39 813
41 70 221
33 31 1006
62 32 1384
11 24 989
69 38 329
55 70 3153
56 36 2509
55 32 795
7 69 2313
13 33 2658
8 21 1880
17 8 3376
12 46 117
15 25 2842
51 8 3008
25 41 2905
42 32 2520
30 67 78
68 69 3184
37 19 3264
3 12 1067
65 42 2795
36 2 1785
8 31 1443
43 26 358
19 39 1988
68 32 993
47 47 423
42 66 1672
52 49 2638
13 16 612
42 34 2172
15 19 1868
18 46 3537
60 26 3560
28 37 292
44 58 3069
50 18 901
51 10 3915
54 52 631
34 7 978
36 3 36
29 35 3891
64 25 2820
63 49 1718
24 54 1680
49 56 464
53 20 1411
24 42 3071
36 62 2330
13 50 1851
56 24 3817
25 63 1899
68 51 1765
42 13 2669
34 32 1730
24 28 3906
28 45 3254
9 28 3043
56 23 3256
33 23 3710
33 23 3345
49 37 1928
51 34 1518
17 61 1685
67 26 250
35 22 3574
48 31 1034
60 57 3778
40 55 2736
12 13 2043
57 67 967
5 52 936
41 25 2496
25 33 1373
68 21 125
16 17 2810
21 35 3744
61 10 1387
21 19 144
39 15 609
13 62 1093
27 67 2155
59 46 1639
61 35 1118
24 22 2785
53 46 1392
39 47 1993
68 2 3362
4 23 991
22 60 3794
5 33 2651
46 8 945
28 31 1072
41 41 1182
5 38 3304
69 37 614
63 64 3082
49 43 1191
46 59 1653
56 53 2754
8 51 2205
37 64 241
12 43 1112
41 56 3807
11 24 1431
4 60 2910
64 60 1092
8 31 3624
3 44 1823
46 62 1074
10 64 2330
35 12 3408
16 60 427
17 38 1705
29 26 3076
1 2 1247
49 39 3507
20 61 841
18 53 2447
26 30 1729
1 56 3444
64 32 4078
54 19 648
17 59 1090
54 69 715
28 14 2888
32 23 2791
49 54 2755
59 27 1080
17 3 2794
48 63 3673
30 7 1632
54 16 414
31 25 625
1 45 1398
40 15 217
43 38 2631
13 5 2610
31 8 1815
5 52 1459
17 33 143
8 25 3313
13 53 1233
17 18 620
11 18 2772
32 8 2890
58 33 1795
61 1 1227
52 5 2361
19 52 1919
44 16 3448
19 64 1166
32 35 1796
46 2 1208
69 69 766
69 5 3872
70 44 3034
45 28 2177
58 66 3145
59 24 1301
47 3 1325
34 67 2817
37 46 2225
31 50 3176
15 17 2254
38 43 1706
25 58 1587
61 35 3167
37 31 3671
17 29 1235
68 5 331
44 57 1895
44 66 961
32 39 2888
10 1 109
23 43 3945
51 45 3715
53 25 1916
8 49 2941
61 5 768
62 52 4032
44 16 1587
25 46 241
15 21 2766
42 52 2819
39 29 3124
56 9 3105
3 46 1435
14 64 890
25 12 3718
41 7 3613
37 25 748
42 43 1721
25 57 1977
66 8 2402
62 11 3096
11 46 1034
43 18 3339
5 15 38
61 3 1964
46 59 3293
28 46 1007
40 10 413
50 32 2952
19 26 1947
17 62 2979
67 69 3593
13 50 3653
37 35 3105
21 33 2794
4 25 879
9 57 710
5 11 2712
51 20 1565
19 43 1735
22 19 2013
23 3 3811
60 63 472
17 18 366
2 54 1866
56 53 101
23 56 3271
12 64 947
63 69 2476
24 48 83
58 7 1354
24 7 1118
13 12 2411
28 26 812
61 52 2159
36 32 1449
10 55 1936
29 22 3618
19 18 3005
35 39 1014
31 2 3107
16 18 2683
53 17 3812
1 37 3184
14 33 1584
54 47 365
42 15 843
5 29 3303
26 65 2226
33 66 2123
4 22 1812
60 53 1476
12 38 3561
32 4 1239
26 35 3627
55 64 2816
32 37 2487
35 64 2850
65 40 2807
41 46 2912
29 57 45
19 62 1584
39 63 2870
32 35 3701
27 66 332
24 3 2724
2 64 1379
9 14 3519
63 40 495
58 66 1881
70 45 3073
58 58 3723
31 35 1203
25 47 3567
56 18 3162
65 49 2439
59 54 3214
36 43 1203
51 63 4073
64 67 387
65 54 3936
47 41 3844
65 21 4081
12 3 348
16 41 1952
29 9 2695
29 16 3283
65 3 3986
24 16 628
6 35 1318
63 67 998
25 53 3941
1 25 1243
52 49 2686
39 52 1576
45 61 938
20 61 773
41 14 763
57 27 435
6 32 1962
36 41 3183
64 44 2992
60 45 3917
52 68 1728
30 49 2119
57 10 2552
40 4 855
44 7 2723
7 49 1741
51 56 1651
8 56 3367
1 8 1442
63 4 248
41 17 2572
9 42 670
22 31 2941
13 40 675
41 51 1236
50 36 805
43 69 673
60 15 3707
39 43 3522
19 51 3925
14 51 3755
59 47 503
67 42 791
54 8 2163
7 51 2492
29 64 860
10 11 578
4 36 2435
31 46 601
23 37 1870
51 51 1710
18 54 108
31 25 1579
66 42 2403
38 4 3227
25 9 2860
25 28 3157
27 19 625
49 13 2204
27 41 1885
53 14 2878
19 66 3316
23 41 1981
53 64 845
1 3 3756
24 4 2819
66 3 844
30 57 213
10 61 1684
33 70 3568
28 28 2812
63 67 3485
69 2 224
43 65 2255
25 48 4073
42 34 2275
34 22 1903
61 30 2967
21 36 1339
45 3 2374
10 46 3079
60 65 3338
29 31 3967
34 45 1604
58 27 2725
57 63 400
43 64 1449
32 11 1444
25 46 2198
35 42 2511
70 50 3566
50 44 1668
60 50 3947
36 45 635
22 2 3212
48 27 748
56 13 778
21 25 1203
70 34 2108
28 38 4038
42 69 3034
63 17 1179
48 16 2008
43 50 2822
56 64 2374
25 69 4043
16 38 966
50 58 2313
31 68 32
46 61 468
64 51 1823
61 33 82
27 62 67
25 32 2867
30 20 3680
42 17 2203
9 47 174
9 63 2504
37 50 742
47 39 622
38 17 741
18 53 149
14 47 1905
25 42 3664
70 31 3724
17 44 435
43 41 1793
46 31 1027
16 41 154
12 31 3736
47 23 3793
70 65 1208
50 49 2258
1 68 3541
57 54 231
22 35 1213
43 19 2830
6 56 3716
31 17 3166
69 46 743
44 69 1585
48 60 2856
65 7 850
3 22 88
45 47 788
62 30 166
5 41 2355
2 39 2168
21 6 446
62 32 684
32 50 2657
68 27 1831
28 60 3345
22 5 3190
16 12 383
13 10 1953
47 25 4035
5 43 3938
31 21 3536
51 54 143
22 43 105
22 35 2531
42 68 1336
49 27 4080
23 43 2750
42 63 3787
42 19 206
45 30 1078
56 52 2870
56 5 208
17 35 3316
53 70 2276
53 11 1664
45 26 1004
44 56 1657
2 10 409
30 11 315
66 7 834
15 53 2502
52 63 250
11 52 2831
52 7 3545
63 17 895
50 26 2999
70 9 115
4 70 3138
35 18 3845
63 66 316
68 35 2090
33 65 31
42 15 3900
12 25 3608
45 41 1456
62 42 304
63 4 579
70 8 1375
13 51 132
48 17 1269
41 12 64
17 2 2649
65 29 3763
49 34 1262
26 20 3803
67 66 2490
19 15 2519
41 25 1620
14 24 1164
6 27 3535
62 61 1210
39 33 427
36 65 3094
50 44 2032
66 60 1094
68 65 241
11 8 3134
17 23 2660
49 51 3565
14 53 1081
59 16 1663
21 61 3438
43 6 807
46 62 205
67 65 3633
24 35 434
3 54 1972
42 30 2433
37 16 752
23 12 3443
63 63 3484
55 43 1893
65 29 1438
7 10 3853
17 28 1482
12 29 28
9 22 1263
41 62 1452
45 40 2435
15 17 379
64 11 2926
35 41 601
21 69 3640
19 25 1936
65 54 257
36 50 1200
20 1 1130
1 32 401
10 5 2929
12 68 2142
21 68 3598
4 64 2154
21 70 381
1 1 148
12 15 3930
24 30 1817
62 33 452
24 59 2462
48 24 338
56 24 2607
18 30 1014
70 38 636
46 5 1794
55 16 3847
63 60 363
68 44 3774
26 38 2972
16 28 434
46 54 2103
15 22 3677
41 14 1237
8 36 2520
13 13 923
32 48 3997
22 61 749
70 69 4078
8 16 3028
54 15 206
68 55 2617
41 62 3360
51 57 1652
11 3 1442
22 17 2942
8 23 2533
31 17 3052
24 25 2648
3 70 88
48 66 1481
16 11 939
63 68 1461
7 35 3687
32 5 1870
64 11 3686
34 10 3630
57 64 2777
32 20 473
39 62 2470
56 8 243
20 49 956
62 21 20
19 62 850
52 5 296
34 7 3931
36 38 3978
20 29 757
13 38 771
56 25 3943
49 9 369
67 47 1051
37 40 3260
37 25 3031
35 17 150
41 58 2
12 42 1388
56 8 866
18 70 361
25 69 2597
46 63 2723
67 28 1849
7 52 1370
19 15 1068
12 13 3913
24 21 75
67 21 3567
32 67 1722
2 64 870
39 18 4000
54 30 1787
30 3 3161
33 54 3146
41 57 829
28 38 412
2 63 950
28 4 2117
11 31 1502
18 1 291
39 33 3877
22 10 3245
38 45 487
48 58 2133
66 20 2916
3 24 1656
59 63 783
48 60 767
58 24 3448
68 67 2398
51 21 3620
33 28 103
53 47 2961
36 8 3115
32 16 982
59 56 409
6 68 1904
46 10 2334
42 48 794
50 12 1134
31 14 51
49 70 1934
8 8 1467
17 46 21
57 24 3086
54 29 2920
5 24 3686
51 68 2318
8 45 1361
64 51 2714
4 7 482
3 22 2011
25 30 1154
62 48 3711
36 48 1813
5 2 3856
12 1 867
6 35 2640
27 32 1969
26 45 3181
15 43 174
32 6 230
63 53 903
45 70 1127
25 26 3080
3 63 1549
18 46 1557
50 8 888
39 22 2887
49 23 1129
56 13 1563
11 58 985
68 37 26
40 57 1758
25 25 2640
4 50 1126
45 41 4072
13 29 2021
45 11 3032
29 28 162
62 50 541
69 7 323
61 5 3074
69 8 1492
69 26 3598
67 26 1781
36 23 3314
15 64 4095
44 69 1676
58 59 3506
35 47 2908
40 55 773
34 15 3323
70 30 1860
50 60 265
30 27 457
18 34 451
69 51 842
5 56 972
44 35 2588
35 33 3624
28 54 703
25 70 4048
32 8 616
34 68 1780
25 57 3647
27 64 676
23 20 2316
57 63 3330
49 29 1066
30 5 909
3 30 1188
34 11 3212
54 38 2553
22 3 960
66 48 3922
13 52 23
5 61 933
19 1 305
35 48 3919
25 15 1112
39 70 2581
43 19 196
63 8 2878
28 29 911
6 11 591
51 44 1010
50 31 954
35 55 637
59 36 3537
35 42 1006
25 63 2696
62 42 346
8 38 3393
50 24 3028
10 22 1943
32 15 53
65 7 1801
60 42 339
22 66 156
68 33 443
43 12 3994
55 49 1452
70 46 3062
17 42 390
51 37 3553
25 38 393
27 60 2515
18 38 738
32 17 909
26 44 1638
2 40 3900
58 67 3842
56 41 761
32 42 2795
30 65 2382
6 59 2732
12 45 2240
22 32 3917
35 40 2372
36 54 855
21 21 2172
55 68 3051
52 44 2633
35 65 730
10 1 3596
2 70 533
45 68 1000
46 33 2590
31 45 390
35 41 2656
56 67 3734
47 67 1481
5 13 1152
57 17 3309
29 8 2925
43 25 2529
66 34 1841
58 70 2835
7 60 55
24 64 3759
53 62 3939
25 33 3539
33 18 3101
27 29 1332
10 38 497
11 1 1651
6 29 3460
49 15 742
60 54 3493
29 9 429
51 28 2024
12 18 1006
45 45 3117
9 51 3973
31 17 154
70 69 2637
45 21 3236
24 66 1160
59 61 1431
1 68 757
39 56 521
35 26 33
47 26 385
38 41 1647
54 32 2293
51 66 1308
21 16 1413
43 23 3390
38 68 840
48 16 988
32 30 3384
54 8 3684
16 55 2680
62 27 3689
51 41 2470
59 36 1431
56 51 2990
60 57 2599
12 26 2138
30 10 751
55 3 2937
49 48 532
29 29 2135
64 46 2722
28 61 832
19 57 688
51 40 2311
7 42 523
35 21 3780
31 19 1687
15 53 1775
45 68 3589
26 23 236
20 70 2654
41 66 963
13 13 421
31 70 1718
12 48 1343
62 7 3402
54 12 4030
29 54 727
14 37 1060
61 19 612
14 24 3432
48 25 421
29 52 1490
70 41 154
20 25 674
7 25 3129
29 41 67
2 13 2754
8 22 1431
22 7 1318
51 62 3275
49 23 1631
48 64 1539
43 35 2917
16 53 204
58 44 2367
58 10 2066
12 54 2088
16 50 4027
48 35 759
21 39 276
54 55 1764
41 63 338
6 15 110
43 43 2564
59 21 1493
14 6 2574
50 46 604
1 19 3301
18 6 1721
25 50 765
64 25 3906
63 18 3208
24 1 3959
32 1 241
38 37 62
55 68 2042
62 45 2960
55 42 2688
4 60 1396
61 53 2794
45 51 3845
29 51 3602
43 57 841
32 55 242
45 66 616
28 50 3457
48 68 1232
28 57 2405
65 34 2670
63 26 3537
52 23 2758
48 15 2964
30 47 2415
2 14 3413
25 43 2644
62 24 4075
38 33 280
44 34 3837
28 11 2267
41 24 3845
44 26 3838
35 3 3025
22 29 2479
61 14 2294
46 19 479
59 25 507
62 66 2933
29 36 2650
37 54 1451
62 36 1674
6 10 948
8 60 2929
22 37 1472
44 15 447
63 23 2788
51 1 3877
44 32 3040
68 25 1767
69 63 2702
48 31 1274
15 70 1144
34 16 4031
40 14 361
5 53 3985
8 61 2581
43 22 2263
35 46 2775
56 6 935
7 48 3955
20 9 3678
12 9 3165
56 47 153
1 14 3516
41 57 1325
34 46 2499
20 8 218
51 23 1169
26 19 124
64 41 1440
47 70 4094
60 30 79
39 60 1978
30 69 2039
38 66 1633
26 66 3790
64 39 736
38 44 875
58 67 332
1 43 1311
8 34 3560
55 55 2083
39 8 1053
28 28 2376
42 21 3378
42 70 1490
4 63 3270
26 35 3523
36 52 2644
39 47 790
4 60 3234
61 19 2768
53 5 2209
64 33 3937
1 20 3606
64 1 3245
61 24 3646
63 42 2897
70 19 1607
67 12 546
1 2 2784
29 52 320
35 8 3327
17 36 2176
40 46 2571
5 52 2633
59 6 3623
46 52 3584
46 66 2249
48 61 1357
16 69 506
38 47 2040
16 2 3806
40 39 3485
68 26 1275
11 68 1191
27 65 1796
47 1 3708
36 70 6
37 26 285
39 31 685
7 58 1988
61 4 819
39 25 1527
68 14 1464
28 7 3463
6 61 2913
15 23 3186
46 62 3393
58 33 3017
66 51 2815
54 21 286
48 5 87
28 16 452
47 21 3623
47 32 546
16 46 253
35 53 3956
44 4 115
47 1 3504
34 41 732
66 43 1701
12 63 3808
43 65 2076
37 19 3315
35 17 3299
15 8 2805
2 21 1817
60 21 2163
61 49 1620
58 63 5
56 36 3137
21 32 2742
41 51 1068
39 53 2448
68 38 2236
2 28 1737
23 50 3148
2 19 4074
63 55 3075
31 45 3949
36 48 187
53 53 376
5 41 3409
13 24 3001
5 5 459
30 65 4000
39 12 74
50 43 2466
66 59 233
19 22 2379
22 15 3931
61 4 178
61 4 3549
63 60 824
31 1 2415
14 16 1311
11 28 323
14 52 3054
31 5 3291
35 3 2778
29 8 3682
10 14 2669
26 24 466
2 26 930
63 26 582
16 59 186
29 30 1111
4 60 2721
29 51 1819
31 47 1547
26 68 727
18 51 1209
57 53 1874
18 56 3661
39 8 3013
18 7 1838
20 24 1984
68 23 491
14 38 1830
22 15 980
48 5 964
68 38 1496
70 25 3556
31 56 2166
17 65 1659
54 12 3115
32 31 3649
30 2 2611
47 21 1140
42 52 3715
60 7 2204
29 15 3942
62 43 2780
54 33 1257
56 18 2519
28 18 786
7 9 3178
26 67 3403
62 31 1438
68 37 2699
21 62 224
27 54 3154
39 19 1329
68 28 1125
11 64 1571
58 67 2315
63 33 1385
64 66 2154
13 66 2051
46 38 2753
36 31 2546
61 2 1609
69 49 4001
19 56 3743
13 4 2750
19 58 4031
50 14 1695
60 31 1618
67 12 1183
11 13 3271
62 46 450
65 23 1097
29 8 3557
56 15 1534
47 51 981
64 22 3968
23 17 3491
14 63 1233
67 68 3724
40 58 818
35 38 2166
8 60 832
48 18 1507
45 46 1812
40 15 150
24 55 3098
2 9 657
5 1 3942
30 13 1248
13 24 3793
15 11 875
37 62 3476
65 18 3265
5 50 1733
33 38 1005
33 30 338
46 47 3983
52 38 3899
66 24 3549
8 6 428
13 49 2646
38 28 1524
46 15 1779
54 38 3821
65 23 3647
30 45 3172
69 61 3623
63 26 2009
17 67 41
55 26 27
69 23 2379
66 7 3399
27 48 2608
8 43 959
40 6 2572
70 53 1427
4 39 3072
34 26 281
31 33 1421
13 18 1212
26 2 1966
68 37 2586
66 65 3795
40 36 2600
23 54 2312
50 24 2073
31 62 3569
20 19 2998
69 39 1548
12 60 3525
13 49 2770
3 15 3914
32 5 1513
1 65 1394
14 28 2526
35 61 2632
29 54 2544
11 9 2503
53 20 132
38 7 3955
1 17 667
62 59 1818
41 59 328
60 64 459
47 55 1259
6 21 1218
43 22 3342
59 1 3073
36 36 647
52 62 347
6 60 2065
35 4 1231
8 50 3909
9 36 1776
55 17 772
48 9 3953
44 62 947
55 43 2861
25 20 2118
59 18 2693
58 31 943
68 32 2994
9 22 1276
19 24 328
61 57 44
11 64 2917
67 12 3355
27 53 3714
64 17 2551
28 62 3020
8 39 3551
50 66 2591
21 59 3796
20 66 563
31 60 3214
56 18 3073
48 16 1709
70 20 3759
8 11 1366
15 64 940
16 12 1323
53 38 2321
20 32 731
33 36 3208
42 56 4043
36 16 1011
61 34 2984
44 5 1521
41 42 2271
1 13 1373
36 2 1217
25 9 2324
49 60 4048
57 59 693
14 34 4061
24 32 2969
44 45 1821
53 41 1067
55 40 1249
57 40 72
28 21 2432
42 12 2293
50 38 2107
10 67 1552
59 17 937
62 7 792
15 13 2883
24 37 129
31 28 2544
68 23 563
6 7 2823
41 30 2480
43 66 1151
42 15 801
54 3 805
18 48 439
40 26 1904
57 13 1733
62 19 1171
57 16 3578
44 4 2737
70 1 462
70 54 3651
9 58 673
26 34 1879
65 13 3017
1 11 3131
67 16 767
60 20 2881
24 2 1978
36 22 693
13 41 2462
38 3 3790
41 14 2318
57 54 639
16 7 757
68 14 4052
39 55 880
37 5 967
57 4 679
17 44 1405
52 49 507
27 49 1474
42 37 3677
43 43 2994
14 69 3938
26 24 566
69 6 2896
19 11 1756
4 9 3140
31 22 1426
52 29 1066
56 27 154
69 58 2127
31 52 2655
2 7 3388
13 58 3902
13 62 1477
55 39 402
31 12 2292
58 36 2052
9 40 1146
14 22 2796
15 43 17
20 63 3904
15 61 2403
37 18 217
37 65 2571
22 38 1944
2 63 1327
38 60 318
15 48 2911
67 62 879
51 36 72
34 13 825
16 65 2930
52 9 2731
63 49 3758
43 46 4037
20 51 2763
48 62 559
56 69 3716
21 19 1095
60 33 878
64 22 1360
10 51 2913
60 4 2911
16 42 904
23 55 15
49 2 2876
70 22 3839
1 41 2290
67 26 1926
23 13 1365
4 25 1735
40 8 2989
4 16 1301
65 62 251
44 63 107
31 42 1087
68 63 3573
12 51 2122
69 50 3244
42 11 1775
1 47 1813
47 2 1571
34 9 124
44 67 700
24 52 3371
64 35 2672
48 28 1335
56 8 1759
14 6 4063
46 29 269
19 4 455
11 59 566
5 61 455
64 43 2521
6 31 514
39 39 2560
23 60 2356
58 22 3267
30 43 3941
18 24 702
56 67 1339
67 42 3061
22 15 1774
32 57 3524
63 16 3474
1 65 1878
21 60 701
21 55 401
63 18 2758
45 41 2340
51 58 521
64 6 627
56 32 3998
47 60 4045
25 44 755
48 6 1898
51 58 2435
60 38 395
5 37 3016
27 3 2445
62 8 2425
64 69 2327
15 3 840
37 11 1027
9 63 122
11 45 2726
62 19 2028
24 6 3325
40 54 3496
41 23 607
45 37 106
35 45 3975
2 15 953
48 63 356
19 45 3456
42 8 2138
59 47 1195
50 52 3229
29 56 731
15 55 706
48 67 2940
