70 2000
&&&&&&&&&&&&
15 42 32
67 4 1
10 32 33
36 45 33
35 25 0
51 30 1
47 43 0
28 23 1
68 66 544
39 6 17
59 4 1
34 63 16
55 48 33
39 38 65
67 19 1
58 42 17
61 5 48
53 55 97
65 46 0
61 59 0
55 18 112
44 41 33
47 30 113
36 11 1
44 12 0
6 1 0
30 4 64
9 67 0
48 67 17
42 59 0
60 67 0
22 18 609
63 70 0
9 4 1
4 3 81
63 55 0
51 12 544
1 52 1
60 8 1
28 16 48
18 20 576
18 8 80
55 58 1
39 52 96
48 12 81
24 65 1
9 27 49
13 48 545
1 51 1
54 43 0
40 34 97
31 14 112
17 40 592
44 34 48
11 67 16
67 32 0
34 32 0
38 12 576
43 36 1
9 55 1
28 12 96
44 65 49
32 46 1
66 63 32
7 4 0
25 16 544
68 19 0
16 30 96
66 26 1
48 57 49
46 36 112
10 18 96
53 5 0
9 42 64
3 41 49
61 27 80
15 32 1
53 21 608
50 23 0
24 43 0
60 19 625
37 29 96
5 56 609
54 27 1
22 13 576
51 5 112
30 38 560
34 41 0
51 25 113
5 57 16
35 41 1
64 47 17
65 22 1
3 29 97
60 65 512
29 51 0
35 38 1
65 18 1
27 1 0
35 47 1
22 8 49
10 44 0
46 30 0
65 15 49
67 65 48
70 29 97
6 16 0
60 35 49
59 52 113
41 10 16
11 16 49
49 66 0
30 14 32
40 12 0
55 19 625
21 30 48
2 6 81
60 32 97
4 27 49
11 39 17
20 21 513
66 27 0
5 45 1
9 31 592
63 7 0
70 17 33
30 21 112
28 26 544
59 58 625
4 38 0
62 6 592
33 10 1
7 3 32
10 36 48
15 5 81
53 28 81
43 61 1
46 45 592
35 6 16
67 58 17
31 62 1
3 65 1
66 20 81
59 34 64
67 49 49
15 21 0
1 58 16
23 5 1
37 24 33
8 42 576
19 52 561
12 29 625
53 27 49
48 3 32
8 27 0
66 22 1
51 26 64
33 35 0
59 36 48
55 37 65
11 69 80
13 57 0
8 24 33
16 37 48
63 64 16
60 33 48
31 13 16
44 29 16
56 12 80
43 58 17
7 57 1
16 51 1
13 2 97
20 33 0
28 54 97
48 46 0
27 43 592
47 57 1
2 29 624
61 37 80
55 70 1
3 61 65
64 67 17
2 23 0
26 33 16
54 21 80
5 43 593
25 1 1
42 21 0
67 19 80
11 29 528
19 32 0
46 10 0
37 37 96
17 16 0
8 45 1
26 20 112
13 27 0
40 8 17
1 67 96
42 2 0
3 23 0
31 53 0
35 20 1
10 41 33
15 44 0
24 44 0
3 52 544
5 38 1
59 15 49
68 41 529
35 16 0
12 10 81
22 5 1
26 45 0
51 7 80
47 32 560
51 43 592
59 19 1
30 40 0
18 46 561
28 51 0
51 67 545
59 23 608
20 50 0
67 54 96
60 51 49
36 52 32
18 66 1
23 61 0
52 67 97
27 52 1
20 67 17
42 54 65
19 57 1
23 8 576
38 67 608
51 8 33
30 31 0
9 65 16
54 65 48
57 12 0
44 16 1
25 52 1
16 25 97
26 69 32
44 43 81
43 65 81
15 39 544
4 33 17
12 54 16
53 15 0
53 18 529
70 15 32
37 59 0
20 28 33
64 56 16
18 6 1
26 54 576
60 56 0
55 6 0
64 11 0
64 63 80
55 42 0
3 40 48
65 15 16
24 46 1
29 3 81
27 34 0
38 51 512
21 23 113
58 56 560
9 11 33
57 63 81
70 13 1
45 3 16
47 5 0
30 34 1
35 69 0
14 50 64
24 61 625
1 26 1
16 49 0
25 18 0
48 10 528
3 20 0
68 24 48
51 35 32
37 13 32
24 4 32
35 70 1
48 8 49
11 56 545
38 17 0
17 27 1
32 58 593
54 65 1
53 22 1
59 35 97
66 17 33
42 27 17
64 40 33
23 29 112
10 20 0
41 57 593
68 57 97
17 30 544
4 42 1
27 32 97
41 20 0
55 21 0
15 58 49
52 70 32
8 9 0
42 11 65
8 13 1
51 67 32
32 33 1
65 60 0
57 8 1
15 26 0
50 68 0
26 29 16
25 60 1
26 13 96
34 67 0
12 62 49
25 6 1
64 69 49
3 18 1
44 52 0
55 8 113
40 26 48
33 9 528
15 1 1
1 6 112
5 5 113
24 31 1
16 43 33
34 69 16
26 52 48
65 43 48
15 70 576
15 64 1
49 21 48
25 53 529
41 69 16
49 11 0
7 55 33
59 26 48
26 16 0
9 18 0
13 52 1
66 23 112
24 29 97
50 53 49
53 33 96
55 66 48
60 21 1
28 15 17
62 66 0
14 32 1
31 7 1
15 9 1
23 51 33
28 68 1
50 68 544
11 70 529
44 13 1
30 29 0
40 20 81
15 39 33
26 36 97
2 6 1
30 10 1
14 12 0
2 1 0
15 49 32
6 54 0
47 59 33
64 18 529
8 53 592
6 66 49
65 4 1
35 23 1
62 30 112
7 56 1
16 35 0
70 38 0
30 23 609
35 2 112
63 34 577
57 22 96
3 46 17
31 45 0
54 67 81
52 14 64
4 39 64
33 50 1
65 31 49
17 11 112
66 67 1
33 21 1
31 58 48
30 58 1
41 16 81
20 20 1
16 26 64
56 22 1
31 12 0
16 46 0
14 15 0
22 29 0
30 3 0
24 6 32
28 16 1
8 63 64
19 32 97
51 31 0
2 10 1
17 16 16
3 25 0
3 4 113
32 32 1
41 45 0
8 50 65
16 50 16
23 44 0
24 26 0
44 2 33
68 33 81
32 12 113
18 5 1
39 34 64
52 16 0
26 18 609
66 43 80
52 9 560
64 50 544
36 11 1
64 15 0
29 30 1
37 25 1
51 15 16
50 69 97
5 38 1
43 5 49
2 52 0
1 38 96
15 68 1
25 1 0
69 55 97
70 28 1
11 65 1
62 4 64
70 36 33
15 46 0
43 45 0
1 37 544
50 37 576
16 12 1
13 60 0
44 3 1
59 23 49
12 58 80
20 58 64
55 45 1
15 25 17
27 39 0
70 12 1
6 61 33
67 4 0
19 70 97
22 51 1
69 29 17
19 19 0
29 5 49
60 70 33
13 15 0
55 27 560
55 62 16
24 61 16
26 33 1
60 26 1
54 61 1
52 37 33
56 70 17
70 5 1
45 51 113
68 45 48
28 4 1
49 27 32
13 32 48
60 21 0
8 46 528
23 61 17
13 14 624
3 27 48
53 38 0
5 14 0
53 8 16
49 25 1
10 14 96
46 43 16
14 56 1
48 44 17
58 33 1
61 31 1
46 41 97
5 47 0
54 28 16
27 64 32
63 40 64
8 2 0
25 7 1
1 27 0
59 29 32
12 41 97
42 57 97
45 51 112
58 1 16
69 58 48
57 70 1
18 41 1
62 2 17
66 7 17
1 34 32
1 21 48
48 67 64
41 3 512
59 7 96
59 2 1
46 59 561
48 65 1
37 12 0
23 64 544
3 19 64
59 48 0
38 29 96
52 39 49
19 21 112
28 65 513
57 70 17
56 40 544
23 45 1
23 14 0
42 3 49
34 45 545
63 4 1
21 21 81
44 61 64
56 63 113
57 16 113
63 27 625
1 18 81
23 22 49
18 40 113
26 32 32
22 64 1
9 57 1
9 43 49
26 54 0
44 14 97
65 29 609
15 49 49
14 39 113
25 11 1
10 64 0
17 4 33
60 25 1
16 39 48
12 13 17
2 35 1
5 9 545
52 24 1
4 29 1
34 38 1
58 19 0
13 36 593
9 61 80
63 6 97
5 28 0
62 8 1
4 62 0
25 25 592
42 30 0
27 31 65
53 17 48
18 20 1
69 5 97
38 20 1
63 60 561
63 49 528
42 45 48
66 49 16
14 37 1
6 23 1
41 62 49
49 35 65
44 15 624
20 63 65
16 65 1
41 19 49
62 32 1
56 38 48
47 31 0
59 67 65
5 64 1
1 39 1
61 65 17
44 26 1
58 21 49
68 8 65
47 18 593
16 25 624
49 20 608
4 19 0
47 33 0
37 29 49
59 1 0
52 33 1
18 57 17
67 54 1
69 32 1
13 25 17
25 6 80
49 30 33
37 68 48
18 52 64
44 19 0
47 18 592
64 52 17
41 53 32
4 27 0
15 60 0
43 53 0
56 3 0
34 50 1
22 62 64
52 10 49
68 44 528
36 62 16
62 6 1
18 70 65
28 46 48
44 46 32
43 68 33
54 49 97
15 28 1
16 39 17
42 27 49
26 46 0
18 58 17
8 65 577
34 55 0
49 38 96
25 35 577
1 67 0
49 3 16
63 70 0
45 70 96
12 43 17
47 52 512
53 32 0
11 65 48
1 48 1
24 27 1
33 57 112
66 49 0
68 20 97
41 41 49
11 13 1
17 17 80
39 11 64
12 66 16
33 24 1
38 17 1
60 5 49
3 28 1
60 56 0
37 42 16
33 65 16
23 27 17
22 32 1
27 68 32
28 46 32
31 42 32
31 19 16
24 70 17
63 37 33
59 19 1
19 15 1
17 57 560
28 66 0
35 21 1
54 36 1
21 32 33
46 28 81
56 66 16
21 52 32
65 64 32
35 45 48
45 35 1
52 69 1
36 21 81
40 19 1
31 66 0
65 1 81
1 39 1
53 38 561
42 49 49
68 25 1
57 29 1
43 46 32
24 36 0
27 13 0
33 48 48
48 41 49
22 55 1
34 31 1
33 22 96
24 22 0
46 16 80
10 23 529
23 8 1
21 49 0
8 2 1
16 2 1
19 33 1
12 61 1
10 16 17
47 38 0
22 19 32
45 63 1
70 64 1
27 1 1
9 9 1
46 15 1
21 5 48
69 13 0
51 23 33
44 54 609
30 69 529
69 2 0
21 63 1
15 68 513
24 21 32
49 59 0
45 15 0
44 25 513
5 26 1
30 28 0
10 3 512
28 54 64
4 34 1
31 66 49
50 64 1
2 12 544
29 16 593
42 69 1
1 51 33
25 42 97
62 32 1
16 61 64
42 63 0
35 38 112
47 40 0
18 53 0
42 41 16
32 42 17
35 19 64
21 50 112
63 16 0
29 33 81
4 64 97
19 50 544
43 49 48
9 24 81
46 65 1
22 62 112
31 7 0
26 70 17
29 26 1
33 7 0
6 36 625
68 15 49
32 32 0
51 67 48
17 67 0
28 64 49
14 17 0
47 66 0
18 11 16
68 57 113
10 18 0
2 54 0
43 1 529
28 56 49
59 63 96
12 47 1
40 6 16
28 3 1
11 3 0
56 42 1
67 25 0
60 51 1
16 38 513
53 26 1
42 6 49
54 12 576
47 44 0
20 41 1
18 52 33
28 57 0
14 64 1
65 50 561
32 46 0
60 26 17
31 69 512
5 40 1
46 22 97
35 1 544
46 70 113
7 62 49
68 45 592
56 64 0
35 49 33
53 64 0
3 31 1
60 6 0
40 35 1
13 4 593
28 28 96
27 59 0
45 44 0
32 55 561
2 50 112
59 59 1
35 53 96
3 12 64
57 3 0
28 16 33
39 53 0
21 1 64
41 6 0
40 25 113
20 52 0
3 52 17
12 10 32
23 67 1
5 3 1
41 65 96
24 4 81
6 5 576
56 31 96
61 54 0
33 47 1
6 47 112
35 46 1
15 17 1
53 23 33
33 41 65
20 41 609
11 2 113
44 31 1
21 32 1
35 59 81
1 1 16
34 41 1
32 36 32
31 10 1
60 1 97
65 44 512
51 67 0
40 51 1
3 70 64
21 20 17
38 47 33
13 28 33
46 16 17
67 61 16
22 40 0
20 63 65
56 50 0
11 68 1
50 50 113
31 33 17
3 16 16
21 22 33
24 27 17
14 32 1
57 50 32
24 42 0
39 44 1
26 19 1
5 69 48
15 43 1
6 44 112
38 26 33
31 14 1
49 3 16
30 52 1
63 61 1
24 59 16
5 69 1
58 17 0
20 56 0
28 61 96
62 39 0
21 38 592
14 13 544
60 8 625
26 34 17
48 47 17
70 36 1
23 38 49
3 48 49
67 27 48
2 60 17
27 10 1
58 5 33
29 10 560
15 53 16
47 56 0
62 24 32
38 30 65
62 64 49
55 5 16
37 25 65
18 3 1
4 66 0
54 33 33
60 60 0
19 65 113
24 27 48
34 21 0
33 50 576
32 15 33
29 48 32
59 59 545
5 41 17
52 51 0
53 40 33
3 54 1
7 60 577
7 4 0
45 33 1
4 65 1
28 42 1
62 27 544
53 46 0
63 30 1
64 10 513
26 69 593
65 65 0
2 50 561
41 11 32
34 59 1
34 36 560
4 50 561
44 64 1
58 46 65
55 42 112
51 48 0
3 62 0
15 33 16
51 19 1
2 51 17
68 66 48
4 35 0
69 63 0
15 43 0
9 44 80
10 57 96
2 20 96
51 2 625
19 7 16
6 41 1
56 66 1
56 20 0
28 69 0
67 41 0
15 30 81
8 17 64
16 49 624
46 20 0
63 32 624
8 48 545
10 49 64
2 32 16
59 9 96
13 36 0
27 4 33
50 14 81
26 9 17
19 20 48
16 31 0
30 60 65
16 16 0
27 8 113
45 3 49
25 31 0
55 39 32
18 27 1
69 48 81
39 66 560
6 66 0
21 64 512
67 43 512
53 65 544
66 34 1
15 65 80
29 15 1
19 3 0
51 30 17
13 21 96
23 19 1
22 31 1
33 4 1
44 68 16
44 3 0
28 27 1
8 62 1
22 25 0
3 10 593
6 14 16
37 5 17
16 17 49
10 27 112
67 1 1
23 64 0
26 42 0
10 10 64
44 49 17
30 27 0
15 16 0
46 65 64
41 14 16
17 52 0
38 3 112
13 43 0
68 19 1
52 25 32
21 55 1
64 8 16
19 57 80
10 45 49
8 12 16
66 56 0
70 64 1
62 48 0
19 19 1
34 44 1
55 57 16
65 44 49
37 64 1
48 45 1
53 10 0
33 63 1
43 49 577
7 5 0
48 9 1
60 44 49
62 60 0
51 10 1
25 69 0
34 35 32
49 21 32
18 55 1
16 16 112
56 21 112
52 59 96
15 7 16
10 38 576
43 70 0
53 42 0
59 6 112
30 14 1
22 21 16
34 26 0
25 68 625
60 15 593
15 28 0
44 31 1
11 54 0
35 50 0
26 28 81
28 28 17
46 49 1
43 29 592
29 28 32
16 54 1
27 11 81
22 8 33
31 4 0
42 36 80
5 64 0
44 56 33
23 13 0
13 9 1
11 61 33
65 24 0
67 15 80
69 70 624
61 43 529
69 30 97
66 54 113
12 58 560
58 9 624
35 1 625
1 13 560
26 63 17
55 65 592
12 55 1
23 68 1
5 60 1
46 23 1
48 9 17
24 17 112
19 64 48
21 21 33
50 9 592
6 47 577
13 7 17
46 27 0
28 57 65
18 39 0
18 33 593
62 22 1
45 1 16
17 36 17
24 16 560
48 13 48
24 24 17
51 41 49
66 46 1
46 57 0
65 57 17
28 68 512
63 51 0
19 34 1
16 14 1
55 43 1
54 22 1
45 24 0
24 14 17
5 59 48
13 43 1
36 5 0
36 48 49
35 38 16
48 65 1
61 11 112
9 66 512
6 19 65
52 33 576
57 69 609
48 11 0
10 54 48
35 35 48
10 48 512
14 10 0
55 32 1
62 31 625
3 36 1
54 69 49
6 59 609
48 62 0
18 49 0
38 23 1
56 1 16
18 48 1
28 20 0
16 31 0
3 35 0
19 56 17
50 14 33
47 14 16
17 20 544
26 25 561
6 15 32
14 20 0
8 4 33
58 66 0
20 69 1
20 54 48
54 68 1
59 13 529
15 64 17
19 20 1
57 60 1
11 64 1
1 40 16
68 15 48
58 64 17
54 66 1
45 59 560
58 57 112
62 23 576
11 33 1
42 45 17
8 38 512
16 38 32
68 26 512
35 13 0
10 64 17
31 36 48
70 29 97
13 12 48
44 12 32
30 21 625
39 25 32
65 68 593
67 57 0
65 44 97
31 8 1
7 24 97
50 20 1
24 37 1
69 65 0
37 43 560
50 68 593
65 18 1
11 22 48
10 41 0
52 67 16
23 42 97
34 42 0
29 1 96
25 9 1
40 5 97
20 29 1
27 20 1
43 1 0
64 5 0
69 38 16
26 14 1
39 9 1
30 30 0
15 44 65
33 9 33
22 52 0
35 5 0
60 11 1
30 33 0
50 66 97
32 26 1
12 15 80
33 45 49
34 57 17
7 22 0
21 27 33
24 39 545
59 40 1
28 47 0
11 11 80
69 20 48
4 34 33
22 64 112
17 67 49
25 5 113
8 31 96
37 62 49
14 46 1
54 43 0
6 50 1
65 61 113
24 33 544
58 13 64
37 68 113
18 34 0
54 25 96
24 55 81
23 60 32
68 19 0
9 43 16
33 1 0
4 33 17
22 70 0
41 56 0
66 49 64
2 43 1
48 25 1
65 51 48
36 57 1
38 69 0
52 35 16
46 41 48
18 7 1
24 11 16
10 17 0
68 24 112
52 50 1
11 39 97
66 39 609
34 35 16
50 49 1
36 11 1
42 19 0
22 67 113
58 9 0
13 44 1
31 59 545
22 4 0
65 10 1
54 1 1
39 51 545
68 14 48
63 60 1
67 65 17
44 63 0
40 42 17
6 69 80
18 24 0
64 8 49
58 8 545
33 9 49
34 1 49
53 53 1
21 42 1
54 14 513
30 19 0
32 68 17
40 23 0
57 7 17
46 45 1
45 21 1
55 58 1
2 5 512
50 49 17
15 66 49
39 62 1
17 58 80
50 57 32
43 9 48
61 53 544
58 37 33
46 41 1
32 36 33
35 46 1
9 63 0
13 32 113
9 69 0
17 55 1
64 57 0
50 33 625
18 31 49
40 13 1
65 14 16
41 34 33
63 67 17
36 2 48
27 58 1
15 42 0
39 33 1
1 38 81
43 66 0
43 21 64
64 21 64
37 17 0
59 49 1
35 3 0
47 27 1
2 48 113
60 39 112
55 17 17
8 40 560
41 28 0
13 70 0
48 54 17
35 16 1
29 5 49
20 35 16
23 3 64
34 57 0
49 32 49
66 35 80
36 40 0
41 38 0
62 55 32
13 58 49
47 18 32
66 14 1
2 13 1
69 43 32
16 27 529
26 25 545
56 69 96
54 61 1
44 31 1
34 50 64
19 31 16
7 47 0
32 38 0
67 70 1
12 54 0
69 69 0
5 49 33
39 12 0
7 33 49
9 22 48
53 65 113
20 32 0
9 9 0
17 21 1
11 4 592
57 29 0
50 8 0
19 55 1
25 38 1
58 14 1
51 25 1
11 64 560
20 17 49
9 33 0
54 67 545
51 52 48
33 67 1
41 40 1
45 47 1
41 19 0
55 37 0
32 54 112
6 55 96
2 68 592
34 15 33
38 4 48
22 68 49
50 38 80
24 11 0
56 5 0
19 12 0
15 40 0
17 68 112
60 53 1
23 2 0
19 33 112
23 46 1
19 48 561
39 39 1
22 16 16
28 69 1
2 43 0
33 39 1
42 50 0
27 12 1
45 16 1
39 42 0
52 33 1
68 18 32
39 7 0
23 32 17
40 17 112
25 54 1
19 55 0
33 11 1
46 23 528
15 3 16
30 51 0
45 68 560
25 66 0
50 33 512
30 22 17
54 23 0
38 67 0
2 25 112
3 25 48
36 24 0
36 33 1
52 58 96
64 11 0
19 23 0
39 44 0
32 49 1
30 54 0
31 43 0
42 46 33
63 50 0
50 49 1
14 36 0
42 7 1
19 13 17
35 14 96
45 40 1
68 44 0
21 54 1
12 37 0
53 44 1
49 57 49
6 3 17
52 67 49
32 23 112
7 64 48
35 20 96
50 34 97
70 14 1
68 60 97
56 54 561
14 70 1
62 64 529
49 12 1
4 4 17
29 18 17
29 52 48
39 37 0
27 2 1
39 20 112
23 43 1
69 56 1
44 65 49
42 32 17
20 67 624
49 70 16
44 35 32
16 46 33
22 17 32
3 42 17
56 29 0
6 24 33
8 11 0
61 57 0
25 69 0
68 33 113
57 14 96
37 4 0
15 30 0
42 28 608
43 14 33
50 14 1
2 4 32
1 49 512
70 48 17
52 51 64
67 3 96
48 9 560
1 3 0
34 38 16
50 22 48
8 22 1
1 48 0
5 62 1
36 57 48
30 54 16
52 2 0
62 12 528
40 62 1
9 62 0
14 10 1
49 54 577
7 66 49
61 23 1
24 2 0
68 10 0
22 16 1
27 43 0
58 63 0
33 2 16
50 11 48
3 60 17
17 62 32
48 47 48
59 31 0
35 46 0
28 18 16
7 54 0
55 6 64
7 59 49
64 64 0
50 24 32
31 46 65
67 47 48
63 31 0
36 22 1
39 52 0
66 61 16
24 65 65
12 61 593
34 50 0
33 34 96
61 42 0
64 25 16
28 65 1
18 6 17
4 30 1
38 25 16
29 49 1
23 32 560
3 8 1
57 12 112
45 12 1
59 38 561
59 14 0
28 59 1
7 57 1
51 17 1
6 40 1
64 69 1
63 67 1
3 52 1
55 10 592
60 35 609
40 55 64
41 10 81
50 41 1
44 13 17
26 63 32
57 11 17
13 38 1
40 58 0
62 68 16
11 2 32
24 16 1
38 65 0
34 64 112
35 37 1
47 20 0
32 54 0
28 36 49
30 47 81
51 23 97
2 49 112
56 54 112
55 70 0
7 20 609
47 41 561
40 21 16
39 63 1
53 64 16
17 25 0
24 61 625
42 62 0
44 35 49
36 33 0
48 20 16
70 4 65
5 24 49
2 1 545
18 14 0
35 30 0
66 65 1
31 34 17
62 7 513
12 35 1
11 6 81
69 70 0
23 36 593
8 34 1
41 50 96
8 70 0
28 61 592
56 39 16
32 20 0
62 27 112
53 6 48
54 34 49
68 57 1
68 51 97
27 25 32
70 44 576
43 28 1
28 17 1
46 13 1
30 64 65
32 58 1
32 68 49
27 35 113
1 25 1
67 45 16
26 21 1
6 49 0
59 48 81
6 30 17
46 65 17
48 42 32
60 42 560
69 49 1
44 38 49
21 60 1
68 15 32
5 36 0
24 62 1
14 32 1
55 1 96
63 25 0
43 64 16
33 39 0
37 67 608
52 29 112
51 2 1
13 20 609
48 33 0
54 32 17
24 15 113
70 29 16
48 3 608
41 23 49
25 1 1
33 24 609
42 30 112
49 40 0
46 70 0
33 45 1
48 5 113
51 49 97
45 4 0
46 26 64
60 34 0
65 49 561
28 35 1
66 29 48
61 29 65
38 66 1
16 70 0
12 48 17
22 11 576
49 62 97
69 67 16
57 18 1
7 61 48
41 43 112
4 47 0
60 22 545
45 58 0
30 16 32
45 68 0
12 60 0
52 3 80
49 20 17
65 8 16
70 7 0
43 11 0
65 50 97
32 7 113
40 35 96
21 24 32
1 15 0
22 21 97
42 20 625
3 45 577
66 20 32
68 30 1
2 2 81
69 11 0
44 68 1
28 30 17
62 56 49
33 28 49
62 31 113
47 37 97
54 43 16
8 64 625
2 25 48
46 39 0
5 28 0
50 41 560
27 26 97
17 48 65
29 61 0
10 11 1
47 49 1
67 29 97
33 25 16
47 60 0
20 65 80
8 41 0
57 23 577
23 9 48
52 60 97
31 62 1
8 1 592
37 63 81
62 30 1
8 38 112
10 46 0
12 68 48
39 61 81
42 59 0
55 31 560
60 51 16
25 46 1
65 38 97
25 63 1
49 51 32
54 1 1
52 33 0
16 28 16
55 6 112
7 2 0
30 23 0
46 39 0
60 51 561
28 7 1
67 62 1
59 38 1
65 9 1
4 20 1
49 29 64
20 22 48
56 61 1
16 21 1
21 2 16
2 29 0
42 52 528
47 13 608
12 7 1
36 56 0
16 8 49
4 4 0
35 31 48
2 2 0
39 10 65
20 17 1
9 27 0
58 23 81
20 31 112
54 8 1
51 20 33
41 10 113
12 18 0
18 68 0
42 28 80
34 48 48
51 63 624
65 14 81
13 49 1
37 28 1
58 18 1
61 34 97
31 64 81
13 49 1
5 37 49
25 62 16
56 30 1
8 43 17
21 12 0
32 36 0
34 23 0
35 41 16
35 19 113
7 63 17
59 42 16
2 12 97
21 70 1
28 51 0
26 19 0
69 6 17
53 13 625
54 22 0
12 22 0
51 62 1
12 67 49
22 16 64
58 33 593
59 53 64
7 70 0
69 67 49
30 20 32
51 21 112
28 27 17
11 32 65
3 51 544
39 37 0
12 4 49
67 30 65
48 8 112
16 48 545
32 23 16
20 26 16
38 25 81
7 45 49
41 13 96
18 57 1
22 70 33
67 16 112
48 54 17
50 29 17
11 6 17
59 9 1
40 13 1
33 61 49
53 25 0
59 27 16
29 31 113
67 35 81
54 70 17
51 61 1
28 58 0
8 43 0
6 20 560
34 26 0
50 4 593
51 44 64
19 22 113
3 12 112
50 15 1
15 3 0
70 27 1
18 4 1
69 37 33
3 66 561
65 11 49
45 31 97
61 57 593
27 35 1
60 46 0
57 25 48
25 48 561
15 14 0
16 9 0
30 60 96
2 70 1
49 47 0
34 32 593
55 15 17
26 15 16
10 59 16
63 61 0
17 3 0
60 46 0
17 10 1
51 5 33
1 24 16
7 39 624
70 41 48
38 69 33
50 58 16
14 68 1
69 57 1
18 68 16
1 37 0
59 38 49
44 37 1
24 3 0
64 6 1
41 58 0
43 34 49
19 1 65
68 47 576
13 60 65
61 6 0
10 47 0
7 25 0
4 23 544
27 22 96
22 10 576
39 61 17
65 53 96
60 57 544
40 54 97
18 18 65
30 18 609
31 22 1
62 38 0
18 38 1
39 50 81
67 13 1
47 14 80
16 39 113
33 30 33
24 62 0
50 52 1
43 11 65
62 50 113
35 32 113
66 25 49
32 69 33
59 68 65
65 8 1
59 23 65
18 51 33
58 17 1
9 13 0
20 41 17
36 63 0
16 62 32
51 67 80
11 6 0
37 65 64
39 66 17
29 15 33
3 53 529
44 58 65
7 47 80
28 14 1
69 69 1
8 4 0
12 12 0
6 69 81
14 32 560
19 60 49
67 16 16
64 1 593
56 2 0
46 34 512
67 13 609
28 4 48
47 20 0
60 51 48
69 16 0
69 16 1
