70 2000
&&&&&&&&&&&&
12 7 133
39 8 416
18 21 11
66 61 174
43 47 1628
36 39 4
64 50 228
37 17 50
4 43 449
29 47 250
27 54 782
26 22 3766
62 43 30
10 48 589
6 28 3260
61 24 53
23 23 83
17 15 131
67 56 1
69 5 1311
61 17 963
27 54 342
34 25 465
4 17 206
62 18 11
38 70 14
35 41 377
28 43 36
66 9 16
24 33 77
8 49 1727
42 67 98
36 45 224
2 26 1247
17 68 134
60 19 1438
1 27 37
34 27 53
40 2 286
14 29 44
45 41 50
69 4 6
32 24 416
38 11 96
26 6 38
28 21 2572
66 32 1798
64 3 1421
43 57 36
69 57 22
61 30 189
43 26 138
40 57 3229
35 60 154
32 34 481
18 43 2620
13 51 280
33 49 68
23 13 388
63 54 60
32 52 50
46 42 255
14 45 27
36 43 3518
21 59 187
24 4 52
14 38 532
35 64 5
12 9 186
58 41 207
42 36 871
16 53 2836
56 36 26
12 70 45
35 55 14
49 58 428
1 18 35
55 16 101
23 31 3401
47 45 130
39 69 32
35 49 176
46 16 822
61 39 957
61 69 121
22 31 172
60 41 14
29 70 184
14 46 853
52 38 807
57 59 3988
15 51 283
49 10 1635
63 42 38
32 21 558
55 66 822
23 31 1179
24 60 120
14 67 191
46 69 122
39 70 119
48 60 31
19 69 387
61 18 122
21 34 327
46 42 57
68 64 188
59 68 43
35 39 4
41 9 71
40 44 80
62 9 204
14 19 1550
58 63 253
49 50 343
34 3 1054
63 2 40
23 57 472
27 51 192
5 38 16
17 20 2486
68 48 223
23 15 6
62 22 138
32 67 442
24 48 5
7 30 2446
44 51 121
22 14 59
52 65 425
12 5 1143
10 2 1739
5 68 613
2 49 1301
51 20 321
60 15 331
62 54 179
1 45 65
3 1 54
42 55 433
36 10 193
5 6 93
62 59 53
19 64 790
1 20 1804
70 57 98
37 44 16
43 60 769
3 15 33
42 67 1080
1 14 241
25 53 757
15 60 387
54 46 1856
52 17 1690
33 5 242
55 1 33
68 2 27
29 69 186
36 59 219
37 23 359
19 67 388
4 30 180
29 18 577
51 43 55
35 1 37
61 3 27
33 46 417
31 67 1589
65 31 484
50 64 1943
52 64 108
10 4 484
50 40 44
69 35 59
18 35 17
67 18 1876
23 69 125
47 15 1010
30 64 125
44 6 217
67 7 533
17 22 23
51 58 845
34 14 2465
63 36 34
54 36 368
45 18 12
41 15 787
15 33 125
25 28 97
70 10 954
14 23 3889
5 5 41
30 62 189
2 27 53
34 10 149
32 6 23
47 48 135
54 67 26
35 69 80
14 14 111
42 14 1893
19 68 24
69 39 6
62 50 121
29 14 250
23 63 1178
57 4 66
18 43 712
7 28 26
49 13 1973
23 51 927
40 69 2571
66 59 38
40 65 1086
26 9 106
12 53 240
8 46 60
4 26 40
19 53 972
14 52 28
7 44 71
28 53 1421
49 35 1217
12 64 780
61 23 56
49 18 991
50 4 4007
8 39 696
30 35 934
10 1 327
10 5 950
3 57 184
15 17 219
6 56 4077
14 53 32
57 55 192
8 39 451
24 56 390
49 3 523
1 18 1613
55 51 666
58 33 461
62 28 21
23 61 294
43 67 7
56 60 125
25 67 7
47 29 492
43 8 116
44 49 141
11 4 42
22 15 47
34 10 202
59 63 279
48 34 85
41 61 18
61 18 238
11 1 208
36 35 53
13 58 6
49 49 3523
24 28 3008
51 33 324
41 11 949
38 47 195
33 21 26
57 3 190
17 37 296
66 4 106
62 22 1710
27 31 1037
11 4 193
52 44 14
17 46 67
38 20 1578
14 13 92
28 24 1467
39 26 78
8 17 745
64 50 99
4 10 209
2 35 853
19 67 796
57 10 1700
24 47 220
54 3 170
3 61 1076
60 44 45
52 39 45
13 66 880
66 50 21
49 5 961
32 45 68
48 1 81
59 70 58
3 2 1401
50 12 49
62 15 87
25 30 195
55 65 162
5 18 18
9 41 1075
53 47 37
20 22 9
54 36 222
66 11 61
38 62 2200
62 57 226
7 18 60
14 63 53
34 34 3853
44 13 62
13 29 643
19 34 239
45 53 14
69 30 185
4 46 1203
16 8 13
5 20 537
36 32 49
5 2 558
54 49 1671
28 23 626
9 3 667
43 13 114
61 35 1842
57 66 254
19 40 115
37 55 674
46 6 100
30 51 382
23 9 7
13 56 2160
42 16 9
62 69 65
56 67 216
15 27 1162
70 5 448
66 27 1206
36 50 48
44 14 175
49 58 1932
6 63 28
32 23 3379
48 21 220
47 5 476
16 64 405
57 59 94
14 32 147
15 17 632
51 39 278
59 51 76
63 20 759
23 1 1705
62 45 99
2 7 771
44 57 1143
31 49 119
21 29 106
4 1 226
62 30 153
54 9 333
46 2 55
20 9 2
62 17 485
38 62 45
35 19 40
35 44 862
26 51 38
44 18 123
25 57 500
53 2 431
46 7 1049
57 6 1961
10 41 91
69 30 247
68 50 615
54 26 23
20 23 153
55 44 1831
69 56 79
29 4 109
1 55 181
58 39 219
35 9 107
66 44 2323
52 38 1871
21 39 29
9 56 212
50 21 992
52 29 69
49 45 15
54 2 457
66 18 247
51 30 57
35 19 50
69 15 49
55 16 31
30 6 67
44 64 17
4 17 841
10 35 277
64 21 64
7 15 110
4 69 12
69 26 138
60 11 424
57 37 230
68 16 3161
38 58 89
62 33 23
18 55 56
55 21 917
34 57 311
52 45 46
70 68 462
10 68 98
55 56 14
17 36 827
7 45 96
32 37 173
42 34 44
64 54 3
33 31 59
27 6 1
20 55 61
7 41 5
43 26 1231
35 27 27
16 46 455
47 14 1297
17 56 83
53 40 3917
37 2 84
56 14 451
28 7 3544
54 29 32
60 14 126
25 4 63
44 46 2849
13 58 85
39 3 124
52 70 116
14 48 75
23 2 173
54 18 212
52 39 226
17 48 1760
3 58 614
42 53 107
36 64 50
6 16 4
40 55 796
14 34 1499
15 63 271
46 9 202
52 64 726
15 30 61
13 56 243
18 39 33
50 67 2644
29 59 705
34 62 3711
16 56 1456
32 11 22
25 57 190
62 39 1363
49 44 3342
67 41 17
3 46 381
23 3 307
65 24 100
21 18 378
33 54 131
48 43 234
28 17 868
4 9 20
29 31 594
8 43 2039
45 29 1068
45 14 39
33 31 415
42 23 273
40 63 4
41 50 864
7 32 36
34 31 19
29 60 48
44 59 100
26 9 503
70 17 52
68 9 36
56 21 65
39 10 5
34 56 13
68 60 604
33 57 2121
64 6 71
17 47 3364
12 47 11
14 64 44
47 4 12
6 7 2003
65 2 4
69 55 821
30 47 80
43 25 37
11 14 948
34 15 94
50 25 1028
26 23 556
4 11 785
19 30 19
31 62 88
11 61 49
51 15 197
53 52 18
34 1 293
16 37 2613
66 37 170
60 12 44
70 54 2999
49 1 96
53 70 634
34 61 108
39 30 10
25 64 1031
56 15 444
4 36 8
47 32 232
50 66 84
49 36 23
10 49 65
42 66 999
49 64 119
68 24 83
31 39 107
62 58 982
35 30 312
53 56 33
44 55 2016
10 35 1179
17 36 310
43 17 419
15 45 27
62 56 222
30 44 150
20 8 65
37 64 38
69 58 221
12 70 144
33 10 3
25 18 721
15 25 35
56 45 354
43 41 294
15 39 125
38 31 6
55 21 459
51 45 74
8 63 522
2 66 193
6 62 152
56 68 1353
56 44 3892
42 15 7
50 52 989
69 43 1689
40 38 175
13 57 45
70 39 3960
47 54 1520
49 10 111
59 2 96
7 22 236
11 22 103
14 29 72
12 48 1175
66 67 194
53 40 39
3 65 14
41 67 14
35 54 4
55 19 284
24 11 9
11 59 747
54 1 936
11 57 596
28 2 1720
3 53 130
21 51 65
21 47 8
53 42 1905
51 2 1083
29 1 1486
63 40 37
56 38 108
6 51 642
65 21 284
12 14 516
51 50 234
66 57 132
28 16 250
59 18 302
46 70 1825
59 58 1395
67 17 146
10 46 212
23 9 2412
42 3 2
62 19 531
7 9 429
51 21 2521
24 24 57
65 18 15
56 37 875
31 26 278
54 36 43
42 45 3113
61 70 46
25 33 96
11 43 13
41 43 93
5 15 112
50 35 60
46 64 1893
35 27 92
65 25 98
60 59 15
27 61 865
68 43 179
20 58 21
69 12 61
50 26 400
39 61 173
60 70 2196
21 53 96
61 6 415
65 46 361
29 6 60
63 39 190
22 8 33
10 10 10
23 8 13
37 62 60
69 61 17
55 67 273
16 68 90
35 31 53
60 65 52
56 48 188
22 24 1811
34 63 153
24 22 342
49 2 121
14 30 36
22 32 199
57 16 24
25 35 18
61 12 296
1 65 164
3 68 473
16 16 2986
9 4 61
31 64 1473
35 62 343
38 61 125
27 2 4047
56 59 52
35 33 126
4 61 2405
36 54 637
14 32 36
24 36 621
32 33 347
37 49 2047
50 47 591
56 26 1847
11 57 1731
70 6 161
12 38 101
36 43 42
62 45 1955
62 29 1023
38 64 827
14 63 611
56 20 25
9 7 228
28 21 41
64 70 1759
33 53 382
51 44 1409
29 69 604
56 27 98
4 7 290
13 47 498
69 16 4
15 5 124
2 17 587
66 24 415
45 62 3
12 60 443
17 64 60
25 56 700
52 63 900
59 35 43
33 7 148
68 2 357
55 31 111
57 13 3397
58 60 244
20 38 291
48 33 287
40 64 1743
53 40 58
62 13 7
6 52 489
1 32 30
18 42 58
44 30 76
29 64 2740
58 18 938
17 34 182
19 30 188
46 26 1191
39 36 244
18 59 2219
64 12 1561
51 50 212
11 40 10
24 14 1988
38 54 378
30 17 1770
54 34 343
59 34 273
5 2 27
57 4 47
32 15 1867
48 60 4063
10 61 3567
43 2 153
46 11 766
25 25 161
52 62 37
48 44 343
12 24 58
1 21 2939
39 47 1282
62 23 379
32 19 1935
65 70 42
29 24 71
15 5 845
14 6 345
56 7 2210
33 59 327
50 2 16
65 48 376
25 68 0
49 67 6
17 41 589
53 26 460
62 42 21
45 26 130
67 26 2982
42 52 1484
26 53 207
17 54 68
2 31 134
59 50 1319
24 49 840
26 8 31
55 66 1031
32 56 6
39 51 3
39 65 47
23 11 594
47 5 236
61 58 21
35 4 347
30 40 388
3 43 71
6 20 1721
27 45 14
52 8 397
58 25 1447
48 50 86
1 4 1519
21 35 33
40 11 1017
24 48 312
22 25 151
28 2 31
69 44 109
39 59 222
6 45 449
52 7 120
52 24 16
19 1 103
64 42 214
44 63 1037
63 31 227
66 49 5
59 68 43
9 17 16
14 6 13
42 27 54
49 34 341
49 56 1574
6 10 442
41 37 1336
70 69 37
63 37 1995
18 28 66
48 13 207
26 27 2234
56 42 198
14 38 7
43 29 245
33 57 4
58 49 254
69 20 150
42 19 1753
55 51 849
17 28 1384
7 12 62
31 58 39
32 42 97
66 39 462
51 6 4005
68 46 106
59 37 16
52 43 55
3 57 411
26 52 4
62 64 73
27 67 280
64 70 77
22 62 27
48 65 24
3 46 60
30 67 777
39 30 96
40 28 1808
49 59 461
9 70 21
23 64 47
40 20 881
70 63 448
58 56 586
38 40 187
29 66 236
14 24 19
62 43 985
39 5 280
43 55 289
51 66 150
10 10 2265
61 21 138
11 36 137
67 46 2
65 58 252
15 45 542
17 62 188
47 33 1701
36 33 41
70 19 560
40 54 9
35 22 1252
24 70 560
59 29 167
25 63 2
38 43 983
41 67 147
56 3 59
35 40 59
8 62 185
12 42 1013
13 38 33
37 27 478
28 2 1166
10 6 19
25 34 28
63 54 38
25 29 44
63 46 3599
69 18 41
30 51 123
29 21 168
21 24 211
49 27 24
33 12 27
60 8 53
37 40 3
48 22 103
33 26 42
23 59 43
8 30 19
66 15 20
60 30 57
61 34 171
5 43 42
69 40 252
58 42 213
53 54 37
26 58 660
16 66 102
22 64 213
30 46 12
69 15 1000
60 53 543
33 62 1050
59 53 276
29 62 1827
17 62 1010
48 51 397
1 70 177
42 34 497
45 43 11
5 20 90
32 7 463
4 1 58
28 10 1548
11 62 94
47 65 643
59 6 49
5 15 41
23 60 16
65 23 1016
44 63 932
29 30 31
27 62 7
51 49 60
63 67 316
13 24 29
8 30 268
63 10 1
21 21 8
65 52 8
48 5 2292
11 53 11
4 33 33
64 19 1114
8 64 39
23 6 3017
44 61 498
36 36 898
63 66 1705
37 48 459
3 64 48
51 40 96
32 51 380
37 22 660
32 29 62
11 16 710
11 34 14
20 65 989
65 30 50
52 56 571
28 6 29
63 61 3124
69 49 46
57 28 61
67 24 480
40 48 121
37 10 451
36 69 874
23 4 369
2 24 50
10 24 1400
16 10 161
27 58 48
42 19 85
5 34 1896
6 47 198
59 42 143
42 50 3083
69 27 1730
11 1 2164
39 66 3254
31 37 114
33 65 159
38 49 46
50 29 7
13 69 174
46 22 999
20 20 1477
29 36 69
3 51 1323
64 63 2654
8 38 280
22 25 540
11 11 32
38 25 80
69 37 1553
38 38 69
27 8 1332
2 39 2419
70 22 85
45 54 16
22 18 239
56 65 253
37 21 30
10 52 16
70 16 147
10 56 2006
13 67 1296
31 69 94
37 18 680
23 37 2176
38 22 43
22 38 1026
19 49 89
59 33 1188
18 48 412
21 15 2650
26 27 242
64 41 104
68 55 53
55 27 2401
51 23 296
1 42 1497
36 42 231
20 5 60
38 35 466
7 67 246
37 48 149
61 21 579
12 8 17
48 41 881
24 24 266
8 9 3657
19 61 699
55 41 2973
22 23 114
23 6 3162
65 9 196
23 49 980
67 20 350
52 5 3188
41 69 859
19 33 630
62 23 1728
20 53 390
63 61 54
44 3 58
58 11 139
69 45 1023
10 13 32
27 18 3723
33 8 100
51 52 1327
26 40 114
38 61 458
64 67 352
16 46 4088
3 1 25
6 22 939
50 6 397
60 14 1623
42 43 2115
44 10 98
18 58 305
48 19 364
3 63 237
40 3 56
6 53 858
28 2 200
47 63 460
34 36 500
5 57 196
5 61 3819
48 60 22
27 5 81
52 6 3100
65 15 807
43 11 357
69 55 310
10 17 6
2 16 1550
63 66 932
5 17 481
58 42 1347
3 57 989
12 6 200
54 63 415
46 55 32
53 5 29
49 41 28
63 24 1879
3 56 770
39 45 138
47 41 151
10 13 1195
19 64 21
35 26 965
14 21 495
30 9 277
23 55 2876
44 4 222
63 50 16
11 13 1642
66 58 390
48 61 1929
31 38 142
55 39 408
2 20 53
46 19 135
36 4 893
5 3 27
29 25 1233
12 68 3292
7 10 213
57 22 96
52 17 792
41 39 121
35 3 232
51 19 175
8 54 2453
46 5 1020
55 7 52
24 56 481
62 59 0
41 28 433
28 68 17
69 63 73
69 23 474
65 23 12
56 43 6
14 68 71
67 46 1210
1 45 451
17 64 155
5 67 60
51 58 0
34 8 1
42 67 5
23 21 1767
27 64 504
45 45 34
30 12 155
39 29 1196
54 30 4
50 28 84
37 43 44
12 12 210
26 33 250
35 64 56
46 52 616
38 38 40
63 53 1462
42 64 0
2 65 31
14 41 989
8 46 15
2 29 286
13 11 100
44 54 107
11 55 4007
28 42 51
63 65 113
62 51 1205
29 1 22
58 53 15
40 49 3506
27 45 79
1 2 136
31 5 2027
68 24 392
51 57 16
25 18 31
35 40 114
8 40 57
14 55 155
49 68 683
31 54 83
30 3 24
45 48 177
26 41 121
12 17 143
22 32 283
27 21 30
55 48 505
9 13 1878
17 53 144
11 40 689
4 25 127
45 46 63
68 46 165
22 67 52
1 20 162
30 5 26
35 35 103
20 15 37
47 37 237
48 9 43
5 10 7
8 32 52
68 23 300
20 28 92
32 58 63
38 47 156
70 8 956
24 7 894
13 37 110
47 34 15
3 18 238
58 39 5
14 59 111
66 56 3
55 58 306
13 37 50
31 29 31
24 44 143
54 10 676
8 17 59
1 16 112
56 65 78
3 5 482
15 63 59
43 48 2278
25 29 460
29 49 1832
56 12 34
32 52 1805
17 5 59
36 22 3758
46 14 402
33 70 3501
7 57 11
69 40 86
46 22 1531
51 63 1614
3 48 46
62 51 391
36 28 22
17 47 269
23 3 18
37 44 49
51 20 119
57 59 39
23 23 11
50 33 33
58 13 13
44 70 497
42 55 142
32 37 32
48 51 213
13 58 39
19 52 20
46 35 2
31 63 17
8 70 67
46 56 825
41 66 211
26 55 915
21 60 91
2 8 36
68 49 117
28 28 42
44 37 727
28 8 111
54 44 3959
4 53 368
9 34 127
17 25 2010
16 19 111
37 17 159
15 10 76
43 23 963
51 17 397
57 57 42
44 42 308
11 46 32
1 36 103
38 17 126
65 55 440
68 60 68
18 40 3695
45 10 55
25 60 184
18 32 432
47 13 757
42 59 196
51 12 1881
65 24 601
47 23 242
9 43 82
16 47 1950
36 55 65
44 49 1070
30 24 223
5 43 690
8 4 383
45 26 877
60 30 3062
6 39 484
60 1 160
62 38 36
22 64 1734
38 18 50
4 19 47
36 70 574
8 46 1099
47 56 58
46 16 338
24 4 3429
68 28 624
26 51 8
69 49 810
31 37 451
46 23 936
13 41 3358
40 42 2497
40 70 992
16 56 190
21 28 859
44 38 839
15 67 76
57 57 16
60 64 48
55 46 466
48 38 213
49 51 21
65 51 12
20 2 478
44 24 1456
7 2 216
39 54 479
52 48 20
19 9 28
7 37 291
37 38 71
49 28 219
29 36 232
62 10 500
4 4 4047
57 19 48
6 44 491
69 2 117
63 46 2118
46 63 29
7 36 2762
39 43 33
54 5 20
60 27 193
11 48 1266
66 3 61
64 16 477
52 7 124
63 12 244
59 7 380
9 28 1703
37 9 363
20 28 1826
65 21 1935
26 64 12
21 41 50
61 61 107
35 9 627
46 65 73
60 22 308
38 4 149
27 18 65
22 17 295
69 15 146
58 61 198
34 10 1319
30 37 49
22 30 868
13 43 229
40 5 1557
9 70 217
32 40 266
2 9 6
59 26 3730
64 27 1054
64 1 440
59 31 109
45 13 16
70 17 141
69 27 21
44 17 9
31 5 476
62 48 377
23 1 1265
28 46 67
1 44 387
66 56 311
62 54 344
34 6 73
52 48 1593
44 65 27
3 47 112
31 7 3786
3 26 227
41 46 1326
20 63 7
41 28 28
34 66 120
27 25 46
22 10 243
48 42 3635
62 33 75
55 26 69
29 54 67
38 17 1005
51 34 19
7 64 68
67 69 127
59 15 93
14 3 1227
37 21 771
11 13 363
64 67 1110
17 30 14
29 56 26
47 9 69
44 3 272
30 3 63
21 20 52
69 29 195
23 53 104
63 49 4093
6 30 84
53 21 474
12 35 26
55 47 11
41 9 931
66 12 18
5 8 414
70 32 154
44 54 263
47 62 124
59 21 978
67 62 910
68 28 142
2 53 3153
4 1 1820
46 9 209
62 35 682
3 41 361
42 59 58
2 11 3586
24 58 1066
43 15 1081
60 27 658
68 15 105
38 55 16
21 3 807
3 4 121
3 28 795
63 48 13
4 11 1416
48 6 49
65 3 321
58 68 1117
40 14 1309
35 3 16
41 7 67
52 10 751
49 12 272
25 20 2580
57 48 3164
43 4 365
18 33 95
20 52 24
8 56 1398
57 32 1519
69 49 259
28 62 38
63 27 2344
22 14 10
70 6 120
60 27 1
40 47 23
41 9 1781
70 29 6
17 16 806
67 55 2373
68 11 298
36 58 57
21 56 393
65 46 92
70 59 1944
61 48 521
44 53 1396
5 10 98
38 61 26
18 70 307
63 61 23
15 22 358
38 41 222
13 18 273
14 6 1996
39 55 456
68 54 153
53 49 568
64 6 216
30 58 20
1 2 80
21 33 509
36 31 3414
32 29 23
66 10 1671
13 10 35
8 6 740
26 54 14
66 41 4
50 31 480
16 56 74
59 56 88
51 39 2
20 42 623
43 32 226
25 43 2466
15 1 72
38 21 31
50 69 100
9 41 19
70 53 903
33 22 288
15 50 52
3 24 484
42 8 382
9 24 3
67 12 61
34 14 5
70 62 45
30 57 74
27 55 279
59 37 1750
18 15 10
42 2 447
63 49 6
70 50 33
55 25 40
12 20 9
57 47 171
62 52 10
43 28 43
55 62 915
52 8 38
44 56 261
44 20 29
3 52 57
7 65 23
20 26 14
63 41 51
50 16 410
32 35 625
66 59 50
3 43 1202
53 13 1747
60 65 2814
9 64 928
1 50 173
40 52 252
10 2 3131
59 59 380
46 5 493
40 27 246
10 68 12
33 46 6
31 48 35
18 53 568
25 14 4020
13 68 60
17 24 1981
5 63 673
43 47 404
52 60 146
51 18 70
5 66 884
39 48 541
1 8 145
69 65 1854
37 64 88
16 64 995
17 46 167
51 36 52
5 68 31
35 63 153
20 30 11
3 54 986
1 8 97
13 47 115
48 19 247
65 8 12
42 53 16
51 19 40
48 67 3
20 13 101
37 15 15
36 50 1044
11 33 55
44 35 33
21 7 19
47 49 55
67 53 308
9 55 85
42 28 333
34 55 527
50 32 204
37 50 77
60 49 89
37 25 4024
70 52 75
19 38 1
28 4 323
21 65 1463
40 11 42
51 56 258
18 66 495
46 29 321
50 5 227
17 37 74
42 52 64
34 37 104
2 7 903
51 55 920
33 61 36
58 28 341
18 4 1624
55 61 57
63 47 3684
19 50 991
24 67 774
57 24 1585
17 45 149
20 3 78
64 67 875
63 9 870
27 50 651
55 27 17
15 64 5
59 51 79
58 62 8
41 64 3020
27 14 34
38 35 54
14 28 273
56 41 156
35 45 121
42 53 97
20 25 45
67 51 50
54 31 73
70 21 2370
63 47 355
21 53 1354
40 37 5
33 56 779
9 34 69
26 69 27
54 8 207
64 54 124
24 30 20
27 40 60
36 65 448
60 17 741
44 37 34
62 38 15
52 9 332
39 41 953
1 29 940
24 62 21
5 3 993
2 45 47
6 55 69
22 47 133
61 46 417
56 55 92
64 11 2242
21 28 516
28 53 51
26 57 7
3 53 402
58 23 41
3 27 107
62 18 201
17 26 98
70 10 701
54 17 2150
52 25 25
15 50 3709
16 51 254
39 61 84
60 52 164
61 17 441
19 52 577
43 20 30
38 44 149
52 29 507
23 45 1342
31 53 1211
54 58 605
32 2 959
53 27 73
31 16 378
67 26 71
2 2 29
31 52 0
13 35 5
52 28 94
11 36 277
24 45 58
2 68 42
9 5 46
46 61 145
62 24 21
57 66 107
21 50 512
55 33 105
40 15 34
40 51 401
60 70 183
67 65 1715
25 39 2611
28 38 202
62 40 17
31 65 226
50 52 108
48 52 561
63 4 44
42 36 1619
35 44 1888
67 37 262
57 58 3901
41 38 1581
28 67 410
3 30 61
11 19 38
9 18 451
4 33 3422
34 40 68
58 51 196
48 12 29
46 7 612
44 23 887
66 7 14
3 39 159
35 27 52
67 23 34
39 67 33
49 8 533
54 50 36
46 24 72
30 18 35
24 20 89
39 31 105
20 64 1355
26 67 74
25 22 987
51 2 380
13 11 87
63 57 77
8 3 51
33 29 112
10 47 139
26 20 61
7 35 9
16 57 785
17 34 74
45 65 56
49 17 113
22 65 257
44 34 164
68 31 145
10 53 5
4 21 513
69 64 215
65 27 68
16 46 107
47 23 97
32 42 903
67 22 11
20 3 62
68 26 124
49 13 466
61 54 43
15 23 110
9 14 665
37 40 45
35 68 97
58 36 852
50 1 83
67 67 1051
64 25 62
30 62 30
6 38 1074
46 22 1732
6 57 71
22 46 976
46 38 531
57 25 68
62 24 267
69 33 221
8 64 176
63 3 140
37 22 364
7 47 298
20 1 11
10 51 823
25 51 198
14 60 43
31 27 11
27 66 228
22 18 198
16 68 255
67 55 55
39 23 346
62 44 152
68 61 390
31 24 1352
50 25 34
13 69 381
42 66 17
36 15 8
40 53 16
70 59 304
14 53 171
46 57 82
2 25 56
6 56 88
16 34 3067
45 15 1886
62 39 521
68 35 1488
31 69 610
54 60 1831
61 37 204
52 24 1667
46 65 98
13 64 45
37 9 84
59 61 75
14 65 128
43 44 71
50 10 69
63 43 553
66 35 6
60 46 1132
36 34 178
15 7 293
29 17 117
2 13 277
42 8 1217
26 39 1513
11 30 923
56 6 1851
53 43 863
52 10 3527
54 63 940
29 22 810
32 57 21
68 60 991
41 58 423
10 14 429
48 50 49
40 26 31
9 40 72
54 30 502
39 46 75
19 48 146
34 29 54
17 1 417
49 63 51
7 7 3706
20 41 247
45 65 142
52 7 89
28 25 39
20 37 2331
2 30 1401
26 19 28
1 3 213
20 34 468
11 12 362
2 57 6
67 70 1772
37 38 1030
25 43 5
58 56 40
37 1 1827
18 33 439
33 58 4
61 46 45
8 42 101
36 52 101
69 48 112
62 61 60
40 23 111
34 60 1593
70 44 178
43 50 2073
6 2 31
29 33 218
25 59 54
26 8 81
34 51 72
19 67 25
52 41 657
24 17 107
50 9 894
54 34 1
3 9 86
13 6 12
42 69 16
45 61 1773
27 12 123
46 26 185
48 65 421
5 5 18
21 56 159
38 61 432
45 47 167
15 7 891
39 25 408
62 15 64
70 55 406
16 37 1398
11 45 338
34 8 395
20 31 460
8 12 55
69 1 3330
51 16 35
46 43 7
25 18 60
44 53 27
19 42 260
25 14 59
41 54 879
35 19 472
9 57 32
23 35 500
21 48 843
66 51 116
31 8 631
33 49 64
3 60 179
63 62 154
60 59 898
35 62 485
17 70 221
1 36 2833
12 5 181
55 6 185
12 29 246
41 4 1523
54 21 192
48 4 807
19 30 146
62 27 392
29 20 82
26 23 177
46 55 84
58 40 590
2 33 48
34 36 44
34 30 14
58 5 423
24 52 526
61 32 87
39 21 47
34 46 286
58 22 792
29 21 152
25 70 915
13 66 107
32 9 112
67 66 1267
17 18 112
29 60 59
46 17 104
26 65 37
6 36 967
33 17 46
2 46 48
54 62 37
9 42 666
21 65 678
14 53 590
38 9 19
28 23 19
2 30 236
3 16 169
14 20 100
45 47 1964
25 22 13
25 59 436
29 25 78
50 16 333
55 4 31
14 32 128
14 57 22
70 44 106
