70 2000
||||||||||||
66 27 1424
51 59 2953
69 30 2487
29 65 2190
18 2 3858
28 37 3217
14 23 765
51 47 3650
45 54 1583
28 23 3355
16 65 1912
44 5 1575
12 13 1263
60 68 2996
6 15 1130
52 20 3246
18 24 805
44 54 1563
63 47 1285
53 44 2304
61 4 3497
15 22 3002
17 25 2800
37 65 2640
25 40 2069
22 36 2532
52 67 3828
68 56 3456
15 52 3629
8 56 2465
9 19 1541
57 10 2493
59 25 1990
42 20 923
58 22 248
15 66 1565
50 4 3359
60 17 3662
20 46 1084
70 31 2714
11 8 596
39 25 555
40 67 3557
20 50 1142
30 58 1442
26 41 2267
34 20 1271
51 25 3035
30 25 161
60 61 1287
38 57 3402
26 29 3919
15 64 1879
44 50 2121
10 19 2857
63 4 3485
62 51 2218
8 10 903
8 28 1147
60 24 569
31 66 689
29 36 3135
47 29 442
7 65 3839
40 7 1766
50 5 428
50 52 3990
24 56 500
16 57 1103
15 27 1693
61 15 1089
13 65 3555
64 5 792
57 2 2744
12 56 200
38 5 1464
13 52 2710
13 18 3560
29 54 1311
25 44 3746
28 56 3236
9 49 1955
12 56 3774
47 53 1116
25 49 568
55 68 3787
4 61 2470
63 15 2945
5 52 3099
41 53 3896
22 2 3678
28 55 1340
27 33 1953
69 52 3995
31 18 3680
30 20 3662
5 5 2890
6 51 2358
38 45 1082
66 45 2249
18 34 1573
33 19 2849
34 28 2880
12 26 93
39 31 1043
68 1 768
25 32 3096
44 53 3222
57 58 1581
53 60 3506
62 61 1096
67 55 978
49 33 2667
16 11 3852
62 3 802
62 51 162
11 17 190
58 19 1466
30 31 2491
14 21 4076
66 63 2048
5 59 1732
2 24 704
60 52 4000
44 18 2990
70 51 3304
48 19 3259
17 40 390
5 19 3232
15 58 3265
43 49 1249
46 5 1560
2 33 1804
17 61 1092
7 62 3789
19 57 3724
62 59 225
24 5 1903
19 30 618
41 65 1759
59 30 730
27 4 3302
57 31 357
64 62 2966
13 57 2913
45 20 80
69 20 1441
6 12 3149
44 69 3587
48 68 3868
66 66 2928
11 50 1838
10 65 789
64 59 1359
31 9 743
13 59 3436
51 50 2150
27 14 896
68 47 2457
60 49 1451
14 52 1875
64 41 2924
42 65 2791
8 1 3244
56 38 3267
16 27 141
21 5 3971
5 29 1793
5 42 445
3 62 894
52 22 439
66 38 2627
17 28 3160
18 59 3760
35 31 3673
34 2 1438
45 44 2058
33 69 2961
58 51 3862
5 51 3857
5 34 997
37 30 836
6 41 725
41 51 1590
49 55 2327
23 2 2325
34 64 1662
57 63 3601
27 41 1773
18 70 2581
30 58 2794
3 66 899
43 28 330
36 32 800
70 22 1238
43 26 649
46 70 318
62 19 1985
32 38 1736
63 3 523
51 15 2089
45 66 599
62 53 1462
32 5 3255
51 60 2650
55 31 2101
19 69 1391
9 38 3018
53 20 1595
52 23 454
44 43 3599
11 43 3012
17 51 968
22 47 67
5 54 971
8 47 2465
69 47 574
16 10 1444
48 45 3164
11 41 331
56 22 3079
5 4 2457
70 11 1652
5 20 2925
19 62 2443
36 12 2204
3 19 2608
49 28 1418
6 67 2971
31 61 1597
13 44 3256
49 30 190
44 40 2613
65 62 222
11 41 1886
21 68 3737
54 42 3785
4 6 2404
68 11 1
33 38 3408
61 42 2379
28 59 4006
27 53 833
47 64 1428
42 3 2315
63 33 2576
37 14 3729
35 28 2262
58 42 3291
21 46 3782
27 43 3245
34 51 67
48 61 1564
7 8 2036
7 47 2104
64 45 1057
31 35 164
54 46 3555
20 47 2451
68 13 3635
49 34 3351
38 63 440
1 52 1288
61 10 3904
57 20 3751
14 52 3684
33 61 1054
68 37 2211
9 12 1223
5 57 3328
40 53 2164
48 44 2511
49 43 3239
58 68 3513
40 57 868
21 17 4072
40 60 872
53 67 2965
59 18 552
57 67 3080
7 20 304
68 35 3404
70 30 1673
38 62 1813
32 9 854
13 10 1782
62 33 3604
7 69 2780
11 8 1715
70 53 2768
40 67 3981
61 24 1537
61 47 902
10 19 1441
7 51 1977
49 4 670
65 15 4078
43 3 1251
11 7 1971
11 13 17
61 29 1470
34 63 598
28 21 3526
41 34 3729
61 35 4066
21 32 2689
21 55 901
7 64 3810
16 16 3424
16 66 1568
66 56 4033
38 17 494
30 31 4052
45 36 1826
37 2 354
31 48 3311
4 60 324
58 48 2573
18 45 1990
55 4 2368
47 28 1707
5 69 2710
61 61 2636
9 51 678
43 35 570
3 63 649
36 12 1254
40 37 2278
17 67 1809
34 52 3161
19 29 1083
32 12 734
61 49 1445
66 53 1219
7 9 624
53 46 3619
60 55 3059
36 22 2452
49 41 1324
2 36 4076
55 37 2523
66 60 2783
26 58 1052
56 52 4030
63 68 768
61 42 294
12 68 5
32 58 2001
8 59 3979
48 58 292
19 34 3523
10 30 1466
34 42 852
32 29 3076
18 2 307
38 19 2318
9 53 2737
53 5 408
35 1 3624
4 65 3136
41 59 2080
69 17 3482
25 9 2668
58 27 2664
61 29 1167
68 68 554
36 14 1999
20 47 2449
39 1 3458
17 11 3108
56 58 3012
46 17 391
70 28 2458
41 59 3840
30 65 1625
8 45 1208
21 16 2993
31 53 2236
50 27 484
40 62 1171
15 32 3713
46 21 2758
16 38 2762
18 8 3398
16 18 1683
30 31 3279
68 22 2820
51 27 47
2 19 407
42 15 3969
15 1 903
14 21 3517
6 2 2946
28 34 793
27 19 3668
2 4 1840
1 27 3790
70 57 3750
8 35 2391
51 24 2547
65 49 4073
7 49 4012
7 42 2313
56 42 1842
69 66 2677
62 17 603
60 3 886
29 65 1939
45 33 1794
68 3 1743
66 36 3890
50 31 3173
59 28 3611
58 55 3205
50 29 2732
44 60 3065
66 36 2536
65 57 1668
9 10 1320
43 68 3819
35 26 1876
16 49 3082
42 40 3450
3 36 2714
13 13 3756
37 10 2854
50 36 1244
65 41 275
65 8 1626
37 2 2318
20 56 2647
24 17 332
63 51 1363
68 58 1237
2 66 1317
50 26 2222
2 63 1400
70 70 584
50 54 1408
29 64 39
21 30 3771
65 20 1234
2 18 496
67 50 1247
15 45 211
51 68 2773
5 70 246
68 68 1236
20 51 317
31 41 579
44 10 3050
8 6 1926
42 64 2367
21 52 1764
67 26 2236
42 64 1804
13 49 750
30 38 180
18 39 1213
54 22 2722
53 7 3663
54 28 3866
23 6 2308
29 45 3076
48 4 2622
29 26 2016
32 9 3666
65 34 3576
52 54 202
15 67 1003
45 8 3899
31 18 2604
15 29 1913
48 11 3376
12 20 1873
66 32 146
23 23 1527
23 18 26
69 14 2599
40 29 1658
37 65 3009
7 41 2337
39 48 98
48 67 3510
50 36 3815
32 41 75
51 14 3028
9 46 1029
50 48 7
58 11 181
52 4 3838
46 61 1906
10 38 1091
4 62 3406
59 44 3673
25 14 1791
18 11 434
56 65 3272
60 1 1673
31 65 632
40 4 818
60 51 402
40 66 1928
24 17 247
29 13 2713
53 21 3969
3 56 777
62 49 4004
12 36 716
12 55 3283
38 23 1037
15 36 1834
39 66 69
6 64 476
46 46 3561
64 7 873
37 23 2394
24 50 2214
12 51 2295
50 23 3427
28 58 1864
15 27 3426
10 38 2273
7 4 2329
19 15 1878
47 5 3968
15 23 2847
30 65 665
61 23 2225
1 24 3309
24 40 2733
62 53 293
25 17 2312
12 39 1758
49 25 2181
28 51 1103
37 26 979
16 54 3450
62 12 2610
36 19 867
46 37 1797
30 66 540
14 43 3645
39 60 1204
39 61 963
39 2 1310
15 33 1737
29 36 2238
21 43 374
8 62 2429
36 3 1269
43 69 243
29 40 1674
23 39 2758
18 9 2288
58 61 4052
4 14 3223
53 59 4075
14 68 1872
52 2 1317
45 64 3933
51 69 1433
50 16 3305
66 66 1787
29 20 2358
37 2 3499
65 63 2780
64 13 482
38 21 2114
30 37 3676
54 58 821
53 51 2978
34 6 1541
19 32 2258
23 23 2646
62 24 3696
57 1 1637
4 70 2325
55 66 3269
49 58 1679
8 38 1251
35 10 3748
25 28 487
6 51 3177
55 67 3705
39 48 1798
60 41 1444
63 59 2611
50 6 3380
16 44 113
3 25 4086
38 48 3177
38 38 3602
40 9 1820
45 61 861
20 29 1704
69 62 1429
66 65 983
8 47 1856
22 34 1371
1 6 851
63 32 4077
36 29 2891
59 22 2494
21 29 20
5 5 3364
5 16 2380
51 12 3047
45 24 1335
25 46 538
62 45 3573
22 50 353
2 69 3878
62 20 3718
36 34 242
27 48 336
26 46 4041
4 27 2036
40 63 2434
61 39 2149
66 34 3996
36 60 1244
10 42 483
36 48 3841
17 64 2347
23 40 742
28 9 2643
9 4 4007
36 40 1227
34 60 4003
34 15 1398
12 1 3481
48 38 3443
26 67 1948
5 69 1373
13 29 3239
26 24 2237
48 8 3115
51 16 1488
8 52 2283
46 45 2131
46 51 219
33 69 2591
24 45 1755
20 56 632
66 53 638
46 46 2550
53 27 3952
32 62 853
46 2 3358
9 19 2104
49 61 1621
37 15 489
67 18 2650
24 35 1197
27 44 3569
48 25 1805
24 67 4077
36 55 462
60 2 3973
58 65 833
56 10 3855
51 54 1027
47 41 1881
36 49 3606
64 62 3166
42 5 290
29 46 3172
48 52 2579
51 28 2568
30 18 4041
60 67 667
20 26 597
34 61 459
6 29 322
47 35 247
59 42 1556
69 46 259
45 22 358
34 55 1702
33 17 285
22 9 1935
19 42 1038
13 59 1307
67 35 1276
33 44 2625
14 6 2474
68 32 1204
34 41 83
39 50 3815
4 52 2651
65 62 3868
56 33 1594
38 68 1350
21 56 543
26 4 3487
37 64 2622
16 33 3183
55 35 3547
27 65 2858
61 30 694
10 70 3789
27 32 585
3 27 199
6 24 3857
34 66 142
65 7 987
5 5 3640
58 14 3277
66 62 1931
57 55 3935
4 56 1727
18 17 361
26 12 4068
30 6 2272
47 16 1090
39 6 3532
42 17 2879
60 39 2498
51 25 3434
35 14 1827
5 49 1790
64 58 791
70 15 32
21 59 483
39 52 1764
26 11 2733
6 5 292
63 64 2337
20 7 3295
55 12 1992
43 67 93
16 5 2858
8 64 3666
51 61 4013
46 27 968
53 48 1025
5 52 3191
12 52 1051
68 66 3155
14 32 2198
30 41 110
20 55 3551
14 8 3355
24 38 2514
56 67 4059
53 32 3648
24 52 166
69 64 3719
25 44 3972
20 2 3239
27 27 113
66 7 563
16 11 3786
24 47 3713
59 53 1036
57 63 2328
28 14 3142
6 25 368
13 16 2056
15 35 3355
45 38 2749
32 51 2692
35 14 3406
38 11 736
19 2 1063
16 68 42
28 45 3734
43 63 2465
16 59 3769
42 57 1065
17 60 738
45 40 3369
27 53 3440
13 12 2909
2 53 1957
44 23 621
10 40 3805
11 46 3277
46 3 3196
60 49 1090
43 45 2863
41 68 685
46 54 4074
6 21 2773
43 58 1438
28 10 1913
44 1 2103
8 21 3540
57 47 2309
52 38 962
44 55 3394
67 13 308
61 62 3056
48 42 161
3 32 2999
58 49 1397
22 49 3561
18 4 2030
10 23 2435
62 61 634
33 22 2477
58 43 3327
36 21 3088
40 49 3692
5 27 2168
39 44 695
69 52 3064
33 5 3022
10 53 3143
40 35 3516
38 50 3026
35 15 3597
62 30 2585
15 27 644
60 35 81
55 9 855
4 68 1033
48 65 2480
62 1 3722
4 45 2243
13 46 3430
50 7 71
63 63 200
41 70 663
29 52 3518
2 45 1680
4 63 2822
35 22 3234
44 16 1116
3 6 3960
43 42 3586
56 49 75
39 62 2269
43 22 3751
16 44 2494
28 48 1347
20 70 1925
23 64 1295
47 26 166
3 26 1210
9 53 2721
63 6 2649
38 70 2860
65 34 631
53 6 374
4 53 2096
53 47 3618
43 48 717
46 5 1351
54 12 960
17 65 1829
14 44 3269
11 43 3290
2 10 1438
54 55 1895
39 46 1449
29 56 3885
47 64 687
28 1 3908
64 23 1702
22 64 2448
62 46 2095
43 25 1908
40 37 1901
42 33 3296
22 39 1106
61 67 3189
65 3 795
45 18 1084
8 62 2064
66 58 2866
17 53 746
8 36 593
43 54 2248
18 34 409
26 42 916
7 20 2794
53 4 411
19 2 1652
52 70 3950
44 20 1647
62 36 665
68 58 1334
17 25 1728
32 21 2183
33 48 2660
67 3 1250
59 8 2968
42 68 563
4 48 1289
46 24 2984
6 40 321
18 47 3227
21 55 1826
23 28 3944
5 16 3029
69 33 3350
13 40 2821
33 62 1738
15 15 1785
27 59 2977
56 43 3844
10 10 3404
43 51 957
33 60 2325
69 66 1033
2 5 566
48 70 2131
32 33 3884
68 42 1307
70 16 129
1 45 2812
8 8 3568
56 42 382
67 42 2524
68 56 3895
15 56 658
67 2 3879
52 67 2702
2 11 2445
27 59 55
42 38 400
50 28 1649
8 39 3640
57 21 909
10 2 1092
23 30 2370
19 43 2835
41 22 2374
9 5 2272
70 70 2687
70 43 1389
69 35 2647
12 25 1359
10 58 1488
1 6 2818
47 5 3092
29 61 1688
20 67 2697
25 36 809
35 25 4055
19 59 1829
69 40 422
48 5 2411
60 20 2844
61 43 1153
7 17 2000
31 49 3863
36 12 3956
19 13 4001
6 27 3981
23 13 2937
39 27 1478
60 43 2624
12 59 1435
41 21 940
21 4 2873
11 63 2027
33 36 3424
23 12 2558
33 22 2276
48 23 2365
41 15 3069
26 25 1530
32 20 1686
45 22 1851
24 67 3252
66 56 2721
15 66 3357
4 16 1303
36 31 2622
21 42 679
8 24 2019
61 66 575
37 51 3450
55 11 481
21 55 393
62 13 1902
48 7 213
6 31 1716
58 52 3338
27 23 816
38 43 151
40 1 1327
65 48 670
45 36 3595
17 8 2335
9 20 479
41 23 2510
58 14 1496
7 44 2739
35 47 2403
20 35 1025
9 30 811
58 53 1845
36 38 607
52 17 4041
8 18 475
30 49 3235
4 70 1164
62 50 510
47 60 992
44 16 2077
28 6 3188
1 47 2994
5 55 2373
43 43 884
25 9 1397
47 20 2224
63 57 1550
46 64 644
21 34 2352
10 12 2358
6 39 3697
13 2 3409
12 20 3717
12 36 367
52 42 3205
68 8 853
37 21 2930
59 52 3106
13 10 3231
17 33 1151
34 2 151
13 28 2775
9 49 1694
44 42 1885
16 45 192
60 62 3087
35 49 154
38 21 2082
2 14 418
27 17 3346
53 40 1571
40 44 2163
54 4 1527
28 53 322
40 1 951
45 54 3215
24 29 3554
59 49 1720
47 11 293
63 4 3524
62 31 2705
43 27 3108
21 51 53
37 28 2631
41 24 1587
46 14 3007
67 54 577
45 30 1881
22 12 1326
41 61 147
2 27 1255
48 22 360
20 19 1305
42 46 1468
68 59 2241
63 10 2609
30 36 1269
12 33 953
55 63 732
39 10 3897
34 47 2783
43 67 1529
6 29 323
70 19 784
10 59 3881
9 64 60
4 26 2599
57 69 3403
54 42 3231
51 69 139
55 39 292
7 53 1076
54 66 3738
66 33 418
37 42 3760
43 30 2417
16 45 396
16 46 2368
66 8 3347
41 36 1177
15 52 1056
20 29 3597
62 26 3277
59 13 4004
24 26 2323
5 5 3028
35 26 145
6 30 1756
27 27 372
46 56 3399
6 34 54
35 14 1536
29 4 4066
16 45 1752
48 7 832
70 68 2377
51 41 2252
10 2 2422
64 50 18
7 9 1654
24 57 576
24 14 3307
1 7 3503
67 44 2180
61 49 1453
53 64 2411
20 60 4039
29 51 207
53 68 2690
19 3 3426
12 64 1395
30 68 2184
62 40 432
55 1 2243
70 22 3295
45 15 2122
13 49 2314
27 54 1368
68 48 3720
31 50 2596
10 45 405
11 28 1765
29 32 2257
60 47 3137
57 59 1074
21 47 264
20 20 2903
65 69 1069
13 65 964
26 52 3831
3 15 1350
22 5 2408
29 19 2337
26 33 3212
16 37 1260
2 8 2147
32 14 3375
6 19 2911
34 53 1758
16 64 3602
4 23 3066
9 66 3654
49 18 2236
22 35 3856
47 25 2688
30 55 2781
14 14 2685
2 54 3453
52 26 1895
39 49 2793
31 16 2492
36 25 1410
19 4 358
5 29 814
19 56 3688
29 49 2090
70 10 2101
19 7 2415
13 4 2100
7 37 1469
19 26 3827
22 13 2403
56 43 2830
15 25 2594
26 52 3687
66 43 601
34 14 632
28 18 1409
42 16 2159
60 29 1633
11 15 2786
5 14 2935
67 58 3122
31 70 1650
55 31 2797
53 25 3128
58 36 2483
36 9 354
69 17 3874
39 38 1170
19 63 1567
6 42 62
27 23 1803
1 17 3575
60 35 1285
9 27 228
28 57 3643
11 30 270
16 55 1528
9 53 3455
58 53 2696
67 2 1836
48 69 3342
25 44 3832
9 66 2469
52 55 2305
63 62 1579
43 51 584
12 21 453
64 32 2243
19 60 3252
23 15 2388
32 13 5
44 51 1792
43 3 339
29 22 1562
31 51 2257
5 3 1562
27 35 2863
54 36 3036
35 32 1661
28 60 3078
25 70 3235
12 44 400
48 15 3402
53 25 1239
56 45 1658
66 64 4058
49 45 2848
24 68 2619
46 43 1855
41 62 53
32 34 561
1 7 1642
24 3 3254
63 40 864
30 54 2751
6 57 303
58 52 3021
49 23 1700
16 34 279
49 28 1084
7 59 3290
49 19 242
67 68 344
35 31 1549
61 66 3394
61 67 2785
20 6 1397
41 25 3350
34 13 1134
29 40 2643
28 51 1885
15 51 1119
70 39 2817
37 6 1909
53 50 1916
16 48 201
20 38 4026
17 28 3326
22 53 813
47 67 1241
40 38 1284
43 70 554
63 66 3756
2 35 3224
4 19 2057
47 34 3714
57 24 1697
10 3 3604
53 10 1002
29 28 3268
5 49 3688
64 20 554
2 48 1568
36 8 712
10 14 789
40 53 2465
56 16 1100
10 43 1761
45 49 1564
41 17 1507
57 8 2027
48 4 3639
56 38 1821
27 61 3057
70 41 423
27 63 2593
52 59 2235
67 50 2629
54 37 405
40 47 3938
28 34 1830
49 9 2451
29 61 2634
13 31 1550
10 60 2832
25 8 2283
61 18 198
40 32 667
15 59 277
19 57 3639
69 32 1301
28 51 1553
15 3 328
27 15 910
6 27 3184
15 56 3911
53 38 2173
41 59 1511
70 7 2177
29 7 613
64 28 1699
5 60 3597
11 3 2698
7 6 967
58 63 2764
66 21 1912
17 23 1318
30 25 2707
2 15 576
70 4 3
3 31 1748
55 16 2675
67 37 76
23 64 4087
34 14 4013
2 10 291
54 9 4055
23 44 1108
61 69 3786
56 70 672
57 55 3233
44 13 2126
21 14 1981
69 14 1237
1 51 3415
21 61 3412
36 70 1254
39 5 2803
33 9 2050
30 61 1135
10 46 1460
39 67 1800
18 66 1978
14 51 2712
19 8 702
49 45 2727
4 35 241
2 1 223
56 13 318
25 8 49
61 27 2063
66 31 2068
56 1 2887
59 50 3887
13 20 1892
53 33 937
24 14 1078
59 57 1624
20 35 3689
2 5 1923
22 44 3006
53 36 3334
37 18 188
46 8 2431
7 52 970
41 19 2066
27 67 230
64 48 1011
59 14 2405
18 14 857
38 68 3073
17 22 2516
47 64 786
24 57 2182
65 38 1927
4 66 3191
17 44 1525
5 38 693
33 61 1656
68 19 3208
43 10 3476
49 10 682
7 21 2358
27 8 3749
33 16 2702
35 69 3037
6 55 2330
57 24 3550
60 38 2416
36 49 3547
9 29 2164
70 57 31
22 17 969
9 56 43
16 42 2462
56 25 2032
31 2 211
15 68 2906
2 4 2837
55 61 989
15 59 47
1 2 3167
42 27 1005
53 1 2535
3 23 3726
46 16 1573
12 60 980
52 24 3411
63 20 2957
33 18 1369
67 58 3012
50 1 37
70 30 2358
41 38 2345
19 32 2616
15 32 2554
5 51 2835
52 68 1011
36 36 1061
56 47 1322
17 15 3288
61 5 2063
38 66 3431
69 46 1282
29 63 2706
50 33 1379
51 44 757
24 42 1755
46 34 2481
47 19 731
27 67 1653
4 56 836
31 15 2483
64 48 3280
7 33 408
68 41 3098
7 9 336
59 3 3125
6 12 1709
36 42 985
67 19 2344
53 8 3284
54 12 2229
6 13 504
57 46 1500
5 36 560
43 68 3457
46 63 587
24 22 1627
30 60 1071
58 5 1538
38 34 1568
28 32 1049
16 35 1443
24 35 2632
68 49 1863
70 65 669
48 12 2131
43 34 1484
35 56 1413
8 69 2003
33 40 601
36 12 1361
55 36 1592
50 33 456
52 36 1415
56 24 1058
43 65 1550
48 65 4062
4 32 3997
35 19 164
42 41 3903
45 41 2984
6 39 1453
15 43 3628
53 9 2162
3 35 902
61 44 2034
60 70 75
69 52 543
56 19 2755
10 13 1285
30 55 2455
17 11 909
12 43 3953
68 19 1253
30 26 2462
37 43 1359
8 59 3361
27 43 1698
59 5 1188
36 54 475
25 37 1184
41 46 4052
21 19 1312
19 30 1318
48 33 3029
46 61 2928
16 41 926
28 7 2564
9 8 2709
26 30 2819
60 51 2322
26 32 383
5 3 1901
40 62 186
12 21 1145
32 5 1059
53 14 1644
62 61 2468
19 58 3141
34 4 1780
29 38 2615
29 2 1496
69 55 1764
37 45 2443
51 60 264
42 59 2109
1 9 3592
18 48 2501
19 49 406
6 30 562
60 13 4093
55 43 336
47 24 1252
52 25 790
1 47 1909
43 27 1974
37 24 1511
13 9 1967
19 41 104
42 34 1887
18 41 741
36 22 3582
23 21 3212
23 62 1231
65 19 3156
70 8 1050
1 29 3127
7 38 571
43 36 914
37 43 2848
30 19 194
61 40 2499
61 50 815
63 66 335
62 4 1305
65 6 3693
20 39 1729
70 10 402
63 56 3337
57 70 3574
3 47 27
25 56 3839
69 46 4091
47 37 3309
2 8 2744
63 37 3201
31 55 3015
3 13 1355
17 23 877
50 25 2176
12 69 2895
34 3 1937
36 37 1720
14 53 1884
43 16 1482
30 39 996
51 2 3938
9 34 3595
68 1 1949
26 68 1946
64 30 3594
59 56 3464
51 12 2377
58 64 1724
19 4 3355
38 64 3848
10 9 130
47 30 285
39 51 862
24 61 3836
43 12 493
66 65 2071
20 37 3392
3 61 922
61 40 2663
48 64 2923
45 7 448
63 39 145
19 65 1114
44 69 2562
58 49 3283
62 30 569
52 51 2396
20 27 1715
40 30 2382
56 3 1148
68 6 3096
46 43 1060
27 49 2669
53 41 2872
67 70 2523
28 26 695
21 60 2726
23 1 1961
8 58 2580
60 3 2355
3 33 3
49 31 432
11 56 1641
68 57 2242
13 66 2885
23 65 2689
8 67 910
14 28 998
21 53 443
65 61 2919
66 10 26
67 24 784
39 52 570
48 37 4002
31 45 1068
54 8 2270
14 40 1359
14 28 2746
54 14 2674
60 47 1668
32 56 745
40 5 1439
46 46 3126
28 33 143
63 65 3036
69 14 3835
67 53 3251
24 69 1653
55 54 655
16 13 3526
20 9 2757
20 7 3665
36 52 3766
18 23 830
4 15 198
3 42 1943
64 19 1397
18 54 2199
31 1 1974
34 61 2077
54 3 3081
68 50 2601
1 69 3621
40 18 4034
60 70 2266
36 49 3674
17 45 1738
34 45 2510
39 7 2626
52 56 537
37 56 199
70 35 1006
38 32 666
4 52 1240
65 32 3634
38 51 2598
15 18 441
24 37 2130
4 61 4068
64 68 3119
58 66 1235
27 54 1619
20 11 2332
22 17 607
60 45 642
1 25 1017
65 63 2493
31 14 287
50 50 3338
55 12 1507
66 60 1614
68 49 3599
63 59 2336
32 9 3141
1 26 3425
45 45 144
31 5 3893
17 22 2186
28 28 2220
52 48 3379
43 22 229
41 34 3624
9 43 3867
64 43 3409
69 14 2838
64 46 841
51 56 2052
58 54 3630
19 57 3469
34 9 1761
43 41 427
21 43 921
49 17 2818
33 48 986
61 15 2080
21 14 546
3 4 2798
60 11 3355
52 57 549
28 13 779
44 49 1695
63 36 2207
61 1 2406
35 64 716
28 25 779
43 42 1779
2 5 1057
16 43 633
10 34 962
20 48 879
54 32 1148
57 63 496
9 21 1997
32 52 2844
26 55 3940
51 19 3713
51 21 2473
34 61 4057
14 41 1194
3 65 2280
60 31 455
54 16 2190
34 41 2985
52 38 61
30 44 2791
63 40 74
41 16 3309
46 51 3887
49 63 308
30 24 956
57 63 3209
46 57 1228
49 19 821
16 35 3890
55 44 3788
37 24 1936
67 50 1399
16 8 2794
1 67 3229
34 65 2465
19 63 1451
48 12 2403
46 52 646
67 2 1680
16 33 1163
24 21 1359
18 16 3490
46 33 3446
28 63 2813
8 48 3092
40 19 1203
54 37 3736
53 18 3171
69 64 1921
66 46 858
63 15 269
53 38 797
4 50 3260
52 12 185
25 53 2498
13 61 2641
33 48 1899
35 66 966
32 19 466
67 6 435
21 27 1306
17 34 3041
8 23 2306
4 34 3323
7 54 3237
9 64 1437
67 1 386
10 42 695
15 69 3879
14 47 798
9 1 227
44 46 1403
55 66 1895
42 19 2973
45 63 2395
60 29 248
1 30 4019
3 40 1352
5 42 312
34 15 3749
48 64 849
29 35 3801
23 31 1176
4 37 1159
20 58 3853
32 24 2754
6 2 459
25 38 2402
9 32 2372
40 59 864
4 41 959
18 15 1023
1 64 1127
39 9 2268
19 60 3402
2 36 103
64 4 2677
42 17 477
51 21 852
24 46 248
20 50 213
40 27 2970
4 51 2052
39 13 2581
36 8 704
2 34 1997
26 28 1665
64 55 3118
39 22 2857
57 3 2985
37 1 2170
49 32 2466
67 56 1599
27 54 741
1 9 3103
26 36 3345
41 45 3939
66 62 4092
34 48 2161
25 39 1140
61 31 1264
7 65 1159
13 22 862
33 64 10
31 64 2482
55 61 2835
57 66 87
29 6 823
32 16 3219
24 67 2946
29 47 2974
4 9 663
16 30 416
37 15 2064
31 1 2916
30 59 521
69 66 4026
9 26 1585
22 58 558
40 57 2009
39 35 3889
44 17 2927
6 63 1870
59 5 2793
42 14 651
60 42 655
9 44 4043
44 11 3039
22 39 35
26 21 1772
10 3 44
63 3 2678
47 1 1915
58 7 1768
51 65 2953
22 47 2410
47 3 538
36 14 2781
21 17 2266
56 48 1961
44 47 2335
49 29 3353
62 64 2134
14 26 607
55 20 2617
64 34 1648
16 36 2566
2 13 940
4 69 629
32 31 3106
55 61 816
63 48 709
13 41 4070
15 1 1528
35 37 3878
62 26 3395
58 56 4041
46 48 526
40 22 2573
63 21 3092
44 5 3628
32 39 3721
67 36 1018
67 44 2360
70 45 3639
16 24 3156
19 33 921
45 6 3876
25 65 3725
41 45 452
37 2 2983
26 10 3302
49 18 2601
26 65 455
4 68 2955
66 55 1720
2 17 2426
69 7 1431
44 29 1901
33 51 1671
39 9 1362
10 47 500
43 65 3574
24 22 2578
11 61 3406
36 44 3790
50 15 2237
15 17 1332
5 46 2752
6 30 2767
53 69 2613
62 27 2260
51 4 1541
41 57 2488
32 39 1803
32 10 3887
5 38 1416
61 45 3864
65 64 1859
54 27 4036
19 45 1962
2 56 1988
30 12 1541
57 51 995
1 1 2424
59 30 41
53 28 3383
46 31 2225
25 56 1885
6 43 1035
42 30 2974
5 16 1286
43 8 2215
64 27 2634
24 31 1401
61 47 444
5 39 2981
43 6 2707
53 53 1822
55 44 449
15 16 3485
10 33 2273
56 5 3324
3 13 526
18 64 3807
41 21 646
11 46 3244
46 38 1856
41 29 2074
12 29 2465
40 22 884
7 50 3180
58 24 2895
66 60 514
34 55 1927
61 27 3081
22 11 114
50 37 2833
33 60 811
25 49 744
25 66 590
42 44 2188
14 4 2140
43 37 3926
38 26 1949
57 41 1446
57 20 1975
11 48 1908
36 36 3787
68 38 1513
33 54 1696
42 1 1983
67 67 3770
56 59 2287
11 19 3728
69 60 2261
15 20 680
30 12 1265
48 55 3238
48 30 1209
7 12 2209
11 46 3848
47 67 3261
53 63 2143
8 44 1177
65 17 3414
43 32 1389
46 16 3778
15 52 30
61 26 2680
3 68 969
