70 2000
||||||||||||
26 48 9
41 20 32
1 13 7
64 56 26
3 69 3
56 8 38
21 58 49
7 36 1807
40 6 99
41 39 0
22 38 322
57 49 131
49 18 207
15 22 0
22 56 0
53 50 15
47 36 0
6 70 7
29 57 2953
46 27 16
25 9 313
20 22 5
31 50 3
4 62 1428
61 57 0
55 23 81
28 15 325
64 24 15
70 9 1577
7 27 3023
45 63 0
3 6 248
27 38 105
5 60 3
37 12 16
56 69 91
59 55 1
27 61 3
40 24 46
65 16 69
28 58 1635
15 29 526
50 14 459
66 40 14
63 60 1002
56 34 552
51 48 63
60 13 3994
67 35 2004
43 66 228
44 67 3354
61 37 295
21 70 1
53 69 15
35 6 18
7 39 0
18 60 446
62 53 1003
8 54 544
48 55 234
23 55 81
19 59 11
15 69 1
65 31 24
37 5 76
23 12 0
16 10 31
15 69 2
61 34 527
30 6 20
41 43 20
37 32 14
23 49 644
20 4 640
37 64 13
58 52 29
32 18 0
56 65 2
61 37 1
37 59 0
16 48 764
66 45 7
55 31 83
28 68 553
25 42 22
24 32 31
25 37 2
21 15 11
4 41 757
6 7 12
47 47 58
17 19 95
16 63 64
33 46 96
60 28 473
68 23 26
28 63 482
22 33 1420
65 51 2452
34 64 134
38 65 60
14 34 571
6 65 45
16 70 132
44 48 2
55 23 37
19 50 1383
47 22 2
30 70 140
14 35 2
26 42 195
55 55 2
10 22 3
19 50 356
47 5 25
56 11 1
20 36 1023
30 42 131
28 10 453
31 19 2
63 12 740
17 19 60
32 39 381
62 58 14
51 4 47
38 70 1549
24 32 18
13 2 418
16 63 15
63 4 1177
10 7 14
39 3 3
6 32 1626
32 63 249
55 25 164
36 67 238
39 18 37
61 63 1
28 65 111
45 5 2
63 26 30
29 50 138
12 14 5
49 66 7
55 6 1
21 63 0
48 1 2
6 13 3
2 63 18
9 28 22
15 30 105
28 56 158
43 25 190
5 37 13
68 34 12
28 1 0
63 58 0
18 64 434
22 33 9
17 64 37
61 5 1
31 58 144
59 2 0
3 46 67
41 64 1
31 37 0
1 51 26
9 31 23
4 41 17
26 47 38
49 40 22
48 40 91
8 44 4
2 35 371
14 50 145
56 64 35
35 68 1831
50 62 156
18 53 2
41 5 5
69 30 727
3 54 84
26 6 0
43 11 255
48 64 9
52 41 317
12 14 30
23 49 199
38 56 80
57 37 10
19 43 124
66 54 3
16 29 6
42 7 508
24 36 9
58 51 18
15 17 1311
32 47 233
22 32 1536
51 65 309
52 43 9
5 5 123
42 61 546
42 69 3806
38 20 1
30 22 116
60 63 253
59 63 70
20 18 1958
10 18 471
62 49 57
6 9 940
25 11 56
24 45 2
38 17 577
2 2 1593
19 36 30
61 22 4
10 22 702
40 52 232
63 25 211
26 70 468
30 37 2
13 1 43
39 51 25
56 10 1
45 32 2416
31 69 7
15 59 0
23 25 2
57 52 474
4 13 1354
54 63 1380
61 3 14
38 41 45
17 23 38
7 58 727
14 54 87
39 14 403
13 69 13
22 61 20
21 2 909
30 14 22
46 12 3
26 27 6
18 33 30
21 19 2417
16 41 0
24 13 0
21 59 1
65 29 15
62 4 1
60 20 259
43 26 0
24 41 1
69 59 6
29 29 1
39 33 5
48 57 160
52 31 324
15 35 1018
42 35 66
12 56 98
53 46 19
2 46 9
4 62 298
24 32 30
5 69 2772
7 65 18
59 39 0
36 17 2
68 16 221
26 54 786
13 45 461
22 34 6
56 17 1
8 15 183
57 1 1
32 10 346
22 58 18
8 8 10
41 31 5
63 50 1
27 47 7
56 58 4
26 23 32
9 30 111
33 52 77
7 7 3
34 28 446
21 53 0
60 21 399
29 24 1
3 45 10
5 26 18
13 35 524
70 8 2
38 69 1
58 28 230
64 62 63
27 6 30
70 44 3686
44 34 111
6 59 386
48 49 2
46 66 0
2 1 86
9 17 0
70 5 122
31 42 4
15 62 14
68 29 2
6 22 3
3 67 0
62 13 6
35 31 285
55 57 240
64 44 495
62 60 2
18 28 0
4 15 254
38 66 2
30 44 8
61 48 565
31 45 353
35 53 0
68 64 0
1 63 4
42 50 4
60 3 0
24 2 1
44 15 364
51 18 12
16 2 2
70 17 0
56 43 1863
46 50 95
16 37 0
69 46 0
30 59 4
65 34 1598
59 6 3
6 41 0
52 32 227
8 6 233
26 64 15
21 42 0
49 61 3309
70 9 5
1 52 0
22 13 695
47 54 17
30 54 61
9 45 3559
24 35 1
26 4 806
14 9 310
35 67 0
15 22 1228
1 68 55
20 54 4093
3 17 3
36 67 8
18 68 1
63 4 208
2 69 2
63 54 63
35 56 741
10 27 0
45 1 6
19 20 2141
12 4 0
14 38 653
41 33 167
1 18 286
59 30 83
39 62 201
41 50 60
26 3 1
49 9 5
10 32 226
52 66 1
17 24 194
43 69 211
60 55 26
52 11 949
3 16 1106
52 61 2
24 62 1
2 53 882
11 17 58
68 7 491
22 66 87
36 7 0
1 11 2
39 34 22
32 2 498
50 42 69
18 63 57
9 26 0
70 31 4
12 15 709
27 49 233
9 9 1
19 21 1640
68 11 21
62 65 9
17 24 0
68 63 448
23 69 44
48 8 0
6 67 77
17 16 9
15 63 100
57 66 1281
31 29 271
48 3 0
47 29 264
17 29 284
39 57 50
3 26 41
33 36 12
18 1 110
11 5 81
52 45 1
19 24 3
68 61 2
1 54 41
63 66 799
20 56 35
65 58 64
33 46 27
40 61 1
15 29 2
9 20 1
45 70 34
55 46 1
50 28 156
9 34 33
41 50 421
30 51 67
18 36 0
20 44 0
25 58 0
29 61 1
20 50 702
51 17 0
68 62 0
39 21 415
55 38 3
32 59 111
46 43 424
11 9 1383
65 60 112
22 8 29
50 16 7
9 38 13
52 21 21
46 2 778
55 46 79
58 61 5
7 40 792
42 63 291
70 50 1538
50 18 1359
2 14 83
55 5 1
66 69 1
53 64 0
25 9 340
19 6 1
44 43 0
67 14 0
69 61 3645
24 11 656
20 22 79
37 68 352
42 38 1231
12 45 5
55 17 272
5 52 1
13 58 36
9 49 0
69 24 422
54 61 1997
54 4 1
10 9 0
54 43 4
29 42 2
40 21 37
17 49 17
11 7 3938
10 37 36
65 60 65
45 23 5
5 69 28
20 65 422
1 42 444
7 57 26
16 38 4
65 12 235
69 69 109
55 68 5
53 68 444
59 29 58
37 20 1987
23 7 7
48 66 469
38 66 164
61 18 7
25 18 3
36 38 3139
28 35 119
50 60 0
15 48 0
47 61 681
23 34 2151
33 61 754
3 28 29
27 69 734
65 21 428
2 58 3399
2 17 3
46 31 1944
43 13 447
43 12 1
26 32 33
9 27 1
64 14 3
30 20 120
69 57 16
58 33 1269
68 6 355
66 38 1942
11 41 101
38 39 0
19 27 442
18 23 0
52 64 1
26 46 499
8 31 0
32 54 977
37 15 6
46 42 437
70 24 40
7 8 2358
66 28 28
4 57 55
58 44 1
10 46 0
33 6 11
59 7 179
4 14 2
10 11 1
63 63 170
66 45 114
19 44 7
58 40 6
9 19 0
3 59 31
37 41 0
18 69 2640
50 21 0
20 34 7
56 66 2073
69 9 3
68 62 53
10 20 3
58 44 1626
28 13 7
3 57 0
15 6 0
31 13 110
18 9 2
69 48 7
51 1 2
61 26 495
28 22 2
40 61 153
57 18 8
45 38 223
37 62 82
11 60 36
2 60 4023
25 57 206
66 41 56
10 65 2
32 38 889
64 8 2
21 52 0
34 59 227
59 14 292
17 49 110
25 66 1
33 17 216
61 54 3644
37 64 17
47 42 2
20 41 476
21 40 3529
64 35 3
35 16 428
16 54 3122
2 57 2
42 32 251
62 16 17
43 1 1949
3 69 1782
60 10 7
49 47 14
28 66 74
52 7 4
25 47 910
8 44 2
28 1 6
14 12 1
20 49 99
48 41 25
43 10 650
5 59 440
55 3 73
4 10 1
32 68 3663
41 42 60
69 40 3111
45 4 1290
35 61 47
26 27 20
57 63 111
52 32 1
31 35 5
51 43 1
14 63 295
45 7 3727
63 28 87
39 62 1342
6 8 13
39 13 209
30 4 3
7 13 21
13 34 184
14 30 15
29 7 31
57 19 0
27 21 3
55 51 13
28 15 1
33 5 4
35 59 11
58 23 41
8 7 19
1 4 2
8 66 12
5 37 191
35 45 4
48 63 63
30 12 98
33 47 14
21 64 49
25 33 125
21 27 1
34 69 155
47 24 796
39 34 566
30 25 6
4 3 50
69 47 2
48 43 2
34 66 2
48 32 546
31 38 3
4 43 331
44 15 1
13 5 15
51 63 3168
13 57 115
58 36 3
30 26 4
4 20 44
40 8 132
39 45 0
65 27 2
17 53 127
27 15 3
70 43 0
66 4 1
8 17 1425
62 58 2016
43 30 13
6 53 1311
35 2 4
13 34 326
22 12 25
1 35 7
47 52 73
62 55 37
30 44 1
25 3 186
34 52 1
16 64 32
56 49 825
56 39 891
20 5 72
49 29 796
27 12 0
42 35 4
11 7 0
19 47 170
36 27 148
5 37 525
34 10 34
45 33 2804
3 11 1
34 2 890
53 20 645
35 35 30
26 8 113
56 24 24
44 16 255
23 55 4
9 50 18
69 33 95
1 57 180
11 22 41
66 26 98
43 29 5
45 42 104
66 25 257
44 47 165
3 59 867
15 22 3
17 48 3
1 64 281
46 30 143
32 35 1
45 45 140
42 36 0
33 57 87
55 8 0
37 2 19
17 59 14
54 64 3460
13 19 1
4 2 727
13 12 10
44 60 22
9 56 12
57 58 18
1 41 179
49 10 60
38 4 11
14 67 240
54 31 1
8 59 0
19 66 55
2 24 26
24 46 2
45 46 14
58 32 31
18 16 732
7 55 887
11 5 2611
3 15 48
57 46 10
50 56 7
37 20 273
25 2 9
27 66 87
65 57 2
59 8 1
57 21 7
29 45 4
52 10 187
31 51 48
22 65 1
49 5 2
7 17 445
26 69 42
64 47 109
60 17 380
8 61 0
1 9 5
52 68 24
47 57 57
10 57 0
16 64 7
36 67 375
24 62 298
32 57 0
66 22 3
1 25 50
13 48 0
14 16 4018
24 66 3
13 43 2959
57 3 0
25 54 13
23 46 5
37 25 49
16 58 2
11 17 224
1 66 2
37 69 10
15 55 1
51 67 104
18 46 7
64 28 7
17 14 0
10 60 3928
40 52 10
20 39 59
70 46 0
6 22 3
39 8 101
24 6 0
32 1 23
16 40 0
24 20 0
13 20 57
5 65 0
60 40 5
65 35 33
16 70 208
27 38 57
40 8 0
15 30 485
33 10 1
13 19 1450
12 56 1
42 22 29
59 52 10
20 17 60
65 26 76
60 38 839
29 53 20
25 5 0
26 63 27
27 7 333
67 61 408
24 26 26
13 60 1686
67 58 229
22 29 336
16 14 24
13 33 1
50 15 6
44 24 4
34 11 213
9 43 68
23 33 1
22 9 1
28 41 123
53 11 2
36 33 6
25 47 23
21 68 1013
6 68 993
40 29 0
12 66 806
53 65 2
52 2 4
48 46 5
31 21 932
36 41 1
58 11 52
37 25 86
15 25 6
14 54 2732
36 3 15
59 22 111
42 31 118
14 37 407
48 68 90
8 46 236
49 42 0
44 51 77
1 7 2
18 26 6
42 43 0
59 10 455
44 55 525
54 60 685
6 25 219
3 23 0
32 58 1
67 48 6
44 28 991
68 18 0
32 59 0
62 4 0
18 69 1428
13 8 948
24 41 347
54 63 11
63 60 20
69 37 25
50 15 3
59 40 15
22 54 289
58 6 8
20 63 125
66 29 7
43 1 2
69 2 1
57 3 2
26 9 88
35 28 3
44 33 296
1 59 7
19 10 43
42 1 233
48 39 102
44 43 0
33 12 58
3 53 15
64 32 1078
9 64 25
55 69 100
52 69 382
69 31 86
8 54 0
58 44 60
41 52 3005
34 30 1
10 24 644
27 26 1
7 2 3119
26 1 22
41 56 19
1 20 9
28 48 340
6 45 126
18 29 1787
19 54 15
50 17 7
1 66 3286
4 64 6
36 41 2
29 22 1068
35 66 537
43 41 7
23 52 122
63 28 5
63 26 2
11 60 314
69 33 3
44 41 296
27 3 7
22 54 1
46 4 0
21 31 166
68 16 0
37 12 15
55 12 26
14 31 12
4 61 0
65 3 467
61 52 772
14 20 181
32 11 11
42 3 5
5 70 1
41 31 3343
7 10 0
64 61 556
46 6 4
28 34 20
30 21 1
33 9 268
51 69 60
49 19 6
17 30 11
63 22 6
26 70 626
51 19 1770
51 69 2
10 17 1
35 29 111
18 18 2269
46 51 5
31 16 24
44 61 0
16 50 0
17 54 528
4 48 111
69 34 51
5 54 3
41 18 92
53 6 27
70 46 94
46 51 31
48 64 57
5 51 0
49 34 21
56 6 61
49 37 61
24 10 35
26 25 83
54 15 127
50 22 33
67 21 294
42 6 213
43 55 438
3 18 147
5 31 134
9 49 1997
50 18 504
27 52 1
45 66 1203
5 55 1856
49 43 5
42 51 148
22 46 89
53 5 7
48 67 41
36 27 135
29 26 1
34 15 47
8 35 34
52 30 144
14 49 188
13 18 273
54 62 2
7 35 6
44 65 73
1 69 47
65 58 1
9 52 12
37 49 16
42 34 22
66 1 711
42 54 13
17 58 3
61 19 2
63 46 0
4 1 909
57 62 4
60 13 166
63 66 1144
16 44 1
57 5 0
57 54 249
28 56 1
17 64 10
53 31 0
70 34 0
36 5 4
63 2 0
2 56 1
2 26 3
4 25 49
54 51 718
42 67 905
31 48 470
10 23 899
35 64 2
52 67 484
56 49 185
12 62 3
46 69 114
41 34 3
52 69 137
28 39 6
59 10 1805
1 22 1844
20 44 799
51 24 174
47 26 0
52 62 4
5 50 19
39 28 5
8 19 2
19 52 3753
46 69 12
33 44 2806
37 23 3714
36 54 7
42 28 0
59 29 0
64 36 25
40 5 13
6 19 6
2 52 13
23 41 148
22 19 0
7 36 219
57 10 692
34 67 401
56 34 0
9 54 12
50 56 1087
69 35 2152
21 43 1
52 1 880
1 21 183
29 21 1
6 37 20
56 31 14
49 65 190
6 38 2
45 69 58
38 28 13
17 10 369
13 15 6
40 19 5
52 36 1
34 49 2
36 58 491
30 17 0
40 40 106
43 9 954
60 69 1401
2 25 1
23 8 3
63 69 5
45 54 20
44 33 1126
54 51 0
45 44 3
18 13 471
32 26 861
21 53 1
16 23 63
17 6 7
61 21 19
41 41 0
19 55 7
7 39 1
42 29 1
50 34 387
60 37 6
30 66 1141
64 61 451
65 34 3832
26 44 172
26 48 816
18 16 1385
22 64 474
40 13 160
60 31 93
13 19 2483
55 39 11
29 40 1837
35 24 210
7 33 9
28 45 127
65 20 1
66 59 6
16 70 37
30 24 0
34 27 5
35 31 2125
28 64 1
27 69 21
31 51 1763
44 56 1
32 45 24
20 53 1012
39 53 18
43 44 25
46 36 1
22 49 227
17 23 797
37 50 19
4 25 227
60 60 314
23 33 7
56 62 8
24 54 17
27 27 92
15 61 2
13 38 213
36 64 0
67 28 4
23 70 43
33 4 195
25 38 4
19 7 162
8 49 21
16 13 298
67 51 3
69 1 3269
10 13 11
49 60 0
29 32 44
2 47 1
69 58 73
67 24 632
53 54 496
70 25 1352
64 48 11
44 44 256
58 41 15
41 57 5
34 29 28
15 19 7
25 20 4
43 24 4
5 23 138
61 34 43
22 14 3
12 9 3
61 18 12
48 60 523
24 25 1716
7 57 25
52 7 2
35 54 603
68 29 741
31 31 134
51 20 6
32 10 37
39 70 13
49 29 15
20 58 0
16 18 1172
61 4 31
36 11 3
9 8 46
50 44 4
42 62 103
23 62 0
25 37 1
58 42 697
27 33 15
19 13 97
4 56 2
42 15 186
5 31 0
18 55 72
26 45 86
61 24 3
61 56 21
20 23 0
33 61 254
28 53 53
69 7 0
63 18 11
52 62 336
32 68 211
19 35 1291
21 26 2
47 9 26
14 48 3
24 28 261
18 57 12
38 11 12
39 35 2
40 63 236
64 49 27
41 30 0
12 1 1967
17 40 127
55 7 3667
6 9 78
53 58 51
61 60 144
49 34 1864
65 23 64
53 32 117
39 42 1
8 66 64
21 54 0
9 3 28
60 37 1
59 51 122
6 18 1
50 16 55
29 15 0
46 61 3
14 41 1
8 59 2
16 21 27
17 1 87
57 9 12
38 21 351
56 28 7
67 17 0
57 54 8
60 56 1993
13 37 22
18 15 57
52 17 16
33 1 82
53 70 188
44 58 63
21 67 171
63 53 885
7 6 239
17 70 3
66 6 444
12 12 1435
40 58 17
21 59 2
23 37 3
50 18 137
46 43 67
51 13 193
63 66 135
15 14 0
50 35 2
12 52 18
16 33 0
66 41 229
3 15 64
7 5 101
46 18 1
45 15 74
25 49 251
57 17 1944
47 23 25
11 26 264
55 22 22
45 23 308
33 26 28
35 12 1
6 46 190
43 18 51
68 69 52
55 68 3
8 49 19
61 43 1859
1 30 0
15 8 184
65 15 3184
65 13 64
68 5 2
45 66 635
55 39 147
9 16 0
52 38 181
50 70 250
23 62 12
27 47 14
35 57 31
8 9 2
12 46 1137
27 4 200
19 19 97
48 66 13
21 6 4
60 27 224
43 24 2
5 49 2692
32 44 863
23 56 3769
20 52 3
48 45 13
25 14 2
23 59 1395
1 62 21
30 42 165
65 56 1433
39 62 314
19 36 133
47 34 2
36 33 1
65 29 3426
65 14 532
66 5 2
68 6 1
69 58 35
60 70 99
60 49 1906
19 27 232
15 62 2
8 4 0
36 35 76
28 23 3983
63 20 2
51 29 680
29 66 103
9 9 1089
58 8 2
40 50 1
28 56 31
2 60 0
21 30 2495
37 11 6
13 57 27
48 7 1544
57 9 594
12 54 1453
32 66 5
63 49 0
15 46 3815
24 27 1
3 12 17
40 68 21
6 18 3416
6 28 502
19 61 4
57 29 3639
34 66 1952
9 67 250
3 53 33
31 10 56
19 33 1964
45 55 51
23 52 51
47 16 176
49 35 1
27 69 0
1 59 328
8 25 16
21 22 1105
55 34 1580
65 6 823
29 68 475
9 24 26
30 10 1673
8 54 5
52 42 630
2 19 26
9 33 20
20 59 47
18 62 102
39 61 33
10 56 14
61 2 19
31 66 3
52 1 102
19 26 81
67 53 559
33 4 6
30 8 1
17 15 1
9 51 122
46 4 748
42 65 1
61 47 1
14 38 1563
30 12 212
56 39 15
45 2 2
44 30 169
23 55 209
29 2 2
63 63 249
20 31 2
27 64 22
66 68 127
2 68 211
44 50 9
5 41 578
25 17 148
32 60 232
13 67 20
46 29 454
27 8 447
59 39 30
56 20 1270
39 2 0
10 48 354
11 19 28
50 69 1860
35 5 10
43 56 3
52 50 15
40 4 2
33 1 212
39 27 3
68 30 13
42 12 0
58 20 894
15 39 1115
25 51 446
49 50 6
36 46 1
39 59 1386
34 13 1949
11 19 2
36 46 0
52 54 18
37 5 3
55 34 340
61 29 47
7 38 1
17 47 46
66 3 204
37 20 0
30 7 3306
40 28 7
57 11 1344
70 12 65
20 51 0
43 46 427
36 48 1
10 66 1
33 39 482
61 43 151
12 23 4073
23 31 1823
67 69 119
13 66 68
28 40 137
10 32 278
42 24 369
9 45 861
61 33 804
40 44 1
37 65 448
15 3 1
1 54 2231
31 38 84
68 68 1136
27 53 179
14 1 8
22 13 0
61 19 20
28 24 21
63 27 30
42 54 87
64 25 6
67 41 1
54 22 325
17 63 2367
19 27 4
20 32 12
2 50 3
41 48 3
46 37 739
10 54 6
5 5 1
41 51 120
47 54 15
13 12 2
38 28 984
34 63 8
37 60 0
29 43 1570
51 18 0
31 64 176
49 29 61
12 29 111
43 45 15
34 38 696
31 18 193
61 48 5
30 1 216
11 14 433
9 62 814
27 36 15
69 8 5
66 68 1
41 20 5
51 46 0
51 47 4
27 67 21
33 10 0
69 20 74
40 44 3
24 23 51
66 24 22
67 27 285
20 55 11
68 65 0
27 9 7
33 33 1
70 17 69
28 46 1
61 37 1479
7 46 1
34 47 98
16 13 52
70 52 2658
45 66 496
58 16 155
37 14 715
35 41 6
68 55 2889
4 45 201
3 62 14
4 57 60
48 57 1265
66 11 209
10 67 27
21 42 2789
56 68 91
68 49 13
8 43 1041
57 59 1
5 37 13
50 34 15
47 1 0
42 9 79
56 40 3
52 11 2
2 3 1191
52 32 273
14 10 0
36 51 1718
67 10 248
65 66 1
2 28 6
60 31 1
3 39 2767
23 45 2496
10 10 7
26 30 0
39 30 1655
26 49 1665
69 32 2
10 1 510
21 52 12
39 60 32
19 26 0
5 3 0
14 45 1
49 8 555
35 30 12
32 68 3
12 64 133
53 12 3
59 56 26
18 59 12
19 12 6
36 14 8
15 57 2
2 35 5
69 69 1772
22 23 1
64 1 343
3 16 1650
60 26 279
33 56 59
61 42 1763
38 23 782
45 19 1
40 5 75
20 28 1910
66 23 3
36 66 15
4 16 0
48 51 0
40 19 3
12 30 1
17 49 3851
32 63 9
38 32 3
34 46 305
67 29 0
36 68 26
12 29 191
20 62 3923
49 16 32
25 67 2
24 5 27
19 34 592
55 16 2
18 11 7
68 42 50
3 34 6
40 39 1
3 55 69
6 17 0
15 47 1994
25 43 2
8 68 8
10 30 1995
7 57 1168
15 70 43
52 38 3
19 8 3
45 6 16
50 20 1
12 46 1
17 11 20
23 62 664
63 16 85
2 26 0
30 2 0
52 45 123
56 63 78
68 52 1
2 47 829
40 20 0
39 64 2
29 9 9
1 69 3
14 38 199
45 43 1
64 20 1105
36 15 2
58 30 1
21 24 25
67 32 2
7 8 114
38 45 1
39 45 63
34 9 1
18 31 448
27 64 1
69 47 605
69 17 115
25 46 7
51 5 0
53 24 255
41 34 11
36 64 253
15 7 3
58 61 4
4 24 564
46 46 1
13 55 0
63 62 29
3 5 430
65 18 1
57 9 0
17 28 26
19 40 2
24 60 87
28 17 3
11 4 0
19 48 52
46 51 2
22 17 4
7 42 3
14 60 9
57 62 3
63 30 4
39 31 553
56 13 12
59 8 6
43 20 171
67 11 4
64 13 1
68 12 1
70 7 6
9 65 27
57 16 59
33 32 2255
31 63 297
28 27 66
58 2 8
41 56 5
69 10 5
36 29 1
23 5 52
65 57 2
3 24 3
43 28 379
42 44 108
20 16 26
51 18 9
23 4 76
35 40 80
24 15 40
44 8 5
21 57 1046
10 61 1
56 26 1
39 37 27
34 64 31
46 5 230
13 22 2
18 25 407
59 8 665
54 25 32
18 15 13
2 48 286
14 44 63
5 26 41
8 28 1
50 41 3
33 24 2831
4 20 2
2 49 42
62 63 888
44 35 1750
30 41 23
58 4 121
62 34 2
11 6 0
70 39 208
70 34 4
5 17 3
59 35 0
5 65 1190
8 11 356
27 40 431
43 55 0
43 68 8
4 13 412
68 30 70
15 20 27
36 27 1
39 19 1
18 18 6
27 21 0
70 61 2737
35 29 1
30 40 4
32 14 76
40 21 1152
68 48 0
70 60 1
55 41 1
28 60 159
39 16 1139
25 47 391
4 18 498
60 6 6
9 38 237
10 3 54
63 38 3
53 63 26
56 24 329
50 65 3
5 29 47
38 35 0
2 9 2
35 21 4
35 47 386
52 32 9
27 21 15
65 66 31
67 43 167
45 60 1
11 7 57
66 42 13
27 67 139
52 26 54
26 12 12
46 7 14
52 3 429
28 47 37
11 26 3
61 1 5
9 39 1
48 27 7
26 30 55
11 58 352
10 4 1
5 47 33
52 56 403
34 46 4
16 61 122
38 46 124
50 4 68
25 34 3330
50 27 0
30 4 7
32 63 1
1 68 4
34 39 142
34 4 345
37 70 289
53 56 14
59 52 743
12 47 185
18 12 708
21 28 14
4 35 5
13 62 26
16 50 1
57 6 13
18 42 67
43 32 48
1 49 466
43 50 1
10 12 43
27 58 1666
38 37 442
57 12 3
70 3 623
59 26 0
61 21 368
31 29 28
12 14 14
1 26 457
24 13 1
30 68 567
61 4 919
1 1 1
6 15 2
66 31 3025
51 37 119
40 19 1179
27 63 167
36 64 3
3 48 2647
38 9 1843
54 25 1
26 43 1
63 10 10
50 31 87
29 56 3
56 57 3855
3 14 4
20 27 31
27 38 33
2 27 37
50 42 31
1 28 33
19 2 0
17 34 15
12 42 1584
9 47 49
48 23 5
48 47 494
8 51 33
41 24 672
16 44 265
25 35 3
9 61 0
25 12 1
66 39 115
41 13 547
1 28 1446
40 20 65
8 22 423
54 18 0
62 3 107
23 31 24
50 65 36
66 59 62
12 23 1
64 20 207
14 38 2176
8 9 1
4 56 296
40 7 150
45 17 63
32 27 1544
46 34 10
9 60 248
36 51 3
39 66 16
49 52 119
44 14 94
55 38 38
39 9 2
4 50 0
16 21 3
18 19 799
34 3 232
39 7 195
51 8 50
51 38 0
8 61 950
36 70 8
17 27 177
30 27 12
29 32 162
64 12 279
56 8 50
4 46 940
7 36 1654
61 23 8
43 5 25
23 50 0
5 18 676
68 65 4
9 9 1
44 3 2
51 26 1
2 37 117
1 22 2
37 42 249
30 34 3
2 45 0
25 45 30
58 26 951
31 36 0
12 13 0
59 54 8
28 34 4
22 62 96
36 48 0
48 41 924
57 51 1791
46 58 196
69 7 751
43 50 30
67 56 9
52 37 13
67 1 238
45 45 63
47 21 1
23 7 104
7 48 560
67 16 14
20 61 19
10 38 1
38 20 11
42 26 0
8 42 21
28 52 0
40 51 793
67 1 998
44 39 40
3 49 18
50 34 27
56 3 179
57 33 38
31 18 7
1 15 222
45 64 50
20 40 375
