70 2000
||||||||||||
51 51 117
18 29 232
4 7 828
13 38 485
60 24 52
38 60 2547
65 49 47
62 15 198
60 26 117
30 15 143
47 32 414
68 35 739
27 65 2575
30 30 561
47 39 461
15 43 188
4 51 43
57 35 38
51 7 878
63 10 107
67 57 97
7 69 118
21 52 2684
12 26 402
26 66 1023
25 47 79
38 59 2806
14 52 2935
32 4 193
11 37 85
8 39 11
51 4 319
42 59 3
4 56 865
25 53 234
11 60 3447
37 14 1913
60 21 3451
46 56 27
63 31 248
36 17 31
68 49 3631
5 6 1764
45 63 1500
11 64 728
54 62 43
69 23 49
67 14 1988
64 59 444
38 6 10
51 14 46
58 57 670
12 36 8
40 39 965
18 62 310
29 21 30
54 61 562
22 3 706
70 54 85
17 3 75
4 37 1722
57 40 298
69 53 57
19 53 356
1 56 625
34 35 926
36 9 2909
54 30 163
5 36 2920
18 70 224
68 49 1083
54 56 37
6 46 1760
12 68 396
35 46 127
23 27 3040
9 38 128
62 13 0
45 54 38
40 31 1894
27 28 724
25 11 846
20 57 128
44 33 36
50 1 2965
48 45 9
14 22 452
17 16 45
18 24 1682
64 28 844
38 17 18
6 64 2
40 8 14
61 19 61
13 55 615
51 13 104
70 12 1357
61 25 486
18 31 40
42 65 63
42 30 111
62 24 2910
1 23 416
4 50 126
58 35 195
58 66 217
12 35 694
56 37 175
63 17 53
31 67 1913
45 7 1337
27 2 22
65 44 29
9 62 249
27 10 41
17 25 769
22 48 33
60 34 3648
31 36 62
30 40 18
51 40 59
37 19 2000
66 43 9
24 70 1596
14 9 110
34 5 722
37 3 23
64 13 19
6 42 1524
39 1 636
45 44 93
2 61 271
20 59 403
63 45 12
50 16 13
49 57 80
67 32 150
59 53 52
34 67 253
28 58 133
55 47 32
12 14 121
45 58 208
4 9 111
70 8 2889
43 27 37
57 59 4
41 17 225
64 10 369
15 59 40
59 27 3025
33 22 5
23 52 200
4 9 100
22 39 36
13 1 1112
7 18 447
31 24 73
59 15 640
22 46 2055
14 48 25
64 28 241
15 41 38
58 11 2725
11 49 199
19 28 446
32 64 51
9 39 758
56 41 50
49 9 1639
25 66 34
56 49 106
28 34 787
1 11 317
40 11 1935
63 59 21
65 12 2
32 38 400
33 38 205
52 53 1573
42 53 1558
17 39 104
3 5 34
4 40 451
30 36 320
36 54 61
23 10 471
19 23 123
7 62 519
45 48 68
55 46 74
1 64 1463
54 12 900
4 20 3
49 64 360
6 8 151
44 69 98
48 57 72
37 50 201
27 57 3919
62 5 391
29 5 50
67 66 483
22 41 1024
21 25 880
25 8 45
14 42 73
13 39 3701
23 24 420
35 53 1276
4 58 26
20 55 206
46 12 115
35 27 45
52 16 22
69 30 20
56 50 253
61 11 24
45 41 1868
62 19 471
40 10 60
16 49 390
68 44 79
45 26 36
16 28 159
2 43 97
64 12 675
8 44 359
10 51 55
67 23 47
2 29 821
48 35 106
51 33 142
38 44 95
40 58 20
45 26 195
65 46 1898
24 44 37
20 65 3950
66 30 3385
27 65 41
52 63 36
9 59 1
16 7 2
39 68 44
34 58 9
32 59 2559
38 23 1039
25 1 72
18 7 52
11 23 1711
15 10 309
37 29 1694
18 32 146
19 64 6
57 35 312
63 64 1941
42 37 43
13 32 321
70 15 6
27 50 280
17 41 63
61 4 95
64 46 120
17 8 35
15 12 198
13 20 408
20 23 375
62 42 1353
1 40 173
59 67 4050
29 56 654
44 30 1838
30 28 88
36 1 265
17 22 45
12 7 115
27 1 774
18 46 912
45 54 897
38 63 1336
62 21 1148
42 48 2008
41 27 62
21 18 361
38 7 58
45 4 59
44 47 1527
51 26 1014
5 14 43
3 33 313
51 46 3336
34 7 53
1 25 123
44 66 79
20 42 72
27 69 401
19 11 504
15 59 20
35 30 289
60 59 1895
59 48 119
20 12 1941
63 33 969
61 32 47
45 53 114
1 5 2
21 37 251
8 19 1006
1 33 31
53 20 128
9 15 1955
40 68 488
65 66 48
67 29 115
4 5 195
40 61 36
28 62 12
46 11 27
66 51 29
6 16 350
33 6 29
13 58 165
28 2 365
53 17 26
33 12 1284
70 27 729
3 33 34
24 47 51
30 15 422
56 10 379
63 37 53
47 40 21
23 4 53
46 32 805
60 57 39
59 38 598
1 14 121
18 7 433
22 27 1759
58 56 5
55 1 850
31 53 2304
48 54 127
46 1 400
19 4 11
44 26 1813
29 57 2210
58 61 653
56 32 117
41 69 65
58 53 2495
19 10 14
7 61 33
69 17 744
23 31 433
12 2 326
9 7 768
13 17 425
10 53 1252
69 38 10
46 48 670
20 34 3336
45 37 378
37 22 3523
30 44 105
39 64 172
12 42 47
31 30 76
44 51 82
51 61 21
59 61 988
67 64 57
34 10 96
50 12 93
67 7 27
13 37 351
53 18 203
23 21 13
39 21 795
12 20 233
29 61 13
5 47 56
56 59 409
67 23 300
15 35 7
39 67 550
49 7 50
14 43 85
16 48 477
52 3 121
35 50 29
53 10 59
64 31 10
57 56 629
32 22 116
66 52 1388
69 51 191
5 8 674
18 47 84
13 63 57
20 43 347
24 1 49
60 13 223
20 56 1979
54 9 2497
47 38 502
50 62 520
16 26 1774
63 66 32
33 5 118
3 67 546
11 49 49
51 64 299
62 13 991
21 19 296
20 51 812
23 32 4047
24 4 99
65 11 60
37 26 53
37 3 21
32 36 55
25 51 721
23 54 539
29 47 1736
53 60 877
51 33 51
20 1 252
6 68 124
46 44 286
36 69 3069
22 45 295
15 32 2025
44 46 19
13 20 474
65 9 146
17 18 102
1 41 144
2 63 404
44 42 100
40 16 87
3 55 126
21 5 59
51 31 240
20 18 138
35 52 37
54 40 205
16 42 106
50 22 371
13 26 1793
40 65 1501
19 5 110
69 48 920
55 19 607
49 31 460
50 69 41
57 33 2532
43 5 125
56 21 33
30 68 1098
12 13 2771
35 70 2827
65 4 1372
40 9 233
9 16 405
26 19 337
29 52 25
16 12 100
31 32 1619
59 42 53
28 52 2025
36 56 19
11 55 205
1 63 2123
43 12 99
56 39 47
53 4 91
67 61 440
48 31 42
62 51 17
23 10 32
45 57 30
52 9 52
68 54 298
35 4 42
54 2 3759
63 20 779
56 49 73
26 14 549
68 37 3937
43 52 56
56 19 35
39 18 343
58 24 3250
47 68 82
60 17 3109
37 47 57
55 59 139
56 69 1662
4 15 274
22 39 489
7 33 244
52 26 68
41 21 876
18 31 14
42 17 202
41 5 114
67 31 875
9 39 95
57 52 261
65 33 1825
64 12 581
29 36 145
60 38 2965
15 45 55
27 9 117
31 33 4
57 65 44
57 26 47
30 35 33
65 29 670
60 24 62
62 2 13
43 21 53
7 58 259
66 33 178
66 44 169
61 49 37
7 68 13
34 46 361
20 40 390
56 29 430
39 20 88
48 10 141
62 4 1693
69 35 90
3 50 2688
49 34 1101
54 47 102
22 51 86
70 49 77
1 11 198
7 15 861
33 49 53
64 42 33
32 69 48
16 12 693
21 23 1226
53 57 37
62 51 13
59 4 324
27 39 332
40 2 108
48 44 101
11 65 976
18 24 75
46 12 85
54 24 91
24 29 1799
61 25 1528
48 57 542
5 61 779
14 63 652
28 11 243
52 69 1964
35 14 756
14 3 39
4 68 83
15 66 3551
59 48 349
60 16 63
50 3 738
34 17 78
51 61 183
68 53 59
3 45 3
9 37 1734
33 30 319
42 59 695
46 41 28
35 53 245
18 3 592
38 62 294
32 64 3942
52 57 5
69 69 114
14 15 286
19 16 629
55 41 728
26 32 54
19 70 46
29 34 752
38 52 468
13 50 1624
33 11 31
31 61 1399
5 50 2930
57 42 3
40 5 3530
46 15 2001
35 49 10
24 7 95
50 23 259
10 53 100
38 5 198
16 46 451
14 47 1657
61 35 410
46 28 484
45 32 10
38 57 264
28 45 519
8 19 2969
21 59 3365
3 17 1872
52 68 981
34 15 58
11 29 36
28 14 51
58 41 1380
37 41 127
55 41 251
64 25 397
38 69 15
4 42 374
50 69 1256
59 32 142
47 30 52
5 15 96
29 24 161
5 27 65
27 66 59
11 56 72
21 36 2313
46 42 50
41 58 296
44 36 579
40 16 967
18 46 983
59 57 648
63 4 641
7 4 177
45 57 98
43 10 210
44 52 120
49 5 230
31 28 174
24 32 255
59 32 163
6 51 61
4 8 75
52 62 584
63 50 373
38 38 179
38 64 176
69 17 122
43 57 453
27 35 298
41 29 12
11 38 2024
9 20 379
60 68 679
13 55 4
25 48 1655
56 62 874
9 9 110
48 1 1136
3 37 13
3 33 813
28 4 175
57 58 33
4 58 2647
38 13 1643
21 32 37
35 1 16
49 65 139
57 28 123
42 15 994
56 31 51
70 33 116
56 29 0
29 70 20
54 1 673
16 46 39
3 32 927
42 46 659
22 18 1565
7 66 3271
14 12 67
20 39 20
66 31 254
39 26 798
57 17 73
36 13 29
50 5 869
43 64 2310
66 5 175
61 16 85
55 5 91
5 68 420
61 43 62
60 1 307
65 43 803
11 64 127
53 47 25
27 39 95
21 63 1073
11 30 923
46 63 477
7 46 175
41 22 82
54 56 23
25 53 45
40 42 92
15 18 161
25 31 3
20 58 45
16 39 142
22 11 204
45 69 1970
23 43 27
34 54 140
37 9 192
31 50 18
56 33 342
13 29 24
68 11 150
33 37 2029
60 20 11
13 50 1334
57 63 11
14 28 46
17 35 1095
52 38 52
50 40 131
52 2 202
32 67 108
57 67 968
51 57 245
8 8 31
18 59 456
61 36 7
56 58 885
66 44 82
32 30 49
9 38 48
10 22 1025
48 11 2040
19 25 4044
4 62 1146
18 48 59
8 11 73
41 20 110
69 9 1880
39 11 45
22 58 10
66 29 85
62 61 56
28 30 722
31 44 2
60 22 1318
48 66 300
14 22 83
68 68 75
7 19 138
11 28 333
52 27 1213
34 6 38
28 27 209
13 43 24
30 58 55
18 57 316
14 40 85
3 3 386
36 9 1484
51 15 57
66 30 27
65 4 29
39 3 116
40 4 506
70 51 64
51 2 1766
64 45 46
69 43 3
45 65 22
60 35 20
12 26 21
27 66 0
2 27 51
16 3 440
40 47 28
30 18 72
31 7 2482
33 49 30
27 62 1839
36 69 714
48 33 66
44 59 169
67 25 195
68 12 220
35 10 1174
46 55 1066
17 54 53
38 36 44
52 7 2079
32 5 41
26 34 1931
69 39 128
27 44 246
34 1 2556
24 69 3659
56 23 202
10 11 474
26 1 796
29 2 193
62 36 400
21 63 1792
42 26 202
56 67 7
62 65 3232
57 1 169
25 22 1
11 14 24
27 33 980
50 17 33
70 60 101
41 4 58
56 40 1358
37 9 12
9 12 21
26 29 46
29 46 1
33 66 1463
36 24 100
48 61 30
35 51 711
65 70 482
58 19 1104
8 18 95
48 68 459
10 36 78
9 37 34
1 26 937
18 50 30
23 49 243
51 24 151
13 68 369
57 15 1865
1 38 102
16 44 26
61 67 775
62 10 566
17 61 99
36 45 240
62 35 37
66 14 1003
51 46 246
53 54 37
38 51 1778
68 63 155
1 45 46
61 9 555
56 49 3494
48 63 3553
64 52 1657
21 66 2235
35 30 947
2 19 46
26 57 350
30 12 1721
40 25 179
38 4 36
50 30 242
62 3 640
7 6 120
49 13 755
9 51 1418
26 56 3061
50 64 45
49 25 205
67 55 217
21 65 350
55 64 80
64 60 384
45 34 3191
68 57 182
40 35 201
13 37 389
52 7 1326
38 19 1311
34 37 150
24 60 59
52 33 197
42 1 3180
44 23 122
35 22 1338
13 32 38
38 19 225
1 13 21
48 36 64
47 64 71
36 37 1590
55 29 112
57 17 417
67 49 10
2 45 30
61 41 90
47 40 1348
43 30 31
22 50 223
65 4 205
38 33 1374
44 30 3250
64 61 127
47 23 118
50 60 44
67 52 54
12 45 1188
38 67 2365
3 19 478
16 20 996
52 41 229
47 11 286
18 31 131
40 27 177
19 28 38
60 30 983
64 42 3088
54 32 126
8 27 17
40 31 552
45 55 273
62 39 683
26 56 62
60 39 1086
27 26 45
35 42 63
65 20 605
18 32 500
38 46 73
22 10 1991
2 20 246
16 61 106
69 6 272
45 6 3821
53 24 2493
24 9 113
69 14 80
56 56 3
52 1 683
18 33 11
12 5 181
2 38 54
6 60 15
35 62 15
3 11 250
27 58 7
38 40 259
37 52 147
58 58 114
28 39 26
30 10 1143
25 27 59
1 30 1635
7 32 1678
36 4 70
7 11 318
5 31 45
59 16 2043
35 47 169
34 10 2000
51 61 129
31 61 465
21 54 18
59 43 40
10 20 447
70 55 1198
5 25 1094
24 56 524
44 22 396
1 21 101
56 60 673
22 25 74
43 51 82
55 7 185
50 65 5
17 9 5
18 34 15
20 22 210
2 44 2
70 49 1080
63 51 9
5 67 355
50 52 4
9 55 2
6 8 1296
12 45 78
3 45 287
58 62 352
3 35 251
52 65 99
48 28 505
69 32 27
12 63 177
20 15 32
12 32 202
66 1 16
20 11 104
58 26 790
24 3 23
64 48 77
43 26 19
34 16 178
54 6 422
31 68 9
46 17 50
50 45 1767
64 50 46
25 48 474
53 27 24
69 60 1302
18 2 481
56 39 49
41 38 54
4 39 377
8 44 811
70 62 43
37 10 319
7 4 616
53 69 75
23 52 6
58 24 903
55 54 469
56 2 373
28 36 846
8 42 838
41 35 64
50 9 80
49 56 38
18 66 18
25 13 354
4 18 748
34 63 1238
53 26 101
49 34 3685
67 44 124
52 37 27
35 44 947
7 49 18
32 66 5
38 56 78
50 60 152
3 10 10
9 26 2971
18 15 123
19 33 1027
57 16 1353
19 58 3827
9 6 2
62 6 68
49 40 33
2 16 521
57 53 3893
47 53 1610
35 64 29
10 19 155
19 44 37
20 11 832
61 48 160
64 43 680
56 21 8
37 60 49
22 68 305
36 69 118
41 58 68
33 51 108
10 12 2741
7 5 60
18 43 1971
70 67 417
49 31 667
70 52 510
6 18 482
24 69 1663
25 30 330
15 20 352
39 14 86
43 26 941
28 5 951
25 10 72
13 4 3666
59 70 653
9 14 56
38 38 448
18 16 314
8 55 43
9 59 189
41 60 2043
55 9 102
43 1 58
38 29 121
21 38 4
26 46 392
13 17 33
44 34 43
24 4 3721
27 35 109
9 34 21
69 62 168
6 52 4
65 54 298
6 27 2
50 41 1
49 66 251
42 37 73
53 39 59
9 17 3352
26 20 41
62 46 29
2 51 239
34 57 234
18 43 749
3 31 206
56 56 58
43 61 14
10 28 125
68 51 195
56 33 10
18 5 1734
67 37 462
8 61 42
48 51 304
32 9 1221
12 64 46
12 55 244
66 67 22
63 9 60
58 59 10
16 35 370
14 34 97
43 3 482
8 36 373
70 53 16
19 60 138
62 23 219
3 27 177
9 14 175
12 3 1398
40 26 104
19 47 291
14 3 45
26 42 100
41 60 47
61 59 165
43 4 9
10 9 21
36 17 88
16 45 263
11 2 405
69 33 5
63 1 264
3 7 447
25 8 58
44 38 4
57 41 128
24 27 110
35 18 482
24 10 10
9 18 195
14 39 2236
48 37 77
13 24 1516
24 70 2662
33 52 119
3 25 29
52 12 921
21 26 163
60 31 775
54 54 398
6 27 68
31 30 805
59 31 113
63 58 416
8 43 38
15 67 96
62 26 40
52 37 90
26 27 62
37 70 784
15 12 1599
2 62 9
22 50 1992
7 31 885
6 44 2261
64 10 923
11 64 25
54 4 542
15 30 175
20 33 222
6 66 749
34 27 126
33 10 382
52 59 60
41 1 1414
17 34 268
44 33 424
46 40 109
14 26 16
28 13 1290
70 70 196
43 34 36
3 67 14
5 18 371
1 17 70
10 2 23
23 40 874
9 21 6
47 11 233
11 3 300
49 30 1463
48 57 24
28 3 61
45 65 906
56 30 906
39 14 148
43 29 2970
7 66 3784
3 24 914
3 15 27
69 26 99
59 18 39
30 53 70
62 24 50
37 14 16
68 19 196
68 35 8
29 70 114
66 59 1604
31 46 250
63 62 121
1 37 727
15 26 42
37 7 556
3 4 75
36 28 203
70 68 29
6 63 23
50 18 215
52 50 27
66 30 12
34 41 92
49 42 5
7 41 62
2 70 54
60 68 3150
8 13 1273
41 28 180
11 69 594
63 41 21
62 36 256
58 24 386
40 11 3006
31 51 3125
66 13 9
31 25 10
33 24 779
21 11 61
69 44 1580
2 28 488
51 1 1
8 11 87
46 14 2323
69 54 438
43 49 6
3 50 929
10 5 62
51 40 36
62 5 173
15 21 47
70 10 301
60 70 494
3 24 106
10 38 61
31 12 427
24 66 27
2 51 3314
8 4 141
60 21 2028
67 22 112
4 9 61
40 40 82
70 30 2230
1 44 9
46 8 2441
51 70 520
12 64 65
38 45 1015
59 17 403
33 9 67
35 10 206
55 11 2982
60 57 3538
9 9 3166
23 58 360
44 35 3490
60 4 3824
7 57 173
7 16 40
64 33 48
27 24 126
70 66 35
68 39 2721
62 67 104
10 15 156
66 39 42
18 15 507
45 70 36
28 44 185
38 4 260
56 51 32
2 6 226
67 48 949
8 8 37
46 44 379
37 63 35
27 59 1080
11 57 59
43 39 98
1 6 122
30 48 74
34 51 560
55 18 918
66 62 977
46 70 437
65 27 66
3 38 440
61 28 456
28 27 62
20 45 681
8 34 712
25 48 744
68 52 2643
18 17 64
51 44 503
21 52 383
6 20 15
55 48 3273
70 23 528
66 39 58
41 49 105
29 57 92
36 70 9
30 12 106
64 65 1671
61 15 1912
16 47 177
66 13 2815
35 2 95
16 12 6
59 19 89
14 25 26
31 49 31
69 43 91
48 49 401
34 60 15
67 40 1466
64 68 33
53 60 66
28 33 101
36 5 43
33 70 465
62 47 105
52 15 48
60 59 63
36 21 93
1 8 806
45 38 11
35 5 3795
69 9 123
69 44 111
38 2 59
29 20 27
5 13 9
39 37 234
39 30 152
30 49 117
8 2 935
7 13 10
14 45 1201
4 36 1553
49 25 311
35 41 96
52 5 2785
40 10 473
12 7 695
21 17 396
47 30 1164
5 25 3
63 5 506
54 64 42
5 61 453
45 5 39
6 55 23
32 25 237
38 52 49
63 49 85
58 62 1970
28 3 144
34 28 23
48 15 1155
52 70 328
34 16 496
3 54 142
21 39 48
37 3 2246
52 45 249
69 63 32
37 49 332
60 39 149
64 10 3535
7 55 3159
52 62 17
68 46 374
65 8 299
17 21 52
60 11 1076
61 62 484
5 32 42
48 21 365
51 17 231
29 51 261
17 57 31
58 70 107
70 6 3085
51 29 509
17 69 1743
3 16 31
20 31 38
18 50 2183
57 11 58
40 53 16
67 39 2934
49 3 698
49 58 53
14 67 0
50 10 502
61 4 1182
41 30 195
53 61 3844
48 61 501
60 32 48
60 34 65
21 48 40
25 3 391
18 64 892
2 4 7
58 17 722
40 33 342
4 16 862
29 61 30
26 50 495
18 34 2045
2 30 2118
61 2 2437
57 7 91
29 11 20
41 19 233
7 4 1371
9 12 24
52 60 17
57 30 67
6 35 233
44 57 66
48 39 45
48 48 97
6 66 70
56 45 15
33 28 588
44 36 1472
21 66 132
49 23 755
6 8 1392
2 62 61
68 47 175
18 22 604
31 8 1924
6 41 3203
56 21 1015
9 33 383
19 28 104
29 27 99
64 20 232
46 68 139
19 58 134
29 70 3557
21 6 237
60 44 60
5 47 900
69 38 128
29 4 3323
8 1 3961
39 3 1249
29 50 84
21 28 79
28 29 276
66 32 541
8 61 230
55 9 3841
28 26 3297
15 2 650
45 45 196
39 17 2502
24 2 24
70 26 12
29 58 21
36 27 393
55 43 124
36 6 1017
68 64 7
18 20 62
42 46 344
47 40 396
62 1 290
24 28 352
45 63 1516
39 10 50
17 9 82
1 34 34
36 20 1421
50 44 126
49 50 53
42 61 320
27 70 12
57 32 2030
14 58 11
53 42 1087
20 22 11
17 1 916
17 30 50
24 30 39
45 3 364
59 1 69
65 29 1273
43 33 370
16 48 97
53 39 24
64 10 26
42 14 319
66 13 844
43 28 1592
23 2 136
68 19 90
57 11 959
19 60 44
40 21 1506
6 68 2087
29 6 432
51 11 1972
48 25 212
60 29 61
70 16 244
8 59 982
40 57 1062
1 66 1361
59 64 166
68 68 2477
35 39 112
21 39 1552
70 68 92
17 14 97
64 17 15
51 66 0
60 40 3553
11 15 19
6 37 2
44 7 32
27 4 217
68 58 340
29 35 25
70 4 42
68 70 23
24 4 46
70 37 26
36 27 17
33 32 475
22 44 58
6 7 646
30 55 468
9 49 672
20 33 978
51 30 125
41 61 7
9 10 245
14 48 107
56 16 394
31 43 79
44 22 145
19 45 45
39 67 2634
58 50 1106
65 30 1498
46 9 53
44 56 1249
2 35 74
11 4 8
5 35 114
50 45 85
18 20 1
48 37 58
14 31 706
65 27 3007
34 50 1670
22 54 111
61 8 196
30 11 51
22 11 196
51 54 127
50 28 235
43 68 3857
41 51 1981
29 59 50
59 63 471
37 18 1500
17 47 382
51 4 38
59 62 659
51 26 211
41 10 3980
24 40 431
2 17 79
48 67 343
28 55 118
70 40 124
39 37 254
28 54 666
28 63 43
58 62 29
54 33 2974
20 62 555
30 60 243
67 60 31
51 64 60
14 57 663
32 25 11
28 23 137
41 42 2426
70 31 470
69 69 460
2 51 2579
55 29 952
54 67 334
39 33 51
64 52 2565
50 31 646
35 54 0
38 33 1
27 25 117
45 19 360
61 29 122
37 6 4000
63 29 110
46 9 91
24 19 345
2 62 328
39 59 49
24 7 1665
64 56 96
54 40 992
43 59 802
63 50 224
1 22 29
40 38 165
16 40 27
61 30 168
38 13 105
16 28 263
65 17 980
62 31 84
48 66 44
33 40 58
49 3 213
8 63 48
16 21 1465
20 17 115
11 3 751
48 19 593
12 66 174
30 57 717
8 61 23
9 53 43
55 28 432
36 59 3043
24 30 220
44 45 207
60 23 922
21 39 444
28 60 60
10 26 327
31 62 304
36 30 775
43 36 105
50 27 30
34 54 1599
30 3 225
59 69 469
42 46 612
67 45 1023
70 67 470
53 8 2684
64 44 2239
34 26 13
65 7 449
3 8 997
64 56 1
28 37 739
62 56 92
16 41 853
22 27 100
39 2 579
18 20 162
41 13 1732
41 8 125
47 9 410
14 47 3915
45 5 18
10 7 222
44 32 74
30 5 98
62 55 958
3 30 956
12 66 78
60 63 1957
6 27 21
59 45 111
45 48 29
18 20 1155
55 51 240
13 67 937
67 39 121
9 46 2537
36 55 137
20 22 59
64 23 169
27 61 795
8 7 3167
53 57 414
43 60 705
29 1 4048
49 9 64
66 56 557
40 54 21
59 9 228
35 10 6
49 45 33
60 60 119
5 18 48
25 45 94
60 57 191
66 43 709
44 27 1319
46 17 23
33 23 289
16 64 19
36 67 108
5 22 46
22 15 3588
70 18 353
70 68 1641
54 59 58
35 10 0
3 47 188
67 10 421
22 64 400
27 45 1143
38 64 275
37 4 25
57 12 82
58 3 207
64 4 307
17 37 3790
68 11 1752
15 23 115
32 22 55
5 61 44
7 32 654
64 38 143
10 16 95
35 18 15
57 20 901
53 66 208
33 26 1067
23 32 1067
24 70 33
48 28 89
24 4 849
25 46 3144
47 59 1987
34 47 62
53 67 44
53 15 138
52 32 1
63 31 59
44 17 210
55 44 91
3 36 24
60 69 381
44 1 3763
23 58 314
28 27 125
50 11 23
58 44 394
60 20 787
35 59 209
12 56 72
52 9 98
64 37 3673
33 51 59
2 66 49
2 3 11
40 13 1379
52 63 36
32 23 44
36 32 2090
19 12 1347
64 40 40
61 40 720
30 40 3258
41 26 28
31 54 357
21 8 1047
2 16 535
11 2 69
20 22 189
10 32 351
49 20 31
40 46 366
16 37 3803
67 3 207
30 29 588
39 26 100
19 66 408
3 53 30
23 65 110
43 68 104
3 7 974
3 49 3787
32 48 59
6 45 561
53 31 52
61 7 3
36 10 28
38 32 55
37 69 658
13 64 1355
58 5 391
5 65 2568
12 42 107
37 70 2
30 48 338
54 26 205
69 55 3707
25 6 263
65 59 347
39 56 90
37 35 884
26 55 215
44 13 31
6 38 720
51 70 173
19 16 82
57 13 1662
28 24 1824
48 3 542
63 14 130
21 62 319
46 45 1303
30 46 442
37 60 876
46 43 387
70 62 40
24 31 1999
9 30 195
4 58 23
33 41 218
33 45 3686
51 44 454
43 23 117
41 15 459
19 34 119
37 37 1762
41 47 226
22 4 1114
67 27 2099
41 49 440
34 55 2933
58 65 224
11 30 25
42 8 9
69 2 39
24 26 142
14 28 135
56 46 55
27 29 310
3 34 865
39 9 93
22 48 95
30 7 46
16 51 215
3 59 8
10 14 329
48 63 47
44 56 99
3 10 380
25 58 867
8 59 298
33 13 155
27 47 509
18 63 3175
8 26 331
14 58 18
17 43 2041
56 7 2584
37 4 225
55 3 730
59 29 750
66 39 122
21 51 915
22 56 2
68 27 1283
42 1 3430
9 3 1
64 26 837
22 42 306
28 46 19
7 13 190
52 18 1209
65 55 135
49 42 44
45 58 2740
53 51 25
41 38 1482
42 64 1757
7 48 113
51 13 2351
70 62 2154
6 56 481
1 2 2312
32 41 731
3 54 83
50 4 101
12 23 18
62 37 50
60 69 46
2 57 48
52 50 3
42 31 13
30 36 242
50 58 379
68 52 692
52 61 3945
33 25 128
51 1 53
54 22 1949
5 16 1580
38 31 2436
20 20 1149
8 61 891
4 47 24
43 67 351
70 34 6
12 31 815
52 21 183
12 70 20
43 47 3952
22 70 56
57 29 54
16 21 172
20 42 2
57 33 35
38 15 1850
67 53 740
37 13 27
18 9 208
61 20 34
61 11 38
35 30 49
1 5 113
20 5 150
41 48 833
41 50 221
38 64 492
29 60 126
24 56 1772
12 65 1032
22 43 240
34 64 869
40 54 155
16 6 880
35 70 3867
