70 2000
^^^^^^^^^^^^
22 61 3234
53 14 3072
27 9 146
25 58 2178
25 21 3104
5 38 1024
64 65 1042
26 62 1058
52 41 2050
15 29 1026
64 5 2080
31 58 50
41 53 160
43 63 3074
63 53 2082
50 68 1024
31 7 1040
69 5 1154
34 70 1058
19 16 128
63 22 2178
19 55 3088
20 52 2192
32 8 3120
15 48 1168
45 16 48
6 70 160
54 34 2224
65 13 1024
38 59 1154
44 4 2226
12 21 2048
69 2 2064
43 69 3202
31 28 1200
19 12 1170
66 21 2192
10 58 128
66 3 1042
37 32 2210
20 59 1058
22 20 144
66 35 1072
12 48 2050
24 34 2096
48 38 2098
24 39 2176
58 67 3120
66 23 2208
18 58 1202
21 64 1042
3 67 3248
61 36 2226
2 68 3202
22 45 3122
14 12 3232
15 61 2176
20 54 1168
63 12 3250
13 53 50
68 17 1154
39 27 2208
27 24 2080
38 53 1026
34 39 162
65 65 1168
68 24 3202
30 28 3200
67 58 2176
6 3 1042
15 9 1074
22 56 176
23 61 1042
34 17 2178
27 27 2176
36 12 2226
62 37 1186
14 26 2066
25 2 3234
17 11 1186
12 62 2178
28 41 2
68 47 1202
46 27 178
52 50 3250
22 2 130
11 42 1154
63 22 1154
2 65 1040
47 17 1170
70 13 2194
57 35 3090
44 54 1074
59 49 3200
22 52 1154
27 1 48
56 6 1184
50 7 144
67 19 1056
27 40 2208
45 59 178
7 41 1040
61 17 2066
35 10 3106
40 50 128
9 14 130
66 41 2208
54 30 1154
61 16 48
2 62 1168
50 50 3218
33 12 2
31 42 2098
59 25 0
52 22 3104
37 47 0
56 62 2082
64 70 3120
9 35 162
31 6 3122
40 61 1072
17 7 2192
23 2 3090
4 4 1168
43 56 2064
30 48 2080
7 52 1170
11 4 3106
61 61 2096
16 9 3250
12 59 1042
32 35 1040
6 56 1042
41 9 3074
35 10 2080
6 44 1058
9 6 0
22 10 2064
41 38 2064
8 36 2064
30 58 1058
22 60 2178
40 37 1202
4 55 144
28 50 2082
36 38 2082
51 22 1168
34 44 178
37 69 176
51 40 3250
69 61 2082
18 19 2096
52 9 32
29 26 2066
54 4 1056
66 59 2082
32 29 1152
48 25 1042
16 29 3250
38 54 1042
26 45 3232
42 11 3072
16 41 1202
2 44 2224
55 31 3074
12 45 1200
52 55 2192
8 42 1042
65 29 32
41 28 3250
4 67 2
23 30 32
59 36 50
2 45 0
49 63 1170
64 11 1186
26 54 1040
5 66 1202
70 44 2194
3 11 2226
7 54 3234
11 6 3120
38 35 1200
34 66 144
67 44 2194
41 11 2224
1 59 2178
57 11 1202
33 39 2210
56 69 144
38 47 3200
52 65 146
50 15 16
63 40 3120
43 28 1170
15 8 2176
50 28 1026
16 12 3104
28 25 176
41 26 2224
5 28 0
17 70 3074
34 47 1056
3 35 1058
8 26 3072
2 60 2208
12 3 178
59 23 1168
1 22 2096
28 54 2064
39 30 3232
2 60 1040
56 69 2224
63 16 3104
13 6 2210
20 31 1170
55 44 2066
40 16 3250
55 16 2
45 66 3250
16 64 1200
1 42 1056
56 51 176
23 35 1072
35 64 0
64 27 1186
7 63 2192
41 21 2
4 7 1154
4 67 2226
66 39 3090
41 46 18
68 40 1184
11 13 3232
42 33 2082
47 5 1170
41 8 1168
24 50 2208
43 61 1200
4 16 1072
42 8 128
38 57 176
28 38 1154
30 30 3074
21 38 16
8 35 144
22 21 34
25 1 160
4 41 146
7 63 146
9 50 2208
43 14 2096
46 52 2066
15 37 2176
36 7 3250
22 19 3234
25 40 2082
20 4 3202
10 37 3248
2 48 1026
56 47 3072
8 68 1042
57 24 1186
18 6 50
57 62 1154
43 55 144
34 9 1072
35 50 3200
17 67 178
27 21 2098
34 46 178
39 64 1168
12 37 1154
9 7 3104
31 2 3218
55 52 2226
1 6 146
49 49 0
61 22 2176
62 47 3120
66 17 3218
61 55 2066
56 2 2080
29 50 1058
28 8 1056
52 17 2210
18 25 2080
44 62 32
21 17 48
44 67 16
49 1 2224
32 37 146
2 66 48
18 2 2048
16 30 3088
52 56 146
35 62 144
67 8 1202
2 26 3074
34 69 3088
48 28 48
31 66 3074
64 28 1072
39 33 2064
17 69 1040
59 44 3106
26 23 1152
45 20 34
25 64 3106
36 4 2226
6 13 3120
15 8 3234
62 36 2050
64 51 162
16 25 144
23 54 2210
33 39 2048
21 22 2050
22 60 178
56 64 1168
41 21 2178
69 56 3202
39 57 1056
7 18 130
30 50 1152
4 11 3104
68 68 3202
20 48 3120
13 12 2098
68 13 18
31 41 1058
16 16 2082
2 61 3232
62 23 1058
36 14 18
7 20 1026
54 14 2050
23 52 0
48 57 1200
56 68 2082
7 11 3248
4 9 1168
26 42 2224
46 21 1186
45 52 0
24 47 162
55 26 1186
56 5 1154
12 68 2224
59 7 0
56 28 3090
68 19 3216
29 12 3216
32 14 1170
9 59 3202
18 58 3200
37 58 3106
17 41 1026
50 37 3250
19 14 2226
11 2 176
42 26 3088
20 15 2210
9 44 1026
60 53 2096
31 39 48
51 10 3072
19 39 0
69 68 162
51 56 3250
32 49 1186
36 17 3234
65 47 178
39 55 1058
3 61 146
46 16 2224
52 50 3120
10 46 48
16 53 2048
19 29 3072
45 62 128
63 36 1202
65 24 3090
58 14 3120
25 60 1056
4 13 1040
65 26 3250
46 53 2082
40 20 2
35 17 1074
16 22 144
9 25 3122
15 15 3106
42 20 48
39 13 3072
2 32 16
4 37 34
53 4 32
2 29 144
28 47 1042
10 36 2176
35 15 162
33 37 1170
70 5 1026
21 18 1024
49 39 2080
28 58 1026
67 68 3248
40 21 0
66 12 50
22 9 130
28 25 1056
19 6 3216
63 20 18
30 18 3074
62 38 32
62 53 1074
49 6 34
20 70 1024
30 51 3232
67 60 3248
24 50 3120
26 59 3202
66 55 3250
66 35 0
54 3 178
62 68 3122
34 20 32
27 45 160
51 22 1042
7 21 1184
8 65 1154
24 6 3200
49 31 3090
20 63 3088
19 2 2208
65 18 1074
67 56 2050
54 69 34
1 9 3088
24 61 1058
24 10 1186
67 57 1056
56 7 2064
44 21 2080
63 55 2096
43 8 1154
66 15 16
34 64 160
29 2 1168
61 60 1152
63 66 1200
8 25 1152
67 29 3122
52 28 2194
47 30 3074
22 59 160
56 62 160
48 62 144
28 63 34
50 48 2096
29 16 2082
61 35 0
64 58 1168
40 44 1184
53 60 2210
36 47 3234
8 43 3072
70 28 1186
18 63 162
48 3 2194
29 68 2080
4 45 1170
70 39 1024
42 13 3120
8 69 3218
16 57 1058
53 52 2178
62 14 2050
35 17 3088
12 48 178
52 24 18
16 63 1040
3 36 3104
24 10 3216
29 15 1026
63 53 130
46 5 2064
24 62 32
29 1 3104
54 65 3074
11 12 3218
10 28 3202
18 60 2080
19 23 3234
33 59 1184
29 11 3234
41 24 1074
57 48 3106
36 30 2176
16 55 3216
8 3 2082
53 51 1072
8 59 3218
30 31 18
53 50 2080
43 5 3200
26 30 2082
64 62 162
42 59 1152
51 32 1184
29 9 3072
21 38 2066
64 22 3106
13 35 2
59 56 130
44 31 162
17 18 2194
19 43 2082
31 50 2096
14 41 3090
34 63 1040
41 40 1074
47 1 1042
14 53 1056
37 68 48
1 25 3074
35 37 3218
39 10 1152
25 40 128
69 50 2082
13 31 1072
22 48 0
62 6 1152
54 9 2
22 66 1154
27 60 0
25 22 3202
50 17 1026
4 26 0
22 28 146
31 39 2082
17 44 3202
49 16 2210
16 21 3234
34 13 1026
28 29 1074
37 17 1056
67 54 0
40 56 1040
14 67 178
62 66 144
65 62 2082
43 44 178
13 44 18
28 31 1058
3 31 3122
9 46 3120
53 50 3234
57 63 2082
27 19 34
11 7 2178
67 64 3090
21 14 2098
51 41 3216
3 14 2064
28 11 1026
35 38 3088
4 54 1186
61 27 3250
47 55 3120
26 67 160
9 67 2208
24 11 3234
28 33 2050
68 59 50
55 54 2096
62 63 2066
2 34 1058
2 59 144
67 41 144
31 19 2226
27 32 1168
46 18 130
4 33 2096
45 67 3250
28 40 1184
51 55 3106
3 21 1168
20 7 1056
44 19 50
9 45 1040
33 9 178
40 66 1168
1 62 2192
58 67 3218
4 41 3106
21 10 2050
15 25 3090
42 9 2178
59 25 1042
25 13 3104
2 53 2048
39 18 3202
23 1 178
3 19 2224
66 27 1152
40 20 2082
20 53 3074
50 49 2098
52 44 1058
32 52 3120
69 27 3106
69 28 1154
31 28 2082
62 45 1074
48 20 144
36 17 3090
10 63 2194
33 16 3218
40 34 1168
54 34 2064
9 48 18
50 34 3074
60 35 2064
64 62 1026
53 9 3104
47 57 178
32 3 162
1 3 18
68 46 1074
52 38 34
50 58 2178
32 58 162
18 38 1042
55 67 3122
58 48 144
8 58 2194
58 24 3120
24 22 1170
44 5 18
7 5 48
27 7 1200
57 50 3248
24 41 3234
40 1 2098
47 47 130
41 28 3250
28 31 3090
23 59 3202
70 15 178
59 1 2066
9 63 1152
13 49 2048
36 21 146
30 49 34
65 6 34
26 43 34
11 3 1184
46 68 3104
45 19 3218
62 3 1200
61 34 3200
67 6 0
58 14 2194
67 26 2194
32 4 2082
11 3 2
5 62 2096
30 17 128
39 59 1040
35 31 3104
4 59 130
59 68 3074
17 61 2192
58 25 146
15 6 2048
52 50 1170
19 18 3120
3 40 48
10 46 2210
10 1 2178
22 42 2208
17 55 18
38 65 2098
62 23 3248
44 24 32
45 61 1186
47 7 3218
54 45 2096
11 53 50
54 66 2178
64 42 3122
68 53 2210
24 59 3248
16 30 1040
17 34 162
50 60 3218
1 60 3090
19 54 3216
10 33 1168
50 30 3072
23 26 3106
27 31 3104
53 18 2208
19 69 162
69 6 2226
55 44 3234
50 2 130
62 8 3120
14 53 3088
44 69 3232
64 55 1200
3 52 2050
30 37 3090
36 28 3218
29 34 3218
14 6 128
24 10 1024
41 31 3216
25 64 0
50 22 2226
40 5 130
36 36 3234
48 11 3088
28 28 144
43 27 1168
57 63 2224
16 15 2192
21 26 0
13 23 0
35 41 1202
65 9 3216
51 14 3122
4 29 1026
66 40 2176
14 39 2096
51 48 3200
50 10 1024
6 32 2224
51 2 178
32 63 3218
18 49 3122
20 53 3074
16 49 2080
28 33 2224
68 25 16
61 40 2208
67 41 50
36 37 3216
40 42 176
30 37 1202
67 2 176
7 5 1168
11 60 2210
28 8 32
35 51 3106
57 23 1170
40 34 2194
22 18 48
12 10 1040
12 36 1074
61 24 18
61 67 2050
7 15 2
1 2 3232
53 27 130
34 22 18
25 58 1056
13 10 1026
3 8 3104
41 17 3120
37 39 34
5 2 2208
13 53 3122
64 58 3216
70 44 146
64 51 1042
7 13 2096
12 69 2064
32 47 1056
62 39 1154
35 59 2178
21 16 1170
3 20 48
53 6 1186
26 56 160
50 34 2082
9 25 3122
37 41 162
57 55 3074
13 41 2
35 60 1184
10 57 2080
21 27 1040
19 61 3122
7 16 1058
36 70 3202
63 33 1024
51 23 3216
53 33 1058
10 7 32
38 62 176
27 31 2066
30 3 3106
25 64 3218
51 34 2048
66 58 2192
8 57 162
66 33 2224
56 28 2082
32 20 146
9 1 1186
43 20 162
55 39 48
50 16 160
5 40 32
40 51 2098
52 6 144
35 41 2178
50 5 2194
29 7 1170
46 33 1152
67 68 1202
23 36 2082
16 62 3088
44 46 144
67 65 3202
9 8 16
64 58 1026
20 21 3072
59 49 3088
7 49 1024
42 67 1186
35 8 50
69 19 130
50 31 3250
8 35 2224
47 33 1024
68 59 130
70 7 0
68 33 3232
69 5 50
65 57 2
24 6 1184
56 43 2066
31 36 3122
1 60 2064
60 42 2098
15 69 34
24 34 3120
22 54 3120
66 21 3202
51 16 160
6 47 2210
18 38 2194
4 41 1184
45 52 2224
68 36 1154
70 19 2098
5 54 162
20 60 2176
51 60 0
19 22 2178
8 17 48
34 68 2210
60 46 34
18 24 1186
40 58 50
41 6 48
56 26 2066
31 24 2096
20 25 2
20 23 3074
31 49 2208
26 26 2210
55 25 3074
4 52 3106
1 62 144
36 65 2192
5 52 144
37 30 176
13 25 3104
57 54 2208
47 58 2098
19 51 2226
39 55 144
49 37 2098
55 11 2226
14 53 1040
57 33 2066
52 38 3200
67 4 3202
5 22 3234
30 40 1202
55 41 1152
8 48 3234
46 62 1026
3 57 1040
24 30 3074
55 65 3120
66 70 3088
23 44 2048
67 3 162
52 4 1186
9 6 32
27 53 48
37 16 1074
58 20 3200
32 43 3234
43 31 1152
31 54 3248
49 34 1072
53 70 1154
4 13 1184
44 15 2210
27 61 2082
30 8 2192
17 12 130
2 28 130
23 46 2194
70 43 3232
54 70 2
35 6 2178
66 34 2176
32 27 0
8 61 146
9 5 1026
16 65 1184
5 16 3202
3 46 3202
57 14 3074
1 15 1026
7 60 16
54 40 1170
60 34 1184
47 23 146
57 21 3104
37 9 2226
44 68 1056
25 28 2192
60 7 3072
49 23 1026
56 51 2082
9 15 1040
9 61 1186
45 35 2080
13 68 2192
32 61 3074
64 67 1184
13 14 16
2 70 3234
39 31 2176
33 39 1042
55 32 0
6 8 3090
55 61 1042
29 49 2082
43 37 2176
30 15 162
69 39 3200
54 24 3218
22 7 2224
1 61 2048
32 41 1184
6 36 2050
65 54 3218
10 69 34
3 28 3090
12 7 18
60 15 2064
57 54 2080
13 40 2224
67 64 2226
29 53 3250
36 27 0
66 2 128
70 35 2194
46 28 1072
30 27 3090
6 53 176
10 68 1072
47 6 3120
61 54 2066
53 60 3250
15 49 3106
57 4 2178
67 58 3122
50 6 1202
68 37 1170
46 10 2224
50 47 144
54 62 3088
9 18 2
54 30 3120
69 16 2224
16 46 2178
26 58 3106
27 66 2210
26 14 144
21 42 1074
40 37 160
20 65 160
62 58 3074
32 42 3104
6 21 144
34 70 50
45 7 146
26 62 1184
41 63 2208
8 47 32
54 50 3218
2 18 1074
22 38 3106
33 21 2176
52 60 2176
45 55 2080
28 70 1152
17 13 1040
5 66 2048
58 67 1200
4 19 3218
8 18 3090
20 45 176
46 66 48
53 65 178
59 8 2178
24 52 3202
25 55 2194
63 59 2080
53 17 1024
45 12 3106
54 17 48
58 8 2096
61 11 2082
12 66 16
57 36 1056
34 34 1056
70 57 3088
26 1 160
43 58 2064
19 5 128
12 54 176
55 21 128
49 43 2
3 66 1042
20 15 2192
58 5 130
17 3 1170
19 21 32
16 9 3202
66 31 2224
61 20 2226
7 55 3090
14 35 130
60 7 128
7 41 3090
61 1 1200
48 12 2194
24 11 3120
68 14 146
52 51 18
5 42 2082
28 7 2178
32 65 3104
7 32 34
56 34 1200
66 66 2210
38 51 3216
51 48 3234
61 51 1200
58 69 2
39 4 176
70 42 1202
44 28 162
63 18 1154
9 15 18
8 68 2
58 17 1024
20 59 178
59 30 32
37 52 32
54 50 160
51 21 128
14 54 3122
56 33 178
40 44 2
59 48 1058
64 61 1186
29 53 162
2 47 130
35 34 2066
64 57 3234
33 25 2066
28 19 1200
63 60 1026
48 1 2178
37 48 2208
2 34 3090
39 20 3104
42 64 2192
61 22 3122
65 35 1168
24 52 2
2 3 2082
65 21 160
55 36 34
45 11 2064
32 57 2048
65 57 3248
44 12 1200
8 15 162
39 34 32
7 66 2048
53 19 2080
33 42 1026
35 46 1200
13 40 160
13 60 1154
69 27 1202
36 60 1042
27 57 2048
43 47 3090
16 24 3106
53 49 2098
68 31 1186
11 35 3104
62 61 146
47 56 2080
48 30 3106
50 56 3072
44 11 2080
44 25 2226
69 5 1074
31 39 2048
35 53 176
37 70 2194
51 42 3202
55 10 2194
5 17 2226
52 29 2178
26 2 3072
4 51 128
49 56 2224
6 69 1056
45 35 1170
52 3 2194
51 43 3120
26 12 50
48 4 16
50 43 2064
15 54 162
68 40 146
60 1 1040
42 48 1072
28 18 162
16 12 3090
47 25 2096
37 58 176
15 61 1026
50 33 178
14 40 50
67 6 1202
65 59 2226
31 64 3120
36 29 2082
52 46 2096
35 8 1042
43 11 1200
25 50 2224
18 27 176
25 61 1168
31 43 3090
48 6 1026
66 43 2208
52 32 1056
53 70 3200
19 35 0
37 30 2064
29 55 128
66 34 2192
64 56 130
56 18 0
56 53 1168
7 64 1026
68 48 3200
29 13 2176
5 33 2210
67 14 128
43 29 2096
23 64 2096
31 6 162
4 15 1168
63 15 3232
17 10 144
22 45 1024
63 66 1170
65 4 1056
49 1 1026
38 9 18
29 13 2096
52 51 1058
8 12 130
7 68 2224
27 68 3104
44 18 128
42 27 1170
34 13 3232
64 37 1186
26 34 3088
5 16 176
68 25 32
48 45 146
49 18 144
4 20 128
48 62 1058
12 19 1170
70 41 2
22 60 2
32 25 3072
7 68 2176
27 35 128
23 18 2050
58 39 2048
5 49 1154
39 32 2226
2 30 1168
23 34 1040
28 23 1072
53 5 1184
48 50 2048
25 3 162
42 21 130
31 63 162
16 9 1184
13 37 1154
5 20 1200
20 40 2066
36 37 3202
30 37 176
9 48 2
27 50 48
4 21 146
65 8 3232
34 51 32
58 23 3090
7 61 1202
62 38 1058
11 56 1074
25 13 2176
39 1 1202
47 46 176
66 28 162
41 63 3074
48 23 3122
38 41 2194
6 43 160
26 41 1154
10 57 2176
1 9 3250
17 19 34
53 13 1152
41 46 3122
56 31 3202
9 64 3120
65 60 1184
28 68 162
35 57 1072
42 40 1072
49 12 2098
24 45 1026
49 53 2048
60 50 3072
35 49 2208
67 7 2048
43 27 48
1 50 130
50 44 48
58 7 2194
25 28 2194
11 14 3250
16 44 1024
24 12 2208
16 31 2066
10 49 1040
36 52 1058
52 2 3120
21 33 34
63 49 1042
3 32 160
43 57 32
25 45 2
49 67 2210
22 7 1040
34 60 3120
67 46 1074
18 35 3090
28 39 2082
56 12 1186
30 25 50
16 68 48
55 17 50
45 16 2226
3 23 3072
43 52 1040
16 20 178
46 63 2192
38 10 3248
29 10 1154
13 65 34
70 38 2
12 24 3088
24 64 2192
56 62 16
43 53 178
3 27 3122
61 32 1024
38 66 1168
11 56 16
66 1 2194
11 25 2178
58 36 128
3 63 1042
69 31 1056
44 14 2176
14 34 3074
66 69 3106
31 11 3200
38 48 2208
57 66 2048
11 22 3072
62 21 130
16 34 130
60 43 48
21 41 3218
38 44 1026
22 33 2208
21 50 3218
1 22 2096
41 40 146
67 15 3104
56 38 2080
22 46 3216
16 35 2096
21 42 160
57 51 162
51 36 2098
32 16 3122
20 35 3074
28 70 2208
25 11 2096
34 4 2194
45 62 2096
39 2 1184
11 58 3234
48 65 2224
66 27 3074
19 29 2192
40 13 3120
8 47 32
28 64 128
23 52 3122
64 44 2050
24 56 3216
24 49 3090
58 55 3122
47 62 2208
12 27 1168
23 21 2
51 34 18
52 46 1168
20 2 178
22 50 1202
58 16 32
8 8 1024
12 40 178
28 22 2064
61 61 50
25 9 2080
54 34 1056
8 70 3122
19 41 3202
41 65 3200
35 70 34
25 56 1056
46 56 1186
68 35 1026
17 50 1056
63 45 1170
17 30 2098
19 48 2224
32 29 1042
26 39 1170
63 3 1154
57 4 2194
33 3 1042
17 25 2
44 8 1152
8 14 2192
27 41 3104
24 10 2080
40 18 2050
49 59 2178
58 59 0
70 36 1040
30 57 2
18 55 3122
62 65 3248
28 49 1024
22 53 160
60 5 18
33 29 1058
9 40 2096
36 35 3106
48 10 50
43 64 3234
57 44 146
3 47 2080
42 69 2066
70 9 3232
9 15 2192
49 35 2080
51 66 2064
18 65 2210
59 30 1056
22 21 1026
26 68 1056
17 58 1024
66 3 2208
46 51 48
17 43 3120
7 3 2050
28 53 1168
16 32 48
21 8 0
69 55 3088
14 13 2224
56 22 1200
24 57 162
39 32 18
65 11 3074
1 39 2050
39 48 2080
24 70 48
1 31 3202
9 45 2080
23 50 3232
12 69 2226
47 25 2048
21 54 2050
6 40 2066
56 45 2080
69 62 0
17 13 1072
12 28 1072
47 8 1154
69 59 2
22 18 3106
28 3 1058
52 33 2176
31 25 2096
64 59 50
9 22 2
44 57 2098
41 49 3088
8 7 176
4 36 1186
32 47 2098
47 57 3106
10 52 3216
28 53 3120
69 57 3202
29 56 2224
41 50 1154
25 44 144
15 14 160
70 56 3106
10 3 3202
20 50 3250
30 53 3250
42 15 3218
47 7 3216
44 62 176
5 6 2194
7 7 2082
32 22 3202
40 18 3248
32 39 146
59 35 2096
62 45 2050
12 50 2096
46 17 1202
30 8 1170
15 46 2050
20 38 1042
41 28 3248
34 3 2194
22 50 160
40 19 2082
34 1 130
57 12 2192
1 31 1058
12 10 1152
68 62 2194
57 14 0
1 12 2048
36 18 32
52 67 1152
55 56 2
57 2 3200
58 12 3218
41 17 1072
15 23 3234
17 4 144
56 18 3216
3 63 144
42 58 1186
34 13 2208
54 59 48
32 26 1200
26 29 1056
56 23 3122
61 39 3216
2 18 3216
44 18 1168
2 66 1026
6 67 176
19 22 176
36 36 1040
29 18 2192
19 55 2098
58 13 1186
45 48 144
52 5 3120
59 18 2066
16 60 1040
9 34 1168
30 63 18
37 62 1056
15 30 1152
44 36 2066
58 2 50
39 18 3074
10 3 1024
10 11 178
9 64 18
66 9 2080
65 24 130
32 3 1168
46 6 3248
53 7 3200
38 63 0
11 5 48
17 22 2064
12 43 1026
47 52 48
21 31 3248
18 11 146
37 53 2064
5 24 1024
70 63 3090
17 5 178
31 59 2194
66 12 2082
24 2 34
32 62 2098
70 13 1170
37 8 3104
26 12 2194
36 19 16
55 50 2082
5 36 1202
55 70 1200
69 64 3106
53 46 2208
49 1 3120
12 69 18
19 34 0
33 28 1202
16 11 3120
62 35 3120
13 26 2210
4 29 146
18 6 1024
47 68 2192
41 17 160
14 24 3232
37 56 3200
3 38 32
54 63 32
57 65 2066
43 51 178
70 18 1186
49 14 2210
52 6 1026
60 58 3232
34 8 2048
48 36 1026
31 10 1184
50 49 3218
7 29 144
4 43 2082
59 13 130
16 13 2176
54 24 1170
37 28 3074
4 68 3200
46 48 3104
14 53 3250
36 57 2080
58 26 3232
30 47 2096
54 13 2066
4 69 1026
4 42 48
8 16 3202
1 21 2096
9 21 1154
57 65 3088
55 48 3248
53 18 2208
67 69 2096
17 57 1186
36 52 2194
45 64 1170
33 66 2224
29 28 1154
68 64 2226
62 34 3216
41 8 50
48 41 3250
68 59 2096
21 37 1024
65 20 2224
43 51 2050
64 24 1040
6 38 2066
21 51 3090
53 43 1184
59 30 50
30 43 3250
16 51 1200
60 3 50
42 18 2176
10 62 3090
30 44 1168
33 39 3200
10 7 3218
62 11 2096
17 62 2048
31 42 2064
8 19 1154
53 59 176
5 35 176
56 25 3088
20 64 1184
27 5 3074
8 1 34
45 10 1058
16 40 178
62 20 2
67 3 1074
19 27 1154
60 44 1170
15 39 1072
64 31 3072
42 22 3120
41 33 2226
56 58 2
31 1 1024
67 40 2080
50 14 3218
57 49 160
16 11 2080
41 22 146
17 54 128
66 64 18
66 29 2178
22 48 32
53 70 1152
5 69 1154
17 38 2098
25 30 1152
23 50 3234
64 23 2208
69 55 2080
39 22 48
40 65 2208
52 35 162
2 29 2098
20 12 50
67 67 3218
21 50 34
57 22 1184
11 9 3234
6 45 2194
38 22 3248
54 54 3088
52 42 2
36 54 34
20 49 2048
20 55 2192
25 52 1152
18 52 18
58 46 1056
65 70 3250
12 21 2080
4 52 2082
48 43 34
11 16 1202
1 69 2082
26 11 1168
14 16 2176
56 56 50
49 33 2064
5 1 0
44 34 16
55 22 2210
60 12 2224
18 14 2178
56 42 2226
33 14 1040
42 35 2080
22 21 1200
35 68 3120
70 65 3248
8 28 1056
4 50 3074
5 34 3250
24 27 130
2 66 1058
60 46 2224
59 42 144
26 68 144
20 58 3072
61 51 2080
26 16 1026
42 64 160
18 29 1170
22 16 3202
28 3 160
40 3 2082
18 36 3232
27 61 50
31 24 18
34 19 3234
36 51 3202
20 54 3106
12 47 3250
63 48 176
44 49 18
4 40 2050
13 67 1072
6 34 178
41 10 48
54 40 1056
54 50 3234
24 60 3120
4 63 2224
26 33 2066
57 8 2194
5 26 2050
7 66 1042
24 15 3120
52 12 2208
66 62 1168
7 60 1040
29 53 1200
27 24 1056
67 45 1040
59 69 2176
46 38 2
59 23 128
11 51 32
63 19 1074
3 37 2066
44 21 3122
5 67 2082
53 36 3200
3 49 0
53 63 1058
44 57 3218
31 31 3120
54 16 18
37 15 3090
3 62 1042
48 61 176
6 48 1024
25 38 3248
66 58 3250
8 55 1024
51 56 178
49 17 2210
58 62 1154
64 47 2066
35 9 3104
12 68 3232
63 53 2194
16 68 3250
3 11 50
64 23 2192
17 34 2176
29 9 1170
17 40 3122
69 6 3088
25 25 146
66 32 1152
49 16 178
55 59 32
60 45 2066
64 54 3200
9 10 3218
45 69 2050
41 16 3200
42 20 2066
18 30 1152
32 13 3200
48 25 50
48 63 1186
24 61 2048
14 7 2
1 65 2210
61 62 3218
28 54 3202
48 54 2194
45 58 2226
34 32 3234
18 55 3120
51 14 146
40 70 130
14 45 160
4 50 178
13 5 3120
49 56 128
21 65 2080
17 67 2082
45 18 2
35 2 2080
29 56 1202
36 66 3088
29 48 128
46 52 3216
25 64 3122
24 60 2192
30 27 3104
35 67 3106
34 26 1042
30 34 2176
45 47 146
55 1 3218
10 52 48
53 44 48
49 27 2178
29 5 178
35 46 2210
5 30 160
37 44 1184
66 35 1058
55 48 146
31 63 2208
35 52 128
41 11 2082
62 10 3106
1 36 1154
25 61 2082
63 40 1072
66 32 3234
10 36 50
69 62 2096
32 54 1186
22 68 32
49 42 128
24 59 1072
64 47 3104
48 2 2048
22 22 128
1 24 3218
70 3 3122
59 1 3232
42 17 1152
48 7 178
65 25 1152
56 2 1168
27 12 3090
5 55 1154
24 53 3106
31 42 2048
54 21 2098
70 59 1024
54 17 2098
2 70 1074
68 34 3104
41 46 3202
47 66 1072
32 43 146
56 52 2210
25 13 3104
1 20 144
39 62 2194
6 12 3088
52 5 3104
22 42 1168
63 9 2098
38 9 2224
58 2 3074
68 48 1184
46 24 32
18 67 2064
21 51 2096
49 41 1186
25 28 1154
67 18 16
51 52 1074
3 62 3234
34 37 34
64 64 2210
54 15 2082
23 9 2210
1 7 130
44 32 3232
52 49 2210
37 10 18
25 32 3104
61 53 3072
42 14 162
1 46 1072
53 51 128
48 68 176
52 32 130
37 41 2
66 45 2192
36 63 34
17 33 1024
17 69 0
22 17 3202
19 55 32
63 2 3200
35 45 2226
12 66 1184
54 59 3090
16 38 3122
25 2 1184
32 44 2096
35 64 2176
66 6 3216
35 20 2098
26 42 178
12 9 18
16 36 1058
29 51 1184
70 55 1170
1 26 1200
60 5 3232
34 15 3104
25 16 2050
53 41 3090
46 70 3250
52 15 1154
28 37 2080
47 13 1072
25 26 2080
7 9 3202
65 22 0
7 52 18
57 51 1152
67 38 2096
7 45 160
20 2 2176
7 11 1040
26 2 2096
29 5 2178
10 67 3232
20 16 2210
8 63 48
65 16 3106
61 45 1024
66 17 3234
53 33 2098
21 17 2066
41 19 2064
19 64 3072
3 10 2048
58 38 18
48 60 2096
27 14 2226
59 18 3074
64 34 3218
28 8 2208
2 39 2208
50 52 1184
59 7 178
53 48 1202
32 18 2064
59 40 1202
51 49 50
35 50 2080
34 36 1072
48 3 32
18 15 146
50 31 2064
