70 100
^^^^^^^^^^^^
43 19 0
52 27 0
37 47 1
25 59 0
42 15 0
37 40 0
69 59 1
53 56 0
52 24 0
54 29 1
51 23 0
27 9 1
51 11 1
37 68 0
2 12 0
6 65 0
67 58 1
21 11 1024
62 54 0
13 46 1
38 69 1
66 40 1
31 13 1
26 68 0
23 58 1
55 42 1
54 23 0
42 31 1
46 9 0
58 4 0
29 30 0
54 23 0
61 5 1
47 19 0
16 59 0
40 52 0
25 65 0
66 61 1
50 10 0
8 4 1
30 53 0
3 65 2048
9 27 1
30 2 1
14 38 0
14 54 1
16 28 0
1 59 1
22 45 1
36 6 0
32 12 0
51 35 1
5 69 0
27 51 0
13 48 0
28 27 1
63 15 1
41 4 0
24 33 1024
59 14 1025
67 46 1
9 29 1
30 41 0
16 41 0
43 49 0
29 46 0
1 36 1
56 60 0
70 23 0
14 16 0
1 21 2048
36 15 0
18 13 1
25 36 1
62 48 0
29 27 1
48 6 1
27 64 1025
29 2 1
10 48 0
50 13 1
2 67 1
16 19 1
6 9 1024
27 1 1
40 31 0
53 36 1
15 4 1024
13 2 0
37 12 1
10 32 0
35 41 1
16 30 0
64 64 0
62 38 1
59 54 0
10 41 1
16 2 0
40 47 1
70 70 1
