70 2000
^^^^^^^^^^^^
29 6 145
3 10 0
14 50 128
56 41 17
42 12 192
62 39 64
39 45 17
22 6 1
15 22 0
30 6 0
23 46 145
40 11 1
63 32 81
50 35 64
49 48 0
35 32 17
5 28 145
5 2 81
14 58 17
11 40 208
41 1 64
33 27 17
63 69 17
4 53 65
7 24 65
4 55 2193
41 4 16
18 28 17
58 11 1
46 60 1
29 62 1
46 69 0
32 53 1
24 35 0
55 65 1
19 49 0
28 68 2048
34 41 1
21 38 81
23 50 65
30 46 17
51 5 0
67 33 0
9 18 208
48 48 129
5 47 1
64 11 192
54 22 64
10 60 65
69 7 17
5 17 129
23 17 0
4 18 0
32 45 1
52 42 0
55 39 0
36 56 16
55 9 0
57 60 0
59 57 64
32 53 209
23 53 16
51 9 0
12 29 0
51 25 65
36 58 208
17 68 129
7 67 1
65 36 1
68 12 192
22 20 0
48 6 65
41 20 144
7 13 0
24 14 129
39 57 65
28 53 17
15 51 2240
26 61 0
1 24 2256
1 1 16
52 1 81
19 46 81
54 28 0
1 25 1
53 18 0
16 50 0
30 23 16
12 37 0
70 29 16
5 5 16
43 20 1
67 29 1
20 21 128
36 31 1
43 17 1
38 39 1
70 14 80
61 14 1
13 10 16
37 63 16
37 60 209
49 33 0
26 33 1
44 12 16
2 67 1
59 8 16
26 3 16
25 62 0
5 29 1
49 40 80
43 1 192
9 60 145
52 23 1
1 7 16
3 60 17
63 41 0
31 52 1
53 17 0
70 24 0
1 39 64
53 38 2049
26 27 1
20 58 1
32 30 2064
70 15 0
5 43 2049
61 58 80
32 51 17
50 19 1
10 35 81
41 62 1
64 60 1
32 24 129
26 20 0
42 70 208
46 60 16
41 25 81
37 59 80
43 59 0
12 37 145
15 32 64
9 11 16
4 34 65
11 64 208
62 48 64
38 56 0
36 44 193
10 26 17
53 62 1
63 29 0
19 30 0
55 51 0
4 63 80
50 14 64
28 63 80
3 2 64
14 61 193
12 40 208
6 65 1
67 8 144
13 47 17
25 31 128
3 64 1
53 38 80
7 22 0
12 20 17
4 24 0
53 24 208
36 12 0
32 18 1
8 12 65
22 1 1
11 61 0
55 41 193
22 4 65
34 15 0
46 68 1
11 59 17
8 7 16
31 19 81
7 65 81
25 63 1
63 53 129
65 64 16
12 15 1
30 24 1
50 30 0
7 5 128
1 37 144
57 14 193
68 28 0
37 45 2240
12 20 128
40 13 80
35 2 17
65 31 2129
15 26 129
68 46 17
44 69 0
55 27 1
63 30 17
59 1 0
35 17 1
17 49 64
69 44 17
55 65 145
38 15 1
49 14 1
54 31 144
56 36 145
51 14 0
65 48 80
61 26 2065
48 55 1
45 3 209
37 21 1
12 22 0
34 18 17
7 28 1
34 54 16
55 58 1
6 12 145
4 13 0
62 42 0
11 38 193
57 34 0
29 25 2049
51 49 145
41 10 80
54 13 17
64 61 1
24 35 0
36 23 65
48 50 16
26 29 144
14 5 0
44 17 1
53 35 209
10 7 64
68 25 0
39 36 17
46 34 64
4 39 0
43 69 0
40 10 128
11 51 1
47 58 129
22 37 0
66 21 0
31 41 1
50 16 80
61 35 0
62 13 0
70 26 208
67 10 1
6 15 0
65 65 129
32 35 0
26 39 145
55 26 144
37 21 17
39 24 1
42 46 0
59 30 64
46 24 1
40 48 128
65 49 2176
6 14 129
33 31 129
69 12 2129
9 32 64
63 12 128
25 33 193
23 1 16
36 19 0
70 8 0
1 16 1
1 67 0
8 49 1
43 46 0
61 7 0
55 20 0
51 29 1
68 12 129
29 2 1
57 47 17
8 3 17
30 70 17
11 43 144
57 59 0
66 43 1
7 57 1
32 19 1
58 37 129
7 62 208
23 60 0
41 13 0
68 19 0
65 28 81
43 9 1
28 60 0
2 12 0
18 43 129
27 26 208
6 39 65
70 51 0
57 21 80
66 58 1
58 64 0
69 21 1
42 68 145
66 66 129
43 61 0
41 21 17
68 48 17
39 8 64
40 65 80
12 68 0
14 57 0
37 54 1
35 30 0
41 25 209
23 41 2065
39 29 0
28 13 145
58 53 80
68 40 17
33 5 1
5 68 80
51 28 144
26 6 1
55 45 1
38 53 0
17 69 17
49 18 1
49 9 192
32 17 192
18 30 0
50 22 1
4 45 1
16 34 1
45 7 0
22 32 17
44 61 1
12 57 145
69 13 0
19 34 80
12 17 0
26 18 1
32 62 65
54 49 0
26 45 65
43 10 81
31 33 0
55 67 17
19 13 0
17 9 1
65 25 64
50 37 1
2 33 81
48 41 209
40 27 65
24 30 1
12 46 1
36 38 1
16 42 17
64 35 81
32 52 64
60 17 129
23 28 0
19 63 0
5 70 0
69 6 2240
20 11 0
37 64 1
55 4 208
28 63 80
69 20 0
21 52 2257
56 52 80
54 10 129
11 45 129
59 20 1
51 53 0
10 10 193
5 36 16
7 60 208
42 21 65
48 10 0
35 66 128
21 2 16
1 59 17
63 1 0
38 28 80
14 41 193
3 35 1
40 55 0
49 43 65
8 66 64
1 1 0
44 10 17
57 23 193
3 55 1
19 24 17
65 52 17
50 6 0
37 36 1
39 48 0
31 21 1
33 9 0
28 53 1
36 12 129
9 60 17
53 6 1
19 25 144
31 44 16
64 70 0
54 43 0
19 24 0
67 67 17
38 2 17
59 47 64
36 70 64
59 54 1
62 8 2176
20 23 0
60 10 128
31 47 1
27 42 81
50 61 1
38 62 0
40 24 1
52 30 64
15 54 0
22 27 81
32 9 64
32 22 1
69 54 16
17 35 0
45 39 1
41 34 1
66 21 17
27 4 208
11 43 2257
14 34 80
51 21 0
46 58 1
11 50 16
48 16 17
57 2 17
45 70 1
26 36 128
69 23 17
24 50 1
35 13 0
38 22 1
44 70 0
38 58 1
40 29 1
64 10 0
34 13 2257
48 31 128
4 65 1
45 5 80
37 4 0
47 22 17
18 64 144
56 6 1
57 30 16
38 17 17
52 16 0
28 1 16
59 56 17
35 46 16
62 9 1
43 19 0
69 5 129
3 40 208
47 33 2112
19 10 208
5 24 2049
69 60 128
50 25 16
55 3 81
24 23 16
46 50 144
10 43 144
22 19 0
37 9 1
6 39 16
64 8 145
6 58 1
25 26 65
70 22 0
15 26 0
65 59 192
44 2 145
21 33 208
47 51 1
55 66 17
54 44 17
2 19 65
52 31 0
34 68 0
37 15 80
14 45 80
9 45 2193
14 29 0
37 58 17
35 30 2192
67 13 145
18 47 80
48 46 209
51 62 0
33 67 1
38 63 1
39 53 2193
69 70 1
47 53 0
18 36 128
13 16 145
42 62 1
62 19 0
10 13 193
57 9 1
34 41 144
39 58 144
1 51 16
8 31 65
58 38 129
51 27 128
46 18 129
24 43 192
28 58 145
54 38 145
57 2 0
5 69 81
43 65 128
44 47 1
56 56 0
46 61 0
17 56 192
29 68 1
46 68 1
46 24 16
39 57 0
30 44 16
20 55 1
64 31 17
53 21 17
70 4 0
40 7 0
13 10 17
11 69 81
14 35 192
26 43 0
10 9 1
1 70 0
44 32 65
17 7 129
53 13 64
64 34 0
31 15 64
40 36 80
30 42 2049
38 9 17
17 2 1
39 16 64
13 30 0
55 43 64
28 38 81
32 53 2193
58 37 80
63 63 1
67 69 65
38 46 2177
26 41 81
60 50 1
20 51 128
14 70 193
19 65 0
65 43 0
22 1 1
16 24 0
66 55 0
13 40 16
55 70 128
4 62 0
14 69 193
48 27 0
5 30 128
16 1 1
16 28 16
11 14 0
18 6 0
20 38 2257
22 69 1
6 51 80
66 55 81
11 39 193
26 66 1
57 32 81
43 48 0
55 46 129
66 69 1
55 35 1
49 9 129
5 2 1
57 31 0
5 46 209
15 54 1
48 8 64
63 11 16
49 1 2049
69 44 0
12 56 129
69 47 81
15 1 0
33 36 0
59 49 2257
52 62 209
62 18 2256
2 59 81
39 38 1
47 7 2048
22 36 0
62 49 0
32 49 64
46 28 81
43 19 193
46 8 1
66 44 1
63 28 2192
1 54 0
55 38 0
14 26 208
24 11 81
19 24 16
17 33 80
22 1 1
2 24 0
1 19 0
9 12 209
54 46 2176
17 62 0
8 52 64
39 41 1
56 29 2241
45 28 0
41 46 16
65 27 1
41 68 1
40 14 80
20 17 2128
43 68 0
20 9 1
4 41 1
51 9 145
27 6 1
60 12 17
24 47 1
19 19 80
70 66 0
55 17 192
36 58 0
51 64 208
21 42 193
23 68 1
37 70 0
18 3 64
13 49 0
41 28 1
6 20 0
31 23 65
45 70 1
19 70 16
60 60 1
3 38 1
37 15 80
3 19 209
20 9 0
63 15 17
5 37 1
33 16 1
27 17 0
27 4 0
35 24 16
13 41 1
31 16 145
21 17 1
42 7 17
50 53 1
17 69 0
25 69 80
11 14 17
20 67 1
27 40 1
57 11 1
17 36 0
27 42 129
7 53 17
3 38 145
38 20 1
59 29 17
2 32 65
20 56 1
6 21 64
2 14 80
25 28 65
61 40 129
55 14 128
9 16 0
16 4 17
42 58 0
64 32 16
58 14 1
56 6 80
67 45 0
18 67 1
52 25 81
31 13 129
15 27 1
55 7 80
4 55 1
27 23 1
55 65 16
5 6 1
51 69 2065
57 30 1
57 66 193
24 21 129
3 23 2257
67 54 129
54 70 129
7 33 81
29 43 0
14 59 1
55 70 1
42 6 145
20 38 1
44 32 17
44 20 209
9 70 1
67 2 145
18 6 1
58 27 1
57 19 1
4 64 0
24 60 0
13 11 0
70 6 128
24 62 1
56 67 16
10 30 1
5 48 1
42 64 17
46 69 16
49 36 1
38 33 1
5 69 17
16 35 1
69 33 2112
21 70 17
42 14 1
12 18 192
5 13 17
2 9 0
57 44 129
61 18 64
65 10 209
49 63 81
47 3 0
66 37 1
41 58 0
2 16 65
64 49 0
48 56 1
59 37 80
1 55 0
65 46 145
62 59 17
42 1 1
14 52 17
20 59 1
1 3 128
15 63 0
67 55 1
61 63 1
50 19 129
24 62 0
12 10 0
58 33 16
34 33 17
66 66 1
51 61 17
30 26 1
30 27 1
62 1 1
49 16 1
24 41 1
9 26 145
48 65 1
33 64 144
66 4 1
5 9 0
63 42 193
70 69 145
1 28 0
46 27 80
64 10 64
38 67 0
2 34 0
12 8 1
68 27 16
11 43 144
30 61 0
4 37 16
35 12 2193
15 62 1
11 9 1
66 46 17
46 14 129
56 36 80
34 10 16
14 53 208
26 32 144
35 45 0
42 57 209
37 14 1
26 13 0
26 26 17
45 17 144
56 5 16
9 38 0
24 1 17
25 64 209
36 24 145
49 45 1
68 41 1
37 14 17
29 22 81
68 5 0
35 16 1
13 61 0
62 48 17
20 4 81
17 39 16
20 8 0
9 12 209
51 11 128
10 16 17
8 5 17
57 20 17
46 9 1
38 70 1
53 2 128
39 61 128
30 64 17
21 63 81
15 15 128
59 66 1
63 31 129
9 64 129
44 30 16
35 46 80
28 28 1
42 47 145
47 69 0
6 51 1
18 61 16
64 42 2129
35 27 1
41 25 0
10 42 0
18 61 2240
17 51 192
60 15 1
44 60 1
55 10 1
59 21 16
3 42 0
4 50 128
13 27 0
30 56 1
37 43 0
35 66 17
5 40 1
66 38 209
37 49 193
56 31 0
25 68 0
37 16 65
7 23 2113
6 70 17
49 30 0
30 56 1
18 58 1
61 24 144
31 35 1
51 3 129
51 28 16
5 1 1
39 12 1
2 16 1
2 68 0
9 14 0
38 47 1
22 2 0
18 20 2064
17 69 0
29 64 144
48 29 1
16 70 192
32 33 16
44 56 144
46 15 16
27 52 0
6 9 0
37 37 81
68 2 1
16 48 128
2 69 2177
4 61 1
26 55 65
39 57 65
56 7 129
50 22 0
45 66 2240
25 63 1
35 31 209
49 64 65
30 1 0
8 17 1
44 8 0
16 46 16
34 42 17
7 57 1
13 52 64
4 45 1
22 45 192
70 52 144
61 23 16
70 64 129
1 21 81
9 31 0
17 54 1
57 11 208
40 43 80
22 48 17
27 9 0
66 32 1
44 32 1
34 53 1
5 20 17
67 64 145
29 33 192
11 23 16
35 34 80
34 25 0
58 9 0
17 47 0
43 21 81
6 23 0
18 70 1
29 7 209
7 20 0
54 58 193
33 1 0
8 1 0
49 16 0
44 3 0
26 27 64
13 35 1
19 1 129
44 64 80
4 46 0
31 4 81
13 70 17
35 51 2049
67 5 16
35 31 0
14 12 17
30 18 65
51 53 0
30 51 0
54 35 1
8 24 1
20 35 17
25 69 0
59 3 1
43 25 16
25 40 208
38 60 1
6 3 17
4 47 1
63 39 0
61 34 1
2 59 65
7 11 0
13 48 1
40 22 17
10 61 0
55 21 208
24 43 64
30 16 64
42 15 193
40 12 1
46 44 1
35 17 145
16 57 16
31 45 1
30 8 1
45 19 17
62 56 17
26 49 1
54 58 1
23 25 1
44 8 1
16 42 0
56 21 81
15 54 144
2 29 17
51 50 1
53 17 0
69 26 193
46 28 17
23 65 145
53 50 1
24 56 1
64 10 17
2 50 16
4 53 17
24 4 1
9 68 80
53 21 81
28 29 16
8 44 208
63 10 1
30 65 0
56 68 2049
8 44 1
21 67 129
22 6 1
46 4 1
11 16 1
28 67 145
60 18 0
60 11 17
30 64 17
59 4 65
20 9 80
45 6 208
46 41 128
22 13 65
39 36 17
36 11 1
11 63 2176
55 24 2193
61 10 128
26 11 1
4 60 1
2 35 0
46 65 16
47 69 192
7 5 0
22 59 1
2 29 1
6 19 1
68 24 17
66 45 0
62 68 1
62 59 1
61 15 0
49 55 17
43 57 0
48 2 2256
70 44 17
55 34 0
66 12 0
19 27 1
41 50 17
8 2 17
38 39 1
70 62 1
14 11 65
37 29 1
7 17 16
46 15 1
32 29 0
16 14 0
42 15 1
1 28 17
4 27 64
10 37 1
3 46 145
19 55 64
67 2 1
28 26 81
16 59 1
11 63 0
38 28 1
48 38 80
3 29 65
34 60 128
27 34 1
1 55 208
62 58 1
46 49 1
35 10 144
43 65 0
5 16 16
33 7 193
70 66 1
26 69 0
50 49 209
67 40 1
57 28 209
30 66 16
47 18 129
30 14 129
56 67 17
59 55 144
67 53 65
25 67 0
45 24 1
60 53 192
40 11 1
7 21 17
66 15 16
32 66 1
14 29 193
36 64 2112
16 64 1
38 16 1
38 3 193
49 20 193
64 8 0
53 21 65
11 5 208
4 9 64
45 47 17
42 53 0
58 12 1
51 4 0
44 65 193
65 68 128
10 70 16
32 48 192
10 28 1
27 48 0
15 22 81
3 19 208
16 14 1
1 65 1
33 4 128
43 45 208
45 17 65
20 60 1
28 61 17
15 16 128
24 25 16
59 16 65
19 45 16
41 20 1
13 35 1
67 15 0
42 70 1
41 34 0
7 56 1
9 43 208
11 18 1
17 17 0
4 54 1
35 41 17
16 68 1
63 31 16
56 34 144
39 25 80
57 4 16
13 23 192
23 56 16
5 7 1
27 58 1
17 68 1
26 64 17
15 35 16
59 52 81
45 65 16
32 18 16
21 59 64
54 19 192
37 25 1
13 22 0
51 23 209
39 48 0
20 33 0
29 12 144
63 36 1
49 16 128
46 43 0
9 32 65
25 5 17
53 65 0
35 21 0
4 59 1
29 14 64
4 69 1
14 65 144
67 20 65
29 29 208
64 12 1
18 19 2129
26 21 1
66 45 1
33 16 0
66 43 0
52 38 0
46 15 145
25 49 1
68 2 1
54 57 1
27 3 17
11 21 1
46 7 65
10 50 65
22 10 1
64 33 208
55 43 192
13 5 1
56 30 1
62 45 1
22 10 1
51 65 1
69 44 128
8 54 129
22 51 2176
42 37 17
14 9 129
67 61 129
70 42 1
60 37 193
63 35 1
61 54 209
56 65 81
31 69 16
11 59 1
36 15 16
19 30 64
59 31 1
46 50 16
68 12 17
18 59 192
13 1 0
31 30 1
42 18 1
64 41 1
18 4 16
45 29 0
65 30 64
11 14 16
44 60 0
62 5 17
43 38 1
10 38 1
41 44 17
57 23 64
4 65 0
47 16 209
56 4 0
35 8 144
40 4 16
54 43 1
54 17 0
62 36 1
42 39 1
28 3 145
5 12 0
46 63 1
26 54 0
33 52 145
29 5 16
8 49 64
42 22 0
27 25 1
50 57 1
48 14 2193
42 18 2128
22 35 16
49 63 0
26 54 192
52 46 129
57 42 16
17 2 16
32 38 0
44 54 0
67 20 80
62 29 192
66 3 129
6 6 0
69 56 1
1 47 0
5 9 80
1 68 209
33 35 0
56 29 0
29 37 0
38 13 16
41 17 2192
47 10 0
36 20 0
13 51 0
38 14 1
50 10 192
66 61 80
50 53 1
16 16 16
8 23 16
32 16 1
42 36 16
34 63 1
52 7 80
55 41 65
32 29 16
42 24 0
49 46 1
27 15 65
12 10 64
11 63 16
24 44 128
62 13 80
49 11 128
38 41 65
42 1 0
50 70 80
70 70 0
9 29 144
16 31 17
54 48 80
20 1 2128
3 70 1
20 45 0
15 22 1
33 56 1
62 32 1
26 47 16
25 55 1
69 68 1
41 7 1
36 26 17
15 48 0
44 52 1
11 41 1
68 23 16
47 2 209
65 27 17
12 40 16
57 1 16
24 50 192
66 8 2064
42 32 0
47 63 16
29 36 65
50 22 1
49 9 1
64 6 16
45 49 1
35 11 1
51 9 128
33 35 0
57 66 0
58 28 129
29 55 16
42 27 1
1 51 0
5 7 208
3 46 16
25 31 192
67 56 1
60 2 209
66 57 192
54 3 208
25 39 0
35 8 81
22 45 1
23 28 16
28 40 1
34 26 17
27 20 80
58 16 1
58 39 81
36 19 193
53 52 17
31 64 2128
47 60 16
3 2 1
13 22 0
48 14 0
5 30 1
37 37 17
54 48 17
45 39 65
31 24 17
70 34 128
39 45 1
49 34 17
50 20 0
4 37 0
27 9 0
47 49 1
27 5 1
10 28 80
59 43 1
48 39 80
34 53 1
1 41 1
20 17 81
1 45 2192
60 62 193
70 1 1
22 33 16
24 48 17
66 59 128
4 46 17
69 66 209
39 10 80
22 25 17
21 37 16
58 37 0
43 54 1
32 17 1
9 16 64
13 16 145
62 30 0
39 70 192
49 36 1
33 60 0
10 37 17
45 4 129
8 2 1
48 47 0
12 18 1
70 42 17
55 45 1
31 19 0
19 1 0
26 27 0
69 39 128
38 66 1
11 5 1
33 39 2176
62 41 0
51 40 1
16 29 129
19 49 0
34 53 0
21 37 16
52 4 64
69 14 0
50 4 0
67 24 17
39 65 16
62 46 16
21 69 0
31 69 17
14 70 208
10 22 1
19 63 0
33 68 81
23 17 193
59 26 192
42 27 128
66 54 209
43 22 209
16 46 81
13 67 80
3 41 209
63 28 17
54 68 65
1 48 144
19 6 17
5 8 0
21 39 0
8 59 208
28 58 0
32 61 0
29 44 0
24 57 1
45 60 0
21 38 16
60 66 1
35 8 81
23 31 1
42 28 1
49 65 129
23 52 17
38 63 2112
40 28 0
62 43 0
33 46 16
43 6 1
5 31 2065
46 62 0
38 69 64
3 50 1
2 3 64
70 31 1
47 27 0
65 31 1
48 20 0
63 12 1
25 22 0
17 70 1
6 48 1
9 50 0
39 39 192
51 63 193
39 60 2193
59 24 16
69 14 0
6 22 0
37 51 17
5 34 0
52 14 192
66 18 81
31 58 81
29 31 193
42 17 16
26 53 64
8 33 0
45 6 0
68 19 1
45 47 0
18 23 2240
60 62 0
35 56 16
36 17 1
55 62 64
69 27 1
47 9 128
41 28 1
57 16 17
9 50 1
33 20 65
12 26 0
14 4 17
30 33 129
56 11 17
13 28 1
1 65 81
1 44 145
64 56 1
5 38 0
46 43 129
36 20 1
55 30 16
56 58 1
55 1 145
57 63 65
55 50 65
27 22 2064
17 69 128
56 65 80
33 17 17
51 62 16
27 19 17
27 31 1
29 44 0
21 14 208
10 34 128
48 39 0
32 31 16
28 8 145
65 35 1
6 27 0
51 42 0
16 50 1
51 7 208
19 33 1
38 21 145
33 11 1
38 43 1
63 9 81
69 57 80
70 31 193
48 70 1
1 50 0
41 22 0
58 2 0
55 51 0
65 20 81
13 30 1
53 1 128
15 65 64
64 44 0
54 32 2064
62 15 0
39 57 0
55 26 144
47 1 1
39 52 16
33 17 1
58 62 209
41 51 81
12 45 81
51 45 0
29 25 145
8 52 1
5 31 0
3 21 0
65 7 145
15 54 65
32 28 17
50 19 80
26 59 0
51 21 16
64 2 2113
35 54 1
33 67 80
18 17 0
70 3 0
2 67 1
44 59 144
63 47 2257
61 31 208
29 69 1
15 32 144
9 62 0
64 23 1
27 8 1
20 21 193
9 63 1
41 69 0
14 59 17
5 62 1
68 62 64
28 2 81
24 37 16
10 42 0
33 23 0
29 35 0
60 32 1
18 7 1
5 68 2192
15 18 64
29 2 208
65 2 1
63 22 1
38 50 0
23 54 0
66 6 0
7 24 17
18 27 2112
6 8 1
54 38 16
39 60 208
6 14 17
62 49 0
23 44 192
43 61 0
5 8 17
39 27 80
44 9 208
35 13 1
38 40 1
27 33 2065
32 50 192
24 34 0
67 49 0
53 48 1
66 49 1
12 37 1
50 18 2257
67 11 1
47 30 0
60 42 145
70 23 128
47 1 16
18 50 2240
40 39 2049
6 69 17
21 20 0
30 6 2129
14 32 80
31 40 1
11 52 209
16 51 64
19 37 17
31 11 65
69 29 209
49 4 0
69 30 17
20 39 17
49 4 0
70 46 0
52 70 0
35 70 0
31 23 0
20 28 80
9 45 1
8 1 0
38 44 1
13 55 0
8 10 64
57 69 1
55 63 0
65 53 193
25 65 129
40 27 128
70 48 193
45 33 65
46 32 16
22 17 129
2 13 17
57 51 1
13 57 0
67 51 1
26 4 0
64 64 1
56 35 1
30 8 17
8 33 1
70 32 0
53 68 128
30 67 17
43 17 209
21 55 0
45 44 0
29 60 192
42 14 129
22 3 65
44 37 0
63 63 0
6 5 1
11 57 81
33 47 2177
1 31 128
42 29 64
6 58 1
53 44 145
29 58 2193
52 56 1
37 37 17
3 16 1
59 16 0
30 2 192
43 5 0
27 4 145
22 42 64
40 28 0
37 4 81
64 3 0
29 39 1
55 7 1
42 70 16
31 37 17
9 38 0
63 32 0
61 50 17
56 16 208
59 3 1
14 11 16
20 7 0
47 8 0
44 21 0
44 44 1
27 21 0
52 15 16
65 15 144
62 23 2176
67 59 192
63 3 0
6 1 1
46 51 16
29 68 80
48 19 128
70 62 145
56 32 65
41 69 65
52 50 0
35 57 0
25 18 65
43 30 2128
43 21 2048
10 31 0
6 38 0
59 64 0
42 49 1
62 61 64
44 42 0
1 38 16
3 12 1
65 41 1
5 69 0
14 8 1
31 66 0
41 64 208
33 18 1
47 5 16
21 40 1
14 20 0
67 29 80
2 11 64
65 13 1
68 7 0
28 14 192
25 26 0
10 4 1
68 10 0
5 5 0
46 35 208
15 57 1
62 47 2177
25 35 16
9 60 17
28 70 1
66 29 128
60 52 0
34 32 1
20 37 144
52 64 0
46 61 1
22 23 65
68 30 81
4 46 1
53 6 64
52 15 0
25 67 0
17 60 80
3 36 192
27 42 128
33 30 2048
65 68 16
64 27 1
6 1 16
22 1 0
51 26 81
40 16 0
45 2 81
23 47 0
29 57 1
4 5 81
9 24 193
21 45 192
18 21 64
17 46 1
20 24 0
4 53 0
18 63 0
36 6 1
54 38 0
40 16 129
36 66 1
27 14 145
33 30 192
6 31 0
50 51 81
44 35 16
62 12 17
43 59 64
18 11 1
3 21 64
6 15 17
7 42 0
56 44 145
30 29 0
20 25 1
9 58 209
59 65 17
54 59 144
52 39 65
58 23 17
64 37 16
48 34 1
41 7 0
18 64 193
63 19 1
26 12 1
3 70 2177
25 28 192
5 15 1
62 4 80
6 68 16
27 27 1
26 37 0
60 70 192
21 22 1
58 29 0
24 7 0
65 62 80
18 28 208
64 50 65
56 1 1
28 65 17
5 20 1
12 2 129
20 60 16
22 25 1
33 63 1
27 41 1
29 8 129
15 7 0
3 45 145
51 17 1
38 44 16
1 34 80
6 55 208
24 12 1
7 6 2049
65 58 2256
7 61 128
4 29 1
55 67 65
6 70 16
36 32 16
70 9 1
14 34 1
2 20 81
39 30 192
27 70 65
21 69 1
2 34 209
60 15 1
31 55 145
52 35 0
64 29 80
22 62 1
11 49 80
68 27 193
51 25 128
17 45 1
33 38 80
16 38 80
45 34 1
57 9 16
35 19 129
30 30 16
14 53 65
4 63 1
65 37 1
48 38 16
8 60 64
17 51 1
41 26 0
67 40 192
45 38 1
24 66 1
46 35 64
52 65 16
18 48 1
53 62 1
40 60 129
70 16 1
7 49 16
42 8 1
3 27 145
32 42 1
39 53 145
36 3 0
15 29 16
46 9 193
69 51 1
69 35 0
26 29 2240
59 22 208
26 21 208
10 65 193
22 11 1
29 43 0
26 41 1
59 32 16
44 11 17
47 57 193
35 8 193
59 22 0
20 28 1
11 54 192
6 32 17
58 28 145
33 47 16
3 51 1
44 19 128
66 16 65
10 62 1
36 9 1
4 31 1
13 68 81
36 14 128
9 2 0
20 7 1
3 33 0
58 45 80
33 28 2128
10 8 1
21 27 0
7 48 0
31 50 0
15 27 0
29 28 1
6 49 0
