70 2000
^^^^^^^^^^^^
43 48 6
4 20 1318
6 58 14
12 15 12
40 70 11
31 38 549
61 65 813
61 35 41
36 17 1070
7 28 1583
41 16 42
64 14 15
67 5 1325
3 5 33
55 56 42
53 10 1290
34 7 35
19 30 32
13 63 32
20 12 35
48 68 291
55 25 3
8 27 43
63 43 264
15 3 8
60 13 811
41 27 300
53 65 296
68 10 15
30 54 34
11 55 1540
3 14 33
17 64 32
34 3 33
44 19 1289
59 10 33
34 28 44
35 21 13
27 6 548
15 19 513
58 2 257
54 57 34
54 24 36
13 24 298
50 10 1792
51 66 1573
46 43 267
62 19 1029
66 56 770
4 17 2
10 45 523
43 11 556
55 2 802
37 37 802
28 11 523
18 3 258
29 64 34
58 30 4
62 64 772
67 50 45
25 34 1825
70 66 520
3 56 15
66 38 5
27 24 2
44 3 292
64 27 267
69 55 33
66 46 13
28 19 3
24 44 774
50 14 1060
52 61 551
6 66 293
53 62 33
66 40 521
31 55 809
52 63 10
55 43 1313
17 37 519
57 11 46
31 40 4
6 18 7
57 10 35
1 27 551
68 20 1794
18 52 10
10 58 1324
23 27 35
22 8 33
41 13 1060
25 66 46
5 50 43
66 39 34
20 52 33
2 52 6
33 27 38
28 54 36
44 17 38
26 65 12
3 17 12
18 27 1071
7 39 9
58 14 14
18 66 770
19 5 44
40 65 6
8 4 13
40 42 805
26 12 1315
47 54 44
16 23 267
64 29 768
24 30 515
23 37 33
7 57 13
9 9 2
1 12 7
55 47 4
45 68 13
42 66 38
49 35 32
70 20 42
25 20 806
38 23 5
15 22 46
62 31 15
17 56 1068
14 70 14
36 48 42
48 49 8
33 50 6
35 51 1319
53 46 40
32 23 34
24 45 772
61 63 547
22 55 36
53 16 783
70 55 40
22 16 800
67 47 33
29 42 34
34 38 15
62 24 1798
1 7 0
52 67 32
57 44 47
56 27 800
46 63 558
51 12 1793
46 24 44
4 52 258
67 26 34
13 4 803
14 49 33
69 27 262
52 28 43
32 49 40
68 38 263
25 9 42
47 42 5
6 64 300
55 43 1827
28 22 553
57 14 40
13 5 557
62 39 42
7 46 47
53 53 47
63 6 770
14 64 1287
61 52 783
48 64 42
10 5 32
57 45 776
21 8 38
25 4 260
42 17 4
60 63 13
7 32 261
12 23 268
48 68 15
9 13 33
64 59 1059
56 1 1
42 21 8
34 68 779
47 14 11
20 45 39
44 53 33
54 18 776
43 14 44
21 6 778
55 10 1325
33 22 4
29 2 1799
9 57 2
61 20 32
57 39 1280
20 22 1316
63 48 41
6 43 12
30 20 1030
15 39 47
9 63 783
30 29 45
57 12 41
17 67 6
46 62 42
46 49 301
40 43 774
2 41 522
32 11 300
46 66 781
22 37 43
8 10 269
35 52 262
64 25 1578
36 42 44
69 33 300
8 26 14
32 59 807
65 31 41
68 36 516
64 9 5
2 8 5
28 67 39
11 21 1294
53 14 8
40 21 3
50 22 4
37 7 299
46 60 0
58 57 13
5 31 38
33 54 769
34 69 1539
31 70 294
8 39 1797
32 23 1802
30 50 2
22 2 256
25 40 32
25 60 1
3 3 812
1 64 1536
49 21 35
17 16 1024
16 25 40
61 20 12
69 55 33
19 39 1572
23 15 36
32 27 1834
28 35 44
31 57 525
38 51 47
56 21 37
67 5 8
33 10 47
23 60 1581
63 57 1571
43 37 34
38 25 1322
32 7 516
58 70 42
40 47 38
10 25 774
41 54 1320
7 5 300
64 31 7
60 45 47
42 47 43
41 64 36
9 24 807
4 22 1838
42 9 33
34 57 522
62 62 13
7 48 267
20 70 546
7 45 3
14 42 15
58 27 41
1 17 8
22 39 263
3 51 296
27 34 267
11 35 270
43 70 1830
24 18 3
10 17 1282
40 15 803
35 7 256
53 7 4
59 30 4
65 52 37
57 62 0
34 23 1288
2 37 12
46 63 11
68 38 15
53 10 1031
9 4 4
32 59 8
37 47 271
46 36 47
4 33 5
51 38 292
55 23 1
6 48 1573
62 60 13
60 37 1319
39 70 44
10 43 1024
8 14 45
40 57 32
48 11 13
44 29 1061
46 70 1798
8 4 259
65 25 40
27 57 8
35 66 1807
65 58 47
13 5 258
55 32 1839
5 59 1
13 12 0
5 69 0
58 21 6
31 17 7
33 40 9
5 55 290
35 5 549
56 27 37
23 32 33
14 51 801
9 2 780
27 40 805
61 62 1793
6 56 8
43 1 300
16 29 7
36 46 7
36 43 34
5 58 4
52 16 10
46 52 1313
56 19 270
52 38 298
17 46 38
18 69 42
24 31 804
67 19 1549
11 50 38
27 40 1314
58 7 257
22 1 1068
18 20 0
55 36 514
33 65 552
22 34 802
69 59 13
41 57 1
27 17 2
3 59 5
52 59 10
17 60 3
28 48 301
21 23 45
13 24 43
36 58 5
46 15 808
49 37 807
69 17 7
19 8 1825
1 8 259
53 45 0
65 40 1037
7 4 261
25 24 6
28 9 552
45 23 299
42 21 37
43 67 38
32 21 35
20 41 14
51 31 298
57 46 260
10 57 2
28 14 36
20 54 266
39 46 44
57 42 15
49 35 259
57 20 1327
14 66 46
55 26 10
34 61 33
7 58 260
2 24 38
41 49 40
53 48 0
51 61 1323
22 9 293
46 14 1
53 42 44
5 66 14
62 48 781
35 68 1797
22 1 291
56 12 1
10 27 44
15 19 772
54 46 44
33 39 2
19 51 1832
48 13 41
52 21 45
7 51 808
50 5 46
14 52 778
45 56 2
55 67 290
68 58 1032
30 23 2
37 33 5
50 20 37
11 17 14
15 17 15
69 29 515
30 61 520
26 45 10
41 21 34
2 19 6
43 46 4
41 12 6
37 8 800
30 40 554
31 69 35
41 52 35
53 10 36
61 54 13
69 69 10
61 28 42
42 44 40
39 30 4
17 43 3
51 9 35
22 20 41
39 39 14
31 39 7
17 28 290
8 30 517
56 65 1568
11 58 14
43 33 290
67 66 1317
52 1 3
16 30 8
29 36 38
54 50 772
15 52 8
38 45 289
53 67 47
43 28 39
45 70 1066
25 24 1536
49 23 1069
52 60 773
6 22 44
8 12 1832
63 11 11
44 45 260
37 1 294
14 29 35
47 10 298
14 12 43
42 29 0
33 63 553
29 63 781
21 19 10
26 11 35
23 45 775
4 64 295
68 4 14
36 2 259
19 62 7
15 52 292
50 65 14
68 38 1316
65 69 5
40 12 803
69 62 11
27 36 1
20 11 1295
52 16 44
67 42 526
55 50 783
4 67 3
5 34 1033
60 49 42
51 40 39
12 44 3
17 70 1836
41 28 47
55 25 293
58 43 39
57 28 774
36 20 1293
44 27 524
42 56 45
43 44 1295
40 26 33
44 58 42
16 34 39
36 35 12
58 23 39
66 64 35
57 58 1828
16 49 300
12 18 1838
25 31 9
51 39 264
13 63 544
36 64 7
28 49 1030
58 32 36
24 40 10
4 11 7
11 59 36
29 35 5
54 41 775
44 43 2
55 14 47
45 7 42
62 27 0
29 46 12
34 52 33
59 31 289
65 17 12
14 67 7
17 58 6
4 33 301
44 32 6
64 69 524
6 36 5
10 5 33
47 2 1282
2 30 6
12 39 15
9 52 10
1 38 39
28 40 267
31 40 1575
41 23 1
18 53 14
22 23 266
61 47 271
22 10 271
67 15 295
8 61 291
49 11 525
12 61 34
63 42 3
51 68 39
51 34 46
23 3 1541
39 37 290
66 57 7
52 28 32
54 15 15
2 23 2
9 6 5
68 67 520
16 9 1804
50 12 263
60 56 40
47 50 36
65 65 298
23 20 38
48 59 518
32 15 46
39 20 805
10 38 43
1 1 518
4 36 1
5 61 14
43 27 39
36 49 36
35 29 1292
62 70 45
48 37 1575
3 32 37
24 65 1067
51 60 292
41 2 4
51 15 40
68 7 45
31 13 10
35 3 776
14 30 38
12 37 0
52 3 36
19 14 3
23 10 0
31 5 14
20 30 1064
23 55 4
67 50 779
68 35 1031
5 18 768
49 40 15
49 5 778
63 35 34
68 31 4
20 49 47
22 17 1
30 60 289
12 69 39
57 50 1550
47 56 5
31 49 298
4 41 43
65 56 43
45 32 33
69 40 9
6 25 34
23 54 34
17 46 259
36 34 36
32 66 300
65 17 39
34 45 298
28 33 299
8 5 297
9 62 2
69 20 8
17 39 1285
63 22 303
52 36 12
52 57 0
56 22 44
2 29 0
46 57 1794
11 40 33
57 67 1281
26 25 0
27 66 1797
13 28 1062
24 40 36
32 20 1807
44 67 1793
3 7 1824
11 10 521
58 28 1325
51 21 32
58 67 36
70 20 2
19 61 3
25 3 39
67 64 41
2 69 44
25 34 44
20 66 4
33 42 7
30 29 42
48 55 1294
21 67 36
36 52 38
69 69 43
47 18 525
63 12 546
67 32 9
1 62 1583
22 9 39
50 70 1824
47 54 6
43 59 299
46 40 44
32 63 37
18 60 523
17 53 558
34 14 5
1 37 519
33 64 512
8 46 44
27 21 7
30 63 42
46 70 47
3 49 299
31 20 45
43 45 5
10 48 47
29 16 527
68 27 37
55 13 46
6 5 42
16 65 809
48 8 34
48 12 12
54 9 43
62 26 14
11 48 1285
38 53 10
51 41 35
40 70 1
54 56 33
55 56 44
11 32 301
13 43 42
69 57 14
38 51 36
4 42 12
17 63 4
53 66 33
39 70 3
35 68 776
25 17 555
15 4 1284
68 52 6
37 31 39
4 2 0
49 51 15
41 11 0
7 42 43
61 41 295
54 56 525
70 31 1
21 52 271
10 52 9
69 14 256
22 12 769
70 4 41
60 30 40
50 59 777
32 50 776
52 54 3
15 37 7
32 40 46
54 23 39
1 18 33
21 35 35
37 45 549
1 44 779
10 51 513
42 46 0
22 20 32
56 10 14
3 7 46
43 29 262
32 29 11
67 10 1832
54 40 40
67 25 14
25 61 4
23 23 546
40 21 810
13 22 9
17 57 1578
18 49 14
7 10 1576
43 44 3
61 55 8
23 16 39
51 70 41
14 68 9
12 55 1287
12 5 3
57 36 12
66 61 9
54 55 32
68 45 42
47 4 1545
42 5 33
15 69 526
6 43 1805
30 56 36
69 12 11
57 42 4
40 7 266
38 37 299
46 46 38
12 22 47
31 38 47
23 18 41
64 45 4
1 70 47
7 1 44
51 67 779
48 58 811
54 24 1
27 12 264
49 53 6
7 63 3
38 43 8
52 40 38
59 32 32
51 23 6
59 30 43
46 61 261
10 58 11
38 10 1029
49 8 9
6 66 1
59 50 1063
51 28 1066
55 63 10
3 69 259
60 14 1839
16 34 46
34 56 44
66 61 299
28 55 4
6 29 11
43 26 300
19 19 14
10 26 1541
13 45 265
7 2 558
33 66 4
69 16 9
60 18 268
30 18 266
54 62 262
56 55 7
16 9 267
31 5 45
25 41 38
54 20 3
59 3 257
48 45 520
20 60 5
28 15 3
41 31 33
35 70 256
51 18 293
63 63 6
35 18 1282
62 22 1316
19 47 35
26 44 4
59 34 0
68 50 46
46 5 36
14 64 12
70 60 1312
32 59 41
43 59 298
49 69 1576
24 67 1827
68 25 1
51 28 1315
41 43 7
33 66 40
69 53 1573
42 58 12
37 25 264
60 67 34
11 61 42
59 70 15
48 47 773
3 21 32
19 37 12
64 31 8
69 28 266
28 7 12
27 24 8
57 2 4
43 59 775
12 29 35
37 42 32
57 34 1
16 42 7
53 60 4
40 68 47
2 53 550
5 7 263
17 23 1293
24 1 14
8 21 299
47 31 0
26 44 43
25 55 41
34 3 1059
67 45 44
62 49 40
33 50 10
15 62 12
37 30 771
4 19 1324
50 13 3
14 44 43
23 35 14
4 2 1284
38 12 295
36 22 4
17 22 1071
25 28 43
65 40 1291
54 38 769
60 29 2
41 23 12
31 54 558
22 13 13
69 4 42
52 51 15
49 19 9
67 47 36
11 62 1574
45 62 37
25 13 32
29 46 290
33 45 780
18 64 295
34 26 555
34 29 1295
45 53 271
60 40 35
44 51 262
44 68 11
4 4 45
41 13 43
10 59 262
21 2 11
14 26 257
24 2 0
59 45 33
18 39 13
42 54 802
13 25 292
70 53 1
17 19 5
62 66 1324
39 65 1319
58 18 11
10 57 15
50 27 37
33 56 296
69 69 39
52 44 32
48 44 557
67 6 8
9 40 47
63 15 38
10 5 804
10 70 544
17 18 8
15 9 34
42 25 36
63 65 2
35 41 0
65 20 1574
46 15 4
62 37 300
7 35 15
49 64 9
31 57 808
10 29 0
63 60 774
43 32 1536
37 54 3
33 47 299
63 30 11
43 46 33
24 29 11
1 43 34
18 24 290
34 49 544
65 70 13
10 41 263
67 60 5
22 63 8
21 55 805
40 28 1068
33 35 14
62 8 40
24 34 1824
67 38 32
47 33 35
17 19 15
24 12 1572
60 23 289
63 37 42
5 14 1325
31 13 1837
15 39 44
25 67 35
30 56 777
8 56 524
34 38 38
30 35 783
24 62 780
19 35 9
6 46 11
36 35 1838
45 38 4
31 60 0
8 56 270
39 67 36
49 36 37
57 4 1545
26 68 12
68 23 1580
26 51 550
15 59 1828
6 34 808
3 53 5
61 56 295
47 52 1030
44 33 6
21 36 1063
1 58 6
47 40 46
5 26 6
20 22 1572
22 28 33
23 69 32
31 10 45
61 20 5
62 57 32
52 58 520
8 1 40
69 7 263
12 40 299
9 1 521
2 56 46
20 68 10
49 60 33
25 50 47
35 52 266
56 4 41
39 19 512
4 5 293
33 19 771
5 25 44
54 9 303
63 7 32
42 14 294
7 65 1549
15 18 5
36 64 7
41 25 35
55 14 1290
24 27 1799
17 38 1321
11 50 32
27 32 36
54 22 290
25 14 2
62 48 33
62 54 35
65 5 814
14 12 44
62 10 41
58 69 38
4 23 4
27 48 33
8 7 1540
41 4 4
65 21 12
70 24 267
16 50 14
21 50 261
15 70 5
67 32 1313
56 37 544
11 19 1836
69 68 1024
42 45 1797
53 58 38
63 8 44
41 17 1547
35 21 298
42 43 46
41 8 512
63 19 288
13 61 38
17 13 40
65 13 4
29 31 6
10 22 813
50 31 14
11 14 1545
23 32 804
19 7 1293
40 5 5
60 2 1029
30 67 547
62 34 42
34 55 297
59 29 46
69 13 1315
45 49 544
29 18 804
21 15 1317
38 14 0
50 58 3
6 38 36
48 30 45
39 32 33
11 35 8
33 31 1577
25 12 37
3 30 11
47 52 783
9 56 6
56 36 806
53 7 11
45 35 10
33 32 558
64 59 1543
9 24 544
50 60 44
54 27 14
7 70 1034
4 20 10
65 19 38
53 66 36
60 19 37
29 31 6
60 45 45
31 29 42
20 26 257
27 5 43
65 24 3
31 29 40
11 27 813
63 36 1834
69 50 41
32 27 3
70 40 5
6 1 42
58 44 15
12 13 8
49 64 5
2 7 10
44 26 7
39 60 1282
34 41 42
31 18 32
8 66 9
63 15 11
37 62 46
43 43 1065
3 15 15
63 57 45
69 46 11
25 67 47
48 49 1287
23 8 259
62 56 1319
29 10 1799
16 70 1573
7 68 11
26 21 47
21 13 46
12 30 44
49 15 42
1 65 11
14 52 43
5 64 15
2 58 46
34 7 1066
50 52 46
49 53 37
39 66 14
58 55 47
47 11 9
51 51 545
65 17 1315
25 10 1826
14 70 270
63 49 5
61 63 807
39 34 777
63 2 13
57 44 12
2 12 13
37 45 0
61 2 555
9 67 1068
59 44 38
36 9 15
49 25 1
45 64 9
28 47 3
31 43 15
48 65 38
47 57 7
12 66 1287
34 52 46
11 39 13
24 62 13
61 43 5
69 51 45
28 56 267
31 3 40
33 1 2
43 48 1292
23 38 3
6 60 5
70 53 812
44 58 34
17 7 38
19 5 5
13 28 2
25 10 262
18 15 8
6 56 290
65 32 264
53 17 5
67 20 37
35 53 12
30 25 14
66 35 43
53 67 36
23 13 37
9 17 36
64 39 289
22 23 271
69 3 1800
43 19 519
33 21 46
68 2 46
67 55 14
23 27 1028
62 36 7
44 69 772
58 24 5
70 11 550
60 23 264
16 11 10
38 22 301
42 11 268
69 19 36
36 67 8
3 24 266
11 65 288
8 13 1027
32 38 7
1 27 36
18 5 265
24 9 8
54 20 4
15 33 1285
52 11 43
35 54 9
63 17 1579
37 37 291
48 29 6
63 10 4
15 70 7
59 29 35
42 54 1
19 27 44
29 40 1581
57 50 37
3 67 1544
20 63 15
15 48 1314
32 65 1803
16 16 36
3 35 12
52 13 10
51 25 33
70 32 33
59 16 5
2 27 768
27 64 32
8 27 259
66 67 15
47 15 10
56 32 1062
21 26 8
54 9 0
69 17 815
27 37 33
39 69 1568
14 13 559
64 54 1039
23 31 810
25 32 4
32 55 1540
57 18 36
29 50 9
60 53 41
11 8 801
52 20 6
37 57 11
54 68 557
4 32 7
20 33 1580
56 60 1583
19 59 256
37 66 5
25 52 33
37 59 293
34 5 1321
5 30 10
27 54 1293
29 18 15
36 11 294
51 35 770
9 3 3
49 16 810
65 63 41
56 64 45
4 59 35
47 4 258
21 35 14
31 25 1544
26 26 45
70 59 268
12 11 1313
55 61 2
6 48 15
47 47 3
60 14 1568
61 48 42
15 1 801
14 12 34
48 31 46
63 23 290
37 21 1799
42 29 6
16 11 45
49 46 2
7 69 1067
28 49 258
1 47 44
7 37 13
39 17 1069
10 47 13
63 18 38
7 52 809
48 5 13
46 24 14
23 36 5
45 54 524
70 5 33
53 43 37
41 66 12
30 63 267
65 8 1321
12 21 7
8 46 300
63 67 288
37 60 10
23 20 1033
37 6 1795
64 17 269
12 49 34
22 21 525
21 56 38
16 61 769
7 41 263
18 2 12
70 7 11
27 21 15
48 60 14
2 26 42
46 32 0
15 6 32
18 12 37
45 43 10
42 6 6
44 41 769
20 5 43
66 1 36
6 46 292
56 43 768
68 32 9
56 12 1032
52 7 39
67 29 267
50 10 1795
38 46 41
23 18 32
1 23 257
62 67 11
41 23 301
34 6 551
17 31 14
29 33 5
50 62 4
13 65 13
29 21 266
5 1 807
39 15 1797
66 38 1804
10 47 45
26 26 7
27 12 1
15 60 303
35 44 15
37 18 46
33 55 10
46 16 815
25 52 38
49 14 32
42 30 0
43 2 812
52 36 771
61 16 0
20 44 15
70 30 526
36 55 11
62 66 37
61 7 13
1 9 45
48 24 36
44 66 46
32 19 1
35 67 32
58 1 303
19 15 1312
35 57 1292
54 12 35
62 58 43
63 37 45
60 51 558
68 53 37
20 37 7
67 68 300
37 22 8
36 62 772
11 38 262
31 9 527
66 45 0
14 34 1288
39 61 7
22 66 809
5 1 39
67 12 258
50 26 42
29 2 1543
36 1 12
23 26 770
43 40 46
49 41 15
7 11 40
40 47 262
20 6 811
58 27 771
33 54 45
62 22 1549
47 58 297
68 26 1283
46 18 33
63 19 1540
29 2 544
36 18 32
3 9 47
31 22 1582
70 1 547
52 30 9
11 34 36
58 8 35
3 14 1
66 34 43
61 65 33
63 63 40
27 38 1032
46 42 0
69 29 41
36 47 36
70 53 2
15 20 39
38 3 42
11 57 0
29 70 0
37 14 12
29 31 262
3 19 269
7 9 34
53 36 6
67 19 1582
21 68 38
11 45 40
56 69 1549
14 39 809
30 40 268
15 52 4
66 63 46
19 63 3
65 3 295
31 16 298
1 18 9
60 68 11
65 52 14
14 42 33
9 61 40
2 31 42
54 4 783
40 52 6
36 54 36
68 50 12
42 57 39
3 44 41
8 49 552
63 51 1
64 62 32
47 53 814
8 56 14
40 1 1038
22 7 1541
2 7 3
55 22 259
10 69 1318
40 37 268
14 14 295
14 68 257
41 16 44
47 26 5
69 16 256
29 35 2
52 51 1536
56 13 1059
22 26 42
45 59 1061
69 25 771
28 1 1545
59 55 1294
50 5 3
65 25 8
32 24 45
9 8 780
15 36 5
4 34 8
28 39 41
56 47 39
49 24 37
55 48 1551
29 11 6
43 4 550
49 20 514
50 50 301
63 58 523
34 23 12
57 23 33
21 47 1570
51 25 46
47 20 44
62 33 15
8 13 517
21 29 1283
10 69 1569
16 66 259
13 45 46
64 18 5
49 17 271
7 54 1285
51 14 296
50 46 15
61 64 43
42 67 47
15 28 1070
13 11 7
43 49 35
17 66 3
50 51 38
13 40 40
41 18 256
9 50 524
27 4 552
47 27 256
18 44 269
14 22 1792
68 12 15
18 21 32
43 47 33
23 1 40
14 34 517
16 53 44
47 18 14
8 60 11
54 10 44
27 59 37
2 69 1316
43 1 4
70 60 546
14 7 1037
31 5 267
7 50 12
18 51 303
42 4 1825
31 18 47
30 3 777
15 40 0
38 51 783
15 54 256
38 8 7
10 39 1549
30 61 43
45 13 38
42 3 47
52 2 39
48 14 39
24 22 41
65 4 303
57 17 294
51 53 303
24 30 810
61 45 12
12 65 43
50 63 271
68 66 558
37 32 10
63 45 522
34 17 46
54 14 11
50 29 45
60 30 768
44 19 1827
67 30 1324
45 57 768
69 56 1574
41 29 6
12 46 46
20 17 261
48 8 15
21 5 1581
51 37 293
32 23 1574
50 37 35
38 25 2
1 12 43
37 1 42
64 63 1
29 7 44
60 3 38
43 56 1025
69 28 43
54 29 264
42 36 36
35 50 547
12 35 39
35 9 294
64 65 35
48 55 256
29 68 554
64 67 1
47 32 15
13 50 11
34 20 40
67 39 45
26 22 5
52 12 268
4 59 258
51 42 515
56 11 1
65 36 11
56 68 4
34 50 1
13 22 34
60 29 1
46 19 264
54 46 9
62 5 547
53 18 303
8 32 546
70 59 1826
50 42 1324
54 42 811
29 3 805
14 30 1028
1 43 39
28 30 298
18 32 32
41 22 14
39 70 35
67 2 41
57 10 2
60 36 295
70 1 44
35 17 266
10 53 6
15 19 36
29 14 1067
28 39 261
30 68 267
37 43 9
29 9 38
62 69 13
25 23 5
7 61 8
27 20 778
57 49 261
33 60 44
54 56 6
12 17 6
55 31 1295
3 63 46
43 38 15
18 55 1539
65 44 40
19 60 518
44 69 1315
38 29 12
17 56 40
51 14 6
16 60 5
44 16 261
10 28 268
67 1 1
23 24 32
47 69 11
62 15 297
51 44 34
28 9 39
15 11 41
44 43 1026
10 9 35
60 65 261
2 64 15
47 46 513
51 29 33
36 64 12
25 4 513
35 59 47
8 31 513
17 67 3
36 24 38
6 3 5
10 18 5
67 49 15
14 3 288
16 48 1573
39 63 1824
35 21 4
70 62 553
56 16 13
56 61 804
15 61 1837
67 20 14
49 59 45
2 25 5
58 36 297
61 2 41
70 69 33
18 62 33
40 5 770
65 39 15
18 38 40
29 27 36
30 2 35
1 33 270
65 45 38
65 33 262
31 28 300
38 30 813
22 44 2
8 19 8
51 55 783
1 10 45
14 40 11
35 39 1316
37 67 15
31 15 39
54 24 32
13 25 14
19 4 298
66 20 778
21 58 1540
24 58 35
50 51 13
8 30 41
70 38 39
23 1 36
53 6 8
31 39 263
52 7 11
2 58 11
61 7 781
2 68 550
11 53 778
37 16 4
43 67 266
32 62 5
23 42 6
67 62 44
46 35 14
26 28 4
42 39 41
67 4 258
70 24 7
27 38 15
41 15 291
52 47 299
27 64 43
8 23 10
5 52 770
45 23 812
59 33 14
56 7 36
62 24 782
19 12 258
64 21 260
35 63 37
26 21 559
53 32 10
56 69 295
44 26 526
6 15 290
49 24 780
49 29 1837
52 52 0
28 15 0
65 30 0
13 20 12
52 51 45
21 57 47
61 8 271
25 59 518
1 40 14
47 13 257
61 40 1
29 14 1286
33 8 267
37 10 544
18 42 7
4 40 1829
68 21 813
58 10 37
1 12 36
27 59 13
62 19 6
3 10 7
37 57 41
22 52 774
66 4 298
18 38 4
64 46 0
53 67 2
50 67 265
43 41 522
44 32 298
46 70 1064
52 61 260
34 42 807
51 62 39
63 45 1292
17 29 288
30 19 557
42 13 524
20 30 297
34 69 15
31 14 8
52 62 1071
9 56 260
47 43 4
63 57 34
39 55 297
50 26 7
57 3 10
33 37 36
39 63 1
44 21 38
54 27 1295
45 51 34
4 61 1545
12 21 1320
67 54 6
46 63 41
15 18 1071
46 36 10
62 25 261
1 3 36
55 15 297
48 10 45
33 14 3
4 42 1038
8 13 291
70 28 264
34 34 6
61 5 10
67 20 5
38 22 14
30 40 3
50 45 15
59 47 557
12 41 1831
59 43 38
8 26 1581
26 46 1057
65 51 6
33 19 13
34 3 11
36 69 47
57 17 1327
4 6 40
33 42 1568
39 31 295
38 48 0
52 54 260
60 46 42
67 26 34
19 8 33
28 56 7
22 48 1570
37 66 12
29 22 1321
45 9 258
5 36 46
33 13 33
60 61 1830
25 6 44
28 14 257
10 32 8
12 63 45
51 49 6
52 21 1831
65 54 47
13 46 258
60 69 555
65 66 43
26 2 291
19 61 12
17 2 14
28 30 33
11 16 527
10 55 38
44 36 43
65 42 1579
59 55 266
44 61 47
16 20 521
26 2 41
4 35 525
7 46 33
38 49 812
47 26 266
57 65 12
43 51 37
7 67 46
59 58 296
22 58 780
18 54 547
30 50 8
31 49 269
55 12 298
32 12 1027
35 43 14
57 57 1292
33 5 15
41 22 1838
27 53 43
23 22 263
11 11 267
24 21 37
50 47 545
30 48 1795
17 42 303
26 34 1034
61 44 559
35 66 558
29 33 296
47 59 1570
68 48 42
50 21 527
10 46 291
53 48 260
61 14 1573
3 68 262
58 52 4
59 27 40
63 40 293
5 21 5
17 70 40
26 64 7
51 45 46
29 67 301
21 63 33
10 10 6
65 19 39
23 40 780
56 32 518
33 58 39
63 29 516
34 39 815
7 22 813
45 52 15
5 70 42
13 62 778
43 1 9
12 43 514
29 1 13
70 31 259
69 59 9
38 22 39
50 8 36
33 20 0
58 43 2
47 14 296
32 43 36
17 29 41
26 13 299
