70 2000
&^||&|&^&|&^
11 2 513
28 69 1681
48 29 129
54 11 1552
48 68 1040
24 30 1041
39 2 128
21 50 1024
53 40 1664
18 2 1553
11 6 656
1 2 513
55 33 1024
42 57 657
7 67 1168
11 36 1025
21 20 1025
27 68 640
63 40 1153
9 7 1152
5 46 1665
1 39 1025
49 66 1553
53 48 513
24 35 641
26 31 144
52 42 1681
34 57 1153
21 7 1168
21 21 657
58 69 128
36 16 656
47 10 128
3 16 128
67 34 640
51 12 145
9 7 1664
19 5 129
62 12 1665
58 50 0
70 62 513
25 55 1041
57 4 1680
22 30 529
62 14 1552
51 58 656
41 15 1169
69 28 0
14 66 145
35 64 145
69 43 1025
17 60 0
21 38 0
39 22 1041
16 15 1665
35 23 128
35 57 656
26 47 1537
38 4 1537
27 11 1536
51 12 1553
50 21 512
5 62 1536
39 22 1664
29 55 1536
59 54 1168
64 15 1169
9 44 128
28 48 1664
31 65 640
68 1 129
69 69 145
11 36 1553
38 38 1681
15 34 640
10 61 641
45 3 656
30 33 17
5 66 1153
49 29 129
18 51 144
60 47 144
40 33 1025
38 48 1169
24 35 145
56 32 656
22 16 16
30 15 129
58 28 1553
63 56 529
2 45 1680
60 67 1153
3 39 529
30 49 145
54 5 640
5 56 145
32 50 1536
7 52 656
32 14 1537
14 54 1040
14 40 1552
11 17 529
50 4 528
50 20 1664
49 69 641
59 3 145
34 4 528
56 5 656
18 62 1680
26 30 1680
2 9 17
33 52 1553
13 11 128
30 8 129
56 4 1680
63 10 16
62 13 1025
6 19 144
12 24 1169
24 67 1553
31 45 1169
39 19 528
46 64 1553
68 7 1152
69 33 513
15 7 529
58 16 656
22 50 1664
7 32 1664
10 11 145
3 42 529
33 21 528
16 45 1152
9 11 528
31 41 512
60 25 1664
10 67 1024
1 13 1680
57 40 528
8 34 1025
47 32 1665
58 45 17
50 67 1553
1 21 1681
65 40 513
40 37 1537
55 46 0
61 56 529
61 37 1680
56 54 1537
38 40 1552
23 15 17
42 6 1169
21 48 1153
32 68 16
28 28 640
47 45 1553
9 36 513
4 14 1152
42 28 1169
57 64 1025
50 45 512
35 46 656
34 65 129
60 55 0
3 15 640
11 44 145
56 40 640
53 63 0
24 20 1552
27 49 657
34 30 640
65 62 129
14 40 144
43 7 1152
22 61 144
57 11 1041
36 58 1041
57 21 1040
28 47 16
10 30 1
30 37 657
29 51 1
2 29 1
23 23 1664
2 6 145
9 52 144
21 34 1537
5 4 129
15 25 1681
3 41 1664
21 63 128
55 5 1024
41 50 1152
20 57 657
4 5 0
7 28 17
26 33 1169
7 9 129
12 66 1553
64 55 1168
21 11 529
41 65 144
49 19 528
51 43 17
53 16 1152
45 3 1040
35 60 1680
23 32 1680
27 14 1
13 3 1169
48 4 640
38 41 145
39 34 1537
36 62 1153
60 64 0
63 31 1168
55 19 144
59 40 513
7 9 1665
1 17 1537
22 7 17
5 7 144
48 50 1168
36 68 1664
32 48 1169
49 48 1
50 34 145
38 33 1536
32 29 640
33 12 1553
53 34 513
46 29 513
58 60 1041
57 25 1040
8 28 513
9 32 656
19 50 16
25 26 657
31 25 145
23 37 0
40 19 1168
12 35 1153
31 49 1152
68 61 1152
17 42 1553
40 52 529
42 54 1553
45 38 1040
13 51 657
4 51 16
54 16 512
47 5 1168
53 24 529
44 38 641
8 9 1552
58 12 145
59 27 656
58 40 1025
59 50 1553
2 56 529
14 25 1537
56 47 1681
26 27 1169
63 20 1024
23 25 1553
9 24 1536
27 5 1553
68 68 1
58 22 1536
2 3 1664
42 69 1025
26 61 529
43 34 529
53 23 1536
63 42 1536
12 35 513
20 59 1681
4 60 145
54 65 656
14 35 1169
50 36 640
3 61 657
45 32 513
55 49 656
17 57 1537
41 39 16
31 29 145
52 45 512
64 10 0
66 65 144
19 32 641
35 7 529
51 20 129
67 29 1169
42 45 657
19 6 1681
38 30 1681
48 56 1152
40 36 1153
9 12 1
3 24 1040
5 35 1
11 23 1169
20 16 17
7 2 1040
2 32 1
14 3 641
20 52 1553
22 68 641
54 68 0
29 22 129
4 21 1552
25 61 144
44 7 17
6 25 1536
8 64 656
61 45 1152
1 60 1041
17 37 1152
69 48 129
30 68 1169
50 64 1153
68 66 1041
67 70 1680
70 64 1168
66 24 512
36 60 1
19 38 1664
64 30 1153
31 5 640
40 19 641
19 19 1536
37 65 1041
11 6 1665
8 57 513
52 32 145
68 57 1025
34 43 1681
40 42 0
26 40 1024
21 35 529
42 22 1665
53 9 1153
55 40 1553
65 11 1
8 63 1536
4 49 657
28 56 1681
59 67 1665
48 54 1552
60 38 512
32 32 1553
12 25 1040
63 19 1152
8 19 17
37 6 145
6 1 1553
44 8 1536
38 65 1153
39 45 512
33 37 641
52 47 1552
28 24 1536
61 43 1536
31 9 656
9 14 657
43 42 1681
29 25 1040
25 24 1169
43 22 529
59 37 512
16 8 657
55 67 1665
51 17 1681
24 30 144
9 22 1680
11 67 529
11 69 1536
11 13 144
5 37 512
21 8 1681
16 27 0
51 40 1040
23 26 657
13 48 145
31 30 1
24 25 1680
21 1 1169
6 9 1040
4 44 1152
12 56 1
54 16 528
58 44 1168
45 16 1153
18 61 1153
1 40 144
8 44 1
38 26 16
62 66 528
28 11 640
45 21 1536
11 46 1680
34 2 1680
56 43 1681
31 38 1664
41 46 17
9 58 1025
12 40 512
9 11 16
24 30 640
23 8 144
8 23 0
63 7 656
10 27 1552
37 5 512
28 58 1681
17 30 144
41 60 128
7 42 1040
55 57 1168
1 51 17
63 20 641
10 50 528
38 24 17
49 45 1168
17 44 529
13 45 657
6 53 129
29 51 1024
56 3 513
16 55 1040
58 42 656
17 7 512
12 18 528
19 56 1665
56 42 1041
44 58 1169
29 29 1169
52 55 1024
32 64 1152
4 7 513
35 65 1168
26 52 1153
17 15 1152
54 15 0
61 19 512
68 3 0
51 43 17
53 46 1536
49 23 657
3 14 145
39 20 17
61 48 1168
20 50 1041
16 11 1168
30 19 1680
11 41 1153
1 29 1041
45 42 1153
34 6 1665
32 48 529
40 43 144
7 2 640
52 37 657
36 45 1536
63 20 528
18 32 1680
40 15 640
3 26 128
69 32 17
40 33 145
34 58 513
30 32 128
33 69 1153
29 37 1664
55 36 1553
13 8 145
51 38 1664
38 23 641
34 67 128
30 21 1040
61 13 145
11 18 16
29 29 1664
43 5 1664
52 9 1024
45 58 1
39 61 1041
70 7 1025
23 7 657
19 69 1664
15 42 512
3 17 1537
50 36 144
53 64 528
37 52 640
19 60 1169
15 53 1665
61 47 1536
60 1 1153
52 10 0
32 39 1553
30 12 17
39 35 656
53 45 513
67 47 128
23 55 1153
68 27 656
18 9 1153
59 63 128
7 60 1536
56 36 145
37 3 1664
10 52 1152
48 25 145
15 1 1168
57 27 1025
67 8 129
36 41 1040
15 6 1169
24 17 512
60 57 1552
65 54 641
23 37 1664
60 70 1153
64 10 144
31 13 1681
24 29 641
65 4 1169
45 39 657
33 65 641
65 1 129
37 47 640
29 2 1664
2 69 17
50 64 1025
54 17 128
30 21 528
55 63 128
40 9 1665
2 42 145
45 70 640
70 15 1537
17 19 641
68 60 1025
69 8 128
57 4 145
8 40 128
29 58 529
62 59 1041
62 60 129
16 63 512
42 59 1168
38 34 641
22 47 1665
19 67 513
30 40 0
33 47 1025
59 58 16
50 9 640
67 46 529
57 64 529
34 28 529
21 64 640
32 50 657
7 70 145
25 62 1040
63 4 641
2 61 1553
14 55 640
26 42 657
31 49 1552
69 23 1025
25 48 1537
14 3 1680
67 52 1665
69 14 1153
2 63 1169
57 27 513
69 55 144
4 18 1536
63 14 1
55 10 1665
41 64 1552
33 56 16
56 20 529
47 23 145
50 46 1664
52 52 513
20 70 129
68 33 129
4 12 128
11 31 1024
40 55 17
10 47 1168
46 43 1681
28 68 512
44 21 128
17 54 144
2 9 640
65 59 529
38 68 1
65 11 1024
37 69 513
16 59 145
42 13 1681
8 63 1552
14 43 1041
5 12 513
65 18 1665
3 69 1681
8 8 128
15 34 657
70 24 1169
33 37 144
31 50 1153
34 27 513
63 13 657
55 47 1024
11 30 513
21 26 1040
25 44 1536
52 58 1665
69 46 145
20 56 128
61 33 1664
52 39 1152
2 2 1536
52 47 0
11 64 1537
65 49 1168
41 44 1665
7 45 529
54 39 1664
23 24 129
69 54 16
66 69 529
16 60 1553
15 64 16
47 65 513
4 48 145
32 2 528
6 54 641
53 11 1040
62 66 513
63 5 513
60 46 144
63 7 1664
34 15 1552
43 39 1152
28 22 640
69 23 1025
63 52 529
70 5 1024
22 52 1665
69 36 529
39 5 144
46 1 1041
70 8 1168
22 12 128
54 31 128
68 39 512
58 57 1681
36 46 1680
18 35 129
40 37 528
18 31 529
13 69 1040
27 2 145
68 44 1552
44 69 1664
3 24 1680
40 21 1025
36 20 1664
53 53 656
51 29 1681
38 27 1040
50 23 1153
13 45 1153
37 60 641
61 55 1681
62 22 656
42 8 1
41 4 1537
62 19 1681
44 20 0
31 28 145
28 7 1040
6 53 1
27 33 1553
62 40 129
10 56 17
40 41 1553
20 26 640
32 1 128
18 43 1169
16 36 128
48 16 1665
26 6 1024
38 23 144
20 23 0
39 16 17
52 53 1665
37 21 1664
17 3 1152
53 12 1681
7 37 1552
45 4 128
36 62 641
70 53 1664
53 19 1040
47 33 1169
5 54 529
4 66 17
11 13 641
9 59 1537
49 47 1552
28 31 1152
62 48 1680
58 4 1040
9 47 657
33 8 1169
50 16 1552
47 3 1025
52 61 1680
56 24 1169
39 54 1552
9 44 128
37 70 512
15 13 128
51 54 657
47 24 529
67 52 1664
9 35 1169
60 69 1040
4 65 144
60 61 1169
57 51 641
22 27 641
62 48 1536
8 26 128
4 24 1153
5 17 1680
59 35 16
59 57 1152
12 69 128
3 39 129
34 53 1537
63 10 144
10 58 1536
36 51 512
4 19 1664
66 18 1025
12 25 1168
45 46 641
67 4 1153
2 68 1536
41 68 1536
10 59 528
21 62 145
2 57 657
24 58 1169
29 65 656
58 32 1680
25 56 16
32 27 512
1 3 1664
37 34 1041
63 60 129
32 41 16
20 22 1665
26 21 1664
17 64 512
19 4 1024
3 32 1680
36 62 657
36 66 145
26 52 1664
39 46 1169
7 24 1665
8 41 1024
37 32 17
21 15 0
38 54 129
39 58 0
13 37 512
50 12 1041
41 1 1024
65 10 528
65 59 1680
11 4 513
35 51 528
12 12 1665
55 30 129
4 69 1
65 70 1681
62 20 0
10 69 1041
9 39 1681
46 54 1680
66 42 1168
9 34 1681
32 63 1025
25 11 1536
47 54 1041
4 2 1024
34 50 1537
33 53 1664
1 42 1680
61 29 641
70 58 529
57 17 1168
12 30 640
35 46 1041
21 38 1152
51 31 1665
51 24 513
1 22 1041
8 57 640
31 28 128
49 22 129
32 62 0
42 30 0
21 35 1040
2 44 512
64 52 1680
44 2 1025
27 69 1664
54 56 529
44 28 1537
39 19 1680
28 62 1552
19 25 641
56 53 145
18 33 1537
12 20 1153
16 70 17
34 56 128
42 8 528
13 57 528
26 63 1041
22 26 1168
11 28 144
42 26 512
48 16 641
12 49 528
53 24 640
9 55 128
9 9 513
36 19 128
11 50 1537
11 58 1552
58 43 1153
57 52 512
50 59 1553
33 51 1
57 8 144
67 57 640
44 53 1169
56 59 529
25 53 641
7 43 0
49 24 1153
29 57 528
8 5 513
17 37 1536
30 63 144
25 54 528
44 57 1152
53 59 1664
29 60 1025
27 4 1665
22 44 1552
14 40 1024
58 14 1664
60 63 145
54 42 641
18 18 1552
50 61 513
18 33 1664
12 20 1553
58 61 1025
30 45 1680
57 64 128
19 13 1537
54 63 0
48 22 513
15 67 1168
65 6 129
30 49 512
57 50 144
59 15 657
69 55 1536
67 2 17
2 63 1553
41 8 1553
13 22 641
28 37 16
36 15 641
61 5 657
37 4 640
35 46 129
42 16 641
49 41 529
44 21 17
36 17 0
55 51 1041
19 66 656
19 7 512
46 15 0
53 52 145
68 21 1169
34 5 1025
7 9 528
24 58 128
19 60 1681
21 7 16
64 46 640
17 10 128
60 40 144
69 69 657
8 6 0
22 60 528
16 14 1169
38 63 529
32 39 1168
37 37 513
34 51 129
38 54 144
37 55 144
36 19 640
70 39 1152
18 13 17
45 22 1025
66 68 1169
68 58 17
50 64 1552
52 22 513
7 58 1
52 63 17
62 63 17
35 46 1
50 3 529
65 44 128
58 64 1153
1 20 1152
58 11 1680
46 18 1681
36 69 0
15 3 1152
29 52 512
69 25 1025
25 13 640
42 16 1025
8 57 1152
61 7 1552
57 29 657
25 7 1152
3 54 1553
62 2 1
62 58 1680
30 54 129
51 58 128
41 55 145
42 45 1537
34 48 16
6 40 1024
26 49 1681
45 23 128
16 66 641
60 42 641
31 45 0
55 26 1680
64 44 1024
40 22 128
39 43 1152
5 9 1040
33 18 1681
59 44 1024
55 53 512
52 68 656
19 57 1553
3 55 145
34 11 145
4 19 1169
33 24 1664
44 69 17
59 27 1552
30 46 1536
2 54 1168
69 69 657
25 70 1040
52 33 528
26 13 129
52 40 16
6 50 512
67 9 1168
15 43 641
62 29 1680
55 17 1552
59 38 528
54 47 513
2 50 1664
26 67 640
16 27 656
57 67 1169
21 28 145
58 46 657
27 12 1664
60 24 0
25 4 129
58 20 640
17 65 144
20 45 1041
14 2 1681
15 62 1680
34 62 1665
53 25 128
38 68 1041
6 33 17
69 12 1
44 52 1152
44 32 1041
20 59 1553
60 32 129
20 37 1681
51 50 1025
50 52 1169
10 47 1041
10 54 512
8 68 513
41 1 1665
39 56 512
68 60 17
1 19 1153
15 54 1664
34 39 1024
9 31 657
64 34 529
13 44 144
8 57 1025
35 35 1681
33 14 528
67 49 144
32 35 1665
60 36 1681
42 45 640
30 23 657
47 48 1169
2 6 656
10 52 640
26 9 145
24 63 513
22 46 529
66 18 1553
45 2 656
26 22 657
35 31 1152
1 61 1553
51 67 1168
8 3 1680
65 10 16
36 42 512
42 68 1168
9 15 1153
54 47 0
6 13 16
21 25 657
70 40 129
60 32 144
12 31 1168
28 62 129
47 54 1680
34 6 640
26 61 1664
5 30 1680
13 15 0
26 9 1665
36 10 129
4 56 1553
68 11 145
26 11 1040
51 45 529
14 44 0
39 55 1665
31 62 1152
24 25 512
40 3 129
24 10 1681
37 26 1664
39 42 1040
16 18 0
46 26 128
52 9 1681
32 15 0
51 34 1025
27 48 145
62 60 512
4 39 641
27 16 1680
30 29 1537
54 50 1681
30 50 1168
53 44 1537
54 38 1681
4 22 145
14 65 17
43 58 529
14 37 1169
50 50 129
50 5 16
3 53 1665
42 67 656
12 19 641
17 36 1
54 45 1168
48 11 1153
51 6 1169
20 15 640
69 69 513
34 66 640
63 18 1552
33 21 528
36 2 1152
66 41 1552
19 61 1680
33 35 1169
53 22 529
24 59 1152
18 12 1152
32 29 1553
60 22 1552
55 2 1680
51 13 656
23 12 1152
30 55 1024
13 48 641
17 45 129
20 47 1168
33 70 128
31 49 1
48 68 513
14 20 1664
65 69 144
15 55 128
63 1 144
24 25 0
44 39 1665
29 25 512
29 41 1537
22 58 528
4 56 1040
22 17 1680
11 62 1168
46 61 1024
20 39 656
65 53 512
2 21 129
37 63 145
57 18 1041
7 36 1
50 57 129
29 13 1025
60 67 1536
27 16 128
28 9 128
19 63 1169
21 23 1025
12 51 1169
14 67 513
17 42 1153
37 11 1168
19 64 529
40 37 657
8 16 1024
28 32 641
64 22 657
33 3 1665
9 42 1169
45 15 1664
26 38 1552
7 37 16
30 67 1153
51 64 144
64 53 528
11 49 1024
29 27 129
24 15 1025
42 30 16
9 19 144
39 12 1680
23 35 1665
61 9 528
56 12 1552
56 29 657
16 15 16
10 60 512
36 28 0
25 25 1553
23 4 1024
50 57 513
22 15 17
62 49 129
48 44 513
49 48 129
34 43 1536
11 32 1152
40 9 1
34 66 1
42 63 17
30 63 1169
9 65 1680
32 17 1681
65 15 512
35 55 1552
68 43 641
24 14 16
57 24 529
45 54 640
44 34 1025
32 66 1169
15 50 513
32 46 656
68 7 145
46 28 528
58 70 128
43 67 1537
41 27 512
21 60 1681
69 28 1536
25 30 1153
44 56 1680
31 49 1169
53 26 1
1 56 640
28 8 1536
61 56 656
61 56 144
33 45 0
65 29 1152
39 51 641
59 15 513
22 34 1153
64 38 0
67 29 512
55 5 1664
6 8 657
25 35 1169
6 62 1552
22 55 129
10 39 1665
67 30 1024
9 52 1537
62 22 1665
34 57 1680
6 10 656
42 1 1536
63 70 1041
50 40 640
5 35 17
63 29 1665
64 14 0
10 62 1041
8 60 1025
16 66 1152
3 44 1680
12 53 16
28 69 1169
48 53 1168
61 31 529
15 40 528
58 26 1
27 58 1680
2 61 1169
11 13 145
60 17 1024
46 42 656
44 59 16
34 35 641
21 44 1152
20 31 1681
24 69 1
26 47 1153
36 38 512
31 36 145
69 16 1168
55 51 129
6 21 1
52 7 144
54 48 1152
9 4 1664
65 24 513
19 66 144
13 23 145
14 9 16
29 24 1169
57 57 513
45 53 1041
32 57 1552
38 6 1553
58 60 16
28 10 145
50 8 1553
54 20 513
14 40 1
9 54 641
25 43 529
42 61 1169
26 44 657
13 18 1153
55 24 144
68 13 1665
68 37 1
39 23 657
29 35 1553
63 18 1681
12 29 0
12 21 1536
64 2 1552
12 61 1536
11 36 657
26 34 16
6 61 145
19 2 528
30 13 16
56 15 1664
42 44 1665
16 44 1537
69 26 641
10 63 1665
52 31 529
1 44 1
67 31 1665
16 54 1152
12 39 1680
37 6 1680
13 54 1553
39 61 1680
50 38 1152
10 10 129
25 66 513
38 69 1025
63 47 1664
54 45 529
47 41 1152
24 27 144
35 51 1153
68 70 1681
48 61 1665
43 14 640
60 54 1169
37 19 129
30 64 144
38 42 513
28 47 528
14 69 145
18 9 656
2 27 1153
5 63 1681
65 46 1537
18 32 17
52 54 1153
40 27 1664
29 56 1041
32 26 640
20 8 1536
70 2 1168
61 46 145
69 24 640
5 56 657
46 47 145
55 55 1152
3 3 512
20 14 128
15 12 1153
8 65 0
21 31 657
56 51 1024
55 65 1025
61 32 16
29 50 1680
23 20 1024
36 6 0
56 29 1665
58 46 1680
4 49 1025
51 45 129
70 62 1
69 18 513
60 58 1040
5 11 1681
64 20 529
48 57 1168
40 10 1680
2 43 529
18 63 1680
16 14 129
57 56 1025
22 36 129
18 26 1536
11 18 1664
34 61 1665
55 45 1536
60 15 1664
66 1 640
49 33 1553
60 64 1665
31 51 1664
69 9 1025
3 2 1168
14 23 145
17 29 512
43 49 1041
9 41 1
9 5 0
57 54 1169
18 5 1040
3 54 129
21 20 1536
2 57 513
48 47 1681
5 3 1680
28 48 641
15 24 1664
19 48 1664
33 30 1536
31 62 1040
59 10 1536
65 14 16
38 35 1168
43 26 512
48 18 145
38 5 1025
34 61 1665
2 3 528
32 50 641
10 50 0
17 4 145
14 55 16
32 3 513
32 25 1169
49 66 145
57 56 1537
42 37 1537
12 1 513
3 56 1040
59 51 1041
57 12 1169
64 70 1536
70 54 641
8 69 1553
45 60 1153
56 58 144
61 14 513
25 41 144
45 54 1041
33 28 1168
4 57 1537
57 59 657
12 23 1041
8 10 640
70 68 657
13 47 16
50 17 657
1 63 145
66 8 1665
43 51 1152
8 14 1153
27 24 640
68 68 512
63 62 1024
23 28 1041
34 36 512
1 9 1169
33 65 1665
7 63 1664
56 36 529
25 11 1553
61 56 1665
55 32 1680
46 67 16
69 8 656
23 50 1664
13 36 528
21 42 1041
7 62 1537
58 69 1152
33 34 513
21 54 16
60 70 17
45 61 1024
30 37 0
41 18 528
53 29 1
26 63 1152
56 23 129
47 5 129
23 69 1153
14 26 1552
54 5 1169
6 55 1536
70 45 641
53 13 1169
58 9 1681
31 4 1024
11 68 129
8 15 145
28 14 641
70 46 1536
57 15 1041
45 7 529
28 57 1552
47 19 145
12 14 1537
59 69 1681
34 66 640
29 56 145
41 51 1537
66 51 1040
52 67 1040
16 35 129
48 11 512
7 63 656
24 29 144
47 15 128
51 5 145
36 54 1681
40 25 0
29 11 1041
52 37 513
68 43 1665
42 35 128
47 56 128
65 59 1025
50 53 1
16 4 17
16 2 145
21 41 1024
46 57 1169
14 57 1
12 42 528
54 4 512
49 23 1
51 31 128
49 41 513
24 7 529
36 27 1680
3 16 1553
50 66 144
54 46 1025
32 65 1665
40 46 1168
47 34 1537
34 63 1681
25 1 1552
8 42 0
13 31 1153
11 68 529
10 3 528
9 69 1153
3 60 1680
63 21 144
1 29 1024
58 60 1
27 7 529
43 35 1040
40 65 1537
70 6 1168
7 19 144
59 56 0
30 28 656
9 26 17
21 52 529
21 56 1040
31 37 1041
39 1 1169
63 27 1153
53 14 128
65 26 1169
59 18 1025
5 17 656
7 68 528
52 28 145
11 10 1024
37 14 1553
70 25 640
40 26 1681
16 14 640
52 31 1
35 43 17
5 3 129
20 66 144
50 40 1552
3 44 1168
19 50 1537
68 65 640
53 55 641
21 61 1664
28 12 1152
42 39 1168
27 9 0
37 51 1153
68 54 528
69 44 129
32 7 1040
35 46 641
13 18 1537
20 49 0
40 39 1024
10 38 1
47 19 1665
21 50 529
9 52 1024
1 30 1024
28 54 1680
43 12 657
42 36 641
13 30 528
56 59 1040
67 41 0
6 50 1168
30 32 529
49 58 1552
41 57 129
2 45 1680
39 61 1025
27 39 1041
33 18 641
30 44 1040
27 18 640
19 60 1680
28 63 1040
38 61 1025
19 1 1664
68 22 1041
64 18 1024
45 46 17
31 40 512
2 11 1153
29 27 1169
21 21 17
12 60 1168
46 44 1168
13 41 1153
57 23 640
28 2 0
39 42 0
57 20 17
16 54 16
15 25 128
59 6 1680
46 11 641
52 65 1169
31 12 640
18 27 641
7 33 1040
51 34 1168
52 59 657
5 22 656
36 15 528
62 48 1537
12 18 1040
29 64 1025
47 27 129
65 4 513
38 40 1041
38 39 17
33 7 512
11 29 1552
57 36 144
2 55 1681
50 61 1041
21 8 129
58 63 1
28 51 1152
40 1 128
58 6 144
52 55 640
70 32 1552
39 36 1153
26 69 1152
7 68 1552
62 14 0
11 46 1536
49 59 1153
36 41 1552
52 64 1680
39 52 513
28 7 17
56 50 1681
47 34 512
4 67 529
16 19 657
2 30 528
12 39 1680
44 27 144
29 10 656
49 49 17
65 11 1024
35 56 1537
8 63 1537
15 23 1537
13 54 512
8 31 656
14 12 1025
12 24 528
3 67 1681
1 4 16
63 11 1665
12 24 1681
61 33 144
68 44 17
3 4 1665
34 21 528
18 64 144
20 36 129
59 67 1680
35 62 1552
23 66 1537
66 35 1681
14 36 528
27 69 641
62 3 1
65 51 1169
49 33 1153
9 27 1553
33 43 1041
67 52 641
13 15 1536
10 7 17
18 17 128
20 10 144
8 63 17
65 11 1537
55 24 1040
58 28 1024
54 61 640
55 16 1665
11 25 129
59 50 128
56 18 1681
44 23 128
8 1 513
28 13 1041
23 34 1665
1 14 16
6 32 16
36 45 1168
29 44 1153
53 56 1681
69 7 1681
37 11 641
16 10 1040
66 10 1040
31 13 1681
46 57 1153
48 48 1553
35 1 1040
49 19 1664
27 43 1041
10 32 16
29 18 528
44 46 1152
64 56 144
32 19 1665
55 69 1041
15 2 129
19 53 0
48 11 1024
23 52 145
43 14 1680
1 49 1552
11 26 145
25 25 529
45 45 0
2 55 1169
52 35 1153
60 15 1025
65 63 1024
31 67 0
66 22 1536
56 2 129
20 33 1680
42 7 145
8 27 528
22 46 1665
31 50 1680
27 31 656
17 19 0
63 9 1
15 40 1
1 47 1681
66 13 1537
4 39 512
15 37 529
44 1 1024
66 58 1153
1 11 1681
27 41 513
1 55 512
53 28 1537
26 17 1
6 3 1553
11 55 1168
37 68 1665
22 12 528
37 52 1024
70 26 145
70 34 17
8 50 528
57 63 1537
57 66 656
25 21 144
27 6 1041
64 9 528
33 3 144
44 60 1664
55 68 640
35 1 144
2 43 17
11 51 1536
19 16 512
28 46 1040
58 24 129
67 13 17
16 27 1152
11 40 1553
2 65 513
22 20 512
52 20 129
54 54 1041
38 2 16
16 48 128
22 49 16
67 52 128
29 11 128
68 12 1169
29 12 1553
57 69 1537
43 45 640
66 39 1153
10 52 128
51 8 1
52 46 144
49 9 1153
28 54 128
31 37 1040
29 50 1680
10 10 1168
63 68 1536
58 14 17
34 53 16
21 23 145
34 63 528
8 34 657
13 45 657
31 33 512
18 44 16
6 69 1168
26 8 1025
60 38 1665
23 13 641
22 14 1
69 1 17
5 44 129
13 18 1152
36 2 0
61 32 1665
56 45 1536
18 66 1152
10 66 513
39 60 1041
55 24 1168
68 7 529
26 58 641
23 22 128
38 58 1169
18 10 1024
66 30 1153
18 29 1169
21 25 1153
30 1 529
62 14 512
65 42 17
3 66 1681
15 16 1680
1 54 16
63 25 17
26 19 528
57 69 128
17 42 16
29 28 657
21 3 1
59 29 1040
40 25 17
7 32 641
18 25 145
25 43 1041
12 53 145
27 67 1153
2 6 1664
30 20 1169
46 18 128
22 41 1153
57 22 1536
33 49 129
2 18 145
31 50 528
49 34 1680
60 37 657
23 61 528
20 8 1553
67 51 16
52 30 0
17 11 16
37 8 16
1 18 1552
48 20 640
31 13 1553
63 65 1153
4 49 128
59 27 1168
32 14 1681
14 49 1665
51 27 0
19 10 17
61 67 145
9 13 129
69 54 1041
22 58 528
20 45 1552
69 8 128
5 31 1536
1 17 513
25 47 1024
58 22 1024
6 13 16
11 1 145
38 39 16
63 6 0
70 53 1040
42 64 1553
49 9 1553
65 63 1664
6 64 144
64 51 1552
69 16 1153
22 33 1552
20 23 16
7 10 1168
38 17 1025
25 28 16
34 18 1553
38 7 129
19 52 1664
10 7 1681
58 23 513
23 3 1152
32 50 640
51 17 528
44 23 16
23 32 1041
3 44 1664
41 19 656
70 1 1680
16 36 1041
62 13 128
22 52 1168
9 45 528
23 35 1168
44 50 1536
22 30 17
15 12 128
32 7 529
19 27 640
67 40 1681
25 31 512
25 4 1169
58 31 656
59 31 512
46 69 145
9 57 1
24 67 1681
46 62 512
46 17 641
7 68 641
19 19 657
65 32 145
22 28 17
32 61 1553
50 6 1025
50 8 1553
42 56 16
39 44 512
48 42 1537
4 23 17
40 59 0
66 34 1553
62 23 1552
