70 2000
&|&&&^|^&&||
22 39 0
5 30 0
41 24 0
61 9 352
50 18 256
1 4 64
59 55 0
2 16 0
37 1 80
36 30 0
17 11 48
25 70 96
21 9 32
19 29 368
66 6 0
42 31 0
18 47 336
47 6 0
38 47 0
59 69 272
5 43 16
59 69 16
20 16 64
66 69 0
11 62 16
47 26 16
30 52 0
51 18 0
50 46 256
26 45 64
21 59 0
68 61 0
17 47 32
54 56 64
34 4 32
31 46 0
23 51 0
6 9 0
7 30 64
13 41 48
66 63 352
16 54 0
11 40 32
14 20 0
49 44 0
42 1 64
64 59 16
1 10 48
46 38 48
70 3 16
27 32 0
70 47 0
7 8 0
67 60 16
54 39 368
36 11 32
33 11 0
69 42 112
63 23 336
7 47 32
20 6 0
49 41 0
66 51 96
31 25 320
51 20 0
33 69 96
67 27 16
30 64 80
37 40 0
66 22 352
16 19 0
24 59 48
29 36 0
66 57 0
17 50 32
5 5 0
12 30 16
27 67 80
23 56 80
42 25 96
27 15 64
63 39 80
12 52 0
54 18 80
51 67 64
15 17 0
65 60 0
18 66 0
59 66 48
49 39 32
19 53 0
32 42 96
32 60 0
26 58 48
52 18 352
3 58 0
2 46 0
45 19 112
13 33 0
26 21 0
45 59 0
69 37 304
47 21 80
53 42 16
39 21 272
54 13 112
8 22 256
30 33 256
6 40 0
46 52 32
46 22 0
29 47 48
17 44 16
49 56 0
15 18 0
17 66 0
27 53 32
68 20 112
43 60 0
30 18 48
50 7 288
12 6 0
34 56 0
68 36 0
22 65 96
30 27 32
59 56 48
42 66 288
49 31 0
65 6 16
32 65 96
32 22 352
56 64 112
23 63 48
3 59 0
31 8 16
62 62 48
11 15 0
68 3 64
20 42 0
69 37 32
48 35 0
65 10 0
54 69 0
8 59 336
49 50 16
12 21 32
67 41 0
31 54 0
18 8 32
15 57 32
32 38 0
14 27 64
7 22 48
33 30 0
32 45 0
19 44 0
48 11 368
15 32 48
59 11 48
44 31 0
31 40 16
56 18 0
25 53 0
28 70 0
33 19 0
39 37 0
19 19 0
35 53 16
23 4 0
42 32 0
13 49 48
51 45 0
9 2 0
19 32 0
24 68 32
30 56 112
35 69 0
36 22 48
59 63 16
51 34 16
17 10 0
62 18 272
21 8 80
62 4 0
19 37 0
47 70 0
12 60 96
45 35 0
7 35 96
58 66 304
59 7 288
49 14 96
37 34 0
62 49 32
17 68 80
22 22 0
39 20 336
70 29 272
57 54 16
29 50 112
69 42 0
64 70 64
46 3 336
52 64 336
70 38 80
68 48 48
62 48 0
29 8 80
62 44 0
42 46 0
55 27 0
61 3 64
40 64 80
70 63 64
29 56 0
64 36 0
60 28 112
46 14 32
32 41 0
52 2 112
39 65 48
66 13 304
36 58 32
21 27 0
56 64 48
61 68 0
19 43 32
30 56 0
31 4 0
61 25 16
26 22 16
69 37 0
45 62 64
37 37 352
17 46 0
6 3 112
24 34 0
3 61 16
3 36 0
20 70 0
10 52 368
62 43 0
15 40 0
26 68 16
46 2 0
37 65 0
58 29 0
54 36 0
38 59 0
34 15 352
40 37 0
11 26 0
46 21 0
44 66 0
24 67 0
38 23 112
33 42 0
20 25 0
7 1 16
9 66 16
37 42 0
7 60 0
36 16 96
15 21 0
70 65 32
9 42 48
19 66 0
46 6 112
48 64 0
26 61 96
58 26 0
31 54 0
21 5 288
1 4 48
41 69 0
34 55 0
25 54 0
33 41 0
64 59 16
11 18 0
11 17 0
43 19 0
55 4 16
53 13 32
34 36 48
33 63 0
24 56 80
47 10 0
65 65 112
51 13 0
55 49 256
65 67 0
16 14 48
3 5 0
7 9 0
46 34 32
67 24 32
51 32 368
37 30 0
20 2 0
41 25 48
46 43 0
32 30 0
32 1 0
23 6 352
54 6 0
31 5 80
11 11 64
42 22 96
38 2 32
6 49 0
17 6 32
1 67 368
43 6 16
21 65 48
18 49 0
54 8 352
18 61 16
48 48 0
14 11 32
33 64 0
62 47 0
10 13 0
9 27 64
29 56 352
68 69 352
6 45 0
32 54 304
39 16 80
39 52 0
21 53 32
28 27 0
59 66 48
65 35 288
44 62 48
68 45 16
23 5 256
48 29 0
69 43 0
13 6 16
38 60 0
64 67 48
35 46 96
7 51 0
67 35 48
66 63 48
23 49 0
45 47 256
41 58 112
18 54 112
7 16 0
32 46 16
16 25 64
28 32 0
16 32 16
43 55 288
52 18 0
19 43 0
33 25 16
15 5 112
34 54 336
35 23 0
53 6 16
70 31 0
30 56 32
5 67 0
70 58 0
33 16 336
22 62 0
30 66 0
50 19 0
37 68 304
1 15 32
52 2 0
27 49 16
60 15 0
34 1 336
31 63 336
64 5 16
65 43 32
47 51 0
65 30 96
14 7 0
64 6 80
25 55 48
60 57 48
54 28 80
2 53 16
60 2 0
55 16 0
41 68 80
55 31 0
16 68 48
22 56 32
32 53 304
18 25 80
43 40 0
5 45 48
34 40 0
13 11 0
48 17 64
44 70 256
4 2 48
52 42 0
2 28 0
52 64 16
21 63 80
15 58 0
59 66 48
24 49 0
31 22 16
55 40 336
37 56 352
43 70 80
36 45 0
20 22 288
21 17 32
17 43 0
33 57 0
49 43 0
50 64 32
13 63 0
51 70 32
46 58 64
67 66 32
51 39 48
67 10 0
12 20 32
69 44 48
11 22 304
53 30 16
48 10 0
9 62 352
1 29 0
10 64 112
21 18 0
9 9 16
1 63 0
58 19 96
3 11 272
32 20 32
17 63 304
4 32 112
52 7 112
31 24 96
12 67 96
68 36 0
17 39 0
53 47 64
48 50 0
70 7 16
18 23 320
50 9 352
63 60 0
53 59 256
11 70 80
33 43 96
7 37 352
15 57 64
47 2 32
21 43 0
40 22 0
23 13 96
45 67 0
7 54 0
63 23 0
60 13 0
70 55 336
36 21 352
38 53 0
33 42 48
18 14 352
8 62 32
24 15 0
54 54 368
16 68 0
13 56 0
23 6 368
12 48 0
4 18 48
68 26 16
52 67 0
48 23 0
44 32 80
53 8 0
31 8 48
65 43 272
45 35 16
14 54 64
41 16 0
27 58 320
13 37 0
61 42 112
55 28 16
29 63 0
53 25 0
45 5 64
7 17 0
37 36 80
61 26 48
23 69 0
26 32 0
48 17 0
33 57 320
64 39 112
31 22 368
19 61 0
4 36 336
59 45 320
26 63 112
68 23 0
48 9 0
45 14 0
35 53 0
42 61 0
52 8 80
23 36 0
38 20 0
39 27 80
29 65 0
28 48 32
55 51 0
65 7 112
42 21 288
4 51 0
21 53 112
32 42 0
35 70 32
36 15 0
36 56 272
56 2 80
60 46 80
62 38 0
28 26 0
34 53 288
65 35 0
57 30 0
8 68 0
46 55 304
3 39 0
69 38 32
22 26 16
12 70 80
26 5 64
37 60 256
70 68 0
9 27 0
36 42 16
23 31 0
37 56 0
42 3 0
48 16 0
60 7 288
21 24 336
69 68 32
12 59 0
16 37 0
19 52 304
52 59 48
15 41 288
22 10 112
16 19 352
51 43 0
8 19 0
67 58 16
12 42 16
44 67 0
18 39 0
47 3 0
45 53 0
37 23 0
41 17 0
64 40 0
29 68 0
3 41 0
58 52 32
67 17 0
10 44 368
39 45 64
56 9 48
59 65 16
26 51 288
10 10 0
34 23 64
3 13 0
63 68 0
19 67 0
36 25 352
9 15 16
30 60 0
56 53 0
22 13 352
21 3 0
24 36 0
35 5 320
34 12 0
43 59 64
15 16 80
12 24 16
36 7 272
61 64 112
31 10 0
18 68 288
63 24 320
20 49 336
28 45 0
59 35 0
69 23 16
49 61 352
22 62 0
52 70 352
52 70 0
52 68 32
46 67 112
57 42 320
60 65 112
62 45 336
1 49 112
15 56 0
47 8 64
28 60 0
57 30 0
33 45 96
34 11 16
66 60 80
63 15 0
6 14 0
31 44 0
63 15 32
14 5 0
13 54 0
68 13 0
11 14 0
30 5 0
36 52 0
66 6 0
38 59 0
39 50 64
51 38 320
68 27 0
38 67 0
57 65 0
45 32 64
65 11 80
64 30 352
46 25 80
35 51 0
60 67 48
52 5 0
46 43 352
41 35 0
66 50 0
48 23 16
36 60 32
15 24 0
29 31 352
56 28 112
43 70 16
36 17 0
19 70 0
28 5 0
27 35 304
4 62 0
6 13 0
28 59 96
17 49 0
33 46 16
67 17 16
57 14 16
25 45 352
38 2 0
52 55 48
65 44 96
45 15 48
56 66 0
15 66 320
2 64 32
5 36 320
68 28 48
24 52 0
12 70 64
18 6 336
1 59 0
57 43 32
10 69 64
46 45 0
64 46 16
33 25 0
54 28 80
60 24 0
59 56 272
39 55 368
57 65 352
53 40 16
29 8 16
27 56 80
68 20 368
21 24 0
35 32 112
21 6 0
29 44 336
60 41 112
60 51 0
35 38 64
58 68 32
23 25 0
1 34 80
10 24 48
34 38 16
24 59 0
26 5 16
62 2 0
42 25 0
22 42 16
37 66 272
59 29 256
35 50 112
22 45 0
5 31 352
25 6 0
65 47 32
10 8 0
11 46 48
69 10 0
53 3 0
45 63 0
40 40 272
11 25 0
31 62 96
63 37 112
10 24 112
31 18 0
50 31 0
59 60 0
61 50 0
64 39 16
70 4 0
22 51 0
11 8 0
31 44 0
32 19 0
17 20 0
4 23 0
57 46 0
27 59 0
42 11 16
17 55 32
57 22 0
39 14 0
34 9 272
31 48 80
66 20 32
49 19 0
65 20 48
66 39 32
53 17 0
40 59 80
34 25 0
4 2 96
25 53 32
54 56 48
61 48 48
9 18 0
9 59 352
26 37 0
49 45 368
37 20 0
49 10 368
32 42 32
64 55 0
4 47 64
35 51 0
5 12 336
8 33 32
55 51 0
37 47 0
17 7 16
67 44 16
35 31 304
4 4 64
69 13 0
6 15 0
55 31 304
60 35 304
31 31 0
48 21 0
13 28 32
67 36 16
2 4 0
7 48 0
63 53 0
63 69 80
7 56 320
19 13 256
13 6 112
62 54 16
29 21 16
16 61 256
18 29 0
58 47 0
33 17 0
63 49 0
22 34 0
18 41 320
1 18 256
65 36 32
12 67 0
24 37 0
9 23 368
26 51 0
40 65 0
33 18 0
11 32 288
18 9 0
22 38 32
42 55 0
44 36 112
23 22 352
61 33 112
36 8 64
18 10 80
46 24 80
29 53 16
5 22 16
11 59 0
17 33 0
53 60 0
54 24 0
24 13 288
29 27 272
62 45 80
29 36 0
62 20 64
35 13 112
37 62 336
41 12 112
21 34 64
62 43 96
12 69 0
26 17 112
52 56 0
13 35 112
69 12 96
4 25 0
13 33 16
69 50 0
22 32 352
4 70 0
21 55 16
19 3 0
61 50 0
62 47 0
21 39 48
50 42 112
69 63 352
63 70 48
6 26 0
41 49 0
59 45 0
51 5 320
53 68 0
11 33 336
2 35 0
66 8 320
40 20 0
11 2 272
59 52 320
13 2 0
8 60 16
2 46 96
59 42 112
17 49 80
56 42 0
12 6 0
66 14 0
29 14 32
44 12 64
8 4 64
40 1 272
27 30 0
15 24 0
8 60 0
51 26 96
40 41 32
6 13 272
39 26 16
34 35 32
28 24 16
68 63 368
20 15 64
49 43 0
43 4 368
11 35 320
11 23 288
25 18 16
70 57 64
6 53 0
50 14 48
50 66 0
66 52 0
27 56 80
26 15 32
69 21 0
9 10 16
66 21 48
62 17 288
20 47 0
63 1 0
69 51 64
34 63 0
43 14 16
58 58 0
20 11 272
36 61 80
62 47 16
15 23 16
46 66 112
69 31 0
36 10 0
28 8 0
30 17 16
42 31 80
1 16 288
37 46 0
68 31 304
13 16 0
39 47 0
10 1 0
44 20 0
14 33 0
14 47 0
32 55 16
32 16 0
57 70 16
44 66 32
21 9 0
62 43 32
48 1 112
12 39 256
38 27 0
57 62 0
63 27 32
41 8 0
68 58 16
27 17 48
22 44 0
14 6 0
9 15 0
24 23 16
65 33 0
40 45 80
52 23 16
63 63 0
1 62 0
66 10 16
7 37 32
61 20 352
36 65 0
24 8 64
40 21 272
70 39 0
23 22 96
52 42 96
41 34 320
30 43 48
3 68 256
46 6 0
47 1 80
27 48 0
9 23 368
19 20 0
68 46 0
17 62 16
33 1 80
7 41 272
59 69 16
7 26 80
30 64 112
57 11 64
18 67 32
32 31 112
51 6 368
21 65 96
10 67 96
10 19 96
19 25 112
36 45 48
28 28 0
62 54 256
23 36 320
19 67 0
13 66 256
47 63 32
32 59 352
15 23 48
14 48 32
19 13 96
49 15 256
32 25 0
39 31 96
48 45 0
46 46 0
61 34 0
48 14 32
35 32 352
32 58 80
65 31 16
7 43 80
49 56 64
68 62 0
28 5 0
47 23 0
2 52 288
7 44 368
60 18 0
13 64 48
4 48 320
23 40 0
55 2 336
18 70 0
20 56 0
4 35 0
25 29 0
8 7 0
30 53 0
17 30 288
46 56 0
11 67 0
30 43 80
47 56 32
68 47 0
46 17 0
16 46 96
25 67 0
69 25 0
27 43 80
64 44 0
49 56 320
43 6 0
32 69 0
14 43 0
66 16 0
15 65 336
14 4 304
18 46 48
33 1 32
54 55 16
4 67 0
67 15 0
59 41 64
58 35 64
22 7 0
39 28 0
18 55 32
17 37 0
44 18 112
43 50 0
30 39 0
32 21 0
32 12 0
63 45 256
10 60 48
28 50 368
24 54 96
29 48 0
60 26 96
54 44 32
68 34 0
65 67 0
33 27 16
5 41 272
60 42 16
54 31 48
39 48 16
25 69 112
17 2 80
31 13 0
10 39 16
32 47 80
66 14 16
60 5 64
70 47 0
8 64 48
35 68 368
15 57 352
60 14 0
10 56 0
21 35 48
17 70 352
39 45 0
66 13 272
63 44 288
32 50 64
66 6 0
66 35 0
32 16 0
5 1 0
68 17 16
41 35 0
63 58 16
7 11 32
21 31 32
10 48 352
19 17 16
56 21 80
54 4 0
17 59 0
29 68 368
61 48 48
64 46 96
22 51 96
54 10 0
10 42 368
13 64 80
70 66 0
15 36 0
58 65 16
33 40 16
39 23 256
46 21 0
60 37 16
55 26 64
2 58 32
47 46 0
55 30 16
68 31 0
32 48 0
19 35 0
68 27 96
2 34 352
40 22 48
34 17 304
32 34 32
21 18 64
66 41 16
63 42 320
33 9 80
31 15 80
23 60 0
19 2 320
47 48 112
64 25 368
60 26 368
42 30 0
6 54 352
23 56 48
26 25 0
68 23 352
67 22 0
25 14 0
9 39 336
7 28 0
46 39 0
38 40 0
31 57 32
27 12 0
65 47 0
11 70 64
64 27 48
48 34 80
69 22 80
66 36 272
36 24 0
44 7 288
56 22 0
2 33 16
70 24 80
59 50 32
63 36 368
18 62 48
53 19 0
35 54 112
57 28 256
41 11 48
63 23 112
59 55 368
48 1 0
7 55 80
22 6 304
69 70 48
36 40 0
51 50 80
19 60 0
32 52 32
44 11 0
32 20 256
52 20 16
27 14 16
52 24 0
58 1 336
48 10 16
64 57 0
68 10 0
54 36 368
60 30 16
48 9 0
56 19 96
48 2 16
6 56 16
36 26 64
30 13 32
15 51 96
55 7 272
70 16 0
10 26 0
13 28 272
2 40 80
19 55 0
25 40 0
24 11 0
28 39 0
54 49 368
35 18 112
8 66 336
5 27 0
2 2 0
25 24 48
25 63 0
16 68 48
26 42 0
57 50 0
8 16 320
44 37 32
56 8 0
51 25 0
66 69 64
25 45 16
14 24 0
59 37 0
2 25 16
32 54 0
69 38 0
45 26 32
25 33 16
10 30 48
42 47 48
17 16 272
39 12 0
18 54 16
10 30 0
51 68 0
39 33 96
61 56 0
25 70 0
27 63 32
55 13 0
70 1 320
27 62 48
28 26 0
63 2 0
28 43 32
53 8 80
51 6 0
45 13 368
37 19 32
24 58 32
44 44 304
15 54 0
24 45 32
31 15 0
39 34 0
16 60 80
48 33 0
14 9 0
40 36 32
18 9 0
16 47 112
67 52 64
43 9 32
48 60 64
54 52 0
33 54 0
43 44 112
13 54 288
62 42 32
2 7 48
53 10 64
35 28 32
23 47 0
46 64 0
54 14 368
19 24 304
19 44 0
28 48 96
60 70 32
47 61 0
9 6 112
53 45 0
68 51 16
32 1 0
34 67 0
63 9 304
3 3 0
31 53 320
29 57 16
10 61 0
38 3 0
41 9 16
40 10 0
38 12 16
45 31 0
66 9 336
59 48 0
1 17 0
17 56 112
60 11 48
68 44 48
10 8 0
47 34 48
35 35 16
26 43 16
43 39 352
42 36 48
54 40 0
58 64 0
26 62 80
6 28 336
9 68 16
11 49 0
6 52 16
1 59 0
47 7 0
14 42 0
30 62 80
12 28 0
42 47 0
10 15 0
58 17 32
13 48 16
46 65 0
5 51 0
27 49 96
66 2 0
12 54 256
50 53 304
23 27 0
6 46 48
44 44 32
36 6 0
55 5 304
9 30 32
46 56 112
3 34 112
65 47 0
15 64 0
35 44 352
33 23 0
19 44 0
20 22 0
41 21 0
21 68 272
31 45 16
45 3 112
27 36 48
50 45 0
64 60 336
5 55 80
5 60 0
53 57 272
53 6 0
37 46 80
61 40 320
63 10 0
39 6 32
29 1 16
51 5 96
2 70 0
32 45 0
1 23 16
66 42 32
32 4 320
39 23 0
2 42 16
52 2 32
32 14 0
24 65 0
14 10 0
41 30 48
24 62 16
26 25 48
11 26 48
25 21 0
60 52 16
34 4 16
40 20 0
22 33 32
51 36 0
39 51 48
70 38 272
24 24 80
64 67 272
31 19 368
34 8 112
33 31 0
54 54 16
10 56 32
24 3 48
68 37 0
43 30 0
11 12 0
33 14 0
39 56 64
39 24 0
32 53 80
50 62 64
41 63 0
10 68 352
60 58 0
9 63 0
40 10 80
19 54 16
44 66 0
22 67 256
40 32 0
1 29 16
24 19 336
30 69 0
62 46 48
11 65 304
3 48 0
5 16 368
40 35 32
20 65 112
40 37 16
52 35 64
22 25 0
2 41 16
62 3 32
10 45 304
11 36 64
13 60 0
8 28 0
37 12 48
16 49 0
23 6 0
41 42 304
67 7 0
18 12 48
3 61 256
12 52 0
11 28 16
32 68 64
57 15 0
4 4 336
55 39 16
49 65 0
25 22 0
10 64 0
65 48 16
48 29 320
49 40 96
8 56 32
30 68 0
4 7 0
57 60 0
2 64 304
27 24 48
11 63 0
37 64 48
3 42 0
53 33 48
55 38 48
64 48 32
21 5 16
25 10 16
57 69 96
45 55 0
30 8 32
1 39 0
39 44 96
14 69 64
16 11 0
24 35 48
67 58 0
63 28 0
43 18 0
24 29 32
60 7 16
29 52 336
52 52 304
27 6 0
47 45 64
15 51 336
3 26 368
3 57 0
28 29 80
50 58 48
30 47 48
41 24 0
70 11 0
42 34 0
40 36 16
9 61 0
9 29 0
14 11 256
69 39 0
62 53 0
34 3 0
8 65 0
3 39 272
68 56 0
59 40 0
54 34 0
48 46 336
3 22 48
65 41 16
14 63 0
16 48 0
35 44 0
5 59 0
9 17 0
45 29 0
13 24 48
32 32 320
62 54 0
26 47 288
33 10 96
70 55 32
31 30 96
18 55 0
38 45 0
13 1 32
42 29 256
60 24 0
26 21 96
3 25 0
35 37 0
13 29 16
42 54 304
42 14 0
21 67 0
69 27 96
59 52 352
67 2 0
56 31 48
8 21 80
64 56 112
60 58 0
17 39 16
39 35 0
34 18 48
2 70 0
66 21 32
33 21 48
38 45 32
27 59 0
24 9 112
52 33 80
51 46 304
65 21 352
57 36 48
26 31 304
47 53 48
67 67 112
32 43 48
69 23 48
15 7 80
29 48 64
60 59 64
44 15 368
54 38 0
35 14 0
38 64 272
15 43 48
11 24 0
37 9 0
58 49 16
55 40 0
7 59 352
28 43 320
56 25 0
66 27 304
51 55 80
57 48 368
55 21 256
22 67 304
43 29 0
66 18 0
68 27 368
45 7 368
68 65 48
44 3 304
25 26 0
64 29 0
21 4 320
5 4 352
1 19 16
28 44 32
17 18 112
10 50 352
29 60 96
21 29 0
10 62 0
12 11 0
53 17 96
22 8 256
5 2 16
56 67 48
66 56 0
30 16 0
19 13 16
46 46 0
48 42 96
47 55 368
47 42 272
30 9 0
28 54 64
12 17 80
68 34 0
41 2 0
22 69 16
64 4 272
3 22 368
5 3 368
1 54 0
55 49 0
12 40 32
24 61 272
44 32 112
31 13 0
15 42 0
24 2 16
32 23 16
50 15 0
17 13 0
47 49 336
46 35 80
29 51 272
51 23 96
6 11 32
22 3 0
33 18 16
40 62 96
67 8 16
20 57 80
2 6 0
2 53 0
9 48 32
1 11 256
3 4 112
16 51 16
56 28 0
25 67 0
66 38 256
29 34 0
36 23 288
18 20 0
4 12 0
8 55 0
37 51 0
26 51 64
25 14 304
31 24 16
32 25 320
49 66 352
45 45 32
65 11 368
14 67 0
20 15 0
62 49 288
62 9 0
50 30 16
13 27 352
42 43 64
31 64 0
44 13 48
59 14 272
60 56 256
53 4 0
50 59 0
35 39 96
6 27 48
68 4 0
33 8 0
42 58 0
18 23 0
53 57 368
2 41 112
52 56 0
4 16 0
1 54 16
58 54 0
29 43 0
19 57 0
65 50 0
39 18 32
70 44 352
39 50 0
52 44 0
25 14 0
29 55 368
27 23 0
31 47 32
45 62 288
53 8 0
5 39 0
47 46 80
15 41 0
6 23 16
1 20 0
21 35 0
4 61 80
57 21 304
5 70 0
13 45 16
33 30 0
49 28 0
40 44 16
18 70 48
6 24 0
54 14 368
15 70 288
39 64 32
41 8 0
46 21 96
68 42 0
40 63 80
53 59 0
56 16 336
23 34 352
62 69 16
20 6 336
66 9 0
52 17 0
45 8 0
6 28 16
38 63 0
25 8 0
2 39 16
20 70 112
12 19 352
70 67 0
28 65 0
45 59 0
51 28 0
63 61 0
31 33 256
19 67 48
42 42 48
8 25 32
2 20 16
60 63 368
53 56 256
14 63 16
44 51 16
56 20 80
43 29 0
20 34 0
60 67 32
22 8 0
56 6 0
45 18 0
64 52 0
60 54 304
17 11 272
6 35 32
19 43 304
49 43 16
15 39 0
33 30 0
56 24 16
9 23 0
38 53 64
17 13 96
32 2 48
23 15 0
24 46 80
42 23 320
2 33 0
10 16 64
36 42 16
24 56 80
13 64 80
12 15 96
32 46 80
1 9 16
22 26 0
45 56 32
65 60 0
63 42 16
18 55 0
29 24 304
14 49 0
11 66 112
56 9 0
4 45 64
65 68 0
10 27 0
55 28 112
59 54 0
51 47 0
42 31 0
25 48 0
56 55 304
18 12 0
55 50 48
2 32 0
3 52 0
55 9 80
33 23 0
63 8 0
51 41 0
24 43 0
53 33 320
8 24 64
9 25 0
10 17 0
37 55 0
59 43 368
18 56 16
21 64 16
47 22 304
11 15 32
27 54 0
28 40 0
69 38 96
31 11 0
24 65 0
56 67 0
55 27 304
28 48 0
7 48 0
7 54 96
13 33 0
24 43 96
51 29 0
50 59 288
13 17 96
6 5 96
19 9 0
31 36 112
29 63 320
45 20 112
44 56 0
63 42 0
46 48 0
12 55 304
25 59 16
10 8 64
17 20 0
19 50 48
59 9 32
25 64 80
48 5 0
23 31 352
45 24 112
3 16 0
7 25 0
21 47 0
21 37 0
46 57 368
45 68 64
18 57 48
42 58 96
19 7 96
36 70 0
45 19 48
58 57 48
65 65 0
55 67 0
57 36 80
37 59 0
26 14 0
13 8 48
23 10 0
35 32 0
25 45 0
24 31 272
53 68 0
55 12 16
35 58 0
67 49 48
45 51 336
67 60 0
24 30 112
8 63 16
12 39 64
8 54 32
17 15 272
41 24 32
29 4 96
25 23 96
61 44 0
60 38 0
32 53 0
56 49 16
54 16 0
40 30 352
47 31 0
2 39 368
23 26 64
18 42 16
16 25 320
18 32 0
57 42 0
48 3 16
32 40 0
17 70 64
48 33 32
66 68 32
3 40 112
11 16 0
57 27 0
61 51 0
46 2 0
1 42 32
2 67 320
29 52 320
40 27 304
13 26 32
23 17 0
11 28 80
10 68 0
42 24 368
19 61 288
25 30 48
45 3 0
62 25 0
47 22 272
64 28 272
38 13 336
28 42 0
26 13 0
37 22 336
27 17 32
12 7 0
38 60 64
33 7 0
26 66 368
27 63 0
37 39 0
39 51 0
60 45 32
47 35 48
53 58 0
55 17 32
44 22 0
55 65 0
59 28 0
53 28 64
5 38 112
48 38 0
22 42 48
32 29 80
19 30 0
35 6 112
57 35 0
48 14 0
47 2 0
49 65 48
29 28 32
12 67 0
39 64 0
16 49 0
69 63 0
3 36 256
8 18 0
6 19 320
1 65 80
14 39 0
66 48 96
36 31 16
8 67 0
18 35 32
34 11 80
10 26 0
25 43 112
8 1 0
6 65 256
15 7 320
59 51 0
54 13 304
38 50 96
11 15 0
38 13 0
28 24 80
31 15 32
6 69 0
22 12 0
3 25 352
59 53 48
24 55 32
29 9 64
48 41 0
70 37 32
18 8 80
30 26 0
29 30 96
57 22 16
22 10 0
20 22 32
25 54 16
50 10 16
7 22 0
35 59 112
43 34 0
66 45 272
35 31 256
70 23 80
