70 2000
&^&&&&&|&^&&
25 8 95
41 69 469
8 66 16
36 50 23
60 36 195
53 23 2510
21 36 21
34 64 2006
65 25 317
33 16 60
63 44 15
65 64 417
70 62 100
41 6 12
33 41 1714
24 15 1545
60 53 759
3 37 339
59 16 1080
56 70 1061
30 52 243
13 22 273
23 42 113
63 24 880
35 17 5
6 53 1535
42 52 2
11 36 228
38 16 849
48 57 1929
60 37 369
14 23 2419
47 44 395
69 36 13
52 27 328
27 68 1520
26 49 120
44 52 1952
20 47 115
33 10 1836
31 46 2751
46 8 1891
22 69 22
25 10 103
53 44 794
64 8 3071
59 69 1135
5 48 3339
51 4 107
30 24 1828
47 48 58
43 36 1
19 15 279
53 50 1226
24 33 15
16 69 11
24 44 104
54 6 41
51 53 49
27 69 39
41 38 1035
64 23 22
53 50 1993
23 58 662
39 27 1494
51 6 101
63 25 2748
15 5 13
43 7 532
38 31 358
32 52 762
13 17 104
63 14 123
70 3 151
28 22 112
46 35 568
25 50 2823
17 47 123
44 45 14
70 1 132
39 33 54
7 2 408
30 19 1766
53 64 441
54 67 255
9 14 1770
12 46 691
57 19 77
6 38 48
5 50 190
60 34 3826
42 70 56
38 22 698
5 7 193
49 42 9
1 45 58
18 26 206
40 7 60
21 52 4049
54 31 3820
1 39 466
64 4 246
34 63 125
24 25 32
47 1 178
5 10 143
50 59 235
61 16 52
49 20 54
38 19 116
42 26 455
52 24 1348
26 59 221
69 67 319
52 18 25
1 36 144
51 3 3960
59 22 1
27 69 54
39 7 1748
55 40 2270
52 5 557
66 44 1798
6 41 230
39 42 676
61 17 117
22 69 205
9 2 434
24 63 542
69 60 48
33 8 232
31 69 670
33 33 41
21 61 1948
30 21 342
31 30 246
17 40 24
16 62 4
57 28 191
23 21 50
19 15 413
54 46 419
55 55 63
56 58 8
23 3 1693
63 46 59
9 41 630
41 42 3619
14 28 3552
58 44 316
20 15 124
67 20 62
44 27 783
63 43 390
42 6 3764
20 24 805
49 9 109
17 48 65
61 61 37
70 7 123
64 25 4
30 32 113
3 39 8
19 55 198
25 41 49
67 60 79
56 46 1311
36 40 764
59 34 496
7 46 978
1 68 48
69 19 201
40 5 896
14 33 1161
53 59 3845
65 59 12
66 55 691
14 54 766
66 28 139
23 53 911
52 30 1247
5 58 542
20 8 34
45 8 7
2 11 121
28 64 80
17 1 29
31 36 735
14 40 577
39 43 90
55 64 306
55 5 1
54 41 320
18 61 883
15 25 751
28 13 835
13 9 322
68 51 334
5 3 194
44 35 845
23 66 11
46 32 828
60 15 3084
21 67 491
35 27 477
49 26 2826
61 42 365
28 48 40
66 41 23
54 17 10
35 6 27
41 35 3766
36 64 32
55 18 26
44 41 527
48 2 1745
28 28 612
10 47 27
2 30 40
15 47 962
31 56 280
14 42 1975
65 15 5
11 25 11
49 5 178
3 19 237
48 56 232
51 49 31
39 37 1
8 57 40
24 41 6
69 51 83
15 18 59
17 52 145
21 4 2068
48 10 446
22 47 469
48 62 420
46 19 939
42 36 440
46 55 118
27 41 405
41 23 1593
6 29 208
42 52 2233
21 12 343
27 66 152
55 65 69
38 8 297
11 14 151
57 13 460
38 56 63
66 9 1551
49 42 597
57 19 536
29 10 174
3 18 43
44 24 943
39 39 765
21 1 2500
2 13 52
43 56 1730
12 19 109
25 52 715
13 2 1582
45 63 18
49 28 197
26 68 43
42 21 10
43 5 53
53 44 45
26 40 991
42 44 42
65 12 856
36 29 139
36 38 957
57 8 500
9 19 157
46 46 180
25 69 1
6 15 122
37 23 432
10 1 152
67 56 11
66 36 9
42 4 541
22 62 803
49 19 565
37 27 973
50 60 1796
37 62 70
28 2 146
15 48 54
45 29 98
70 4 23
29 20 1130
11 4 888
43 29 3443
48 3 427
27 35 3710
30 3 210
39 33 1404
42 3 32
25 65 44
21 12 806
50 40 45
43 18 1985
60 53 474
35 25 642
41 42 3
57 6 20
46 52 677
4 50 216
47 6 268
43 54 808
63 30 26
49 57 202
49 60 21
27 8 190
45 40 3961
43 19 3
58 27 304
28 19 10
19 50 81
7 68 1049
27 36 195
17 68 62
60 42 52
30 18 81
57 19 271
32 65 1510
36 30 909
62 4 1715
59 61 2655
22 21 47
18 65 193
70 68 44
28 29 39
64 10 34
56 34 148
51 3 3138
7 14 7
66 65 123
42 13 21
16 69 48
2 17 768
57 61 250
20 23 506
46 40 74
49 67 126
25 15 82
18 45 2265
67 47 94
51 49 89
43 69 253
68 66 22
66 51 111
17 9 348
33 57 379
40 32 53
6 7 695
24 21 56
21 53 988
50 21 244
14 38 477
52 22 24
58 20 20
60 8 35
45 17 495
48 2 114
50 37 295
9 9 94
8 53 3567
57 25 1088
30 5 254
58 35 453
55 56 133
62 52 85
47 53 139
53 4 125
16 56 368
25 9 2890
54 4 395
8 68 168
26 16 115
53 50 1499
5 11 939
4 67 218
55 18 47
32 54 963
63 23 43
16 62 357
16 20 300
18 65 54
35 48 6
30 33 4
39 23 61
21 66 317
25 32 511
7 13 30
43 60 590
8 39 506
51 70 8
42 54 182
66 27 354
67 56 79
53 5 132
53 37 506
43 6 29
39 61 122
53 17 61
25 20 586
42 7 42
68 69 109
47 3 164
20 30 21
34 28 335
67 8 319
68 1 1859
69 35 65
42 47 4
15 17 1711
3 39 3719
52 7 2848
1 17 1526
51 43 346
19 53 229
69 31 102
62 33 28
33 57 1235
28 40 223
50 48 124
37 37 955
70 6 534
39 25 193
62 2 72
16 33 16
23 51 225
16 55 25
69 51 627
17 38 8
52 66 63
10 10 740
40 65 284
66 65 3087
36 5 958
23 4 118
31 45 197
47 54 86
1 8 510
31 13 158
10 55 1606
22 30 55
64 6 141
41 41 988
19 10 264
28 31 12
44 69 18
64 12 38
68 70 1095
47 25 139
17 46 151
48 39 76
33 37 73
4 22 209
56 65 447
24 27 548
33 10 1790
40 9 305
43 4 7
1 50 870
46 34 325
21 52 1787
38 29 3838
49 51 420
17 64 1099
7 36 396
4 50 47
42 8 7
49 30 250
3 25 568
23 15 56
10 53 536
34 10 28
24 65 993
24 40 0
66 18 10
53 62 97
54 20 15
21 43 53
46 37 112
38 10 1856
8 23 94
69 43 70
4 14 434
55 47 1372
1 58 56
54 32 274
60 12 51
47 21 202
41 59 4
10 17 336
19 18 85
23 34 125
8 66 2550
59 38 138
16 52 532
62 1 3798
16 31 1393
65 69 61
15 47 517
31 50 419
5 24 475
58 46 1443
19 22 240
4 41 57
32 57 3110
17 26 1084
36 28 14
47 31 14
65 13 110
23 62 73
19 51 15
2 18 396
69 8 53
45 17 2954
63 32 90
20 65 2605
29 63 16
54 16 723
20 45 117
47 24 316
5 52 1670
4 33 1169
60 59 55
64 26 75
3 5 342
67 51 3376
2 66 110
55 12 32
44 40 49
65 60 44
46 31 1727
53 34 21
5 12 20
13 50 879
20 22 28
65 10 746
35 66 2
9 69 364
8 53 81
63 9 233
50 41 1089
52 17 925
13 38 192
40 27 3235
45 10 736
10 48 3423
30 56 83
34 49 3033
53 9 3400
58 70 3
65 53 999
5 41 238
2 23 2629
21 26 0
34 49 24
14 69 152
66 28 171
10 70 27
49 10 2897
1 33 230
28 58 3281
15 29 397
14 22 2
19 44 1524
46 23 28
69 50 54
47 32 286
69 44 1999
32 16 32
55 36 38
49 51 125
29 21 2150
3 23 128
64 11 4072
41 42 743
50 12 57
17 35 68
18 24 652
43 7 779
12 37 447
63 62 63
46 60 437
61 63 1766
61 69 891
63 5 524
20 50 234
37 20 96
27 63 970
3 44 1
11 48 45
34 28 87
56 24 193
49 43 1197
28 12 360
14 51 26
41 68 64
64 10 319
9 56 25
8 40 45
62 21 1714
62 27 227
41 54 470
31 21 661
33 12 83
38 43 245
8 1 184
23 27 3750
35 10 45
31 18 559
12 12 190
37 70 72
65 3 342
17 47 11
19 11 116
69 10 1673
42 5 2
18 18 192
49 63 20
48 33 222
16 56 185
17 46 504
39 49 828
17 6 419
6 39 2290
17 23 56
37 47 494
12 19 1222
62 23 340
32 36 146
68 4 142
35 61 46
40 4 152
44 23 207
56 58 224
25 30 879
6 51 65
52 66 620
33 58 3530
29 38 5
8 39 58
57 10 583
67 8 409
55 56 6
39 20 147
47 14 78
48 28 52
44 30 566
31 17 4
1 45 1519
42 24 7
10 68 25
35 49 290
37 47 123
29 62 604
42 64 173
8 43 18
38 1 13
9 6 110
15 59 93
20 33 16
4 60 315
21 65 185
40 15 63
26 1 141
11 61 67
48 32 152
40 69 55
6 39 13
20 32 331
27 44 262
31 40 2989
36 65 519
27 50 37
27 27 2295
19 18 14
33 32 49
36 49 18
64 41 73
9 26 13
52 69 12
33 46 3218
69 30 72
67 25 59
28 58 63
47 67 38
14 60 875
5 69 1009
28 36 1356
44 50 103
70 11 113
68 6 442
29 9 20
70 49 1098
36 50 710
33 13 29
12 21 386
56 54 781
26 1 4
63 64 26
48 64 2063
33 69 206
64 4 46
41 69 3161
18 30 0
21 68 1058
18 31 865
43 4 1404
58 21 63
22 37 20
51 49 378
65 24 33
37 16 1180
25 36 70
50 41 263
25 24 46
37 8 2012
7 1 203
46 19 214
22 41 55
21 37 54
58 11 243
9 69 54
2 20 45
13 40 82
43 7 3
3 41 560
31 61 2751
25 25 109
14 9 80
20 46 36
19 49 87
24 6 2504
21 17 66
11 7 774
22 26 448
18 25 92
61 43 891
40 42 851
26 49 444
39 60 3
15 16 419
9 15 76
32 46 82
5 24 16
47 34 8
49 27 99
63 23 245
58 26 60
63 6 431
54 69 3980
49 65 28
8 37 118
61 38 67
21 9 0
20 13 1965
17 60 1336
69 24 53
69 11 89
68 6 1866
61 39 1820
35 44 54
64 31 35
37 69 202
20 70 6
16 65 1428
36 44 42
19 58 967
15 70 59
2 49 409
68 22 33
63 68 324
17 16 1329
38 29 90
57 39 1159
32 3 315
11 19 465
5 50 82
35 28 3101
31 25 258
11 13 20
51 57 62
69 24 0
57 66 635
50 7 675
26 19 431
8 17 62
40 58 354
44 51 3371
67 34 87
45 44 48
34 61 1209
38 2 655
19 20 400
57 22 41
43 61 38
6 70 21
37 23 54
19 8 5
46 22 61
8 8 1671
50 14 132
60 14 31
30 31 7
57 24 451
56 29 426
69 5 916
35 44 2267
45 19 1730
5 17 3673
38 53 69
58 54 3
68 12 329
59 11 22
45 66 1018
70 54 67
5 1 666
9 58 54
48 41 57
55 70 14
28 20 2327
5 4 903
4 42 23
36 4 462
7 56 42
44 35 844
15 5 43
63 6 544
36 33 1542
50 24 31
3 55 454
2 56 479
33 22 1494
51 45 582
17 18 220
1 16 40
15 15 178
66 50 3540
67 56 90
18 12 347
61 30 2597
6 61 614
10 19 1902
35 34 0
62 50 165
49 27 48
44 26 724
5 70 702
59 20 891
69 5 683
23 52 3892
17 49 33
10 4 92
50 10 929
22 41 28
68 66 96
30 60 448
49 25 51
1 61 190
31 36 60
10 70 417
35 58 826
16 32 1208
62 44 420
59 1 280
35 66 557
16 67 489
10 55 128
23 36 323
10 56 3334
36 26 170
44 28 762
10 44 8
12 41 45
54 14 222
60 57 883
29 39 51
32 70 23
33 40 32
39 9 11
56 49 424
56 52 171
62 69 938
25 62 3721
9 48 740
26 45 140
41 66 160
17 12 387
43 49 842
7 10 21
3 40 3
47 67 717
53 40 12
45 50 124
21 44 52
60 30 717
50 30 470
65 21 115
47 66 540
45 52 304
39 24 75
6 46 250
46 49 77
37 6 331
38 16 1970
36 39 2
41 9 2728
47 9 616
32 60 1680
26 66 732
33 52 107
26 14 54
26 14 364
43 43 230
63 8 274
27 3 121
27 22 104
62 44 455
70 64 68
39 55 51
4 5 510
12 70 9
17 8 47
6 52 239
22 26 41
21 41 1377
34 3 2750
69 22 29
5 45 268
15 56 656
43 6 411
45 49 926
69 49 52
43 12 122
18 18 95
53 66 365
4 26 942
12 58 937
16 1 362
3 3 42
52 50 83
65 33 326
24 3 37
30 52 35
51 3 332
64 51 15
3 44 27
63 16 27
57 27 97
30 43 2955
37 25 266
41 27 249
4 45 272
53 45 44
28 1 62
40 43 345
64 67 102
3 32 95
4 31 186
49 26 477
43 5 839
26 16 1020
30 19 314
67 15 1629
29 53 308
34 18 151
69 68 9
16 39 298
56 25 31
26 42 1957
58 20 4029
23 4 4001
51 26 2033
39 1 38
30 21 50
4 8 1917
35 42 238
21 12 33
62 7 1897
4 37 642
30 4 2862
14 17 869
21 17 1380
15 9 223
54 27 304
31 19 165
62 56 1185
56 29 657
45 30 377
4 67 1573
28 16 527
39 44 2367
67 70 497
8 12 119
16 35 3
49 30 4
36 12 748
51 67 56
54 24 1979
69 57 33
41 67 10
35 35 1883
57 25 510
47 23 136
3 35 13
36 57 285
45 70 303
45 34 331
5 69 13
40 46 29
36 53 0
69 39 205
32 33 121
25 60 125
34 41 40
18 56 74
45 39 48
18 69 178
66 43 543
39 50 119
3 59 54
10 10 44
23 29 65
56 12 48
2 62 40
31 58 122
27 59 127
32 23 169
35 30 598
57 9 41
35 27 115
50 42 1997
46 40 37
70 63 1135
61 24 76
33 11 69
16 63 1257
67 21 1825
41 67 1023
70 70 31
24 50 748
31 27 23
43 39 524
12 52 209
37 36 2872
10 55 260
9 65 72
38 5 203
42 46 34
21 15 1035
6 35 1000
11 51 2260
11 11 616
5 61 14
38 16 1914
60 50 1150
47 2 16
47 69 24
41 10 25
3 51 3912
2 19 58
40 61 523
44 12 21
23 51 57
4 64 47
46 62 47
58 22 1464
6 60 974
37 35 1494
65 60 358
51 9 771
32 39 41
4 63 93
23 61 252
47 47 193
37 6 2690
55 42 189
1 55 168
39 3 88
7 66 112
27 20 171
6 63 71
10 38 242
37 12 283
13 22 271
8 62 212
50 32 74
16 41 1382
17 59 822
28 1 735
16 29 14
5 3 777
37 20 244
44 1 92
23 21 2180
11 24 8
44 25 1454
43 18 70
15 57 112
55 27 57
44 12 1092
55 66 39
42 17 67
45 42 3
55 63 9
42 57 117
34 11 31
44 43 296
25 30 796
55 48 138
50 9 213
18 8 44
48 63 62
19 14 230
69 4 276
7 69 860
67 10 30
15 41 28
28 63 3492
56 31 497
64 49 1411
5 55 433
65 3 444
31 33 408
60 40 119
18 30 2919
63 26 24
64 3 141
65 36 1198
20 29 232
39 29 1715
22 59 214
30 31 42
52 24 27
63 15 2164
41 24 117
47 9 124
11 24 1269
44 24 505
42 5 282
42 22 558
42 47 31
45 68 37
33 68 30
38 70 239
66 68 765
56 41 32
66 47 58
16 36 188
52 61 53
11 61 430
4 37 2
62 59 192
64 2 86
31 56 34
51 47 734
44 57 165
61 24 199
49 52 2243
3 37 73
28 2 23
23 70 331
2 21 215
7 53 672
44 21 71
9 19 24
67 16 113
12 7 45
29 43 525
50 67 1610
18 35 12
21 34 634
37 50 39
59 66 46
28 41 874
1 58 62
14 68 22
25 2 382
5 64 21
30 69 2850
13 4 52
54 9 319
39 44 44
35 47 112
57 34 202
11 22 65
10 7 791
9 44 49
70 46 193
22 63 47
42 40 681
53 26 301
37 22 405
66 51 297
69 5 142
35 4 2003
55 28 1086
41 4 11
16 67 33
18 30 3351
60 9 207
34 29 589
25 3 52
4 9 3537
2 35 3647
38 7 1074
63 33 1364
1 58 133
6 44 1033
54 48 80
20 7 186
39 33 222
56 34 10
21 10 2769
53 50 1688
6 50 42
39 57 2008
62 30 3034
13 4 449
70 35 1118
56 50 166
4 50 1955
49 2 217
50 39 33
14 10 71
39 47 202
10 54 114
63 28 7
2 20 74
57 45 309
60 46 185
12 7 11
19 64 127
58 23 125
16 63 336
65 29 288
22 66 530
20 27 446
49 3 673
31 29 51
22 42 66
31 11 494
54 68 52
54 30 43
70 18 77
41 35 232
61 44 1059
63 29 52
29 26 1507
34 69 25
6 23 3930
12 3 119
48 40 340
2 16 44
29 42 132
70 36 1309
11 29 666
64 43 702
5 4 0
5 4 6
31 35 74
7 10 1347
14 39 124
40 47 44
14 58 1956
42 30 580
4 45 840
3 51 100
27 13 193
26 4 5
1 38 59
38 51 26
10 63 62
25 38 75
8 11 269
19 18 388
28 41 32
51 37 14
40 13 216
7 61 0
48 33 32
17 29 80
7 26 878
19 43 2420
49 13 1003
43 41 36
43 51 496
1 60 1
54 45 74
8 10 1977
5 56 167
49 65 461
21 31 221
31 56 185
66 37 106
20 65 424
40 63 25
21 38 42
47 64 797
57 18 1574
42 67 45
28 1 159
65 9 1888
66 68 244
5 8 210
48 58 31
34 6 23
51 20 6
33 1 266
31 34 767
42 39 241
25 58 1429
39 63 103
67 39 53
28 19 112
56 27 26
4 19 15
16 25 254
28 49 334
25 50 7
18 38 23
2 40 16
55 47 879
69 53 652
43 31 0
52 64 227
10 57 80
43 59 3
27 24 18
5 27 47
13 14 92
4 59 120
15 29 30
3 38 1428
26 8 574
68 1 49
28 4 58
36 11 35
9 14 48
67 40 567
27 67 950
20 33 129
56 8 95
15 39 100
3 54 584
34 70 438
70 41 188
51 10 1147
49 41 264
37 12 0
21 35 1412
41 16 1474
55 58 209
47 44 3584
28 3 3597
50 26 53
19 66 597
58 10 7
39 30 3
52 23 158
46 34 125
56 18 148
70 22 34
34 9 761
43 49 129
70 21 106
58 49 31
40 27 274
47 11 105
54 69 367
63 29 243
39 37 861
66 6 340
59 41 85
20 12 562
35 18 21
59 57 215
39 23 5
69 48 109
16 33 41
31 54 215
32 40 77
55 31 426
38 7 83
42 61 231
55 1 274
51 51 228
54 57 1983
57 59 1888
18 48 145
14 13 22
54 39 1509
11 9 569
1 7 953
45 61 169
54 1 120
1 16 638
60 68 194
62 45 214
47 44 192
66 18 77
57 1 121
3 42 224
9 25 342
31 31 2905
31 5 478
12 66 268
33 45 688
70 64 901
46 61 17
19 1 17
52 8 188
31 35 166
60 48 1
55 64 210
62 18 104
4 57 3698
3 57 124
66 56 19
43 68 434
33 40 48
2 45 179
47 44 473
2 27 70
51 6 44
9 41 63
66 37 184
9 15 91
57 1 997
29 17 3944
37 34 34
7 34 846
33 1 704
3 50 91
61 61 148
18 6 22
40 37 38
7 12 103
2 29 103
68 69 212
68 66 38
54 12 27
51 34 30
25 33 61
59 53 242
30 64 4
36 34 1930
59 33 836
21 50 1813
12 28 454
70 67 82
62 62 257
6 55 15
28 25 992
47 45 68
63 29 56
60 20 412
68 44 332
56 35 2157
6 34 1594
38 61 41
27 28 1875
56 15 1402
39 52 1
57 18 166
29 57 1508
70 16 747
63 25 731
39 2 242
22 69 38
63 42 519
14 55 309
6 38 35
32 2 74
51 11 209
70 36 14
57 10 126
44 36 110
5 45 28
24 25 3470
68 43 30
65 12 153
31 57 72
37 15 6
68 42 2201
67 36 46
26 19 29
55 57 1993
19 63 112
56 19 2679
25 2 3
66 64 2183
3 51 50
68 58 56
59 12 460
18 43 278
26 63 56
70 17 73
34 39 194
61 69 1350
26 22 213
16 47 626
8 52 112
37 2 480
3 32 1050
63 49 32
49 42 24
16 70 81
70 45 189
40 50 80
54 10 47
63 57 907
14 64 4091
4 51 9
7 6 177
21 9 316
44 49 740
1 35 182
29 21 475
62 32 1059
5 27 811
33 65 46
35 3 220
55 32 85
61 17 241
18 7 3336
58 61 118
42 66 231
50 67 315
7 50 372
69 26 2744
63 37 1659
16 32 42
5 23 109
55 39 579
57 15 211
11 54 393
61 70 5
9 62 612
22 2 4
57 8 219
11 1 223
31 6 246
60 7 55
12 59 110
70 42 1471
48 41 2192
43 29 79
27 61 440
45 51 1023
43 13 168
48 4 88
27 46 722
62 49 17
65 17 19
60 53 2495
24 25 2130
45 66 363
17 12 37
48 37 329
8 37 126
6 50 21
48 57 837
3 38 240
19 49 107
26 6 453
9 28 1545
7 40 1179
46 13 988
56 7 1457
2 58 181
53 57 28
10 36 0
49 1 11
51 56 149
47 64 642
49 57 836
68 3 698
66 14 373
14 24 713
21 24 1156
24 9 7
58 3 375
51 12 300
13 54 0
28 4 198
39 45 223
16 29 158
31 18 106
48 33 239
19 31 83
44 28 8
24 56 56
66 4 89
35 69 32
20 45 14
38 61 89
57 57 1950
1 41 100
17 18 165
57 23 395
41 47 29
36 1 54
2 22 53
25 45 163
54 70 26
14 31 86
36 5 84
24 26 69
14 29 19
60 35 187
47 20 3778
3 2 672
40 34 1620
15 48 8
17 7 100
39 56 3245
9 29 46
51 1 178
55 25 474
64 68 116
52 3 129
55 4 6
63 52 195
27 27 109
19 65 610
16 44 1899
25 66 55
44 30 2959
39 23 2714
37 31 1492
7 68 333
66 52 104
53 26 776
33 44 223
34 64 54
6 68 58
13 7 612
55 23 83
2 60 40
55 23 24
31 26 249
35 29 15
13 35 223
52 57 1874
5 31 95
1 66 893
39 46 137
3 22 53
1 34 827
15 7 792
4 43 135
34 7 14
11 34 44
42 6 18
22 9 51
35 51 611
70 48 267
5 19 108
12 1 51
53 12 11
41 51 99
68 61 1197
6 58 305
57 4 224
50 65 3522
62 65 249
39 42 1100
41 10 41
60 48 3986
13 64 494
20 21 1390
56 47 940
70 4 1476
12 11 3306
10 28 36
26 51 386
66 6 142
41 58 195
13 56 313
39 35 28
63 35 62
52 11 543
55 37 41
24 25 62
12 2 47
4 31 382
57 21 99
32 36 771
22 49 763
65 41 288
7 26 2010
8 67 225
63 49 49
55 5 846
28 26 96
37 53 142
33 30 1
37 4 1524
64 26 866
69 6 447
24 70 54
46 16 575
35 26 70
34 67 4020
11 18 50
56 38 217
13 59 132
24 63 54
15 17 1789
68 59 136
53 65 562
26 27 1020
55 64 46
50 7 183
53 29 980
6 12 370
60 66 2653
12 11 112
27 37 42
38 38 37
16 37 7
69 42 4
67 41 56
5 41 61
29 29 20
28 54 345
6 69 149
27 8 3
43 8 2029
50 6 38
16 26 129
68 9 0
30 30 511
57 6 1779
15 44 804
32 17 139
29 64 820
16 33 424
11 36 190
34 11 628
58 69 59
9 25 252
10 57 406
12 29 111
22 49 173
61 6 74
24 25 27
15 66 1876
68 29 2237
10 29 36
47 36 68
70 28 227
22 35 16
12 40 138
52 3 470
52 38 823
22 64 2988
42 40 754
28 26 1473
9 25 44
17 52 58
3 32 101
50 17 48
60 8 87
39 12 231
23 1 125
2 26 105
39 40 1741
37 13 3657
70 18 17
12 15 89
29 39 974
57 32 1744
67 20 49
22 6 1980
50 31 973
14 18 146
2 14 1679
9 3 1635
61 36 52
7 46 1627
53 39 1092
44 26 31
53 42 40
5 17 120
52 32 92
20 6 944
51 38 1506
20 27 285
51 26 1621
36 27 30
16 52 2946
35 12 2933
1 54 652
19 58 1
39 13 55
2 2 21
68 44 3562
31 49 1043
7 34 2877
21 63 87
7 39 73
6 29 112
56 17 20
28 37 179
65 5 510
51 26 320
57 4 1834
4 51 51
47 67 565
44 38 53
36 44 56
22 40 1482
62 7 1033
26 18 13
42 53 574
48 37 2984
23 5 73
63 45 36
29 15 30
61 57 1455
59 11 3719
28 25 139
65 70 3904
64 39 19
35 44 26
62 23 44
55 6 97
67 33 180
68 25 1051
39 10 102
45 3 527
11 17 45
54 59 375
69 23 1832
54 56 34
16 19 1360
46 45 222
31 23 456
68 38 471
66 3 430
41 27 38
18 41 418
3 59 224
21 51 3144
32 36 82
65 39 2231
61 23 931
24 18 34
44 68 307
51 29 3037
34 50 240
42 43 487
27 35 571
14 59 670
44 48 12
32 17 177
60 8 14
53 38 796
54 18 67
60 15 77
50 44 587
41 52 114
7 52 482
31 40 188
11 31 506
53 54 56
9 60 115
28 45 892
68 49 296
68 30 89
35 17 2303
38 42 34
40 22 2034
37 10 560
13 8 61
36 52 366
40 61 508
51 58 680
10 62 920
42 3 675
5 46 803
16 6 6
27 42 493
43 13 1253
32 57 745
45 58 161
55 43 503
23 36 70
12 59 3415
57 2 174
58 28 21
29 24 402
4 25 61
3 35 18
21 13 32
36 59 241
51 18 152
58 56 1157
20 20 1302
67 17 371
8 65 514
40 8 426
31 59 56
14 20 343
19 47 3542
17 31 104
55 38 1527
6 41 156
53 45 27
24 31 210
36 55 4083
31 45 1332
67 70 119
49 12 441
58 42 237
27 48 105
55 52 344
30 33 660
51 11 25
45 68 116
33 16 2848
64 37 414
30 48 993
18 28 1365
55 15 469
30 19 530
49 60 1099
64 15 1830
70 3 45
8 11 252
24 63 87
3 45 31
16 56 874
17 17 454
43 27 111
21 29 30
49 26 60
23 68 95
47 57 1488
40 3 30
11 67 1
30 53 370
29 57 32
27 54 56
13 34 470
32 41 97
67 42 466
9 59 72
25 6 23
54 60 4
49 34 334
14 15 115
19 31 104
3 38 11
20 15 3491
36 10 1428
9 15 12
65 16 82
13 48 579
35 14 38
46 13 3196
6 70 26
47 38 932
6 2 1929
68 46 920
9 46 125
56 35 123
18 24 56
30 48 265
18 49 3905
67 65 49
61 44 441
7 15 807
30 4 118
46 64 987
6 52 48
69 16 1927
44 52 158
8 1 23
51 47 537
68 49 44
21 45 146
38 53 36
44 6 806
42 32 3
57 44 129
27 31 96
