70 2000
&||&^^|&^&|&
55 14 1407
51 8 1775
32 2 2696
19 62 1803
53 9 2248
35 6 141
45 34 1708
46 52 1557
52 27 2245
41 68 1618
60 27 1157
50 13 2337
40 33 2254
58 33 4022
34 21 1098
41 21 2624
18 62 1528
47 59 2287
32 48 3455
11 16 2209
41 48 557
31 22 3605
49 27 3268
17 49 3407
12 37 3462
31 16 1254
35 62 430
60 43 960
28 18 1732
50 51 1161
2 55 1870
14 30 3587
20 25 1623
42 15 3361
34 63 1701
25 5 956
24 56 463
27 14 3860
50 26 254
56 9 663
33 24 3894
10 16 2847
37 12 3521
37 44 2861
33 21 3564
26 58 3964
28 16 3642
61 51 793
27 49 2895
7 29 3623
28 32 2047
23 33 1844
4 38 1212
19 32 2083
68 68 2585
37 11 3967
11 20 3388
26 69 1015
41 23 1161
21 63 985
43 20 3850
28 22 2197
7 67 3229
66 53 2557
10 22 2620
59 57 2751
48 51 1452
54 40 735
38 58 1348
4 43 864
2 12 3427
23 47 128
5 60 3206
20 24 1069
49 12 2903
44 38 1922
35 67 787
10 22 368
42 41 683
21 51 713
49 26 1638
35 57 15
58 27 3384
43 43 1942
63 20 3606
45 44 1419
48 39 2000
60 59 244
34 15 237
43 54 172
25 1 3905
42 11 817
16 31 2415
11 61 2592
53 35 318
37 57 1899
63 56 3475
5 15 3106
28 20 2102
17 4 3524
52 39 780
20 64 1528
17 49 3987
14 22 3621
38 10 3154
59 55 3455
68 68 20
51 61 2641
50 66 812
31 68 2525
45 45 782
13 41 2366
62 46 3577
43 48 983
22 37 3374
53 51 3207
62 18 3433
59 32 3223
48 49 2909
48 11 2438
32 27 869
5 5 734
49 55 1071
14 10 1882
59 12 3928
46 29 3135
45 8 2083
65 47 3704
16 12 709
54 40 3729
38 36 2193
46 23 3321
12 49 266
11 2 3199
25 10 116
16 62 1623
33 29 3174
18 6 1764
41 45 1397
18 53 616
4 19 2118
43 48 3077
64 44 2043
28 68 3579
47 25 3368
59 29 1119
11 19 329
3 49 384
46 10 807
38 65 3334
48 3 1312
67 2 701
69 41 1246
3 51 3840
25 47 1840
8 8 2702
66 50 989
46 24 3753
65 19 1650
12 25 1546
49 61 2564
66 5 2048
17 65 1128
49 62 893
22 4 2400
57 19 2333
4 68 786
61 20 2957
1 26 1820
33 63 978
48 68 987
1 35 1345
8 14 2102
46 21 427
70 57 3201
13 18 749
17 2 3493
51 2 2046
31 48 3326
35 5 280
37 9 1827
20 31 1401
48 55 3550
48 51 2418
31 40 1770
3 53 3685
7 15 941
34 25 2358
40 39 1801
40 1 695
40 14 2137
40 47 164
66 8 773
4 39 3985
9 44 1000
55 62 197
45 39 3148
67 4 4044
20 43 3553
64 35 471
14 44 3670
21 35 227
63 1 3640
35 28 139
62 58 2657
15 52 1950
41 22 2228
12 21 509
49 67 442
61 48 2255
61 65 2870
33 38 1835
66 13 534
53 3 2652
53 69 543
21 30 2388
21 31 2933
25 17 380
2 7 2450
39 51 180
57 2 2612
66 52 3183
14 13 3090
32 57 1261
66 63 972
12 18 3569
46 45 1850
3 1 1480
11 3 3315
3 48 2597
62 56 1857
61 67 4001
11 64 557
54 2 1705
45 42 2360
13 45 2869
33 13 1808
9 35 777
42 57 2125
54 54 3057
5 66 3510
52 30 2605
50 25 1125
39 52 1931
5 32 2998
48 51 860
17 24 458
24 60 3012
66 43 3262
26 20 3333
34 59 670
32 62 3074
49 19 1705
21 41 2614
57 41 395
7 16 1063
55 12 1074
65 1 2244
27 47 2390
14 16 3420
69 9 888
66 24 2698
12 20 3337
42 28 3217
49 53 1878
69 7 3352
64 31 1576
29 22 1113
16 34 1593
37 70 487
16 14 4026
9 14 3179
64 69 218
29 41 1742
30 51 3407
24 46 861
18 62 74
19 42 2793
14 56 896
21 34 2153
39 64 585
6 24 4009
16 18 3923
52 29 936
24 3 1401
24 15 2283
37 11 3078
40 48 3317
34 14 2884
48 27 871
43 4 2198
46 52 1007
39 63 2242
58 28 1947
47 25 3390
45 53 1809
28 40 744
60 37 2177
51 59 2134
16 18 3067
56 40 4092
24 58 3282
26 54 63
47 32 3346
39 48 247
7 16 2998
24 59 2692
21 44 3203
14 12 1657
30 68 2283
43 68 3654
7 56 2893
17 51 3338
4 30 1491
13 40 1501
33 65 2737
13 21 2253
64 49 201
8 42 2247
66 18 3373
28 18 2177
51 45 2167
9 9 2932
66 39 518
69 36 3297
1 1 631
36 34 3190
20 22 3151
27 20 891
8 38 3036
41 34 341
15 55 1159
25 31 3255
32 64 3451
51 61 1540
30 44 2852
52 58 2280
42 61 1168
64 53 102
67 68 3348
27 59 2345
37 63 2149
14 41 1459
9 32 1766
66 25 218
45 30 924
8 56 720
1 67 921
44 46 191
25 45 493
42 16 992
64 8 236
63 32 1680
23 8 1820
69 21 2289
37 63 106
66 39 844
2 31 3694
62 6 2425
53 7 1076
30 37 2626
37 40 1837
15 4 3113
58 11 1996
70 31 2285
34 16 2476
12 7 638
50 30 2266
60 67 3806
5 55 1012
19 52 3881
33 65 2948
37 19 3702
53 9 4088
21 1 3955
23 26 2596
38 51 1359
10 40 1491
33 30 2541
33 58 2564
59 3 1313
17 7 3665
26 34 2967
15 28 2105
33 47 2398
31 62 713
5 23 1449
66 3 3076
37 30 1310
10 34 2149
48 13 1815
64 56 3264
16 43 308
49 69 2644
52 59 286
2 1 1027
7 32 1694
53 4 1550
37 25 3518
19 47 4053
21 50 761
56 32 1656
14 35 42
44 70 482
66 61 631
53 47 1505
36 69 3697
53 33 2376
27 7 3453
3 56 710
41 58 9
35 44 1597
3 68 2862
46 17 2012
52 30 2604
52 64 2978
2 28 3087
41 22 3471
54 57 118
33 4 2237
26 26 1887
19 58 3617
57 51 2355
15 11 3554
28 48 2431
59 37 4083
3 27 2207
48 46 1560
16 44 962
39 30 3014
30 63 1384
63 27 263
65 24 3861
28 2 2708
59 49 797
26 52 3468
45 4 3466
58 32 1410
9 14 3606
57 61 2794
43 48 2622
24 21 2215
35 3 3499
2 25 2581
8 43 2223
4 20 3272
6 67 311
21 3 1032
33 14 227
17 45 2218
26 56 3695
44 14 275
70 27 1549
11 68 3948
4 7 184
57 2 3323
69 35 19
16 11 4019
34 38 1483
68 4 3982
11 4 2316
30 54 3344
48 43 3457
24 19 1485
10 28 3744
19 67 3867
20 7 2361
38 45 2794
18 13 1169
33 23 2245
32 65 4013
4 65 1273
51 6 366
60 37 3224
53 18 2679
4 25 2695
68 58 1922
53 32 353
9 45 1357
17 54 3317
41 41 2132
55 16 2296
35 2 1285
44 3 2499
43 12 1356
5 60 3316
9 6 1935
13 5 2171
68 63 2436
48 48 739
30 47 1482
13 33 797
48 16 3576
6 24 2198
37 63 3384
35 49 2186
3 43 1183
51 17 1090
48 4 2120
30 63 3162
41 12 2983
15 56 4008
3 47 2770
1 42 3393
4 43 1805
40 57 430
33 39 3285
50 56 406
8 21 95
52 70 1763
38 62 3851
57 50 3421
66 26 989
57 4 25
3 62 2170
15 61 2667
17 52 692
42 19 2330
37 32 318
69 5 953
1 25 416
40 37 2556
62 66 3562
19 34 2569
65 53 852
13 15 821
53 11 2960
18 47 1181
9 48 3067
22 31 161
1 52 2274
54 19 1585
20 54 1968
12 3 4068
55 19 1824
46 55 101
30 35 174
64 47 4075
52 10 3020
54 40 1834
27 60 2494
20 40 1906
21 36 2878
2 5 3832
30 24 3941
13 47 2009
49 46 942
14 64 3865
50 40 1203
58 19 2001
19 8 3583
63 28 1837
11 43 1235
63 1 2187
6 20 2614
17 24 2590
57 30 665
32 53 4029
10 1 532
15 47 3423
63 38 1942
51 6 1173
70 21 1865
9 58 2441
40 20 1417
34 55 3434
18 34 3056
1 23 1527
62 34 1602
52 66 2081
17 49 577
36 14 772
54 59 1368
49 9 3010
12 47 2239
11 18 3604
45 6 2180
12 65 1726
47 32 2522
56 47 3523
21 7 513
42 6 2838
41 29 2567
3 20 613
67 22 3264
23 59 123
3 22 854
64 11 55
21 12 1227
55 10 2269
38 50 3030
1 61 2339
12 60 1681
15 39 3302
68 43 2228
37 23 666
56 56 1382
59 61 2537
15 11 1433
52 38 1990
40 19 4073
32 58 44
39 61 2261
31 47 2655
69 53 660
7 50 141
61 25 3129
1 14 277
9 19 813
33 38 3002
47 67 2700
40 38 1453
13 30 1469
19 27 1720
18 19 209
25 26 3798
16 68 143
32 50 1726
51 16 629
70 64 3875
6 22 3505
25 30 39
19 45 2349
62 19 594
32 53 811
38 56 1330
64 25 2445
55 12 2169
14 4 150
51 31 470
2 59 3268
49 4 1238
11 30 92
12 65 1384
12 67 2098
10 60 1774
22 15 614
31 4 1018
26 21 3623
9 61 507
7 30 2799
17 44 2730
57 22 2691
22 39 425
45 23 3323
1 35 826
22 36 553
60 59 1881
70 28 1718
5 33 949
50 8 355
56 60 907
31 63 1730
24 22 3742
33 61 3164
11 22 1764
8 28 1118
39 27 245
21 57 4073
54 51 3442
19 8 2259
17 4 382
65 22 325
69 17 792
50 60 789
45 30 829
17 35 4072
53 12 17
69 21 784
31 15 3507
13 49 2
34 68 3223
35 45 2104
6 13 774
60 35 2500
3 4 247
40 50 3808
4 10 1241
27 62 303
45 29 4068
32 33 3702
68 69 878
13 29 1711
55 58 742
33 6 1680
37 4 1299
61 63 3873
47 38 3558
38 47 3198
21 33 1624
15 21 2595
58 56 2526
21 19 3405
58 69 314
41 20 1563
29 52 610
24 8 530
23 2 1578
47 7 3916
67 45 139
54 36 3780
32 18 1532
4 60 2878
31 21 49
34 18 3105
31 14 3692
45 19 198
9 8 3824
46 52 2060
18 9 3794
65 3 1452
62 32 1028
25 5 2327
63 60 2080
61 66 2788
16 59 237
66 8 2747
67 11 679
67 2 425
13 59 2968
31 68 1315
62 57 2538
43 57 275
10 58 528
49 12 3043
49 9 1224
53 34 668
30 31 2012
63 9 1870
48 35 3410
22 44 3344
33 40 2975
6 24 1201
42 58 3230
3 59 3665
57 56 306
26 13 3558
7 58 2843
43 3 1608
63 28 3139
67 50 4069
15 5 2536
34 15 3497
51 32 1296
56 38 2247
8 15 456
42 2 1298
49 3 3587
45 13 1032
70 54 1171
23 54 2775
29 67 1241
48 50 918
6 51 932
39 64 3118
24 31 3245
67 42 1885
43 49 157
26 18 3984
30 32 3331
26 57 715
11 17 900
6 18 1773
23 66 2987
19 56 1457
24 8 4066
36 68 3157
24 69 3324
37 60 3908
4 56 2931
40 64 3467
27 37 3591
5 7 3907
16 25 2828
1 46 3262
30 64 2714
9 65 1035
8 68 84
62 53 1034
24 32 1928
28 51 2097
7 27 216
65 40 1638
26 49 1872
61 27 3045
21 69 2086
49 55 1965
59 25 2695
48 70 1244
23 21 3044
18 48 3035
70 1 1816
17 39 804
3 34 567
16 57 3118
41 47 1787
28 61 2948
27 10 2069
65 54 3335
16 54 2661
26 37 3011
29 47 566
9 50 2212
33 26 2198
42 14 835
20 20 2010
40 41 1753
67 36 417
12 14 3898
2 25 702
40 22 2613
29 59 3104
31 2 3455
24 38 3617
10 43 275
2 36 1324
46 46 3569
16 57 2670
36 65 604
4 19 2441
24 22 2011
19 3 2564
34 3 3383
11 20 3654
49 56 72
21 65 3431
16 19 1875
38 46 1836
4 52 93
36 35 3694
15 52 2147
2 68 1695
12 22 3581
29 22 3522
5 39 1595
35 29 2641
9 7 221
54 5 1206
16 31 714
55 52 3791
20 70 1466
21 69 1994
24 45 1750
23 25 491
64 3 3700
19 8 3021
36 19 763
47 38 2177
55 29 1057
7 17 2098
1 57 386
53 31 2667
30 23 946
23 41 3730
36 35 1939
68 3 3370
16 6 1462
62 67 3296
36 23 2631
34 57 1590
21 56 876
49 18 172
30 12 529
12 34 914
26 14 2563
27 5 2783
33 13 203
16 30 1993
8 4 738
35 22 3666
30 5 3374
2 63 873
37 6 2987
53 2 587
21 23 1670
12 34 2851
69 27 2341
45 58 2555
58 34 253
12 3 1425
11 61 1526
1 12 3490
66 1 2269
7 66 1313
68 39 2808
36 19 3749
12 38 743
64 28 1957
25 48 1757
53 6 2892
28 1 1910
66 4 2609
21 39 1515
39 69 1799
61 14 3160
60 3 4034
30 38 2473
10 7 2388
58 67 571
35 22 132
52 26 2783
13 68 549
33 6 357
33 59 3360
5 24 759
28 15 3291
24 17 297
58 22 2536
1 3 2557
8 55 3493
5 38 3995
7 2 993
48 35 1706
17 35 2621
26 16 2949
21 20 3707
64 15 864
66 19 3477
32 20 649
41 55 13
10 29 2899
1 4 368
8 23 764
33 61 300
56 11 3885
25 18 2628
57 8 1182
11 2 23
53 30 1835
33 54 1192
49 6 652
26 21 1440
7 38 3516
66 46 1885
24 56 136
43 51 3025
49 70 1329
62 48 3171
66 17 1799
27 12 456
14 1 1971
30 63 1271
58 27 2755
63 50 2509
17 32 927
38 21 1976
45 32 563
56 13 552
44 70 2242
13 23 2680
56 44 3473
35 26 2825
70 35 463
30 55 1796
70 18 350
11 3 2418
48 49 139
56 15 865
12 35 4071
48 52 3286
2 48 1981
62 38 378
17 42 4067
48 31 657
70 33 3789
46 22 3480
47 6 1779
7 45 3663
13 3 1750
54 35 4059
36 63 108
41 40 188
47 6 2847
55 52 2945
35 35 3257
27 35 1854
26 9 1215
30 22 2887
55 4 1331
19 44 428
17 59 568
58 48 3997
18 18 1786
23 63 2400
30 51 1856
28 33 1715
42 43 1627
52 1 2755
16 66 590
40 44 2579
58 42 2731
22 40 958
34 33 2025
58 16 3231
4 21 3885
27 20 763
13 5 2979
28 46 888
53 19 894
64 23 2095
2 12 1499
67 51 2405
70 14 833
46 66 1414
55 42 159
38 11 576
18 26 4078
20 47 3101
66 27 796
63 43 1737
55 7 1821
69 49 1409
70 56 3489
67 45 3502
31 38 2273
70 34 2160
38 34 1047
32 39 2593
20 51 252
45 15 3057
1 60 3026
64 46 428
14 33 921
17 57 1167
55 17 2186
69 28 1190
58 60 3461
24 68 2040
55 40 3014
60 11 360
18 31 2969
38 35 1266
44 61 2017
10 40 2635
21 26 3806
9 65 495
36 18 884
8 68 2079
37 24 947
22 40 1778
6 45 3509
1 11 124
29 51 1444
56 53 2068
42 40 964
58 7 490
10 8 3335
17 16 3991
42 40 2831
4 47 2228
60 44 1684
23 62 2722
17 8 37
54 47 472
68 24 3424
35 53 3797
14 4 3943
41 39 1545
21 41 3704
56 42 970
68 52 1169
12 1 3712
21 12 2333
11 24 1292
21 9 1065
54 24 444
34 8 1063
54 17 4065
26 18 1951
10 67 3301
34 62 1823
54 52 1645
53 7 2164
43 22 1565
70 69 1367
4 38 167
46 24 3722
51 18 2366
62 4 1093
64 62 1617
66 52 3206
17 14 913
15 49 171
66 14 1099
12 9 1389
19 32 182
55 35 3477
55 62 2478
8 32 3492
6 53 1983
20 40 1810
10 45 484
7 27 546
38 40 1517
4 49 777
3 20 2792
66 8 1772
68 61 421
69 69 2420
7 54 3823
20 54 928
61 60 917
29 5 1915
47 36 566
23 64 640
41 45 1804
45 35 3245
68 12 1614
55 7 2823
57 44 1536
46 51 2915
14 16 2049
8 13 3853
49 6 3722
17 56 1774
65 33 3905
66 14 312
13 42 2690
50 7 1914
63 57 612
29 2 3464
19 31 3315
11 4 4002
24 27 931
25 10 1367
61 12 597
51 47 424
48 37 2235
50 9 2713
31 48 2639
30 9 3201
8 22 1505
21 12 2316
54 34 2593
35 46 511
55 49 3439
44 45 1085
21 40 503
26 6 418
16 10 488
58 10 3585
48 8 3941
60 57 3926
46 23 3922
59 16 2224
14 32 3433
24 13 2409
19 36 1639
43 36 1302
66 31 3911
2 37 1349
8 2 1256
37 27 3764
33 27 2136
49 15 3593
30 43 1388
11 17 1471
15 46 2939
1 41 4029
23 50 2741
1 37 1420
69 66 1909
63 56 115
21 61 2432
48 15 3903
62 24 1093
29 20 2008
40 34 1502
39 18 48
38 46 3551
2 35 344
59 50 884
48 25 1815
5 22 223
31 19 3864
20 42 18
56 61 1076
20 18 979
3 33 1049
42 10 1233
49 57 1754
70 2 512
54 24 1612
30 56 1983
2 33 261
13 3 744
27 64 3209
45 11 1343
34 45 197
27 60 1484
9 39 3064
24 33 1797
1 40 1441
68 66 694
66 67 1847
65 7 3923
55 37 633
12 23 286
25 16 1193
13 34 2266
66 21 2786
59 28 450
16 6 289
24 22 140
70 42 3195
48 13 1470
47 30 2816
23 62 2814
25 49 881
4 68 3158
36 31 1783
53 55 3372
42 68 2063
9 28 390
3 43 1437
67 50 3435
20 4 3214
60 66 2383
23 36 1844
1 25 3266
35 3 2447
22 14 3553
36 68 3959
62 39 1863
56 2 1676
53 22 205
70 26 538
24 2 2576
49 14 2192
65 36 1260
6 16 1277
41 14 3049
14 43 711
53 9 1818
51 2 913
57 40 1756
3 12 2680
12 49 1977
48 30 558
5 9 1
54 4 3369
11 40 2631
30 41 2457
10 50 3804
49 49 3152
3 48 564
10 20 2896
57 2 2456
57 19 1624
38 34 562
8 44 137
69 11 359
27 42 1950
37 51 447
17 61 3746
36 17 1543
12 16 3873
50 66 3053
5 1 1582
30 45 3053
11 63 356
29 23 3942
40 43 490
9 16 3670
41 45 2555
26 19 1666
15 67 1449
42 21 679
67 20 2308
65 43 3644
62 27 1721
70 61 1678
33 55 2807
64 29 1936
19 44 166
43 62 1653
28 37 2171
19 62 1982
31 35 2286
32 5 3810
68 54 1042
54 39 342
38 13 2261
3 14 441
45 49 161
7 22 927
41 13 500
24 23 3086
27 11 2593
51 65 3343
57 20 2132
2 33 3668
45 15 691
14 68 2946
8 32 3221
60 35 864
28 15 797
4 38 2388
39 67 791
51 52 1894
47 47 506
20 32 2417
68 61 1762
3 43 2468
37 19 2292
25 7 2352
59 15 4071
44 36 1709
4 4 2277
35 34 773
66 13 1697
62 7 2869
50 10 2446
58 68 122
51 42 2280
70 3 2438
2 20 2960
70 52 378
60 19 861
43 65 1887
41 45 1991
69 17 3353
40 47 3790
32 51 463
67 31 2739
1 53 3117
43 67 2277
5 7 406
15 63 1861
8 45 207
7 20 3367
56 66 1673
59 56 2902
9 23 3187
10 35 1877
55 64 768
34 5 4004
33 36 2104
3 66 1964
38 26 1481
15 15 262
60 16 2347
52 21 3002
61 35 2840
57 15 951
33 31 3418
13 32 3457
39 56 1550
16 8 2662
13 25 1034
46 33 474
67 47 1037
2 28 3109
27 46 3885
42 36 3003
70 24 4012
62 1 2381
18 66 2263
34 34 342
24 24 828
35 44 2568
7 53 2356
10 22 3427
23 47 2677
52 25 646
12 66 2907
51 68 858
60 43 3552
8 29 1783
60 59 2157
38 26 2216
9 37 1837
6 55 600
4 34 2094
50 58 1273
3 38 716
14 69 755
8 32 1007
19 70 3781
61 30 3764
66 64 2281
30 21 16
28 54 2072
53 62 3328
52 67 2353
28 55 3684
17 16 3915
44 33 3993
9 4 2867
41 23 2006
27 48 2520
21 29 2195
63 12 752
18 17 3182
50 21 3492
70 54 19
28 28 1408
56 50 3293
17 70 84
67 18 737
67 31 706
33 62 3879
24 14 631
17 60 4008
52 31 2684
50 30 1434
7 68 1631
16 58 1175
34 20 1486
44 30 29
19 16 1311
3 34 3128
49 25 1002
37 1 1251
3 33 387
19 24 3904
68 9 1639
33 63 3968
37 62 2620
7 16 2970
26 26 1604
13 51 2853
23 48 2228
35 47 882
69 35 3612
20 8 2541
13 39 326
32 5 3057
10 33 1826
31 33 2931
59 48 1200
37 1 1803
6 58 3777
27 33 1123
5 35 3070
28 61 3718
63 14 54
41 44 2286
41 40 2413
12 51 738
56 38 2942
59 53 3073
58 22 2767
49 1 2567
41 9 1097
39 13 2673
18 38 4066
3 42 1194
34 36 675
14 34 700
8 15 277
68 20 3976
68 55 2883
19 17 3913
66 11 961
52 16 2858
36 32 2337
62 16 3049
13 51 92
69 1 2902
61 18 997
37 4 3427
9 54 942
35 61 997
70 17 2844
60 63 461
1 11 2601
32 9 179
14 70 323
11 70 1124
49 61 146
37 35 3975
21 37 1946
44 64 3807
39 63 128
61 62 1105
69 58 3302
35 58 710
46 42 2244
21 14 445
66 30 1109
28 35 121
45 69 1238
13 52 997
47 70 3811
6 48 210
47 23 3389
39 37 2809
2 53 3906
41 57 4025
54 31 4048
56 24 3372
54 10 1924
66 28 2460
54 27 1616
40 63 2293
33 7 3259
45 51 2108
62 13 3551
34 11 3650
63 5 2295
17 1 2622
38 3 548
46 40 1979
5 26 4075
30 25 1757
22 60 1186
49 46 1188
37 4 1545
16 39 1276
38 10 2652
55 63 2652
49 9 911
3 35 2589
37 9 1422
22 21 853
24 17 182
17 8 3378
9 46 3729
7 2 1411
51 69 3099
66 25 135
51 69 3243
27 38 3475
9 31 4070
5 6 622
12 66 2355
25 11 262
18 47 2220
28 24 593
18 63 2780
63 61 2722
18 55 2534
63 64 2968
18 36 2607
19 1 3782
4 23 3814
27 69 3483
62 49 415
54 33 2184
47 19 344
21 54 3347
43 59 851
27 60 3887
21 46 1757
70 60 373
47 42 3209
40 26 3916
59 26 2740
53 45 405
63 22 2077
63 70 1132
21 18 893
31 29 1726
4 35 2469
50 47 1694
17 12 40
4 58 3255
61 31 1370
53 57 2901
58 19 386
21 33 14
18 36 3623
61 31 247
23 58 2605
29 40 2519
18 68 352
18 15 4088
49 55 3635
31 47 810
5 46 1489
43 64 3336
60 14 564
65 50 3885
11 52 2579
3 61 1907
11 45 805
58 48 1313
47 69 636
27 26 2
40 8 123
40 25 1147
12 10 2770
52 11 3594
51 19 1321
11 60 1833
12 64 3425
56 13 2182
67 46 2577
17 65 3744
37 69 3211
26 17 2605
44 41 12
62 25 3859
36 28 3160
39 24 1636
13 10 1684
59 34 3777
46 29 198
15 50 2919
68 21 2802
64 51 3722
21 37 360
50 20 790
68 66 3507
62 58 365
29 43 2313
10 37 1492
53 20 433
11 23 1676
65 14 2188
36 7 2914
51 4 479
58 45 423
36 12 2941
61 32 71
43 37 9
66 31 1589
19 60 2668
16 45 1239
14 69 1268
23 34 411
37 42 1594
45 39 1152
42 4 3119
38 44 2898
59 63 34
45 66 2126
15 55 3467
38 58 2149
53 9 3780
68 50 959
45 13 2999
1 55 4094
32 60 1917
20 69 2643
60 4 1201
68 63 2526
42 42 63
10 54 242
5 9 4039
36 33 2278
47 62 2925
14 32 3388
24 5 1607
19 41 2678
40 39 2000
49 24 3625
1 14 3809
64 39 1096
10 14 2314
42 14 189
37 47 678
40 29 114
41 36 2998
30 19 751
55 55 706
58 3 1969
11 59 2397
34 47 1435
27 9 3577
63 58 2497
52 4 1504
51 1 1365
43 46 2703
46 9 1317
25 17 2509
68 33 2133
35 27 3759
53 50 2449
9 59 2257
13 55 1015
51 52 1547
61 7 378
26 34 488
42 3 1000
59 59 640
44 17 2151
18 37 318
46 13 2339
49 36 638
38 43 3124
61 64 959
31 66 1519
62 67 2150
28 35 1654
9 23 659
50 62 1720
40 15 1835
44 39 1147
33 25 993
31 60 80
58 38 1922
5 33 449
21 45 163
51 29 2479
52 22 2404
51 5 827
47 57 2660
68 38 2317
4 67 681
45 5 3998
35 19 1837
23 63 2561
52 41 5
37 23 3036
46 56 261
35 65 2856
37 13 1844
37 3 2232
69 23 1049
6 19 2208
53 15 1826
36 64 275
41 60 2836
70 30 4085
20 7 550
25 24 2644
61 44 21
28 59 3670
39 25 831
38 67 3110
34 56 215
32 65 313
21 59 3477
61 39 3940
48 10 3745
24 9 3450
6 37 364
17 49 2986
62 5 2195
60 19 2176
28 67 1067
45 59 2577
45 17 2918
42 20 2046
69 54 2801
42 40 2061
16 63 4040
69 46 3260
12 48 3836
33 14 1138
24 26 2077
5 6 2117
42 20 1606
52 10 109
57 46 1708
3 64 239
48 52 2916
40 41 1061
67 29 901
64 17 1147
36 32 2029
40 53 2477
23 10 4078
27 8 442
24 19 472
33 44 33
13 54 544
69 49 1491
50 29 2049
53 52 3801
68 42 3078
5 52 4015
47 11 3514
63 48 1614
12 26 14
34 62 1651
27 30 1800
13 48 1438
26 68 764
65 48 2796
37 20 1463
12 27 3880
12 32 1730
52 60 1717
59 35 1385
69 49 3836
58 38 3842
15 61 612
47 43 3868
56 13 1878
5 31 2480
43 66 1280
6 25 52
37 30 2901
18 51 3566
33 62 584
13 25 3066
64 66 3769
52 39 3294
66 13 2169
32 34 105
26 45 3732
62 62 2436
53 35 1312
64 51 4039
62 14 830
40 27 2577
65 47 3029
66 14 730
50 1 539
44 37 2455
4 8 2298
57 6 3065
15 58 2903
30 13 466
54 35 528
64 13 3272
10 23 987
45 24 1145
16 15 3888
63 64 365
65 47 1013
32 4 2704
3 51 1016
37 21 2418
35 36 3534
53 28 524
28 19 1554
65 54 2739
25 35 1120
6 67 247
4 11 1068
30 44 3883
56 46 1102
53 11 1376
29 65 3677
58 62 1045
7 10 840
55 57 2892
36 38 2325
36 6 684
13 44 523
66 18 9
49 67 3210
24 63 2220
55 49 1941
34 52 687
63 47 3569
38 42 2193
60 34 1863
6 27 3940
11 68 2898
7 62 1387
12 15 590
12 11 3683
59 25 2382
11 14 1976
5 37 1158
60 9 1468
43 29 1308
14 26 1861
33 16 1771
5 12 1705
45 49 2327
67 64 2061
59 52 3764
68 53 3266
55 5 4068
22 3 2490
16 65 4012
29 39 2808
52 7 293
45 38 2243
60 9 861
9 10 1416
19 14 212
69 25 3366
32 42 546
30 48 1047
66 21 1121
40 3 2373
63 48 2737
50 60 929
17 44 2657
45 70 3837
70 67 2741
58 10 2300
54 3 450
41 45 2619
20 16 3434
27 7 2536
62 21 2630
63 30 2726
1 42 2639
11 38 1369
58 67 1669
41 30 3240
63 29 2568
61 65 1274
5 33 2584
67 42 3645
42 24 1364
10 18 234
55 8 539
3 35 498
12 37 4023
31 18 3878
29 64 2141
66 19 904
47 45 3227
28 66 1566
21 50 774
20 23 31
65 8 2091
65 3 1444
44 24 2397
48 7 2873
16 60 1654
18 7 2915
45 9 274
12 37 1903
53 28 462
36 18 1558
19 1 169
30 16 1337
44 46 896
52 22 3894
61 46 3623
20 49 1647
43 67 1680
61 22 1706
9 26 3978
70 64 2588
50 3 3843
17 22 2543
61 21 510
31 43 3698
29 56 3221
26 46 3731
2 31 730
52 17 1912
31 55 608
64 35 2592
61 70 1467
67 62 2891
6 26 3745
10 31 2923
57 58 2335
48 31 2896
56 17 1013
28 56 205
66 51 2782
52 57 506
43 28 3801
2 5 2518
56 2 649
9 60 62
60 49 128
50 13 1877
44 21 3577
61 17 2278
9 18 671
11 14 2710
1 11 4010
54 3 1219
15 50 701
25 52 4004
42 18 530
29 63 1887
56 1 2731
17 48 64
31 10 3620
14 8 3190
65 21 2893
27 44 1426
11 14 1069
14 34 3740
33 66 1921
65 12 742
11 37 376
18 34 1481
47 68 3589
21 6 1272
49 48 3703
47 49 3747
32 66 2902
59 30 25
29 20 1961
34 32 1879
52 65 3784
7 46 1441
66 41 2888
4 31 1061
56 11 2878
15 70 566
63 70 4051
9 2 3874
8 16 150
50 34 6
32 41 4058
40 65 807
41 15 2639
29 68 2708
24 56 135
55 6 3657
12 32 3307
47 6 3736
61 70 32
