70 2000
&&&&&^|&|&^&
62 51 597
13 27 16
63 54 1
21 53 15
38 70 2429
32 69 1398
10 37 28
53 65 65
8 65 3556
3 10 3351
17 6 1
46 10 0
10 36 355
63 2 115
24 12 14
12 45 251
61 53 3
11 48 6
63 19 410
50 39 1
3 8 0
69 19 203
36 68 0
49 4 135
24 33 19
48 46 180
65 20 1042
38 21 1672
1 70 161
13 56 2
56 37 108
23 55 16
22 44 0
51 44 1263
61 5 51
45 43 2
1 61 1187
50 19 1460
27 61 312
3 53 0
24 28 166
47 37 3142
43 49 182
17 9 646
40 14 50
67 53 8
49 9 1
29 7 1
26 69 6
23 26 20
46 47 10
67 63 2
22 67 2040
66 10 895
27 52 0
65 48 11
29 7 4
20 53 4
57 15 0
12 13 2
32 54 0
69 3 3403
10 58 49
62 56 315
7 43 419
54 34 0
8 21 0
15 57 161
4 50 30
28 27 576
69 59 21
35 64 87
7 36 22
29 15 2265
14 69 479
49 49 222
58 48 3
42 61 39
5 19 0
1 50 5
53 68 13
33 52 1835
52 10 1
30 61 59
7 42 3
7 14 245
34 67 3948
29 16 62
29 26 12
32 11 526
3 18 91
37 29 2
17 43 7
18 11 1
8 26 56
25 55 4
13 9 1
2 46 8
1 67 56
67 35 1
12 3 3
34 5 3265
15 63 1
3 30 1876
69 47 26
68 54 0
49 66 143
37 68 7
2 10 0
43 26 562
31 64 5
3 62 3051
47 48 1
5 39 1941
25 48 20
67 10 15
61 11 126
44 8 1
35 16 1173
57 32 146
3 1 39
62 62 2411
62 1 21
37 50 8
59 2 24
60 61 501
14 38 13
56 61 820
60 6 112
47 11 0
37 27 4
24 55 213
53 6 15
1 63 51
23 1 498
21 61 3
6 2 3
5 6 1
31 52 0
45 49 4
55 25 41
30 4 77
59 26 0
11 33 0
17 6 3
9 27 585
65 60 28
66 62 100
34 22 37
33 10 7
4 16 4
69 7 2946
19 31 961
52 20 7
67 17 53
14 69 425
43 14 27
2 44 443
26 28 5
58 49 30
3 50 2932
50 17 1
46 20 889
5 24 31
45 17 0
16 63 87
2 11 3
24 19 677
34 53 3
58 62 6
1 2 35
38 55 2
15 46 25
27 63 13
55 16 363
62 17 23
49 47 708
55 47 194
65 40 1662
40 19 0
53 20 1
36 40 292
56 42 989
33 35 413
63 39 3
49 40 31
58 69 109
7 61 1
57 12 306
8 10 471
33 13 31
62 46 5
32 46 5
62 14 430
61 26 8
27 66 129
45 22 151
16 67 2862
68 67 435
54 58 0
29 17 1
46 6 27
51 34 463
13 31 984
64 59 22
13 35 224
65 67 474
19 9 3
14 60 220
59 56 2
29 3 1
43 18 573
65 53 0
14 20 61
22 30 1937
31 27 3
54 13 1
24 46 148
27 56 475
23 61 3
33 17 3014
3 9 22
65 28 12
16 29 6
11 9 81
9 11 2
19 63 510
14 39 59
34 44 255
3 62 659
28 54 1590
33 39 13
18 43 3
43 47 26
62 33 631
36 70 7
24 65 49
7 15 6
6 33 17
58 65 1
40 14 4
13 60 27
28 32 936
26 59 5
62 29 1
56 5 25
1 65 127
57 39 0
46 13 3
1 48 91
45 11 55
9 2 1
54 46 237
59 40 3
58 19 156
57 16 5
10 5 5
23 44 56
8 18 5
5 69 11
60 47 0
57 9 444
43 45 105
44 18 64
36 43 1082
25 13 1640
20 60 281
2 68 774
8 13 7
35 59 247
59 46 9
4 13 0
47 39 278
40 57 4
40 67 1488
1 22 91
63 67 888
18 49 12
26 9 18
8 7 21
36 54 5
68 68 1
1 21 26
67 31 45
62 53 0
20 43 190
43 31 2
66 5 12
1 64 26
17 61 312
40 53 3
62 18 88
34 57 5
1 68 21
59 44 816
13 46 1
64 6 353
66 19 0
37 9 3
12 57 1777
64 68 96
2 37 3645
64 33 2
54 60 1
58 69 1429
8 63 4
4 13 0
41 39 14
56 5 1791
13 34 233
56 14 47
34 9 15
19 37 62
31 24 9
69 11 962
66 61 55
8 30 1
2 65 51
19 56 178
15 33 671
42 9 60
24 11 98
20 52 0
52 21 5
53 48 897
2 3 318
44 52 1
37 27 25
37 32 8
63 61 9
5 52 2
25 61 163
14 47 5
58 4 2
34 9 199
47 47 994
47 35 30
12 62 16
60 47 5
24 25 3
4 17 90
22 38 91
21 46 43
38 61 1
49 30 135
16 52 212
65 67 552
13 25 4
33 31 0
46 41 4
1 56 0
40 15 1297
23 11 110
5 33 425
58 54 1
56 42 1755
52 7 3955
52 55 23
41 35 53
22 38 441
11 60 0
17 60 4
19 51 72
16 24 1482
23 55 19
3 61 10
40 23 227
45 25 3
57 45 462
3 1 1
12 62 3
43 64 105
58 56 76
21 35 520
66 51 3
63 46 466
44 11 494
12 30 467
70 58 452
51 9 3
16 14 2
59 3 0
15 39 0
22 61 3
7 37 1
68 17 45
4 3 9
20 24 6
68 15 4034
29 8 698
22 40 62
67 66 131
2 2 18
29 31 205
55 36 245
2 18 1827
68 40 1
65 38 13
61 53 359
8 13 20
17 64 1
49 12 3
28 65 1
48 34 34
59 51 1
2 52 855
20 37 15
31 19 22
3 25 1
47 44 36
8 42 2
12 40 19
17 14 2301
25 21 206
37 9 2659
61 21 1928
1 40 2630
4 45 3
56 39 7
64 14 1
48 34 243
1 26 3
61 9 14
66 69 39
21 57 0
45 42 2
27 29 1
2 9 0
5 29 14
4 58 6
24 17 58
68 12 1
1 66 40
52 23 334
58 28 0
9 36 59
51 31 3
17 70 890
32 56 6
48 13 4
16 26 3626
31 59 42
62 16 331
63 21 108
56 66 146
48 23 13
64 53 2
11 11 263
49 65 379
3 63 129
67 70 310
32 26 7
15 68 15
60 27 65
62 31 842
6 64 3
58 56 5
47 6 126
10 45 88
43 18 9
39 2 1
41 1 1
7 16 7
60 54 6
25 54 2
62 39 15
36 26 501
50 70 0
70 65 1
25 58 15
62 9 935
67 52 7
70 59 5
36 56 13
6 17 652
34 33 75
53 43 38
14 12 1361
10 54 96
3 21 23
20 10 96
70 40 997
61 54 62
2 56 3344
51 45 6
24 64 328
22 62 431
53 27 77
8 56 3
68 37 0
10 33 55
37 67 8
37 49 99
12 2 28
10 22 176
64 18 120
16 62 1
68 34 2730
56 47 1
6 25 13
23 63 267
55 6 1772
36 4 150
34 5 106
39 56 435
47 70 80
39 51 13
10 9 29
62 28 398
64 20 104
9 47 13
40 40 22
62 61 672
15 40 1
39 36 0
65 56 115
47 26 74
65 68 957
60 36 496
35 37 1
17 56 66
46 3 249
46 67 31
8 32 26
57 64 975
64 48 54
40 5 1
9 29 4
49 6 5
4 26 6
34 2 2
50 3 364
52 36 3
23 49 6
32 45 376
19 19 243
18 58 14
22 69 2
44 11 57
58 1 120
17 25 0
66 41 4
3 15 10
63 3 241
23 33 1
68 69 44
31 50 54
58 59 229
35 22 3
2 42 7
51 44 553
49 12 845
21 53 3
56 43 0
62 34 253
60 16 694
61 50 493
61 65 15
45 15 196
15 28 3862
16 37 38
14 62 6
27 46 5
58 62 1057
44 65 3
69 57 23
69 53 1
33 1 8
61 21 14
46 23 2
12 66 28
58 28 0
9 51 23
66 66 62
24 62 324
28 52 85
8 6 5
16 61 157
5 59 1
53 63 27
9 10 195
36 44 9
22 13 60
70 19 99
41 40 16
68 52 7
51 43 26
26 24 27
36 39 7
65 35 2
12 35 2
10 53 1378
51 56 1
5 39 43
70 25 2
30 45 190
54 54 3623
1 16 161
69 35 312
28 33 1704
2 39 5
20 7 3
52 47 177
41 35 3
28 63 253
30 34 946
42 41 3
14 48 105
1 50 417
4 57 805
9 51 6
53 65 16
6 11 281
33 66 116
51 44 359
35 8 721
50 41 24
38 14 95
41 43 67
5 25 1
2 29 2001
30 66 4
37 63 32
43 19 632
25 68 84
10 3 0
58 63 903
59 68 1875
13 55 290
44 64 13
19 22 98
25 49 4
34 34 6
7 5 18
58 27 29
43 15 2
70 45 61
45 60 19
2 64 12
46 17 5
31 60 155
9 3 7
26 12 183
19 58 197
22 37 60
33 64 7
28 41 31
15 22 392
24 47 1354
21 56 5
1 2 62
32 41 17
18 21 5
17 14 0
18 50 224
21 5 4
61 23 101
30 39 14
20 37 1348
37 2 0
54 22 481
10 21 288
20 62 1000
70 4 314
66 48 5
68 41 2
69 38 2
14 47 2
35 17 1
51 27 1118
42 70 2
41 49 209
67 40 0
13 52 328
59 53 5
4 53 487
38 49 0
26 1 14
58 28 81
16 30 9
47 54 90
56 35 13
59 25 16
29 55 1
35 16 1253
26 63 0
42 34 7
32 60 24
60 3 0
56 19 886
52 19 1
8 26 50
20 9 2
14 38 181
32 41 51
11 70 22
57 7 168
43 6 106
4 10 50
69 39 1115
58 10 13
55 70 2016
60 33 633
55 1 0
16 9 3
42 12 1904
36 24 4
66 7 115
38 4 1002
17 14 37
14 34 0
17 43 4
13 24 1449
19 7 13
45 10 19
37 22 1
60 34 1
3 64 1
29 43 380
63 65 165
42 15 27
20 43 2613
64 48 147
46 7 83
44 10 3387
29 29 1
27 49 0
35 11 1
15 11 897
42 58 76
28 38 162
65 59 50
35 5 40
64 59 8
50 25 18
32 10 81
42 36 54
52 55 0
27 4 64
24 41 1311
36 7 40
61 43 42
66 29 1
4 65 25
10 45 6
57 48 3
61 17 157
65 50 3085
15 33 1486
24 28 10
25 18 1
33 34 2
12 2 6
7 52 406
58 51 757
3 45 85
37 7 226
55 27 139
64 12 2
13 42 955
6 53 19
26 64 128
24 13 301
40 7 461
5 12 13
58 68 158
61 17 440
17 59 35
44 47 162
69 32 15
28 11 3658
26 26 40
70 43 0
45 17 27
5 62 31
3 42 244
10 32 53
13 33 152
62 69 18
32 45 594
12 4 76
34 39 8
30 26 1
21 1 288
31 60 2967
46 56 308
63 60 14
29 69 0
55 9 1456
13 18 362
42 48 3
10 42 3905
49 44 0
43 70 4
23 16 1413
47 4 153
41 36 2
23 49 38
25 49 0
16 34 22
39 10 729
8 10 6
47 58 4010
63 42 13
26 31 2243
65 42 9
70 69 0
67 5 1
39 40 15
33 49 0
24 23 2
4 8 710
53 2 253
55 67 629
28 5 0
47 39 16
15 12 2
17 29 18
45 11 6
63 29 353
20 64 31
56 57 1184
43 5 0
24 37 3
55 64 16
30 40 6
9 26 1
66 48 27
58 68 1891
55 49 3
52 42 1
67 17 84
48 53 3
41 6 6
22 69 157
24 2 117
48 38 653
64 1 448
70 26 260
54 53 452
29 69 47
36 22 969
46 16 184
12 69 0
8 18 15
57 42 265
36 68 6
9 65 7
56 70 114
62 10 3
41 61 3
58 22 2
31 27 17
16 19 42
37 64 368
47 23 62
42 44 1
60 67 2
12 54 0
47 55 12
18 47 3
53 36 703
12 21 2007
57 45 285
47 25 4
13 33 193
15 8 424
40 29 0
41 8 74
8 23 482
55 5 11
12 54 534
17 61 2295
4 54 933
2 29 0
18 58 9
1 26 3
15 11 102
19 65 3
11 18 3
17 34 2
70 48 1
45 8 11
21 68 11
64 13 1
33 30 3
17 58 5
6 59 55
38 29 125
23 41 1
20 59 6
13 21 188
22 35 62
54 17 1900
35 50 1876
43 6 3
19 19 305
62 46 1902
49 42 1
36 39 397
49 4 4
28 66 1
27 5 971
66 57 1467
26 9 0
5 31 19
33 53 49
49 56 4
53 15 4
16 20 1
52 39 56
66 51 1
28 44 1
3 70 67
40 48 10
46 25 1
64 14 318
14 35 31
28 17 28
3 3 11
6 44 82
61 10 1694
24 20 1826
49 54 31
16 37 77
1 50 1
69 69 2
9 49 0
37 50 1
27 59 1
70 46 1
6 34 4
4 19 121
41 53 505
4 66 156
63 62 3917
10 65 6
69 25 12
63 36 1
50 57 4
29 7 2089
52 6 121
65 33 543
5 35 132
38 8 0
61 6 5
69 68 235
43 22 3
63 25 1677
6 33 34
44 4 742
28 56 17
43 41 932
57 40 15
68 23 342
7 20 697
28 14 376
36 45 4
67 13 228
47 56 1533
26 62 20
31 65 10
40 63 0
4 63 373
44 5 91
37 32 617
60 7 109
52 2 18
38 66 0
19 42 6
18 17 2
42 59 1
61 24 65
61 8 14
15 64 1616
62 36 5
40 45 1716
32 51 39
49 40 7
4 31 92
15 6 1
70 12 21
30 33 25
13 58 1821
30 55 30
34 48 0
31 17 29
45 12 870
58 70 1
49 21 11
63 55 13
12 23 10
25 46 19
11 15 22
5 13 1959
5 46 2002
61 15 70
6 54 2
8 28 1
60 66 0
34 19 126
6 49 21
33 2 3
13 41 339
7 23 124
25 13 26
39 6 30
27 41 1
61 68 3
62 33 2
65 54 1
33 56 7
22 68 102
5 64 1144
34 59 0
13 66 3
8 58 3463
70 61 1
38 70 119
42 36 1905
38 32 210
66 13 6
6 60 8
52 10 2368
53 6 3902
41 63 1
22 16 74
40 9 3
60 68 194
13 24 202
65 55 352
18 16 82
64 31 15
63 39 9
9 61 2005
22 20 12
34 27 494
7 15 63
25 42 10
52 2 2
63 61 0
54 1 1
57 5 460
69 40 7
54 69 2
4 32 123
8 28 294
10 6 1
8 4 2
1 2 3
16 42 13
12 54 88
63 47 18
35 29 1727
7 31 30
51 43 3
39 44 0
60 39 0
34 11 1362
22 62 5
4 50 0
17 43 69
11 10 80
16 28 992
45 47 16
24 67 20
13 33 3
70 33 493
9 45 9
5 20 19
54 70 1663
36 25 28
61 63 116
12 35 1663
55 21 467
56 60 1403
39 18 1
7 43 1340
38 68 59
16 62 394
3 62 1842
64 59 376
34 42 5
42 33 60
4 62 7
46 34 150
50 26 3
62 6 187
13 10 14
30 55 92
10 49 4
22 63 2
32 55 2133
10 44 96
4 26 531
34 8 1189
7 60 1
60 26 0
1 51 986
10 69 1664
57 44 4
32 20 780
53 5 6
56 23 6
61 49 227
32 24 123
49 63 300
69 62 1207
13 14 200
29 32 0
28 17 24
45 1 90
47 17 16
34 16 248
65 25 2
63 19 34
54 53 1861
65 41 1
46 52 203
9 3 301
22 56 50
7 4 0
29 15 146
12 39 55
61 1 5
67 68 17
36 2 3
3 53 18
52 65 152
59 28 1017
7 55 218
18 19 982
66 30 422
11 60 23
26 39 113
7 23 1123
12 38 2
37 46 1
18 4 1
25 70 96
69 34 52
40 62 14
46 31 148
40 15 0
21 52 224
67 46 353
52 24 5
33 21 0
46 61 491
19 8 32
11 24 29
56 4 1351
35 13 16
10 36 5
19 58 34
56 56 1
25 37 15
61 18 4
11 43 11
44 14 851
15 32 340
29 15 171
27 67 3221
32 20 349
41 17 4003
65 67 430
29 56 120
31 46 5
29 17 517
29 34 13
69 1 7
10 67 377
40 37 464
67 63 267
52 39 330
6 17 235
61 22 42
14 19 11
35 55 0
50 13 3
1 52 1751
3 51 30
62 2 789
13 56 112
55 14 192
8 29 183
48 69 194
9 27 12
42 54 3
4 26 35
29 55 2
23 10 1437
7 31 277
55 70 2
52 70 18
36 57 1320
30 23 961
50 43 6
45 4 41
5 41 0
25 19 0
6 19 284
61 37 33
66 47 1559
52 50 11
55 17 20
2 51 19
67 51 33
15 25 1
51 8 61
49 46 646
64 70 3984
10 21 768
3 50 6
46 23 498
49 29 4069
36 49 96
12 60 10
30 17 0
57 55 101
13 69 395
23 3 63
51 58 389
3 12 368
15 64 3
46 55 2717
58 7 0
65 70 257
6 16 368
9 2 436
4 47 1
64 8 1
29 62 14
24 67 0
10 63 672
18 66 3
50 53 818
1 21 410
11 16 172
56 37 33
40 67 30
28 23 5
12 6 1
12 70 2
15 50 2
33 54 8
56 57 423
25 61 688
25 8 1277
66 26 1971
62 20 0
54 28 312
28 39 1520
63 11 924
53 59 0
20 51 66
44 12 112
58 39 6
33 56 1477
12 53 1
33 8 286
55 27 49
70 40 819
24 27 2
41 7 0
46 7 555
48 18 1734
44 69 120
52 31 1479
64 21 0
11 70 23
53 30 0
37 63 52
68 66 2
51 35 0
36 20 1572
30 18 5
63 13 911
19 48 16
2 2 48
1 57 18
15 45 2066
34 56 138
16 48 38
68 25 3
6 63 18
58 62 1
57 70 308
52 31 169
8 70 4
53 11 1
14 3 3
63 40 193
48 10 0
39 38 634
3 18 0
61 22 3944
37 14 8
9 10 1926
10 50 814
21 23 82
62 65 138
31 13 281
58 61 4
38 43 132
25 37 4
26 16 24
43 60 615
37 7 53
4 31 23
38 4 28
2 45 12
14 61 0
69 64 8
50 11 3490
19 13 166
5 51 349
32 10 1
41 56 0
50 41 12
24 62 4
8 17 278
29 31 9
30 54 26
43 41 68
8 11 2701
5 63 12
11 12 2344
65 12 143
54 15 1056
17 32 1857
66 8 2
44 30 1
1 24 7
41 21 3
64 45 13
35 18 5
13 1 250
42 25 185
63 59 0
11 17 4
20 61 3
17 13 90
57 37 896
62 18 6
58 69 1
65 53 248
41 29 3953
30 7 728
29 43 912
34 64 6
59 66 0
64 5 15
53 62 400
56 57 473
5 9 0
29 4 1
11 37 71
6 4 0
60 58 0
5 21 3548
39 58 1222
14 48 1
52 34 608
21 5 115
14 12 616
61 31 2698
67 51 76
35 56 626
57 16 673
53 44 1618
52 25 1886
24 9 67
23 2 10
1 37 5
31 30 4
56 36 240
61 39 15
57 58 2
26 46 1
3 57 1
56 27 472
27 14 120
26 1 467
70 65 44
68 27 175
56 12 174
25 35 0
12 48 31
19 49 216
12 38 1
48 22 27
62 67 1228
17 23 2902
25 31 234
14 14 432
5 33 217
38 33 3
21 44 1
61 6 55
63 23 52
38 67 131
52 70 184
63 8 48
24 15 25
25 33 178
68 47 48
56 41 95
14 8 0
19 35 6
42 6 2
63 48 1
7 23 92
22 64 88
51 12 1859
47 3 0
42 42 3
68 67 22
48 63 16
55 53 7
41 29 134
41 10 22
53 18 1
10 62 22
69 16 7
30 45 41
46 40 3
22 48 1553
50 54 10
65 1 38
26 45 3
2 5 295
41 4 80
22 1 186
44 45 1289
66 31 402
52 18 140
44 40 6
54 57 57
48 51 0
57 47 715
15 18 0
14 57 6
12 38 6
10 46 101
2 38 6
45 8 34
39 38 4
59 18 44
40 41 47
56 60 4
56 17 26
51 27 165
18 49 1
35 11 492
51 40 1
25 5 2241
40 44 87
24 31 85
69 54 52
47 6 0
46 23 364
63 40 59
64 30 126
51 7 95
18 23 3
30 47 0
8 1 1
35 45 0
45 52 107
22 16 2552
65 32 0
13 47 13
4 45 2
10 10 3
51 51 22
51 12 112
57 42 3379
65 61 12
18 69 1992
44 3 767
12 43 323
66 20 233
9 43 147
27 50 10
54 32 1
35 14 45
9 57 4
67 3 6
66 10 66
7 57 0
41 28 247
26 34 1360
69 40 215
1 56 28
1 29 42
29 16 57
52 59 219
48 61 115
17 58 478
12 68 1
1 21 1493
41 9 112
13 59 1
4 27 0
16 12 2760
70 36 1
44 12 41
36 36 2
48 41 13
24 28 58
36 68 23
19 13 0
32 50 1
22 7 41
66 2 1
1 51 122
60 63 0
8 5 1261
55 64 4
43 40 490
37 64 993
56 51 1625
26 35 8
61 3 1154
15 63 0
66 44 7
60 30 62
52 24 1
59 5 55
12 46 17
52 36 21
65 22 541
26 18 245
24 12 1
9 38 3346
59 54 2
63 31 0
56 39 307
32 40 26
20 52 0
2 32 35
8 13 42
38 37 20
61 17 0
59 6 0
43 6 223
67 65 30
67 29 6
19 56 324
3 45 9
42 59 21
39 66 0
25 56 14
40 52 1772
11 66 625
54 24 30
18 54 989
28 12 80
15 64 124
37 50 202
50 8 3132
30 64 41
58 19 10
8 11 40
57 67 85
10 53 8
46 48 12
25 62 3
63 4 220
39 60 7
69 30 5
63 31 308
45 17 2
59 13 11
8 55 0
7 7 27
57 56 104
33 16 1044
35 38 27
10 54 2
17 12 0
52 37 1002
66 26 143
19 16 1123
49 60 0
1 26 333
5 4 1070
19 64 2
62 15 0
39 12 65
22 7 2869
22 21 1
9 48 1109
39 19 1285
17 27 13
11 36 283
4 30 2
32 21 147
16 66 173
36 61 24
2 45 2
65 11 2
60 8 78
31 37 116
68 32 1
14 7 90
47 54 1609
53 69 4
36 29 31
40 53 1333
53 26 878
1 26 54
23 26 42
47 27 6
21 21 102
45 17 59
49 1 127
48 69 5
54 15 20
29 18 7
8 55 3
61 57 0
58 69 1
4 10 92
14 28 229
49 10 70
11 66 2
32 38 19
58 41 2996
26 4 17
42 35 0
45 53 811
15 41 1567
10 58 1
56 35 1
13 26 1127
1 61 11
10 47 1
46 30 10
42 64 2
18 51 362
12 55 10
52 30 1
33 15 2
6 32 1
13 47 6
18 29 109
62 2 1981
44 66 391
66 59 1639
60 11 365
27 22 32
63 14 11
65 12 727
39 56 203
65 68 3881
67 24 0
38 60 24
21 45 2531
18 47 9
3 50 217
65 58 65
58 64 174
60 32 0
14 64 4
37 15 124
53 68 7
33 40 53
28 63 22
59 41 0
60 55 90
61 43 12
11 8 2
42 14 47
28 10 41
16 10 53
21 37 9
69 28 30
44 34 362
32 41 115
22 43 28
17 54 5
16 39 487
11 64 135
69 16 8
64 27 6
21 17 12
16 27 25
15 15 1868
3 61 865
47 22 1517
10 16 13
60 28 33
41 6 21
66 63 60
39 4 2
51 28 9
45 34 2
31 57 21
10 56 164
5 21 101
25 48 4
59 43 4
45 21 417
45 53 36
40 28 25
6 39 28
7 29 20
44 56 22
43 64 782
44 9 14
13 9 28
12 2 21
33 40 4
2 17 1853
28 62 178
1 35 3830
30 11 0
23 36 458
3 48 13
61 43 553
13 64 1
66 26 7
67 41 69
4 35 1
53 31 42
35 56 3
33 33 11
29 69 228
33 13 175
24 3 55
22 49 4
19 67 354
25 50 992
30 8 9
48 35 12
52 16 1
70 9 61
54 58 6
44 15 204
37 40 362
59 57 1207
32 44 200
37 18 1045
26 29 0
14 39 64
33 14 7
47 4 5
67 6 58
37 32 269
13 45 82
19 9 15
55 32 90
2 43 21
64 50 2635
46 35 123
24 3 0
15 4 529
40 56 135
17 27 24
45 6 65
49 43 6
12 57 461
62 35 711
26 14 2
17 31 3112
54 38 35
57 23 3448
29 18 4
26 37 0
57 49 6
43 11 1
53 48 38
18 5 30
14 36 89
55 27 18
70 60 3
23 1 956
48 58 7
62 9 60
7 39 1857
68 44 4
37 10 2248
1 35 1
42 58 0
21 40 9
50 56 151
18 31 2202
49 24 2
55 4 1
64 6 3993
7 18 122
10 35 4
23 26 0
39 58 0
68 35 72
60 43 679
40 16 1230
2 11 0
64 46 8
59 66 43
51 43 7
51 34 1770
24 34 69
54 4 170
25 39 210
34 26 45
63 60 3654
37 46 4
11 57 39
60 30 2
62 5 11
22 52 6
6 62 240
13 31 3
15 3 12
53 40 1257
53 29 27
40 17 544
43 7 208
14 58 209
6 70 2
54 20 2296
3 61 1
67 68 739
12 44 1347
31 17 4
41 50 6
52 29 0
68 46 34
66 2 2
42 34 385
36 15 35
52 5 7
34 24 15
41 26 9
34 40 1
42 29 77
27 28 6
13 49 514
67 4 2
64 44 365
45 67 107
36 59 2966
47 42 1091
13 47 1828
14 2 5
33 52 169
60 46 1608
65 38 965
56 46 27
9 26 8
8 29 7
4 47 2010
46 29 19
6 5 655
65 9 27
25 64 3090
15 34 3
31 70 0
34 47 176
51 28 22
47 5 1242
14 13 1656
24 60 18
39 32 3934
19 57 5
52 13 1
43 24 10
65 13 83
65 48 14
8 8 4
23 35 0
2 46 7
8 56 6
16 20 1
33 38 413
60 8 1
36 37 379
8 26 233
17 25 84
62 32 334
64 46 0
42 57 2
3 30 134
11 23 878
42 64 250
44 62 2383
51 41 0
31 9 3414
60 60 442
7 62 1897
12 61 32
20 2 392
50 23 7
31 13 207
8 22 272
51 66 1743
15 24 89
58 20 180
39 30 5
38 48 140
34 19 972
56 63 207
40 40 734
43 40 213
66 38 0
38 30 0
15 13 2
59 65 772
62 20 4
40 55 504
28 35 1294
4 3 65
27 6 0
16 6 207
17 16 669
34 15 111
14 69 0
45 22 310
69 53 48
20 46 6
18 67 219
58 16 7
18 55 6
15 43 112
30 37 22
44 48 9
56 41 0
15 18 3950
13 6 1
43 39 0
35 34 3667
9 64 24
69 28 0
44 25 111
51 48 0
4 17 1
17 9 0
70 31 3406
46 62 0
64 52 102
45 18 55
39 46 15
34 25 4
26 50 994
63 40 24
12 16 5
48 61 1270
37 29 437
14 57 3134
9 50 53
15 41 819
36 36 3
25 1 18
32 13 1
63 39 5
54 69 13
49 29 589
32 50 5
39 14 4
61 39 1303
13 39 87
1 46 417
28 12 4
54 34 3
52 58 0
21 69 3
35 69 2
4 51 9
33 3 3
45 37 3
4 27 385
3 51 663
35 50 21
22 15 1
51 70 3
16 2 417
26 7 384
49 33 754
47 32 210
63 40 1
14 21 12
68 31 5
62 49 277
25 13 1197
63 19 1004
41 29 0
11 57 0
18 28 14
34 42 684
5 44 3
14 4 7
41 16 853
4 44 18
47 18 74
69 44 126
10 36 34
55 18 141
