70 2000
&|&|&|^&||^&
8 31 30
15 6 652
59 55 143
35 22 16
19 10 144
15 25 155
60 31 140
2 7 136
69 34 29
41 61 668
38 37 1169
54 55 3
61 56 137
30 59 156
63 10 646
10 20 13
48 53 0
69 11 24
30 66 8
49 12 28
47 28 134
1 26 131
16 49 11
9 61 24
13 44 12
68 34 27
22 5 31
46 46 531
63 56 27
43 60 158
51 41 9
26 42 1565
48 30 670
8 63 1
1 39 10
24 30 26
23 9 4
21 27 5
9 41 538
32 19 27
36 60 27
20 40 2075
16 70 2703
40 30 10
32 64 1547
23 61 1025
67 3 1163
16 47 7
49 40 1048
54 51 21
38 31 29
9 66 15
59 29 142
22 27 10
20 68 141
53 51 1
9 52 13
8 5 1032
32 27 147
53 46 11
10 10 659
25 2 10
1 51 1035
43 12 139
49 49 1154
12 58 643
1 65 3602
20 4 1050
6 15 1672
52 26 3
15 50 655
60 49 642
69 64 15
51 14 148
44 20 1037
56 11 2
55 33 3
2 21 142
66 58 0
27 28 1045
9 20 30
36 60 23
4 9 152
70 43 1
1 25 22
65 38 15
46 19 1676
46 4 1
26 44 532
31 16 3231
11 58 659
5 7 26
36 32 17
64 61 26
62 46 135
22 32 1163
3 6 130
35 64 144
14 41 1153
60 26 1172
70 10 147
51 65 6
52 9 17
30 9 1025
15 56 3
31 67 157
43 48 5
6 48 1540
68 44 20
35 48 1539
37 46 30
35 6 135
36 36 1163
11 28 23
32 43 3595
33 2 646
43 12 21
38 38 524
7 21 17
38 21 144
34 20 2205
25 25 1562
14 46 14
48 32 21
52 70 28
7 39 28
61 25 0
36 40 29
48 41 648
23 32 524
32 5 10
34 50 659
57 45 9
38 63 1694
51 42 157
62 38 13
20 29 3
23 10 3
14 48 1
43 62 513
16 31 5
10 31 1
12 64 2706
56 57 526
51 69 670
17 24 2061
9 4 2200
16 42 12
29 31 5
69 15 142
9 10 666
46 14 30
66 40 1670
31 56 4
44 8 1034
10 47 10
16 49 654
27 53 669
35 40 2
32 21 660
66 57 648
2 23 2
9 5 1050
36 26 2072
52 45 128
32 60 156
52 36 14
4 68 151
20 56 5
68 52 139
38 69 31
9 53 27
34 27 9
9 69 14
15 30 12
15 30 2712
12 37 1557
68 31 17
35 28 513
5 18 670
34 20 12
69 40 139
58 20 2570
35 30 28
66 18 159
48 50 17
57 55 3074
55 16 1044
24 8 3092
1 53 148
59 70 23
28 39 531
48 24 10
36 48 151
41 1 150
36 44 2694
26 46 144
54 39 1037
2 9 15
67 41 24
1 34 14
37 68 26
5 33 133
40 37 532
35 50 12
52 45 520
23 55 4
15 54 17
6 5 21
26 31 1537
12 51 21
1 53 9
14 17 2191
21 35 1559
70 45 3587
48 38 24
22 11 6
59 64 522
40 11 671
54 7 16
51 11 665
4 48 11
43 22 521
65 68 644
14 37 2579
23 30 23
21 8 135
42 1 26
48 10 22
4 2 140
31 61 159
60 31 24
39 68 138
63 37 142
64 27 26
34 47 3598
2 1 157
8 57 139
29 24 4
42 22 1666
23 15 137
36 4 142
9 44 23
53 70 10
26 7 539
13 69 28
8 48 519
41 14 7
10 41 3
52 50 136
34 55 29
70 38 20
19 35 5
51 49 19
2 63 2589
54 48 1
22 42 527
5 21 514
64 34 28
48 2 27
40 3 144
36 12 1159
44 52 27
16 70 21
15 58 1
56 40 14
34 35 21
33 18 143
65 17 17
33 39 8
34 47 8
30 37 5
67 33 3607
29 1 1046
30 4 151
12 63 6
69 52 158
53 28 16
31 66 662
27 50 153
8 47 1171
1 53 144
39 57 133
26 14 15
61 4 1666
43 5 130
30 49 1555
47 51 3
30 17 8
15 47 5
67 15 4
53 6 150
43 9 147
15 16 1542
64 19 20
69 15 530
16 6 29
44 58 133
22 4 132
15 23 7
12 36 4
12 8 28
28 24 139
66 30 3
13 31 27
45 30 141
8 20 151
3 66 541
60 60 1674
58 55 30
15 40 668
29 7 653
53 14 1681
10 47 31
61 39 10
25 2 21
41 7 28
66 6 20
46 46 139
33 44 1547
31 27 543
2 37 1034
13 32 1
15 59 142
37 65 0
32 66 3
7 24 15
42 12 140
33 63 152
45 57 16
70 60 157
2 47 518
47 23 526
48 17 661
7 59 1040
47 48 10
44 30 17
70 69 3742
6 32 139
15 10 147
20 16 152
56 13 20
50 63 18
33 69 1553
5 42 536
63 62 516
34 15 643
36 26 29
13 28 140
64 40 3078
8 11 157
55 2 1681
24 24 669
26 13 1167
16 5 2193
67 59 13
69 7 143
32 39 28
26 19 148
34 24 147
68 5 3093
31 6 157
6 11 18
3 48 3587
45 25 3587
28 34 15
13 23 3
36 21 5
34 11 145
31 51 1152
57 56 155
70 69 520
34 6 2690
59 28 29
39 31 526
18 51 19
70 55 28
42 47 16
66 2 19
15 64 1666
58 39 24
39 20 146
69 57 535
53 66 656
40 34 150
20 64 139
14 21 23
48 23 142
24 35 19
48 28 17
53 13 16
5 49 1025
28 37 642
68 40 29
26 11 140
17 62 0
53 17 658
33 18 19
14 51 540
45 55 539
19 43 1044
56 69 152
50 8 16
36 34 3213
62 44 518
27 66 138
60 39 2563
25 46 24
47 49 5
9 46 0
52 60 30
61 29 15
10 12 21
17 33 657
52 33 141
48 1 148
6 7 134
60 27 139
58 9 9
40 37 153
41 4 641
53 60 19
49 48 159
13 28 29
1 32 14
56 7 132
4 50 3
54 29 2069
37 7 130
68 47 26
59 55 143
59 63 28
64 27 21
10 55 26
13 53 525
10 19 659
40 12 1670
53 23 512
34 65 26
38 33 18
41 13 151
38 8 518
65 40 7
25 31 670
5 44 655
65 7 2
22 6 1536
68 27 27
7 41 1035
6 17 148
27 26 17
55 28 14
8 20 1548
66 36 10
20 5 21
51 43 1693
70 10 13
52 26 28
19 49 653
15 31 138
70 25 6
52 27 3
18 33 3613
9 63 1
64 1 31
19 21 10
63 50 1
13 36 30
61 1 143
32 38 25
28 4 19
5 10 8
28 41 657
35 39 3600
9 8 22
6 27 13
13 17 15
69 32 151
13 45 151
47 13 21
13 10 1169
48 54 1041
32 30 2718
9 50 8
11 33 144
18 44 16
38 49 7
52 5 6
37 47 27
39 53 0
46 1 5
32 45 3597
47 41 12
38 17 7
42 6 1178
33 15 18
66 30 155
32 70 1172
37 69 666
12 64 10
28 22 7
42 6 19
24 12 1155
55 53 31
9 61 26
58 69 10
21 69 1040
1 67 25
65 9 147
2 11 2696
43 66 31
36 62 2
4 30 17
59 6 8
68 32 2565
60 7 28
58 61 1548
49 60 529
19 40 1181
37 69 143
21 69 20
38 55 25
23 15 139
59 69 129
24 51 21
44 54 1153
28 47 143
46 69 522
51 63 19
23 3 1684
4 63 9
17 44 513
24 59 151
29 50 153
54 32 3
58 59 24
58 3 10
36 13 15
18 45 150
56 69 10
6 34 157
17 34 6
45 5 532
25 49 23
62 64 148
66 24 2064
40 67 30
36 20 2566
69 53 518
17 51 158
21 32 27
9 49 14
46 43 144
35 49 656
26 60 24
57 16 153
13 27 2
28 49 8
3 1 2
6 34 3
39 44 133
5 2 668
24 9 2579
2 39 23
3 40 24
8 56 14
21 48 16
66 31 159
65 27 10
13 54 155
69 2 159
55 17 1668
2 12 156
49 4 657
38 22 653
34 20 140
38 65 31
69 26 1694
8 60 3736
12 19 16
39 37 31
35 34 7
10 23 13
68 52 22
52 18 1175
6 34 3213
40 36 2051
34 8 6
66 18 6
30 26 27
22 44 14
3 38 30
51 29 2
6 44 1042
36 9 2585
38 44 523
39 65 18
56 12 26
62 61 19
21 26 3
22 45 7
26 48 1153
69 4 1668
37 5 7
9 13 1164
46 58 533
33 63 658
15 36 15
48 54 4
53 69 1181
55 14 138
28 66 1551
44 7 523
59 70 1179
2 62 154
19 70 1
7 35 24
31 2 1551
55 32 128
8 51 517
68 10 1042
5 50 26
69 69 128
64 22 1171
54 29 1540
42 5 3
25 59 14
65 69 133
26 59 1
22 4 27
47 44 2695
69 17 1566
55 63 4
16 50 11
37 16 21
26 54 3227
9 44 20
37 36 31
19 5 29
52 10 668
39 15 531
22 15 528
70 20 1552
49 45 2709
56 41 664
26 21 146
5 26 2718
44 50 657
32 12 154
50 37 27
68 56 14
27 21 8
55 20 24
59 68 3
51 18 19
66 65 25
20 29 158
70 24 152
35 32 26
17 69 133
70 38 8
60 63 15
30 48 4
23 10 159
16 20 151
41 47 4
41 16 21
17 35 15
63 43 20
63 26 648
60 49 26
18 22 29
59 7 539
34 11 26
29 43 157
69 59 1156
25 36 147
68 49 132
40 27 159
58 55 0
65 61 144
48 22 2
25 16 2
24 47 154
3 62 658
56 39 2
37 19 16
30 30 28
10 68 156
13 1 141
69 21 513
3 16 3720
2 18 18
43 54 19
42 30 13
22 20 1
9 64 1167
6 27 11
52 3 522
7 23 157
66 52 10
4 29 2565
47 27 8
42 63 651
39 52 14
42 45 530
10 19 4
53 53 2079
11 49 24
37 59 153
56 41 156
17 63 11
69 46 25
70 6 17
1 18 138
12 18 2188
4 2 647
27 47 21
2 39 28
58 29 19
32 31 136
1 5 1167
8 39 23
48 55 158
20 29 8
41 28 20
62 47 661
47 29 519
55 20 30
50 43 157
4 38 4
64 59 136
32 25 18
32 8 21
70 63 2058
17 1 14
14 54 2072
14 51 28
37 45 665
7 49 660
51 36 1156
67 6 513
4 6 650
65 67 656
36 20 157
64 31 26
41 12 129
9 23 133
46 21 1
26 11 5
41 69 534
43 49 29
51 47 14
66 15 3214
64 61 0
17 15 2
47 53 2
55 65 0
67 44 158
59 15 135
69 54 29
36 22 20
28 9 668
23 69 646
50 31 6
68 45 11
57 51 1027
26 67 29
35 70 643
50 55 11
11 30 9
66 14 3095
4 33 139
61 67 659
6 6 2053
32 38 1030
67 70 2
15 19 20
43 60 3096
70 19 144
70 19 30
27 39 1692
23 57 668
52 41 667
1 57 20
58 20 28
49 32 25
33 28 663
70 64 6
29 30 26
41 51 648
1 11 1687
59 36 19
22 43 143
19 39 22
41 47 18
12 66 2695
5 19 1
52 23 3607
29 20 1686
10 19 0
56 46 21
12 9 141
30 66 12
46 5 27
54 52 18
25 35 128
8 50 13
6 42 136
13 29 6
15 23 20
11 54 4
69 25 133
65 37 6
32 9 1
29 53 1
19 57 146
24 50 12
4 19 27
51 58 3
57 24 3
56 45 29
40 47 659
35 11 1540
31 25 31
2 24 1692
64 47 513
35 40 20
30 25 17
37 11 6
39 62 148
21 70 4
1 57 31
7 12 2048
57 35 11
3 69 23
35 14 134
66 64 144
56 62 1178
40 23 15
58 44 513
64 20 14
65 26 21
36 25 1
17 21 0
27 36 539
29 51 2576
3 55 512
55 47 7
62 70 15
6 28 525
24 3 8
45 19 144
17 68 661
9 42 11
1 57 155
36 34 1674
19 41 23
46 35 150
13 28 3610
52 16 521
5 69 2177
47 9 29
48 5 23
44 1 21
59 47 23
62 18 641
57 9 31
52 57 5
67 58 24
11 21 20
58 40 155
65 68 145
46 42 640
45 21 128
53 37 3211
31 4 26
64 3 2
30 38 15
5 23 23
31 32 3079
30 52 1664
26 49 134
51 67 136
59 27 17
13 56 12
11 23 3089
62 54 1686
13 42 2581
10 24 5
10 2 22
31 16 1040
62 41 9
25 23 2183
53 32 144
37 59 1047
23 25 155
44 3 514
6 20 4
22 29 22
39 41 17
54 4 30
45 11 7
20 47 9
18 27 537
26 12 1176
40 9 12
47 53 1048
19 25 3
2 3 22
48 68 669
9 51 5
63 37 30
11 7 129
47 35 29
37 13 154
63 17 28
15 66 149
13 5 3742
42 19 22
58 12 1157
22 22 139
6 38 134
70 2 513
55 44 8
51 57 525
53 26 19
56 47 22
51 23 152
7 27 10
36 46 18
10 35 148
69 47 649
3 48 143
42 39 29
28 17 534
63 26 538
25 38 1
15 40 1
69 48 1677
62 31 27
69 7 0
40 42 22
45 28 22
41 52 27
32 57 1675
62 11 30
21 46 9
50 5 522
26 35 6
29 40 1560
33 27 8
50 10 1029
30 67 671
66 37 1052
4 37 0
46 37 14
62 36 1165
25 40 16
56 56 21
61 9 132
39 60 535
54 28 131
61 45 157
37 20 136
27 45 152
10 9 1560
7 9 129
20 63 134
65 8 1
12 38 3720
32 13 1
65 66 2
7 23 2688
13 29 8
15 63 3
24 37 1180
37 34 6
15 60 3221
47 51 6
10 37 2
47 26 16
51 22 15
58 47 9
5 50 3615
1 19 2184
25 33 2063
68 63 130
50 40 3
31 10 7
53 26 21
35 1 5
31 15 24
14 17 156
63 62 131
59 6 13
8 33 29
57 59 14
39 29 665
41 17 27
11 19 537
15 27 5
6 55 9
43 15 521
16 49 134
1 70 1028
33 39 7
23 6 1546
24 64 154
60 4 26
13 5 31
70 21 139
60 11 543
18 30 1539
14 43 27
1 67 31
46 34 21
41 58 651
19 20 3
59 28 24
7 19 23
43 31 146
2 26 1687
7 19 649
67 39 6
14 5 131
51 1 538
56 32 145
9 22 26
27 4 15
65 61 1564
60 11 3224
48 5 1053
48 63 1555
30 18 31
42 45 1160
25 48 151
39 64 10
13 25 142
32 61 30
11 21 131
11 20 5
38 15 1154
54 38 138
60 36 1156
5 68 12
8 14 3610
24 57 15
42 34 150
21 29 3
30 62 542
62 50 0
16 4 8
12 51 643
1 61 131
3 24 153
65 44 1566
24 25 26
49 24 2178
19 49 31
70 18 25
64 7 16
17 51 26
11 29 21
54 53 2568
7 62 132
9 23 1180
51 26 654
29 60 21
15 46 0
30 2 21
48 11 3200
41 48 19
16 45 15
34 20 28
14 47 1160
24 67 8
15 38 659
21 3 1165
26 11 18
30 50 28
69 18 154
33 27 645
16 29 12
62 32 146
43 18 1
25 66 536
13 28 18
40 34 3
13 67 27
50 44 3222
55 49 139
50 39 542
32 10 6
42 61 525
27 49 147
15 14 1687
30 24 29
44 38 18
62 36 2577
68 53 2073
38 35 527
65 34 1543
48 46 20
41 51 130
11 39 5
16 37 145
28 9 2
64 19 3721
41 18 2563
49 33 148
32 5 14
42 34 9
67 7 146
66 3 159
24 59 30
37 57 12
36 23 30
18 47 1035
52 68 18
1 29 3608
58 19 3
46 50 147
3 40 1
11 16 10
9 66 1543
15 13 21
16 34 9
39 14 10
67 70 31
37 52 1174
36 22 156
51 7 15
48 45 657
34 27 30
31 31 524
60 31 142
43 67 1682
43 5 137
45 43 3
31 15 137
9 8 20
17 26 3081
23 5 3073
42 13 2574
19 45 1550
23 60 15
30 6 660
45 58 23
16 36 1156
14 25 8
59 18 28
31 30 648
46 49 6
45 43 147
45 4 20
61 45 0
41 56 1553
67 50 24
29 12 523
53 53 18
45 38 1541
11 42 30
2 66 19
10 34 19
60 3 667
65 36 8
9 13 19
41 7 156
55 30 1549
46 45 1547
58 64 155
66 4 31
33 63 158
36 28 19
41 46 1161
19 50 1177
40 41 148
56 5 20
47 51 542
34 50 23
45 34 1562
20 46 542
64 22 18
10 1 531
68 19 157
42 36 667
45 33 157
18 42 1033
52 40 1567
59 47 159
58 39 1542
8 19 152
24 69 1688
25 56 22
50 19 4
67 49 1686
42 61 19
59 60 13
24 4 6
68 31 139
6 54 646
1 26 16
31 23 3231
59 66 5
58 61 518
15 17 23
33 39 24
59 35 3728
48 26 11
69 53 648
44 30 159
19 28 2191
15 56 132
69 15 9
65 20 8
21 14 30
57 13 538
25 61 137
22 12 24
69 7 151
61 2 157
19 36 159
18 62 132
50 9 647
10 5 12
61 22 2
13 45 1667
34 24 143
29 4 22
29 46 18
42 4 23
8 56 643
58 56 140
51 44 1160
30 48 4
43 53 657
36 10 8
60 61 9
13 51 12
49 47 2582
17 16 151
47 12 2
16 9 157
29 48 7
66 21 146
6 61 150
66 7 147
12 41 157
38 16 2194
22 62 153
1 16 154
45 70 13
66 53 27
49 28 131
30 39 3224
13 52 19
59 7 14
68 39 514
30 28 128
11 63 134
29 5 7
43 44 13
9 21 671
45 44 668
52 24 670
5 22 2
45 28 518
30 68 159
64 69 30
5 65 143
42 39 1027
69 6 16
13 58 2
36 63 1154
68 29 9
17 36 27
32 17 140
47 12 144
57 43 22
21 30 15
7 21 15
26 11 1671
38 24 143
68 55 10
1 42 26
44 59 138
33 9 134
65 20 6
8 44 524
27 18 22
66 53 137
70 31 1669
22 10 29
49 19 7
51 31 23
47 43 139
66 41 147
46 3 137
41 31 148
8 17 666
57 27 136
56 39 151
9 34 24
56 19 141
11 50 18
40 62 1537
27 66 1166
39 63 30
52 9 27
63 57 1176
18 28 3603
24 21 1672
70 12 1549
64 54 1033
10 58 14
47 40 1
34 10 150
8 50 17
39 5 10
37 26 3732
6 29 1682
49 64 4
9 42 1
51 66 524
3 66 155
54 53 2054
55 8 1027
25 22 132
1 11 27
21 47 521
49 27 28
41 28 154
32 63 1
63 29 17
46 69 12
54 38 31
40 1 533
27 48 11
62 24 12
38 36 3
2 9 2566
36 14 151
47 1 14
2 57 1036
41 51 1691
21 39 28
23 37 2076
38 44 132
30 63 526
43 10 138
58 68 8
37 70 3594
47 67 22
57 54 18
56 46 12
13 52 134
39 25 29
59 10 527
5 31 14
64 35 19
31 19 21
63 49 17
29 36 28
20 29 25
15 9 158
69 38 1549
31 54 652
62 18 19
35 34 150
14 44 1163
5 45 12
19 29 155
31 24 18
3 36 541
55 1 150
17 58 28
35 36 132
22 65 153
24 70 533
42 69 25
36 14 8
35 1 23
33 54 5
31 40 17
38 52 2
25 9 16
37 8 659
25 24 1666
12 34 666
47 6 16
65 20 0
29 15 3
24 21 152
49 13 131
46 46 642
29 50 514
44 60 1031
20 2 9
51 70 3
24 56 12
28 64 8
33 45 21
36 62 11
49 58 1044
50 34 1546
70 50 150
41 56 134
50 18 133
3 66 30
15 25 0
50 49 2073
61 4 6
60 34 18
34 62 11
36 39 142
50 37 138
39 16 655
20 2 128
33 58 6
35 18 154
67 40 132
10 65 4
38 37 2567
49 50 17
12 70 1553
39 58 28
70 38 2190
44 49 0
34 45 3
48 48 129
61 8 15
31 15 1034
34 21 1024
33 54 521
19 57 543
70 12 524
28 36 20
57 9 6
46 19 4
59 54 515
32 29 145
66 55 17
68 70 1
29 66 148
5 28 3607
15 36 19
12 50 155
13 43 1047
68 15 3
39 21 23
62 29 24
12 1 20
27 48 1540
64 9 18
14 30 15
24 17 3222
52 58 1
38 6 10
64 19 144
46 12 156
68 29 29
50 52 9
20 2 2
29 48 24
20 40 26
36 53 647
5 8 158
52 59 3219
41 67 21
8 31 2200
6 51 30
58 3 134
45 60 9
3 41 1054
41 53 1
47 65 14
24 20 1
65 41 146
25 7 2561
20 7 26
45 46 134
69 51 28
37 41 158
39 46 155
25 53 140
53 38 24
15 33 16
17 42 653
7 42 10
10 40 11
63 10 650
11 13 2577
24 31 9
25 6 2706
20 11 1029
20 66 21
38 20 157
59 63 9
1 28 1038
63 56 10
2 51 525
27 37 536
8 27 27
43 28 10
63 64 139
2 52 31
22 53 534
11 13 1
37 19 3734
38 65 19
57 2 29
58 20 671
11 59 5
21 9 23
30 52 12
52 14 27
53 8 2706
7 15 1685
30 30 21
60 27 15
54 66 645
18 26 27
38 59 6
10 43 12
23 40 0
50 58 525
8 9 18
30 60 654
34 43 0
68 9 9
23 55 539
1 21 132
29 11 1539
25 53 0
31 3 15
51 53 2717
50 70 6
47 9 158
59 55 159
36 2 157
40 41 1677
59 63 143
3 37 14
46 37 25
47 49 2
7 65 2576
67 56 139
48 6 16
18 42 17
22 20 10
7 2 18
34 39 31
57 56 3716
36 11 23
30 15 654
4 22 12
13 70 0
29 69 6
53 7 6
4 13 1159
34 42 1689
25 32 130
11 30 12
49 60 135
70 46 539
46 32 150
68 10 0
22 69 147
65 62 3203
41 34 17
68 59 1536
44 49 24
31 34 11
13 21 1563
2 38 3098
65 21 1
68 11 17
69 53 1027
37 21 20
60 33 10
49 27 13
2 8 144
60 10 9
14 55 2064
68 45 656
14 26 657
3 62 3
66 69 3721
39 53 17
19 69 154
9 38 23
62 50 137
34 66 661
24 67 23
22 31 31
55 65 17
30 70 6
30 64 18
44 42 4
48 18 7
32 70 530
49 20 10
41 63 142
12 36 8
24 33 2
37 1 28
30 55 21
34 49 640
3 60 19
59 38 539
67 66 644
9 43 25
60 68 128
19 37 157
41 16 144
1 29 4
46 54 10
8 36 650
42 35 1174
65 19 663
23 27 1038
12 18 542
28 8 23
11 34 17
1 14 3
68 44 28
65 14 22
39 48 23
20 26 2579
26 47 11
43 42 4
14 52 1156
29 12 1179
8 21 15
62 5 156
34 11 17
6 33 133
12 31 3
64 18 655
48 45 1681
8 18 12
59 67 155
18 27 130
14 67 1169
9 49 152
12 8 1
18 16 15
11 22 10
19 48 145
17 5 17
28 20 27
67 34 149
62 23 1174
51 48 1160
22 56 3606
28 37 1
45 67 15
53 5 27
13 12 3092
21 2 131
1 32 23
67 11 4
48 67 5
53 17 22
46 5 8
13 68 154
1 4 1
70 26 140
14 18 154
26 30 28
59 14 7
56 67 143
8 52 11
23 20 30
69 51 13
19 70 657
39 70 1674
10 45 157
29 58 153
6 31 13
14 50 154
46 52 156
49 46 3084
52 7 143
36 55 2711
70 3 26
20 39 6
69 59 2202
10 41 0
15 56 25
47 21 16
37 59 153
10 48 1547
5 48 29
32 25 1553
37 48 22
21 70 1158
3 34 2182
23 48 539
67 68 29
66 30 17
34 55 7
20 1 157
2 39 128
68 16 3593
47 30 541
8 45 16
4 70 1040
23 39 2193
55 7 26
7 6 514
44 28 1048
41 18 27
36 48 655
1 63 143
39 41 131
56 64 10
67 66 145
19 10 1166
67 3 6
18 62 19
25 3 1687
55 69 1690
41 66 523
1 35 130
17 58 9
7 16 31
16 38 141
27 47 2583
4 17 2577
22 4 14
65 42 1048
28 27 158
15 50 135
41 55 9
64 19 19
53 69 23
7 62 13
68 69 1043
5 37 138
28 69 655
10 42 149
69 46 10
42 40 652
68 10 24
67 9 539
48 5 1160
52 10 29
1 10 642
25 25 145
55 63 0
47 35 8
48 65 17
55 15 19
5 48 130
65 34 1680
46 48 3217
13 34 150
33 7 22
30 4 26
44 9 9
30 1 129
19 46 5
70 21 20
15 33 12
50 34 155
16 44 12
48 24 541
23 66 526
34 8 14
68 7 543
43 5 130
19 10 1555
45 47 1543
48 31 10
67 35 514
2 45 5
66 55 149
34 50 5
20 1 1691
70 7 640
21 1 2050
62 70 9
31 23 21
33 26 133
24 12 14
57 50 11
63 26 2
32 44 29
17 4 11
70 34 1566
10 58 137
66 25 3094
70 6 666
15 11 132
37 58 25
29 52 3091
58 54 17
63 50 518
20 4 21
59 25 24
70 32 7
34 38 2187
32 27 30
43 28 129
33 54 1678
12 10 31
69 37 1690
49 18 1052
46 55 14
24 67 141
20 6 141
69 38 26
56 46 7
48 31 1168
3 27 1039
37 44 142
70 16 2048
1 45 28
35 23 147
53 2 16
66 8 1156
39 61 149
11 14 30
7 45 29
54 64 4
8 58 670
41 53 3072
52 57 533
30 27 0
21 11 0
39 22 1
49 28 3
61 25 14
6 49 15
35 29 140
49 65 153
28 65 16
69 17 157
56 59 8
7 56 31
63 48 156
46 58 9
29 58 2182
65 61 27
25 45 536
4 43 6
59 13 130
60 38 3
42 69 11
35 20 135
38 43 2702
20 29 153
70 22 1555
33 48 648
27 38 26
21 18 6
25 14 8
45 53 2065
19 45 7
42 70 648
68 43 20
61 16 17
4 44 21
58 44 21
29 17 31
48 32 15
26 11 22
56 37 3
32 23 536
62 67 3
57 23 4
35 38 527
65 54 22
5 50 17
20 50 7
20 52 18
21 63 29
18 46 11
50 68 27
55 45 23
26 33 3080
15 55 24
26 59 17
36 39 645
64 25 656
32 41 140
24 44 1
64 48 1167
20 49 1555
66 20 1175
50 59 156
45 5 155
62 39 1054
36 8 131
68 47 0
28 56 1559
61 29 9
52 2 3091
32 28 146
26 40 5
48 23 539
12 23 1670
57 35 31
57 68 13
61 39 543
68 19 4
51 26 20
67 2 2204
40 4 1551
7 52 543
49 6 10
21 25 0
44 68 26
47 42 2580
6 1 2058
37 65 1553
57 59 21
23 28 20
19 41 1178
49 46 2056
55 5 18
34 39 1040
31 50 523
13 50 515
10 59 540
63 37 1
46 6 29
65 69 130
44 24 1182
48 29 23
48 16 20
49 59 5
35 50 23
34 10 149
35 17 31
64 44 148
21 44 5
24 16 1555
25 66 4
5 21 146
26 14 0
27 15 11
12 57 22
60 41 2177
24 35 11
32 38 1052
13 46 153
35 64 533
15 33 519
6 7 16
51 68 137
52 41 2177
18 16 141
61 47 133
11 60 2190
50 49 143
22 46 136
35 21 3739
32 54 4
3 26 131
15 54 142
66 48 29
64 33 538
37 20 3220
52 70 28
42 33 16
57 54 17
19 15 29
1 65 19
22 27 12
62 33 17
17 55 3725
42 13 0
31 2 17
57 65 147
60 31 10
26 51 23
27 60 3
17 5 1036
29 67 21
58 3 142
41 57 12
58 1 535
7 63 20
9 5 29
51 70 17
67 55 21
19 20 154
54 49 539
59 56 668
60 44 16
55 12 1
4 24 1539
24 26 1669
20 31 155
56 40 3209
41 38 150
61 52 159
