70 2000
^|^^|||^^^&^
49 29 516
5 45 640
27 58 2944
48 36 772
70 9 516
12 9 2580
41 34 272
38 57 2560
62 39 900
37 26 2948
63 42 2944
3 35 400
18 36 528
11 5 644
37 39 916
62 54 2180
63 43 2176
20 53 2960
14 51 528
65 37 916
13 13 2688
63 5 640
11 45 272
40 40 144
34 20 2052
27 68 388
66 34 2432
56 23 2836
46 18 2960
68 11 788
50 55 400
70 56 912
54 30 2432
54 31 144
42 38 2580
44 14 404
5 38 916
52 2 2176
24 67 2196
40 26 516
32 7 4
67 40 2320
61 6 2448
26 47 916
24 21 2064
6 67 2960
37 60 4
68 2 272
70 16 260
64 62 532
32 32 2192
65 67 4
67 20 132
61 23 16
57 26 2176
57 68 2180
61 12 20
23 52 2836
68 64 2688
24 32 2196
30 30 2836
6 52 2452
15 58 2576
47 25 2192
62 40 2048
63 16 644
1 69 2960
52 51 2688
40 52 2196
50 30 2948
8 59 660
50 63 256
4 47 16
4 40 2960
52 12 528
61 11 16
10 16 2564
34 23 2192
26 53 2068
52 16 2948
18 6 2052
70 32 2308
35 47 2708
34 32 532
18 30 512
47 3 2564
8 47 2048
56 17 656
52 12 148
62 43 2820
46 22 2832
44 51 656
34 18 2196
32 1 912
9 19 2324
35 30 0
59 12 768
65 25 2832
38 11 2192
19 58 2832
19 1 2688
40 69 4
16 68 2832
22 64 768
54 42 4
53 21 128
34 52 16
66 58 2324
41 50 2304
38 42 2324
9 50 20
68 30 2820
24 2 16
1 26 276
27 13 404
34 29 2576
53 25 2576
26 46 2580
47 54 784
35 51 2688
70 52 2816
33 46 512
44 22 2052
31 1 20
39 65 788
64 70 644
57 61 916
37 25 388
17 2 2052
57 70 132
61 45 400
2 55 144
35 65 2436
12 70 144
46 4 2832
40 48 900
57 13 2564
33 64 2176
22 20 4
41 4 2580
69 52 384
70 70 2448
12 35 2820
8 20 512
11 15 896
50 42 2692
42 61 2560
53 47 384
21 45 660
45 36 2576
37 58 2820
38 15 768
16 24 2692
58 8 388
46 51 148
53 29 2704
31 19 2324
35 20 916
45 41 2436
6 5 896
37 21 2180
12 44 2692
25 25 2948
5 10 2052
1 13 20
30 1 2964
69 41 2820
60 26 2688
22 63 2948
34 66 2196
17 69 2832
59 10 2820
8 44 528
67 25 2688
54 6 788
68 5 2704
61 48 128
29 19 2052
25 30 2708
47 13 148
17 67 2832
40 28 2708
39 56 148
55 61 2436
30 41 528
31 36 2308
30 5 2816
53 12 2692
3 20 2580
70 13 660
36 7 256
26 62 2576
52 60 2048
51 65 144
58 36 272
21 53 2832
64 62 912
13 32 144
69 64 2304
16 2 2176
21 16 2820
53 36 2432
40 14 2960
60 67 260
53 56 128
19 32 20
22 58 2192
34 54 20
33 32 2816
18 24 2836
40 55 2048
34 24 388
5 20 2048
16 55 660
32 17 4
14 60 2068
9 35 2052
59 16 132
45 65 2816
9 63 656
66 16 788
31 20 2452
39 10 896
25 15 2052
24 53 404
50 67 2692
40 34 516
26 54 788
34 57 916
70 11 2692
48 1 384
49 4 20
68 62 256
68 59 916
40 56 4
19 30 384
62 68 2708
25 43 2692
24 55 256
51 43 640
27 57 2180
42 65 660
25 2 384
14 10 2452
17 4 2452
3 24 2704
37 62 2176
58 12 2564
31 17 912
17 60 528
40 22 404
31 26 912
25 55 644
8 6 2304
54 30 2832
24 7 2832
22 8 132
12 50 528
16 12 132
50 7 2692
60 61 132
68 41 768
1 20 16
64 65 2192
2 64 640
1 25 2180
25 26 2068
34 27 2320
63 58 2192
37 60 256
17 51 660
13 27 2576
42 16 644
57 18 2448
16 54 2948
31 3 772
41 37 2448
2 47 768
36 49 2064
15 19 2816
64 32 148
40 64 788
66 62 400
13 30 4
21 34 276
34 49 2688
39 35 2944
35 70 772
2 18 2304
3 13 388
26 21 2436
61 20 2064
28 41 916
6 4 516
35 49 2176
30 6 2192
19 39 2308
11 50 2176
19 45 644
1 11 2692
66 59 656
7 35 916
12 66 2576
48 63 4
3 58 528
29 61 2432
68 2 144
21 28 2180
12 50 276
50 29 2452
55 70 384
36 26 0
42 39 656
47 31 2304
56 62 2960
63 35 2704
18 6 2304
45 49 2704
13 9 148
51 5 2580
29 22 2960
10 10 916
57 38 260
20 32 2816
53 34 2960
39 41 516
20 30 388
45 61 900
53 20 512
6 34 132
43 18 2052
2 1 2944
48 11 400
38 9 2948
36 33 260
64 54 260
33 7 404
20 38 516
27 70 384
37 7 2944
25 34 2580
39 17 2832
39 27 2048
14 36 2816
22 32 2708
27 39 2564
68 14 2448
56 58 2708
33 51 2964
4 48 2820
46 10 2320
17 30 2580
70 60 2560
14 3 2948
63 4 2688
22 7 404
50 55 2820
29 50 384
32 10 2964
20 1 2436
5 6 660
27 11 2836
25 6 768
41 33 2308
12 6 2836
26 40 2064
65 59 656
27 60 656
55 53 788
20 8 148
37 2 2964
3 43 2836
46 20 640
53 54 2960
29 12 260
32 23 260
6 58 516
48 59 2180
6 17 2320
24 41 20
23 24 2176
46 7 2576
22 62 2320
25 62 2052
70 15 788
14 18 404
62 30 2832
31 5 2436
40 17 640
15 8 2580
51 42 656
14 58 772
9 7 384
59 8 2836
43 45 260
17 55 132
9 21 2692
33 15 2576
48 25 2692
49 40 2964
35 15 2452
25 31 2564
61 28 2320
19 1 640
23 4 2960
43 39 20
20 38 2832
46 48 4
5 57 912
57 23 2448
62 21 2192
62 13 2708
66 11 404
6 52 132
10 3 2064
26 43 2832
47 10 768
31 52 2064
63 29 388
6 22 640
69 52 2704
67 33 132
51 32 2436
29 43 144
18 23 2192
33 15 660
14 5 916
66 42 2324
11 50 404
69 40 916
5 63 2436
27 24 656
68 31 516
34 68 144
36 28 2560
31 3 2836
10 20 132
33 42 2064
53 23 144
13 33 916
13 2 2960
68 27 656
24 63 400
55 16 2436
21 57 2452
62 64 2944
46 12 404
8 65 132
54 2 2308
34 8 896
19 20 2564
61 8 2560
49 24 148
4 20 2564
1 61 784
27 59 400
16 59 2068
15 41 2948
3 54 2964
21 28 4
51 40 400
28 34 16
66 20 260
66 13 916
7 42 2708
39 26 0
56 27 768
38 5 404
59 11 2180
43 37 2816
42 16 656
48 9 640
31 39 2704
48 3 516
30 24 2560
15 69 2948
23 1 256
52 39 128
3 29 2708
69 45 788
43 26 2948
3 22 2704
53 28 16
17 3 132
26 31 388
12 6 2832
17 58 2836
62 38 2192
52 24 2688
53 24 20
10 1 20
33 60 148
43 51 896
25 3 2576
1 6 2816
25 44 644
43 69 2708
41 68 900
37 60 20
34 29 400
67 52 2580
43 53 2448
14 20 272
12 62 2432
62 1 644
51 36 784
53 7 2048
26 55 660
10 36 16
33 27 2816
38 50 272
3 10 784
54 23 912
47 5 912
2 42 400
37 67 2180
40 32 2576
39 22 644
49 55 2836
35 30 2196
50 14 2960
2 58 896
11 11 2304
45 58 900
10 53 388
49 57 916
43 21 132
54 8 272
11 37 20
14 27 2308
52 20 788
1 42 2048
24 16 2180
2 23 2960
65 49 2304
20 52 2308
70 49 2176
33 39 132
51 69 788
7 56 2580
53 9 16
48 23 516
25 48 772
60 63 2564
32 58 400
30 12 2192
17 31 2832
8 31 2688
68 38 788
6 27 2564
49 31 2192
9 13 132
29 66 2320
56 56 2448
38 12 132
22 50 516
34 34 2948
25 51 132
9 66 900
61 33 2192
19 51 2324
34 61 2452
41 64 388
57 4 660
33 13 272
56 48 0
40 2 644
34 50 532
14 46 2960
21 41 2692
67 43 2960
5 35 144
9 28 660
68 23 2432
69 34 2688
45 6 400
49 59 916
64 2 2432
54 46 2944
8 43 148
36 15 2560
2 35 2452
1 35 644
23 38 532
26 1 404
30 50 532
15 5 132
50 18 2432
62 40 2820
63 13 404
67 59 2304
10 49 640
49 60 4
59 5 512
54 9 2564
35 22 260
2 39 404
57 55 128
43 68 256
17 40 896
17 20 384
19 67 772
45 12 2944
3 39 656
48 61 256
58 8 784
9 28 2448
58 70 788
55 24 2964
47 28 516
16 4 2180
66 23 388
6 11 388
53 41 528
70 34 516
36 54 132
57 59 532
30 61 528
9 25 768
65 61 768
33 61 2564
67 5 772
12 37 148
63 26 2432
15 49 900
17 24 20
63 4 16
40 36 916
5 51 2692
20 66 144
19 24 516
70 40 276
20 57 148
28 1 2576
57 9 2564
58 60 656
43 18 2576
40 14 256
29 24 2688
40 33 512
64 2 2068
53 19 2068
34 65 2320
5 66 2196
65 50 2960
32 46 276
24 6 388
56 44 16
1 57 144
7 55 656
2 5 400
57 69 276
3 62 2964
70 56 516
67 1 2704
30 51 532
51 64 2068
57 63 2580
1 16 2708
1 3 2432
52 47 2320
9 30 768
9 27 2064
65 32 2048
69 35 2704
6 63 916
57 25 2948
9 27 400
64 59 400
32 48 2304
47 20 660
19 23 2816
52 29 2964
61 67 512
36 29 144
6 33 900
25 60 2052
58 7 788
36 14 132
18 35 2704
67 59 2576
41 20 276
69 46 404
10 47 2192
14 21 260
67 46 916
68 17 16
54 44 148
59 16 2576
28 63 768
69 25 2816
15 11 2052
38 49 768
29 43 404
17 11 2448
9 61 2432
70 46 912
12 10 2448
56 25 532
48 19 528
16 57 2068
15 56 2692
46 42 2196
50 14 916
19 57 644
43 11 528
5 26 2560
7 13 2432
63 24 2832
42 2 2432
53 55 2708
50 3 2448
40 50 0
50 23 2576
51 37 260
19 5 2192
56 12 644
17 58 2436
58 60 2052
42 15 2964
52 2 2052
44 51 2196
1 46 2560
62 48 272
37 39 896
5 32 2048
4 18 2068
10 12 0
66 37 2964
4 55 2068
58 6 2432
46 43 512
52 62 2944
24 14 660
31 38 272
5 13 640
65 37 788
48 6 272
61 22 404
13 18 532
5 28 660
14 30 260
55 46 644
63 59 384
2 42 2436
16 37 2068
18 19 276
29 13 2068
31 40 2308
66 53 144
18 70 772
66 60 144
30 69 2068
50 1 2308
13 50 2560
46 25 2324
29 28 2692
59 52 2704
31 39 916
38 8 2576
63 63 2576
34 38 20
69 70 512
13 8 2068
37 17 2196
60 60 2064
37 36 2688
20 19 2324
51 40 2180
33 42 2816
45 52 2436
49 14 2836
15 68 20
18 55 640
25 26 2816
24 60 912
14 10 660
19 52 2436
7 61 772
63 21 2816
52 25 0
50 70 144
19 39 2308
7 6 516
68 35 388
60 42 516
16 35 2324
61 48 16
54 8 772
51 49 2448
14 48 2308
10 55 644
51 42 2564
44 40 400
24 13 2960
42 54 2692
3 51 2308
38 44 132
37 2 2964
22 43 2820
22 63 2432
27 57 2580
52 5 2308
16 46 256
29 26 2820
5 35 2068
65 31 2064
34 47 2836
16 49 900
12 52 2064
30 53 2176
9 9 2064
35 13 656
61 65 2432
27 49 404
63 46 4
7 64 2816
47 9 516
56 6 16
54 69 2452
18 22 896
50 36 2196
6 46 384
10 56 2960
3 23 20
4 31 400
5 6 656
62 2 2068
70 21 516
41 15 2944
66 14 2948
66 60 4
41 43 2448
22 31 4
54 5 2432
10 2 2832
6 33 784
2 44 528
38 13 2708
4 33 2196
27 45 128
28 56 772
40 19 912
11 3 2068
38 38 2176
10 67 512
65 47 404
7 5 772
62 5 2560
45 57 2448
32 42 532
65 51 148
47 33 2820
53 10 256
23 41 276
19 22 2564
44 35 768
61 69 900
32 25 916
48 29 2960
40 64 16
39 26 512
2 52 912
12 30 256
48 56 2836
11 40 2564
9 52 400
32 28 896
14 9 0
24 3 656
52 7 900
55 50 528
16 39 660
27 42 528
26 47 916
11 24 148
4 11 272
59 63 916
63 55 132
25 56 384
65 1 2964
54 34 516
9 7 2692
1 13 2176
18 53 2560
31 16 788
11 10 2688
19 42 2176
27 44 128
6 38 4
66 63 656
38 22 528
49 41 256
32 13 16
24 64 2176
20 49 2448
46 28 2320
58 63 2304
50 34 144
2 4 2176
14 3 2944
24 37 528
22 34 2176
40 69 660
18 13 4
56 22 656
63 37 2432
6 1 2304
45 51 2708
44 14 2068
32 19 0
13 23 640
29 32 148
6 19 528
29 1 2432
15 61 916
20 47 2308
42 36 2576
14 17 2960
8 4 2048
6 53 2052
39 48 660
67 45 2308
4 14 900
56 15 2176
46 7 2324
59 68 512
34 17 2576
8 30 528
24 5 512
4 9 656
9 24 772
70 27 388
7 23 2324
37 49 916
58 68 2196
23 4 2176
61 69 2960
23 68 2436
32 56 20
17 33 512
28 21 2944
56 9 2688
42 68 2948
44 54 788
9 40 2176
29 40 2832
12 8 2180
42 27 2560
25 6 2948
60 5 2948
46 54 2820
57 11 2192
43 13 900
29 6 388
66 7 2564
60 31 2192
20 70 400
46 30 644
41 40 272
4 20 2688
12 25 2564
46 60 532
63 20 404
4 44 2180
13 41 2452
23 36 2308
13 56 656
35 46 132
27 29 644
43 49 2820
62 56 2960
30 48 2176
23 64 2836
5 12 2708
36 48 404
35 42 400
34 37 2180
10 5 2432
18 43 2436
57 24 896
58 11 4
25 70 2944
4 35 772
12 19 896
67 15 148
35 63 4
69 18 4
3 56 272
28 39 516
67 51 272
46 42 2560
46 69 2320
39 20 656
41 26 2564
51 21 272
56 37 2964
25 37 2048
67 33 532
40 23 148
50 9 2192
62 57 388
51 11 2304
26 54 2432
48 6 2704
45 15 148
21 48 768
61 58 256
63 23 256
50 10 2692
62 30 276
35 59 2704
5 9 2692
52 38 148
39 45 4
23 42 2192
19 28 2308
59 67 640
70 46 660
22 66 272
68 17 2836
36 59 2816
47 61 640
63 18 144
49 13 388
46 15 528
34 36 2448
8 53 144
43 19 2960
46 41 2704
7 11 256
66 19 2708
15 4 2192
9 7 20
12 22 788
7 55 532
14 68 2704
30 52 912
9 30 772
60 44 2816
35 64 656
10 35 2304
17 37 2180
14 45 2068
64 23 2964
8 66 2448
28 46 272
66 12 2064
13 4 400
57 26 400
3 56 2196
34 32 660
14 68 148
52 15 656
14 57 656
27 9 404
37 48 2816
49 46 2304
6 16 788
10 34 2064
14 59 272
9 55 2580
67 3 2192
34 65 260
63 13 2436
44 55 272
64 11 2708
46 17 2176
18 26 2324
57 42 2704
16 7 2692
68 56 660
42 16 388
18 50 4
26 18 2320
38 11 788
70 16 384
50 45 2836
23 30 900
46 37 532
15 36 2944
27 17 2320
68 31 0
18 11 912
62 1 2832
12 10 16
27 16 2064
8 8 2704
32 70 2324
56 57 2048
42 57 644
55 8 896
50 33 256
3 59 2324
4 62 644
38 34 896
4 46 2048
42 4 2708
24 44 516
22 70 400
19 68 2708
66 24 532
68 64 400
13 70 656
3 24 2692
15 48 4
10 9 132
35 62 516
27 49 2320
43 61 384
4 28 4
34 51 2052
69 51 2320
39 23 404
9 22 528
52 55 256
33 20 900
44 5 148
29 36 0
53 4 2688
3 8 2192
4 30 276
8 28 260
68 15 512
29 59 528
9 38 2576
51 39 784
56 58 2836
9 43 16
27 66 276
26 39 656
4 64 260
25 47 660
51 44 2068
21 70 272
56 13 768
13 31 912
32 15 2832
42 14 512
70 35 788
35 48 256
45 8 896
34 41 384
11 17 144
30 53 784
8 7 912
6 43 640
60 3 2692
3 56 2432
3 41 144
50 20 2320
4 21 256
8 54 132
68 50 2064
31 28 384
4 11 788
3 47 2708
61 28 2436
35 3 660
2 49 256
40 14 404
68 50 2432
13 52 20
32 40 132
18 62 2048
6 65 2576
39 35 2180
51 47 2436
9 17 644
33 38 2948
21 49 2960
58 44 128
16 12 2832
36 50 2452
36 6 148
21 8 0
46 7 2964
39 27 2064
61 58 2704
57 51 272
18 48 2944
51 25 2832
28 56 660
23 20 2068
21 65 2708
23 1 644
28 33 2176
44 54 772
58 29 132
23 45 388
70 1 528
69 63 404
62 20 896
23 49 2964
39 14 2820
41 41 2832
35 46 656
40 5 2580
29 12 2448
10 29 640
37 64 144
20 20 2192
9 2 272
42 62 516
52 38 2704
4 13 660
18 29 2576
2 32 132
52 19 2068
19 35 2948
40 46 656
22 3 912
32 12 900
48 60 132
33 47 2432
38 41 2052
69 57 2048
40 12 2176
37 16 2064
67 38 2948
3 13 2052
62 29 260
22 43 2452
37 6 660
26 15 2192
33 52 2452
3 42 900
19 34 276
9 69 2320
49 67 532
24 53 2964
17 55 2820
23 54 916
63 31 772
41 10 4
30 16 20
42 45 256
43 38 2320
47 41 2576
44 30 768
1 31 532
26 56 2052
5 21 132
45 59 916
3 58 2304
41 22 2688
27 24 2048
8 69 2816
33 44 144
62 49 656
55 7 388
23 27 2308
59 31 912
64 5 2432
13 46 2068
24 51 148
45 35 2324
3 20 784
10 29 2836
32 60 660
51 41 2944
40 37 784
70 28 388
69 62 2436
59 10 640
68 42 2324
43 62 144
29 45 2304
5 57 532
14 68 2832
7 56 2180
36 45 2176
7 51 2944
29 41 388
60 65 128
41 10 2816
19 34 2304
10 14 2564
46 1 20
29 58 132
66 30 768
12 13 2816
9 17 2708
68 21 144
30 66 2692
70 37 644
50 25 528
68 27 644
30 6 2820
62 15 132
44 11 2704
61 56 2308
9 58 2688
47 24 772
31 63 2324
2 12 516
36 70 404
24 39 912
14 58 148
27 24 896
59 68 912
8 42 912
46 19 276
57 67 2304
12 54 916
60 2 772
57 63 660
5 64 2944
57 69 656
48 17 896
42 23 2948
7 55 768
32 17 2708
1 45 788
15 19 2948
28 4 2068
11 22 788
12 52 512
25 39 788
68 49 2704
49 6 768
41 68 2048
19 3 388
26 6 2304
63 3 2832
40 57 128
68 69 532
14 62 2836
53 67 644
49 19 20
10 57 20
26 59 2960
46 65 768
8 33 772
49 9 20
58 29 900
52 40 20
29 30 2192
63 39 2688
40 39 788
9 50 2068
23 11 660
4 8 2832
11 66 2436
24 34 896
57 62 2324
56 21 2692
70 39 2064
53 51 2836
51 23 900
16 59 2068
48 45 256
65 12 2432
51 21 532
33 17 2708
44 1 2944
70 6 660
56 70 2308
56 48 2180
50 70 2196
41 32 2196
27 25 276
59 42 2576
36 31 2324
41 9 2452
59 18 2320
11 6 784
27 47 2960
16 4 2308
30 69 16
52 11 2176
41 3 2068
65 42 132
37 14 2452
54 10 2192
47 65 772
40 37 2820
5 69 2196
16 27 400
25 32 2324
65 4 2580
15 38 532
31 38 2064
11 33 148
68 58 2320
25 12 2816
4 68 916
57 2 516
37 6 144
19 56 4
15 52 656
44 15 2704
10 39 640
70 10 772
56 69 2816
5 14 2964
42 30 2196
19 21 2304
15 8 2176
60 50 900
4 45 2180
2 35 768
38 67 400
56 56 404
6 65 896
32 67 2948
18 58 900
58 38 400
3 63 132
18 14 768
48 8 896
15 66 2704
31 59 2304
28 48 2964
34 43 2048
29 49 532
24 27 272
26 3 2688
52 40 528
57 64 528
21 15 916
16 64 2052
60 23 404
64 68 2816
22 39 784
28 60 768
60 7 512
56 33 0
30 24 4
42 16 272
58 38 528
12 12 16
36 6 640
2 56 144
37 42 2692
13 47 400
35 54 2304
3 20 2176
21 37 2580
20 53 2176
45 25 16
13 37 916
53 2 644
62 5 0
21 42 2176
4 65 2576
59 23 2836
44 58 768
63 31 916
11 19 2688
21 37 0
14 5 4
49 64 132
19 47 512
29 64 0
20 33 4
44 17 2064
14 33 516
27 66 2324
57 53 0
4 36 784
9 38 2068
30 11 388
1 66 2304
56 17 2704
55 60 2816
30 44 656
4 70 0
45 58 2196
6 36 2196
59 12 2692
11 64 640
36 20 656
51 36 404
64 33 2704
17 28 2560
13 3 2436
11 42 2960
54 66 144
35 28 128
50 41 512
11 15 896
57 23 640
29 22 404
20 68 2432
61 33 512
9 35 656
5 66 640
49 62 2820
41 56 532
21 68 2432
67 66 2964
64 4 260
45 40 2452
47 3 788
56 54 2064
52 70 2180
32 12 2708
14 37 528
1 16 256
6 28 384
62 32 644
38 16 2176
12 62 2308
31 27 532
62 58 400
29 44 400
25 36 2304
15 55 2960
12 50 20
35 66 896
39 67 2964
55 11 400
17 3 2836
45 10 900
4 22 2048
7 45 2324
15 34 4
25 11 2964
3 27 0
46 9 2708
38 39 2432
34 32 2064
69 12 2688
47 51 2944
11 51 912
26 54 2324
38 4 2816
31 8 2816
62 2 2816
65 62 2436
38 31 2448
48 66 128
69 16 256
49 31 2320
56 30 788
34 22 768
25 4 2692
49 33 2688
39 16 2692
6 15 388
12 65 400
4 58 916
7 29 768
4 1 2816
55 3 20
8 42 2948
69 24 528
52 70 640
50 28 132
18 63 2704
68 61 2944
14 60 2832
23 3 400
9 22 640
69 57 2580
26 47 2688
59 35 784
26 14 640
36 26 2960
22 53 20
8 23 516
9 64 640
69 38 2180
15 19 900
28 47 532
27 56 2192
58 45 2432
55 21 784
16 26 2052
61 5 532
52 56 128
70 62 4
41 9 2192
46 12 132
43 67 256
30 59 4
10 36 656
9 43 2320
31 70 2820
22 45 2560
30 62 2176
6 66 784
31 63 2432
20 53 384
55 51 2944
5 50 2964
1 69 2836
14 29 2964
18 34 2064
41 34 2452
60 15 516
24 40 512
38 23 656
5 51 2452
41 35 2564
24 49 2192
9 46 788
10 51 2192
38 58 2320
41 19 148
15 51 2064
35 66 2704
65 22 2324
2 2 512
64 32 2708
54 54 2180
62 1 644
25 37 404
70 68 20
12 41 384
62 38 2704
69 28 772
52 30 2580
69 47 2448
60 22 900
30 58 2564
4 24 276
54 49 2832
26 54 0
23 42 276
22 2 896
57 45 132
48 30 772
36 62 2960
41 55 2176
37 51 512
68 46 2064
2 32 2692
25 66 2708
61 62 2816
42 36 400
7 15 0
17 4 148
46 4 388
14 68 660
67 4 528
64 42 2816
21 11 2820
58 1 644
35 27 2304
54 3 768
11 35 2960
7 55 784
10 62 640
69 16 2324
11 5 2052
3 12 256
21 52 148
42 37 2964
50 34 2964
29 64 400
21 7 2564
4 8 0
65 53 2708
23 7 2688
33 61 900
41 39 2820
12 7 2560
49 36 148
54 26 2948
28 46 2964
35 29 2304
42 64 128
58 11 2708
56 52 384
18 20 2304
35 4 2068
8 20 2964
4 32 16
39 5 2436
23 6 512
34 17 2304
32 45 2068
25 5 2948
15 40 656
30 61 400
49 1 2836
44 46 512
43 49 516
30 31 900
28 49 2692
64 50 532
5 14 388
52 63 2960
30 24 2320
23 9 404
68 45 2192
26 42 2564
54 16 2176
27 62 788
30 66 2944
48 39 516
22 49 2944
53 67 2180
13 70 2308
70 6 528
8 30 2052
11 2 272
50 52 2832
11 28 2576
23 12 2704
67 3 2052
7 6 128
1 16 148
42 3 148
61 56 896
21 60 916
40 9 2964
47 28 2324
59 4 912
24 16 128
33 50 784
68 51 900
63 26 388
38 21 2196
15 52 2692
26 33 2048
61 45 2948
26 45 404
62 36 2192
43 41 768
50 22 2832
51 16 4
50 6 4
37 48 2580
29 27 2436
14 62 2180
26 45 132
43 33 4
26 49 128
2 1 16
29 11 2564
57 32 2688
40 21 2180
61 34 528
48 7 2832
26 70 768
19 42 2436
41 24 148
4 63 2960
50 14 660
9 18 912
36 66 2688
13 45 276
58 35 384
28 15 2048
66 24 128
34 44 2192
31 54 384
21 39 2944
51 7 2064
61 15 272
3 70 404
20 16 148
26 21 2180
58 17 2692
67 66 2048
21 61 2320
48 13 2944
33 50 2564
56 23 768
65 40 2948
38 6 144
54 22 2948
23 31 132
56 67 2176
9 14 912
40 34 900
21 4 768
62 19 656
52 58 2320
44 27 2692
25 65 2948
5 56 2816
56 63 2192
12 48 2564
35 60 2948
61 58 656
38 39 260
67 9 2320
15 69 2304
21 58 260
42 46 532
52 62 532
32 45 2560
37 40 384
46 23 400
14 24 2196
5 2 2192
50 5 2432
67 2 2576
4 24 128
45 57 660
8 62 2324
53 24 128
7 28 2704
24 37 4
18 14 916
56 30 2452
26 1 2068
41 38 404
3 26 2564
64 36 788
22 27 256
47 6 788
56 10 640
8 37 532
62 38 2308
59 67 2180
6 38 4
15 70 384
42 10 784
56 46 2452
28 25 260
34 61 132
66 55 784
66 19 2068
9 24 2452
68 53 2580
66 67 4
52 36 2832
26 30 2196
55 55 2304
7 21 276
65 39 900
46 67 404
51 34 2432
42 61 2820
55 2 4
34 62 640
36 57 516
34 39 660
25 20 2448
35 51 772
46 30 2836
7 41 516
35 25 2688
33 21 2196
41 61 784
4 59 784
59 24 784
41 1 2176
23 19 2432
47 22 2704
5 64 404
49 50 660
37 70 2832
24 33 912
62 28 512
2 47 20
22 66 16
18 44 256
14 27 644
67 14 644
60 6 2820
31 52 148
40 4 2048
25 35 2320
46 23 2436
5 35 2832
8 6 2048
70 32 20
22 17 388
57 19 2576
27 57 2948
22 4 2308
35 3 512
53 52 2048
40 9 256
38 15 2564
51 14 2192
2 25 2064
2 43 148
53 12 2836
34 31 660
17 37 400
41 42 0
31 33 2324
5 27 2068
51 13 260
43 50 2564
66 67 2576
16 40 2944
56 46 2564
39 57 2324
14 24 640
32 22 2692
12 15 2688
23 25 900
70 49 644
26 11 528
55 45 2452
43 20 784
52 31 400
11 50 2064
9 19 532
17 60 2960
57 51 2704
24 20 2688
52 45 2820
5 35 768
16 3 2304
45 7 2688
13 16 2180
50 60 532
20 53 2832
62 58 384
65 52 660
41 28 2576
23 42 512
49 41 512
30 56 900
23 17 2576
9 20 2836
16 49 768
52 8 2304
52 53 2964
70 69 2564
23 18 144
41 7 2064
47 8 2580
68 20 2436
46 63 2180
29 4 400
2 19 2564
29 9 2948
14 48 2836
69 13 16
49 34 2176
17 4 532
66 19 2048
67 67 384
48 38 2688
48 14 260
42 21 2196
9 11 516
46 61 916
58 5 276
16 32 2704
1 61 2580
65 64 2580
40 8 260
59 50 916
21 8 2180
10 45 656
36 32 2436
30 25 896
58 9 900
46 16 2304
25 15 2176
36 10 2576
1 9 2688
62 15 0
52 60 2820
59 59 2324
59 39 788
46 17 260
19 66 2192
1 12 532
59 70 2448
16 32 272
28 17 2436
56 3 256
44 20 772
1 16 2452
15 7 2064
56 25 2708
37 38 400
61 50 404
70 60 0
1 38 2452
46 20 768
69 43 912
2 67 260
21 24 528
13 69 532
2 20 640
2 11 768
42 4 0
45 37 2064
15 21 512
67 18 2432
55 48 0
55 67 912
4 39 2576
26 58 2324
25 48 2048
61 25 400
12 33 2196
65 63 656
53 9 2324
1 29 2048
18 57 2580
42 54 2308
36 23 2308
5 13 900
48 52 2948
1 67 656
6 16 640
