70 2000
|^^^^&^|||&^
22 16 49
26 23 2
52 55 23
20 28 162
44 49 956
56 60 1
17 40 92
8 57 1
69 17 2
23 62 9
63 68 17
20 5 910
41 29 402
67 33 244
37 59 92
20 51 39
21 61 4078
10 47 153
32 49 1
10 55 3
40 17 3
50 7 30
13 46 56
20 1 0
3 26 0
69 60 67
66 59 169
21 63 1
11 34 3
44 68 2264
32 36 114
12 15 0
2 49 548
42 51 106
52 17 1894
47 2 463
19 3 31
1 13 1095
34 27 67
62 12 49
6 6 44
39 24 11
37 33 1607
61 45 10
4 13 1
26 33 151
8 21 138
9 53 4
2 25 1
46 56 12
67 8 0
67 10 2
20 56 6
4 67 4
43 44 619
21 6 253
4 31 2948
50 3 107
45 41 0
17 34 544
1 27 225
4 32 431
29 64 249
4 47 66
38 9 93
19 9 2
58 25 1
39 21 0
23 57 0
26 21 1
15 11 1579
30 12 12
26 63 1430
49 5 75
27 20 90
10 15 880
40 3 2392
29 24 2682
14 12 1
60 60 24
35 31 51
57 28 121
24 18 87
64 66 3
14 26 0
25 31 204
9 28 196
8 25 79
63 24 104
29 59 31
32 30 5
16 2 249
9 29 60
6 46 0
51 57 7
56 19 92
53 32 2007
26 28 48
43 25 15
62 13 2
42 44 24
9 59 229
54 12 17
45 9 105
46 18 82
32 31 8
25 42 1977
36 52 172
16 70 2421
47 70 25
62 70 2
12 23 250
51 66 11
5 18 28
27 12 24
6 11 840
56 41 6
44 39 198
46 34 1
5 69 404
9 68 235
2 25 0
51 39 0
2 51 383
62 47 773
41 7 457
33 28 915
57 23 285
50 10 528
36 20 380
67 20 7
13 40 44
59 32 242
24 69 339
52 42 244
70 30 39
52 16 5
30 66 291
43 27 74
1 27 7
62 29 0
54 26 15
19 67 13
21 20 253
48 66 2
37 25 105
49 13 0
61 37 0
18 25 7
16 34 12
41 15 1
20 54 234
48 26 10
34 48 2
31 61 41
63 58 38
39 30 339
23 10 0
57 8 14
70 14 1
50 25 6
63 66 8
22 54 7
45 34 2
16 50 1
56 16 7
41 9 115
45 14 22
47 5 1
39 32 2
44 15 1
26 41 3619
41 59 162
34 4 1
6 30 1
31 11 383
46 12 270
42 4 184
38 27 15
23 35 97
34 66 4
48 59 82
44 18 0
40 61 0
12 39 6
50 66 84
26 8 2775
69 50 239
24 8 25
56 52 4
2 22 0
38 2 53
49 23 415
15 42 739
60 12 35
35 39 0
53 8 29
27 60 1
11 66 8
3 38 98
12 11 3724
18 69 200
59 32 3
23 13 3938
55 20 14
37 3 14
11 34 1116
21 38 116
10 9 1
1 2 668
5 34 28
21 8 1
56 48 0
17 46 1329
32 20 4
50 36 79
67 50 2
29 70 21
51 5 33
46 2 313
42 6 927
58 57 352
34 34 270
69 47 3
38 15 11
35 37 262
30 41 833
39 3 26
31 41 83
49 34 522
55 44 15
17 65 0
7 34 876
56 34 26
3 48 27
14 36 0
39 58 0
32 24 548
65 9 1
13 17 1
58 49 6
13 1 0
70 65 621
31 10 276
67 52 235
17 18 274
35 13 33
13 66 58
11 48 1551
32 1 1
56 41 0
31 69 252
4 17 388
15 69 65
19 11 0
69 9 0
22 16 59
27 27 22
25 42 889
63 44 347
33 47 756
50 46 10
33 63 46
31 24 9
11 10 52
2 33 4
4 16 8
24 19 7
16 16 2
13 38 1
4 14 771
2 22 586
67 9 20
7 58 49
3 65 10
65 65 85
52 8 28
24 48 7
5 1 142
11 66 15
53 42 1
5 35 54
1 7 0
40 16 29
14 37 19
54 32 1
18 23 3
4 6 864
50 50 1
38 28 0
12 50 0
39 66 5
33 1 2
25 63 4
7 69 1
51 7 0
32 4 111
59 2 793
7 27 1
12 67 9
37 13 9
34 53 30
20 10 132
62 8 2
30 10 565
36 59 2778
67 41 3219
15 27 8
5 50 1854
70 38 13
69 38 2834
38 20 1136
22 40 3846
1 60 15
24 10 551
51 70 2109
40 58 186
67 57 7
14 39 0
12 66 3088
22 47 25
33 35 911
50 12 0
16 26 22
59 6 105
10 21 1248
41 48 4
66 65 161
66 13 3
55 45 0
69 54 16
20 70 4
54 64 3
21 32 2164
20 53 10
28 42 879
32 12 8
44 27 7
1 63 6
37 68 0
4 12 135
39 5 1008
47 48 1032
62 5 7
69 14 680
14 63 0
45 33 57
50 23 260
36 5 89
8 23 1
13 5 484
1 6 9
64 19 0
41 33 39
5 42 1
60 8 1010
23 36 1
64 65 29
7 13 1
34 49 424
44 39 729
13 39 1
63 43 94
64 19 1217
28 69 14
17 47 45
66 54 5
36 64 1456
17 54 340
37 70 1
44 48 3
19 34 7
52 62 3
68 41 75
19 48 1
62 8 32
9 13 15
28 12 3
12 54 10
63 5 2
57 11 0
27 55 1390
70 41 11
65 23 16
45 8 3611
23 54 5
31 43 85
16 51 230
68 49 75
62 69 49
26 27 456
50 43 251
34 44 610
7 23 1850
46 23 2
55 34 5
56 42 953
10 28 4
70 13 2006
66 20 202
21 43 364
14 44 0
25 65 19
68 52 340
63 9 60
12 17 85
65 42 307
32 3 2095
34 15 0
44 12 22
35 43 6
27 5 112
9 33 213
44 69 509
40 21 1
12 62 3
42 54 1552
44 14 9
17 39 0
20 28 77
67 38 1494
23 19 2
25 8 1920
69 41 0
60 29 5
8 16 1827
1 6 1230
28 62 3
65 60 200
28 34 29
43 38 0
55 23 103
2 29 13
63 36 1711
18 41 0
33 66 93
6 38 1
48 2 69
39 18 224
50 24 4
18 6 938
11 46 30
43 30 61
17 56 776
49 19 2
23 45 1
34 67 4
4 56 121
49 3 2
12 41 1093
24 52 19
4 30 340
24 8 2
7 3 0
39 55 1203
70 11 46
26 32 2
64 59 17
56 12 321
15 50 1704
13 8 1543
43 39 0
3 29 1
51 7 160
43 53 170
33 48 0
8 13 7
45 55 7
37 17 0
8 9 37
48 14 0
21 67 1
11 68 14
5 51 6
39 31 246
1 32 865
61 2 225
43 17 15
23 43 0
15 9 3
42 33 58
33 4 3
46 43 197
31 64 71
36 30 160
34 18 1
56 65 1246
4 50 11
60 22 3953
63 60 44
50 41 0
18 36 9
35 70 11
61 25 457
21 27 21
69 57 57
57 11 76
8 18 1601
31 28 67
31 61 13
28 47 2
48 18 1
44 38 2884
40 3 1
50 66 6
53 37 847
62 2 78
2 54 976
45 40 1124
19 30 16
6 6 6
2 40 78
15 14 590
43 53 68
1 49 3592
31 3 204
59 60 1
50 50 2
1 66 1
17 19 7
12 37 20
52 19 386
33 15 3
55 63 30
36 2 73
41 48 109
27 13 85
69 3 3981
54 39 30
12 14 1
58 13 1
9 45 8
45 63 1
3 63 10
68 4 51
33 61 1
23 20 2
9 24 0
2 28 13
69 39 31
26 33 1
4 50 14
56 50 0
48 3 33
56 44 1
70 40 1605
64 63 128
24 39 1108
19 32 19
13 31 754
16 28 2
15 35 22
7 58 1
57 45 994
62 10 3926
9 55 370
38 45 8
67 57 1079
60 14 224
28 3 433
53 47 214
53 46 1489
37 10 509
25 70 23
8 45 435
45 45 0
17 10 16
55 49 109
13 27 15
28 4 7
40 42 341
38 70 0
40 68 64
40 47 9
45 2 0
17 9 4
58 30 27
45 18 4
28 32 316
13 37 1
64 36 5
63 13 65
44 45 602
70 36 96
3 4 20
24 54 1
47 70 1550
7 62 43
54 60 4
24 52 1565
12 20 1561
19 67 11
67 58 8
43 9 660
13 5 4
4 16 10
10 13 1958
28 35 1
4 62 0
11 55 118
41 60 0
59 20 2
12 6 2
9 57 40
36 62 119
4 10 271
31 22 798
24 13 52
67 19 98
3 7 2
69 19 2252
40 51 0
46 44 0
25 52 255
20 43 122
67 66 2
47 44 63
4 3 237
25 62 1
17 62 37
26 60 1
44 13 6
36 41 16
26 34 0
34 29 48
23 5 311
25 31 5
42 57 69
29 68 0
10 57 183
42 47 56
69 35 29
17 61 0
44 1 69
45 66 1
58 52 80
62 47 25
21 45 48
57 31 31
22 33 1946
3 40 148
5 17 0
41 68 1
60 10 2
51 52 10
2 20 305
51 13 1
8 65 7
11 17 183
22 40 148
10 41 997
15 55 1446
58 33 205
11 9 22
23 24 1
10 37 23
33 51 105
37 42 777
61 11 61
46 7 1093
25 5 60
37 62 4
16 46 51
60 44 13
65 39 1
43 58 323
3 52 15
30 31 405
3 2 2015
11 53 2403
49 39 3
46 17 13
39 6 30
26 27 1968
31 20 91
57 31 3
42 4 707
9 26 2
48 18 14
16 51 0
16 19 1161
5 5 261
62 37 367
7 57 292
54 21 87
33 17 21
54 22 1
19 55 0
20 16 0
29 10 0
12 65 1
48 63 204
56 45 79
42 33 1
29 23 247
22 5 27
45 1 434
33 50 1
57 25 21
58 43 170
8 44 48
9 20 133
66 45 1096
37 69 133
41 8 16
60 4 323
22 51 3
51 51 1007
46 70 0
21 57 7
15 43 24
1 7 0
70 60 2
24 47 804
69 16 3
16 12 3124
36 57 0
27 17 1
46 39 13
51 25 46
65 11 1
34 15 31
59 58 3
39 18 0
45 25 18
18 18 17
59 67 14
28 45 18
4 22 820
9 5 2
12 28 32
2 55 27
2 66 22
54 16 1
67 37 2
14 37 0
37 28 372
68 50 1
27 29 16
57 31 434
25 59 0
39 60 7
68 9 31
19 60 0
50 54 423
63 58 4
20 53 9
66 31 23
44 66 5
58 22 5
43 49 21
37 38 1634
70 44 862
55 23 494
61 38 1806
29 70 84
55 34 300
63 29 4081
6 51 1
25 54 646
50 51 184
1 63 3
7 11 8
61 53 0
67 11 524
27 28 1
42 65 7
66 46 16
9 46 1819
64 5 61
61 26 96
21 47 33
11 12 48
41 45 1
51 69 4
5 4 506
5 12 57
26 60 116
49 65 1727
65 14 251
65 36 1
17 14 1
14 26 4
67 11 11
11 15 494
40 64 945
25 44 12
29 67 52
6 7 47
10 9 109
37 26 1
14 62 50
18 45 377
49 32 23
8 48 2
26 35 3
43 19 14
10 8 80
59 65 61
63 53 21
69 38 1971
54 11 147
53 9 1
8 24 28
15 69 3
2 18 0
69 48 118
63 25 143
29 5 239
55 47 73
25 21 1066
17 29 105
13 9 14
25 67 360
21 7 0
28 22 2275
63 52 0
7 64 0
36 10 435
48 62 88
64 49 3
26 50 2
10 25 243
37 11 38
56 33 23
42 37 32
49 55 868
60 33 15
53 14 15
49 12 1316
6 61 3
47 58 7
42 44 53
38 33 1924
26 3 24
10 29 2
68 16 3
19 62 14
15 16 607
56 17 0
54 2 8
58 62 17
29 70 1898
49 46 0
38 6 0
42 54 117
41 13 70
7 3 3365
45 51 20
4 68 6
50 69 28
23 9 5
17 34 1188
13 45 129
66 30 0
46 63 172
48 39 29
27 36 74
26 23 120
5 31 60
29 28 3
46 4 222
54 37 868
9 48 6
68 9 13
23 50 13
67 31 25
58 57 29
29 15 11
4 38 202
36 31 10
26 31 3249
63 7 501
13 8 381
11 64 3187
55 47 0
23 47 8
27 37 16
1 11 11
20 44 13
56 67 72
21 66 19
50 1 2
53 27 7
14 56 37
40 15 13
18 55 3
26 56 209
27 63 1210
64 6 5
24 16 62
42 13 5
24 3 483
42 66 306
66 18 11
8 4 59
68 39 1854
59 21 538
14 60 158
4 69 6
56 8 2
14 20 2
17 20 0
38 55 7
11 63 1918
69 26 5
22 4 1
47 43 1
28 15 183
35 70 176
61 10 2
14 19 154
40 67 0
13 56 3
42 31 2185
31 35 8
50 14 243
63 14 1
30 11 2396
11 50 4
51 51 2204
17 3 883
58 66 10
7 26 32
57 3 1171
10 66 1
69 63 2
27 19 485
40 37 117
58 18 0
55 20 31
25 39 493
43 48 583
34 18 22
10 64 1966
58 26 1085
3 24 35
61 31 733
33 52 8
58 41 116
43 68 0
10 59 38
3 48 70
20 29 189
36 14 492
48 42 4
61 31 2
20 40 14
21 57 1
36 40 239
41 48 5
25 61 12
33 41 1826
22 34 55
57 13 4022
54 19 3153
70 45 18
24 54 29
46 59 3
46 63 108
61 11 7
53 26 804
41 20 5
13 45 37
57 29 2377
42 30 6
1 37 13
48 43 3
60 17 12
35 65 25
35 43 15
65 37 0
17 70 2
4 67 2
8 61 160
47 56 356
54 26 7
1 57 124
46 18 436
69 14 120
52 41 0
35 61 2
18 18 19
32 8 93
6 57 469
64 45 1872
6 27 53
62 40 0
30 65 254
62 20 40
41 42 6
35 52 3658
20 41 3
22 48 11
45 68 1
39 11 55
18 56 982
44 30 0
14 30 31
50 51 57
41 15 2
49 20 28
40 16 65
12 13 580
16 29 0
22 54 12
54 20 204
66 59 3833
40 42 60
30 56 44
44 33 327
48 67 7
18 24 8
34 27 102
47 52 69
26 16 60
67 32 7
40 9 175
58 56 751
13 7 1
5 25 504
17 8 36
69 65 1
29 10 7
23 36 1
9 46 1
25 62 0
41 58 1417
41 32 1
65 57 51
46 53 0
46 63 477
60 41 5
7 25 82
2 25 1
9 7 854
58 50 303
50 20 22
4 41 207
41 2 3337
41 37 649
44 50 22
14 35 591
22 15 6
61 8 17
29 4 2670
3 35 3
22 67 2414
21 28 7
26 13 1
49 53 116
22 8 1553
53 50 17
37 34 1866
16 46 4
23 61 471
42 17 27
23 16 3217
70 22 378
55 3 0
10 41 53
46 39 17
16 33 63
14 19 78
54 67 154
18 35 940
41 69 1556
67 20 211
3 40 4
1 63 173
21 21 2
22 43 6
65 58 216
7 68 1762
32 58 9
58 55 19
52 49 337
24 28 14
67 70 112
12 57 530
5 37 3
34 22 1648
47 16 3
2 59 2024
55 62 37
1 23 328
65 4 22
15 32 7
60 26 1537
32 51 1
57 54 151
6 51 27
60 65 11
63 39 10
46 53 4
49 37 199
4 47 123
24 38 38
17 35 241
68 24 1
58 38 7
40 47 63
40 47 3
35 25 2
29 39 462
16 21 4
52 62 3
25 4 6
55 56 1
57 61 7
44 28 123
14 59 1964
28 3 50
40 62 1
39 35 1
51 33 441
23 21 17
28 13 0
2 21 0
56 58 34
7 17 573
44 24 1205
16 49 83
9 34 3
70 14 312
6 19 5
25 3 117
53 23 1
26 60 6
1 38 448
9 55 2817
15 6 0
24 31 78
40 62 284
22 63 22
3 52 204
24 28 914
14 58 1472
5 13 26
60 66 62
39 48 24
62 58 604
10 53 136
37 37 10
50 69 50
9 36 26
66 7 13
28 29 486
65 54 0
27 22 22
37 45 2845
44 37 660
10 70 122
60 69 9
35 53 293
20 20 0
39 32 365
6 4 1582
34 66 15
28 70 1
67 6 73
62 7 140
16 56 120
22 35 3
36 20 1
1 42 780
6 14 3
19 50 12
13 39 50
15 40 76
56 55 524
70 39 1
54 66 229
45 15 113
49 54 2
35 48 34
16 31 2
61 23 2
9 42 2046
2 60 8
19 20 50
46 10 332
34 66 53
2 48 9
9 59 6
33 3 50
28 64 16
36 29 57
44 31 0
4 34 1
15 57 5
30 54 10
49 44 9
57 43 72
7 25 676
70 61 0
29 11 288
14 62 18
22 3 0
42 3 1
12 24 14
39 44 215
65 31 1
34 7 1947
53 37 4
50 25 267
8 57 25
24 53 150
9 27 22
48 49 7
58 53 139
22 14 370
49 8 74
38 69 125
23 15 5
29 22 2886
38 4 16
39 57 484
37 38 12
55 51 0
70 44 2091
68 56 2581
36 41 3
16 37 389
50 29 28
62 61 43
60 66 44
7 16 2623
69 48 2
28 26 6
46 45 398
63 30 1
62 13 264
18 55 7
51 65 138
24 56 27
19 37 1960
59 54 30
65 63 140
19 42 8
43 55 2
37 19 349
11 4 46
21 19 5
7 37 924
1 18 1
23 19 0
28 4 11
43 8 2109
25 65 376
12 50 0
53 54 6
14 16 265
30 38 379
15 42 27
64 62 1453
10 13 53
32 68 1
28 53 26
18 8 15
53 19 2695
59 29 251
48 60 52
20 27 445
13 45 27
10 48 1
58 33 0
16 21 28
17 19 0
29 25 41
52 8 1
43 24 17
22 19 974
4 1 1
4 14 568
19 7 0
63 1 1914
58 56 1082
23 68 27
16 34 3
36 20 13
26 62 90
63 33 1
8 48 87
58 24 2
37 44 694
25 51 81
11 55 4087
11 37 6
58 23 49
44 18 1
57 63 0
65 54 9
25 17 27
64 14 195
8 13 26
46 65 8
14 32 18
50 5 4
62 50 0
51 67 905
12 57 500
4 39 9
44 7 277
58 61 0
31 25 161
55 67 2
40 50 4
16 64 54
55 59 34
15 25 12
6 30 164
12 33 3
41 65 0
23 7 0
48 55 27
46 15 0
51 21 68
22 53 2206
52 4 870
30 22 383
62 56 310
63 39 129
42 70 0
14 30 391
17 25 1514
17 13 296
16 66 2
60 12 5
68 65 4
68 16 103
53 60 3
2 55 1604
38 18 94
67 55 65
31 50 323
16 54 2
61 32 1540
57 49 23
60 17 1
10 55 1
40 40 208
39 45 512
68 32 742
4 53 1
12 54 1
47 31 9
19 57 1909
32 3 49
50 3 7
4 28 37
69 58 148
49 16 2
32 6 32
20 42 4
19 48 2
18 13 180
4 7 61
30 13 3643
4 3 11
30 61 175
34 65 0
4 21 0
54 22 17
53 8 2068
25 35 209
9 70 1
1 13 52
59 38 450
20 42 5
9 58 959
64 26 8
2 67 127
51 40 20
69 18 1
53 19 241
13 36 745
3 11 27
58 20 122
56 2 3
17 8 76
54 23 5
28 11 8
65 43 348
61 54 1
1 32 923
50 58 227
66 28 31
53 67 398
2 20 1469
47 67 16
23 16 39
36 35 0
23 41 480
65 15 13
19 24 4
27 54 30
46 4 8
47 44 0
62 10 0
47 4 203
17 43 22
42 1 16
54 40 2
35 50 0
29 51 1161
58 60 29
28 21 39
6 59 5
59 17 3
37 40 1
51 53 1
65 60 18
26 2 42
1 28 2
5 47 9
33 47 53
41 48 4
65 36 111
16 63 78
16 39 1525
19 21 6
53 48 1
19 54 3
70 69 856
54 46 2
48 57 106
6 8 105
44 3 45
26 55 2
69 64 1
61 60 21
27 8 61
19 67 3
65 10 1434
58 14 172
59 63 1727
15 24 0
35 44 3765
4 59 3
38 26 0
30 57 3
59 69 864
11 37 1008
46 63 7
13 68 0
4 62 4
66 29 308
64 45 914
28 8 0
51 68 429
50 33 123
23 45 1
43 14 2
33 25 14
23 54 59
5 14 1
23 51 0
27 68 248
10 53 376
21 25 12
26 50 1731
49 56 27
42 38 879
2 44 62
30 40 5
8 8 44
33 16 0
36 20 254
24 35 1
66 11 107
61 57 8
8 51 557
45 63 41
69 39 25
61 57 1
70 44 98
68 33 0
9 61 655
9 50 86
9 35 0
27 22 1
39 29 412
43 60 1773
6 15 3
54 35 491
26 28 47
22 21 116
62 55 2
48 29 135
33 21 1
26 3 0
18 39 223
6 15 1
37 53 28
14 63 1077
32 58 415
25 10 431
70 29 11
20 10 4
19 65 1
11 10 3
9 55 334
49 33 12
7 37 0
5 11 9
54 55 85
33 50 34
28 24 2829
20 44 55
42 45 2
14 23 491
17 28 2
30 4 21
7 41 24
23 36 0
30 24 0
46 49 186
26 19 876
63 67 15
37 44 6
37 64 9
30 62 906
34 57 7
49 51 1
67 61 759
13 33 7
64 63 1
55 28 37
22 22 99
19 26 1
57 10 106
46 68 228
9 34 61
44 39 1385
50 60 103
6 18 557
70 45 103
44 39 3
12 70 20
32 7 100
9 39 2975
61 22 181
49 12 40
64 16 1
54 68 22
68 19 624
33 54 14
52 31 3468
59 22 611
29 6 662
65 40 92
18 51 1
46 19 1
54 59 0
45 19 362
18 30 0
52 22 3
42 8 0
51 16 1003
34 28 788
39 22 74
31 58 15
4 55 1994
58 3 6
54 65 103
32 20 112
1 60 12
69 55 4
25 49 11
9 70 6
50 32 11
59 39 649
19 11 466
11 38 668
17 32 488
3 41 0
23 14 0
43 24 1911
10 30 112
29 65 145
18 50 228
53 10 17
57 45 504
70 59 56
7 21 150
30 18 23
15 51 5
15 37 3
51 5 15
44 20 39
22 65 15
58 2 278
27 23 16
62 49 480
41 41 1
68 60 570
16 26 1
47 29 3
27 15 88
33 39 1905
38 29 101
2 16 86
45 3 9
68 50 0
31 18 127
28 10 199
56 41 3
68 21 6
69 23 1
29 39 73
19 9 1
9 3 3
63 35 201
38 5 336
9 1 25
17 26 34
9 22 3
57 1 2446
15 26 116
31 56 14
43 40 164
53 57 194
29 55 1
35 18 2416
13 67 1700
11 23 1
51 67 163
59 54 885
42 57 10
6 28 2
51 52 4
46 35 233
8 5 0
42 33 6
68 16 142
31 42 763
17 40 27
48 3 463
55 67 14
4 69 819
43 8 0
5 44 22
14 20 182
39 33 0
37 3 1504
53 45 2378
16 17 5
34 48 48
49 37 26
7 6 0
35 32 1460
28 47 1
46 17 101
44 44 1
67 64 7
38 38 579
34 26 1872
3 57 13
61 29 52
9 1 245
49 9 5
18 47 86
56 9 387
65 21 1
30 2 1
42 6 3120
43 38 3063
14 41 738
62 52 1
20 10 64
49 42 2
23 35 3
10 37 36
50 59 9
36 43 23
66 23 102
28 31 9
41 51 2
8 34 19
31 55 23
37 53 101
63 11 1750
16 52 3
8 63 2
4 60 74
44 34 164
61 42 0
11 67 23
15 37 3
66 36 30
27 42 5
59 70 666
39 12 1
19 4 0
45 7 207
21 42 0
21 51 18
2 65 2
66 25 2
14 67 8
39 40 635
45 36 0
27 5 1
69 53 3
19 43 0
12 5 0
13 46 20
62 6 2
56 55 166
59 18 51
69 65 11
25 42 18
59 14 1844
30 32 1
44 48 3078
19 57 221
2 31 5
15 27 16
56 31 4066
1 59 14
70 12 0
30 4 250
5 61 31
54 33 1
26 57 63
33 65 1
21 27 904
42 51 1
46 41 365
5 40 107
28 31 51
26 54 1
24 36 27
61 32 1139
4 1 3
53 11 11
17 42 10
60 26 3570
38 29 8
70 4 19
11 30 124
29 1 330
23 17 214
49 22 23
30 11 6
31 9 329
44 67 239
20 63 0
65 58 429
43 14 836
66 2 841
55 41 62
61 33 0
2 67 1
14 56 66
2 5 4
21 24 227
1 43 1
8 41 225
55 52 429
54 53 1
22 5 7
32 38 0
70 20 377
26 44 517
17 41 8
64 8 2559
30 11 14
2 54 3
9 18 2
65 11 8
1 33 364
46 43 13
65 56 98
35 25 6
33 65 14
67 28 39
22 10 109
28 47 3
65 58 7
7 63 27
22 50 0
26 2 14
21 12 1
28 53 3
64 49 954
20 32 846
66 44 84
44 64 0
59 31 13
34 59 211
37 33 12
65 58 3
51 39 16
23 38 49
10 66 20
34 61 3
8 12 868
42 39 1448
55 70 175
51 63 6
11 52 3645
65 22 2903
4 3 14
18 61 5
3 20 342
16 21 0
45 54 12
64 64 0
18 24 1145
28 9 21
13 23 536
37 12 17
69 36 16
15 6 0
10 44 31
11 69 13
18 51 0
67 47 4
8 1 294
35 24 1678
31 66 124
57 10 74
3 59 1
29 17 11
56 16 117
64 4 192
60 3 1
6 50 649
20 50 1579
26 29 48
21 65 2
33 53 14
20 22 52
16 68 449
37 39 2307
37 20 48
29 59 0
26 14 1
68 33 358
34 33 112
34 38 0
9 22 10
52 7 206
41 3 140
33 14 55
46 8 456
63 68 1635
41 35 0
19 32 15
63 13 51
38 45 1
26 50 102
60 69 1077
21 24 69
8 57 3386
29 50 33
54 18 2
29 28 3
41 56 41
14 44 9
16 22 260
50 57 5
52 38 39
67 38 1
17 52 2
56 19 0
24 6 3
40 63 0
22 45 1
30 25 420
20 24 3145
39 36 1
25 41 1812
39 47 20
40 20 58
32 67 7
10 51 0
44 44 31
52 45 5
54 6 151
4 42 45
21 42 0
46 65 1436
41 52 7
6 10 4
30 29 17
41 3 3741
35 18 34
14 43 99
15 12 4
64 18 89
68 62 0
15 19 471
48 46 0
44 25 0
14 59 6
29 8 6
26 19 12
2 7 130
22 2 19
52 47 1156
44 50 21
39 52 318
29 69 0
32 20 788
53 10 0
13 18 56
52 26 0
28 64 13
25 27 2
33 47 3
64 33 2
13 64 5
55 24 1
2 46 2
56 55 3
59 26 3
39 55 2736
19 65 40
43 46 2
54 68 14
43 64 607
15 29 37
14 16 6
17 62 192
56 67 572
14 18 0
8 27 233
55 68 90
9 35 190
62 30 67
35 58 119
7 8 2387
35 29 1
46 46 2
27 5 270
38 3 1
58 43 7
53 62 11
57 59 125
55 58 1695
15 53 6
42 1 104
3 41 40
4 41 42
10 37 2
55 5 245
43 46 941
7 70 233
40 46 2
47 24 130
30 14 346
59 20 49
70 28 86
48 39 1175
65 7 570
51 29 23
65 31 53
46 65 274
12 7 279
50 29 39
49 23 3
23 56 6
57 43 0
59 45 205
32 53 101
25 11 0
15 52 20
22 52 2
29 10 30
23 30 210
9 14 210
24 43 0
67 69 109
19 20 368
60 30 476
67 57 38
25 13 1013
5 30 2
55 18 22
11 13 5
30 20 31
1 60 67
54 49 17
49 32 19
16 12 446
1 23 42
30 49 1
33 7 60
68 37 44
33 30 337
3 58 2
25 39 1023
50 10 0
50 14 0
45 47 532
41 55 18
9 24 9
