70 100
^^^^^^^^^^^^
66 46 24
45 21 3943
23 24 740
55 49 3954
39 47 84
35 63 142
9 69 4033
54 32 226
53 40 1262
6 36 1428
51 6 6
42 39 35
2 5 2211
65 63 1833
68 43 356
6 5 3
70 30 311
13 44 30
56 1 252
1 63 1301
26 62 2
5 50 51
41 54 117
56 21 247
61 61 37
63 23 18
23 46 1998
49 51 167
8 6 841
23 20 237
47 67 59
38 29 412
38 5 356
36 50 959
19 39 12
32 5 233
68 67 606
51 63 114
21 43 55
11 19 188
31 21 165
43 22 500
48 36 68
14 29 367
53 17 242
48 15 207
35 37 16
17 3 478
54 31 200
18 16 194
21 46 150
57 68 1197
16 24 105
58 49 76
19 40 668
46 17 2130
49 17 575
46 17 44
28 41 1222
15 26 726
19 18 77
41 67 1522
10 39 561
34 35 909
57 1 30
10 61 7
56 9 545
38 67 124
41 14 335
34 35 435
22 48 1387
13 52 190
54 43 94
62 41 41
49 27 53
8 28 29
24 24 693
66 39 45
4 58 1310
1 6 1585
29 63 1747
16 43 72
39 38 1955
12 14 24
54 33 267
45 22 158
44 8 1400
6 22 3
58 44 101
60 10 40
42 59 29
6 25 90
12 45 3250
37 21 932
33 17 3973
10 42 3
31 66 0
22 63 45
19 40 126
46 57 1608
