70 2000
^^^^^|&|^^&^
58 4 699
51 38 2008
16 38 113
60 36 117
21 63 296
45 60 535
59 41 0
44 68 361
40 56 869
25 36 23
48 9 483
52 53 99
17 52 7
70 66 93
13 15 215
67 49 103
66 48 361
23 3 394
66 33 31
17 13 107
48 36 45
27 41 52
43 58 205
13 47 382
40 66 1842
5 57 4006
56 30 1387
49 21 40
52 64 434
44 1 61
5 29 60
38 30 48
34 13 29
50 27 321
36 55 253
16 65 195
59 56 68
27 70 488
54 21 491
37 8 15
13 9 283
9 23 3976
34 46 33
12 27 707
36 17 16
19 12 84
52 3 42
34 49 301
2 9 46
12 57 27
57 63 1762
57 13 2115
42 57 165
17 42 201
55 41 148
24 7 207
27 57 1076
64 68 68
45 34 291
56 18 348
52 9 60
11 61 306
12 51 1448
9 58 156
68 58 56
54 30 1121
50 50 115
48 54 555
24 45 469
9 43 24
64 31 3909
2 23 4066
4 33 114
46 15 66
63 68 57
6 40 17
35 53 3978
14 21 842
31 65 183
35 22 61
48 53 93
57 50 53
17 62 45
53 3 217
2 64 62
60 11 52
12 66 23
62 61 208
15 37 405
11 66 228
4 24 1649
12 29 373
67 51 64
20 60 322
68 68 886
66 8 2969
9 46 143
36 49 130
20 45 9
13 49 2489
20 63 71
3 32 107
68 53 500
52 60 12
67 33 130
33 26 330
36 22 28
33 13 43
29 54 260
55 15 61
36 49 2005
54 43 1015
31 55 79
51 3 60
42 4 77
53 32 298
4 51 74
25 41 576
55 33 600
23 41 73
29 16 3400
14 34 1046
29 70 380
57 6 2141
57 7 28
50 6 259
45 56 1055
36 50 217
3 47 435
3 50 102
44 19 830
32 30 305
15 55 511
42 33 1779
60 34 436
34 22 481
33 10 194
32 34 1775
42 39 532
6 6 64
62 12 1795
40 68 70
41 64 33
65 15 196
38 32 30
27 58 1622
16 65 340
2 18 157
36 33 1515
42 44 44
10 4 233
54 50 32
44 50 257
65 9 441
60 62 3875
64 57 138
50 45 1812
69 43 16
66 20 339
66 20 51
7 19 939
37 68 4
35 30 239
50 14 538
38 36 254
64 17 1335
8 55 98
12 45 389
55 28 995
60 38 260
38 55 1209
68 2 63
42 23 1798
54 53 214
66 8 52
54 54 161
23 62 12
13 28 1464
40 59 302
66 42 125
33 36 157
52 67 14
55 1 11
13 52 1484
66 30 71
54 28 280
49 18 211
17 8 274
43 37 2416
42 49 906
32 7 1717
1 42 955
6 66 944
5 13 545
64 46 2068
2 30 55
54 52 65
5 43 3019
40 26 940
35 30 1798
33 69 6
51 60 1366
64 53 45
46 25 273
51 25 136
9 51 1908
61 37 1252
52 29 187
32 52 222
4 23 60
26 61 895
49 63 1525
64 48 183
5 3 96
21 40 65
18 61 11
63 22 636
13 58 436
63 68 489
15 60 55
69 40 3
19 13 699
59 25 26
29 63 84
66 34 441
29 53 40
17 52 619
57 1 2121
41 29 1487
20 24 437
13 31 78
59 41 319
66 21 262
15 1 58
63 45 122
29 56 1199
61 17 44
7 8 94
60 41 742
28 68 175
23 18 108
55 70 672
33 55 92
45 18 4
69 61 249
14 69 938
59 58 8
52 58 1582
15 22 38
12 54 246
53 58 361
6 33 71
33 33 398
36 54 1147
41 43 807
70 51 682
34 46 32
39 37 118
29 12 721
64 4 159
14 51 1777
19 46 163
54 11 1474
17 19 63
51 22 424
41 53 46
20 70 2040
46 63 11
31 32 953
27 2 116
13 43 1732
25 40 1353
17 8 318
1 40 56
34 20 6
6 69 296
45 50 20
28 60 1292
13 39 307
20 67 68
67 8 59
12 62 131
4 11 14
13 50 2897
17 11 123
18 54 38
55 52 137
16 52 91
3 30 765
22 25 1288
58 44 699
52 64 975
28 53 412
58 54 2300
22 62 756
31 64 0
42 59 1665
18 68 2009
28 58 375
63 7 1
4 1 231
49 3 1971
4 36 61
60 12 88
69 44 94
6 69 40
55 10 1253
65 5 100
1 44 186
34 20 213
61 49 228
14 27 1214
10 41 1982
44 50 868
9 16 239
55 33 327
34 43 80
24 50 752
21 20 918
33 59 3265
25 21 631
6 56 1087
27 67 204
39 52 546
3 7 363
68 66 294
65 12 167
32 23 120
24 6 331
49 15 294
6 18 319
20 22 268
53 8 347
21 25 88
47 59 192
28 54 412
2 15 64
51 50 446
28 51 55
41 59 159
7 65 151
32 59 67
58 35 237
35 43 362
56 46 63
22 11 127
36 17 2596
38 63 186
45 20 49
31 40 810
19 24 4095
23 39 1
27 14 159
7 14 283
25 62 255
45 34 22
35 21 50
16 44 883
64 13 127
9 14 2850
49 33 544
9 35 59
68 62 1609
42 23 84
39 2 1613
2 20 84
12 5 105
31 65 9
32 44 4073
63 28 1
24 43 351
41 43 314
52 1 110
69 13 250
52 26 97
28 23 566
51 60 63
47 62 2166
12 4 35
56 8 46
1 57 493
19 13 256
33 36 1382
18 48 6
29 19 28
36 5 1510
8 13 1664
44 4 1030
51 40 69
18 15 789
26 59 106
9 70 2510
65 40 43
58 46 88
32 15 58
4 33 2506
35 57 2387
30 46 49
31 49 1338
27 17 3565
20 9 65
68 8 185
21 41 1089
70 24 18
35 62 326
13 47 72
52 61 508
29 31 178
59 31 40
29 44 101
8 35 490
23 17 78
64 59 45
41 63 486
19 66 115
62 9 26
66 50 2624
58 65 532
12 35 728
15 62 38
24 2 1712
40 52 352
36 56 308
24 52 1748
37 56 153
9 9 36
60 50 964
7 14 454
49 35 771
1 43 1776
31 14 112
30 37 114
16 69 4
9 60 2090
41 31 69
6 43 458
27 26 2
60 8 46
2 6 1271
1 55 102
56 40 28
25 56 2158
35 23 47
42 61 449
31 14 1355
15 4 7
54 11 909
22 34 1008
70 10 1406
39 23 1344
60 52 658
59 3 3660
48 18 174
15 5 212
53 28 262
13 17 122
27 7 51
50 66 1023
67 65 928
64 5 138
31 18 2797
11 29 66
17 38 3317
47 36 634
39 55 31
26 46 127
63 6 868
51 37 337
66 2 1664
63 32 32
64 37 2753
31 8 198
65 50 97
68 59 70
34 17 45
8 17 329
67 47 1793
10 18 2631
68 27 3435
66 16 975
21 30 1295
59 19 214
17 21 278
51 36 1010
26 42 160
2 15 3624
43 69 395
22 60 15
42 51 0
22 27 101
24 3 3696
6 46 540
70 29 137
20 37 436
30 61 35
23 8 990
59 36 1357
18 18 1482
23 49 13
19 7 216
29 5 1833
62 16 1567
4 8 238
1 31 135
17 23 88
8 70 1946
4 43 800
45 7 93
39 25 3511
7 48 2811
25 59 329
7 54 332
18 26 1269
15 16 998
28 2 503
63 57 2165
51 19 126
31 14 46
58 29 805
23 63 384
68 22 56
12 18 87
25 12 2545
57 67 1187
38 13 1894
34 32 1448
70 43 531
53 37 33
8 20 35
38 68 24
44 11 19
68 26 159
47 67 3634
55 33 86
11 16 543
23 38 42
13 36 2702
19 62 3240
40 35 378
26 30 1276
27 6 5
20 66 3
51 31 4
53 44 2717
2 7 19
8 38 115
65 9 473
8 14 115
25 9 3049
36 59 18
40 67 227
9 53 262
45 10 217
35 40 3707
13 19 14
23 18 55
33 55 270
2 59 126
51 33 802
23 68 1453
48 13 317
43 44 246
60 10 23
51 6 55
27 45 225
45 58 9
6 3 481
27 30 269
23 39 14
38 64 97
6 41 362
67 21 116
49 22 2599
8 24 54
9 49 453
62 70 234
33 17 209
21 55 48
25 18 156
33 1 100
30 34 52
68 54 147
27 19 284
7 7 6
5 24 1557
23 46 75
62 64 52
25 28 105
28 31 503
47 33 212
20 55 1014
18 51 1944
30 17 46
45 68 421
57 14 2504
59 39 112
1 1 636
26 50 3
50 2 194
67 66 2213
47 30 198
44 68 2996
27 18 455
62 40 58
33 1 22
47 17 236
18 50 191
59 53 3558
48 19 1734
52 27 61
6 65 1303
56 56 1788
56 39 11
36 51 1591
60 47 96
18 43 469
50 65 19
45 39 1818
24 44 14
6 19 8
5 18 177
55 3 15
46 29 20
1 32 129
34 58 22
15 54 41
63 15 150
33 13 145
18 63 105
51 6 783
62 54 3297
64 37 53
67 44 788
53 40 1385
21 63 3624
2 26 80
38 1 58
41 42 454
57 31 1615
1 43 406
30 26 56
31 10 2362
8 52 163
37 68 109
41 25 243
30 41 1101
51 66 2584
45 3 388
67 15 19
23 43 58
56 69 209
70 4 474
50 56 622
61 58 591
35 59 96
54 10 241
33 3 3
38 6 455
12 66 121
32 15 3085
26 2 242
65 2 286
55 17 896
3 1 16
20 55 428
23 17 237
25 30 195
5 69 618
36 49 203
31 61 78
47 67 45
29 42 182
17 7 575
17 6 408
27 20 36
13 12 10
21 20 919
13 29 3804
19 6 312
23 65 230
25 49 89
27 64 72
10 64 45
1 3 73
64 54 2039
63 17 349
42 23 113
56 22 4
23 39 195
20 27 1416
22 3 898
46 21 80
41 69 151
39 51 415
18 58 1081
21 62 932
18 70 252
62 40 224
43 67 952
64 69 2251
62 4 2456
46 23 181
31 38 726
67 11 23
51 9 3021
42 46 1549
34 14 29
51 47 190
35 21 908
52 15 853
51 23 2369
53 57 818
61 65 670
20 16 9
65 49 294
18 21 1539
45 35 2960
47 57 55
52 48 1791
46 3 99
45 50 45
56 18 203
42 29 43
11 35 196
8 68 66
29 18 1340
48 23 26
35 2 1069
60 19 34
37 13 45
60 48 150
35 39 2107
41 41 14
38 26 83
28 40 3637
12 34 66
23 14 1
45 53 334
51 47 72
51 38 40
49 46 370
69 37 1869
49 16 104
15 44 24
19 69 1580
35 23 69
29 49 219
57 38 644
54 29 555
43 43 1158
70 38 64
13 16 107
29 68 3793
21 51 1162
10 53 489
16 21 51
8 68 318
63 9 101
69 61 5
36 65 1
69 63 82
18 62 2946
19 14 198
47 18 67
17 45 125
3 17 6
2 23 127
65 7 400
18 36 86
39 16 2758
67 34 998
26 46 19
39 21 150
45 11 49
53 20 2336
15 16 79
65 43 2533
15 4 44
22 40 153
58 51 29
20 17 963
45 60 996
1 14 964
6 34 489
63 25 198
59 51 104
41 34 135
51 39 211
43 41 264
38 63 112
5 69 598
45 36 2909
36 58 59
10 2 238
16 60 193
46 58 34
54 36 2057
23 67 191
58 58 25
8 8 601
21 11 180
70 30 59
60 45 2991
36 16 11
5 15 39
16 7 33
9 25 84
42 50 40
10 41 412
27 6 985
8 54 88
66 7 287
2 56 672
17 46 124
33 48 877
38 46 62
41 31 96
34 15 488
57 23 0
56 44 681
46 14 221
46 37 205
54 55 1023
19 66 16
35 48 1323
56 6 1633
29 16 3167
3 39 143
68 6 0
62 24 257
49 68 1259
21 39 582
1 36 0
53 6 1948
56 42 779
17 62 3698
51 11 170
43 2 23
54 11 495
6 65 51
42 32 407
58 50 126
15 12 97
56 56 113
35 24 955
66 49 479
9 18 2657
32 62 55
8 27 30
34 16 736
60 38 42
17 2 52
43 67 1188
42 4 256
14 58 16
23 48 327
39 13 180
22 17 3960
15 21 3802
68 39 761
43 50 25
48 29 887
16 62 279
52 4 447
41 26 49
56 37 2015
3 26 82
11 7 38
43 53 1139
15 36 1599
67 3 14
61 3 64
14 50 129
6 56 215
65 3 46
13 41 4010
10 40 1358
65 17 1010
26 31 7
27 70 208
16 17 38
70 6 1026
39 37 244
40 6 1352
67 18 410
23 11 109
52 22 84
40 30 644
69 54 46
17 38 429
51 21 63
60 58 16
17 51 113
49 50 2892
25 39 111
45 6 233
60 11 153
53 51 1
30 30 146
17 13 76
2 40 644
68 24 603
58 39 23
60 47 104
42 18 303
29 35 44
11 19 103
64 19 31
47 58 944
69 2 131
54 24 3602
43 56 613
42 7 114
37 21 1635
31 1 6
65 34 95
35 48 237
9 3 721
46 47 91
36 13 1661
25 31 1547
18 62 1467
10 70 104
57 34 111
62 40 4
15 24 1798
27 65 209
61 3 33
51 42 736
55 52 992
17 69 54
22 18 237
47 6 11
53 8 55
55 30 15
67 12 14
35 33 1897
47 31 60
59 54 368
16 30 592
42 42 435
29 60 43
42 13 405
36 38 42
59 49 872
46 69 28
20 29 980
69 17 3365
54 54 2771
27 40 340
70 16 569
47 11 41
30 5 23
16 16 62
42 62 2530
21 21 308
57 48 3986
8 32 3684
52 33 78
10 29 25
23 4 3660
54 55 565
52 40 940
49 57 14
46 27 75
7 38 1506
51 18 2954
22 29 2
35 53 8
12 18 41
41 48 139
40 52 888
24 61 653
25 26 722
3 66 217
66 5 59
12 42 131
48 17 76
60 41 109
65 42 52
53 40 405
60 41 6
61 54 1736
60 29 47
28 60 74
9 5 2960
48 5 10
34 65 49
16 46 65
54 15 95
43 41 3463
44 13 3281
33 58 49
39 67 34
24 19 2404
17 52 421
33 4 755
15 6 623
17 39 496
53 13 91
19 38 260
12 11 58
48 27 55
1 27 75
43 12 97
43 57 35
52 65 93
65 70 1238
69 51 61
53 68 20
41 30 3864
47 60 6
31 63 744
10 50 1329
35 5 616
5 21 316
52 50 1570
39 42 1598
11 8 61
2 5 93
8 55 3136
30 27 42
29 50 95
34 29 792
51 15 478
4 60 57
19 7 5
68 60 11
49 12 48
25 56 340
56 26 88
44 22 210
34 6 118
7 47 1219
14 43 613
70 4 468
49 14 1589
51 20 1065
29 64 509
40 1 163
25 36 123
50 9 659
26 61 235
29 12 200
35 1 125
21 56 16
67 17 690
9 21 898
41 62 1197
63 48 531
39 46 51
14 21 93
39 62 53
25 24 365
40 27 48
14 66 190
36 63 241
22 49 3096
23 47 494
30 56 1258
32 44 2732
55 12 213
35 32 256
68 70 2038
43 67 166
5 7 211
5 23 389
11 56 1936
19 51 53
21 39 44
28 37 14
27 14 48
7 39 479
20 33 1775
24 16 118
42 10 71
55 47 102
57 51 811
42 29 3565
22 48 895
31 26 27
63 47 62
58 11 386
66 54 42
46 55 313
67 38 57
56 17 0
31 47 26
23 3 130
51 15 48
12 15 72
37 60 315
45 70 618
14 19 171
30 39 621
6 66 827
14 51 34
45 67 460
45 33 99
28 31 115
57 5 20
27 35 189
33 40 595
23 24 239
57 47 115
3 67 14
19 41 186
13 52 116
52 32 200
30 28 57
68 47 497
52 24 8
68 58 1326
7 68 47
43 25 3827
7 5 1023
28 42 70
69 36 64
64 59 938
63 51 289
16 46 438
63 48 75
36 1 508
16 16 619
12 43 845
51 67 29
16 11 241
38 19 345
69 44 182
37 48 44
60 7 309
15 7 87
45 4 215
33 32 17
54 23 682
58 30 182
31 11 46
60 20 43
50 24 2547
3 49 56
1 59 1272
59 4 96
45 36 30
11 66 478
40 65 46
1 62 68
63 7 1785
41 60 42
51 50 192
8 49 538
39 42 50
26 10 452
45 24 161
69 45 48
8 41 147
3 39 17
36 28 203
47 67 48
3 27 2048
69 48 36
50 22 117
24 10 276
63 44 88
53 13 96
70 66 63
67 5 112
46 32 808
39 60 56
38 63 489
58 38 1265
33 62 58
5 66 62
3 14 196
23 56 236
11 42 39
67 53 92
39 24 467
8 46 3127
39 43 41
69 27 544
64 46 350
50 54 50
52 64 1285
17 34 290
55 48 36
19 69 31
8 44 48
51 9 69
12 68 55
50 2 14
53 20 689
62 14 60
31 37 1541
34 62 50
43 35 67
37 5 100
50 16 440
48 21 183
32 3 368
42 1 50
27 63 111
50 52 650
10 56 195
56 15 607
43 39 334
8 16 1779
65 56 73
8 70 0
16 69 29
20 2 2119
70 25 658
18 22 15
66 19 10
32 62 94
11 16 0
41 64 25
12 54 2528
26 59 623
66 3 554
9 9 638
1 28 1674
13 61 26
56 54 49
50 41 793
23 70 271
29 39 63
40 46 121
4 69 667
43 32 113
58 48 475
58 43 373
16 5 98
20 11 233
67 2 289
66 57 212
20 37 61
49 29 1120
30 31 100
21 46 13
55 46 450
40 6 54
12 8 194
22 47 3251
64 50 458
63 11 18
38 8 15
53 7 83
40 67 220
43 32 39
11 9 249
62 68 7
15 4 62
41 51 1423
20 2 268
67 33 3764
69 29 1244
16 70 443
15 27 184
2 13 2704
66 13 52
15 6 3494
37 48 852
50 5 47
58 58 83
19 17 1492
68 5 71
66 37 1169
21 65 488
12 47 228
60 15 275
41 53 1565
22 62 474
65 2 57
62 65 14
39 32 173
28 33 121
2 18 678
23 68 249
16 53 1327
26 51 315
49 6 13
28 35 82
39 62 1406
15 25 394
64 37 39
32 67 447
10 45 660
24 25 265
70 21 115
61 35 207
24 58 16
34 65 14
55 52 2
42 42 253
22 37 285
13 3 94
7 24 64
53 23 1357
21 60 334
70 8 50
23 11 26
52 39 126
2 48 7
40 65 454
54 4 1155
15 17 50
22 48 3204
4 65 243
63 9 287
68 70 94
31 57 428
11 3 30
27 5 431
41 67 1018
1 26 215
39 1 317
60 70 159
64 50 14
12 39 63
68 20 405
25 49 97
27 54 77
18 16 511
12 48 229
25 30 124
69 28 207
8 68 44
66 2 3883
26 5 4036
6 20 342
23 65 185
42 65 131
59 55 305
63 55 526
62 37 21
25 49 646
39 14 46
5 70 2531
4 30 517
27 37 431
32 38 113
56 64 3741
19 69 3565
59 41 2482
5 44 81
62 10 1712
24 69 30
6 14 15
56 26 29
55 26 343
52 33 21
10 18 122
66 2 54
43 43 1156
41 65 909
54 26 708
29 6 197
51 66 2002
35 47 2190
10 43 49
26 48 58
15 18 120
25 60 49
54 62 20
35 27 73
61 37 1529
1 49 751
2 43 153
13 51 120
28 49 1677
25 38 1517
41 26 1943
68 47 192
51 58 183
21 59 9
54 4 286
24 1 28
20 16 33
1 17 922
51 29 60
8 11 720
52 55 716
45 43 209
38 48 2663
9 13 30
3 41 269
50 15 2478
32 46 511
35 66 346
20 45 7
35 63 95
37 58 276
15 15 198
42 41 228
61 29 133
18 39 58
29 56 328
66 61 556
12 35 1279
58 22 405
69 29 715
70 56 79
56 57 1442
24 68 1839
11 24 145
16 60 96
55 51 234
64 25 3441
45 33 32
14 43 42
11 70 53
13 52 216
6 59 1261
30 58 17
59 61 124
66 34 47
28 3 996
3 4 344
67 45 604
1 64 2100
57 26 1322
38 55 589
38 53 680
35 63 14
53 8 499
13 65 1660
41 16 38
1 16 41
31 45 333
33 41 10
10 34 230
55 32 546
18 7 1132
18 13 919
15 20 12
43 12 269
14 14 14
17 67 50
25 62 353
17 15 40
63 37 495
15 34 26
6 23 348
48 63 35
45 22 2460
45 2 77
29 59 0
2 18 835
38 59 42
6 11 60
48 37 1961
54 21 169
9 19 183
38 38 80
41 67 177
70 34 87
27 30 3
69 2 2272
1 53 238
39 7 2016
58 45 165
66 28 433
47 20 55
65 70 14
32 19 33
56 15 778
30 54 145
21 28 207
70 6 28
65 22 3492
32 5 3031
67 47 35
48 43 92
22 62 1135
45 13 45
50 13 2944
58 3 78
7 26 70
28 61 181
38 33 425
28 1 2660
9 30 156
37 21 98
24 12 207
35 21 508
41 59 107
58 46 29
51 20 204
63 30 94
39 59 0
26 49 13
9 43 130
26 34 44
3 21 57
66 37 55
34 59 1233
51 15 98
18 10 308
3 11 708
35 32 616
9 9 1544
5 26 40
21 14 31
54 57 1891
62 20 1229
6 30 621
51 65 23
70 46 31
18 45 2816
12 63 7
10 14 644
58 36 389
8 13 4
57 32 864
51 12 115
45 30 8
42 33 47
20 54 553
55 50 8
65 1 264
39 31 188
57 29 91
35 60 493
29 61 207
34 53 54
21 67 4
11 70 85
35 13 7
70 62 132
64 70 67
7 59 400
57 14 787
1 48 55
39 11 1455
60 30 52
35 10 676
62 49 374
61 15 1655
26 22 161
2 9 196
15 33 139
14 40 43
5 37 362
68 26 21
24 59 1176
25 8 125
63 12 211
47 14 154
49 32 53
31 31 11
51 14 28
13 7 435
64 32 529
68 15 1046
48 20 468
3 47 545
4 15 37
41 19 965
67 16 61
22 37 242
66 17 319
49 67 166
66 23 2560
49 26 118
32 64 48
44 8 2505
30 23 310
4 35 125
2 10 537
27 36 168
66 31 467
69 14 308
26 44 36
26 50 63
41 31 70
4 44 255
40 1 2853
27 3 82
52 69 1894
3 17 51
1 2 16
13 69 60
17 52 391
38 62 3
15 2 88
30 22 1011
27 44 58
25 61 41
33 32 53
28 1 100
16 32 1401
28 20 1453
16 55 368
1 34 1455
43 65 39
14 15 1552
5 40 641
53 6 3
46 26 28
57 64 52
63 63 34
40 27 429
18 19 214
34 12 12
59 36 161
24 67 200
54 26 94
54 10 37
26 28 242
45 25 214
46 70 53
3 55 362
42 31 1068
33 62 234
16 66 58
33 21 3246
18 37 11
60 43 33
67 50 32
47 25 522
32 29 79
42 66 127
8 46 19
55 56 1899
24 14 1292
67 60 413
8 11 223
42 63 103
31 70 393
19 62 96
32 3 49
41 55 83
2 23 329
56 4 10
57 13 14
6 8 454
2 65 46
53 66 53
35 50 15
10 57 415
19 21 1641
1 2 468
21 50 82
2 33 34
33 31 16
38 8 2401
26 59 212
25 45 258
23 68 3255
48 23 199
3 22 500
63 19 2046
59 59 922
58 8 24
57 28 2247
4 63 58
15 55 5
27 36 7
15 11 491
50 69 12
62 70 437
16 66 29
37 23 372
62 57 1512
56 3 20
58 47 744
50 69 2993
52 27 5
45 24 652
68 62 228
25 9 92
22 33 765
22 64 378
26 39 502
70 47 156
15 37 26
6 68 7
17 67 44
45 59 3642
64 68 83
1 28 42
7 57 229
37 57 182
10 23 1483
33 8 3816
31 66 1478
40 45 0
62 49 16
45 24 2611
5 49 258
20 29 422
54 69 890
64 57 476
67 8 74
60 54 16
69 54 115
27 38 285
6 45 100
34 43 876
32 26 743
48 8 988
8 33 186
45 35 1710
63 70 178
21 50 9
68 35 2
17 65 15
59 22 30
3 25 194
23 53 194
1 39 541
62 53 228
30 1 484
38 64 1453
47 38 1332
37 35 687
47 5 242
55 11 1663
58 15 432
19 12 2996
58 62 478
17 2 75
54 59 986
5 31 442
29 7 7
45 70 5
58 32 14
13 62 1602
46 67 751
67 61 230
65 65 2033
15 2 316
12 5 1853
33 54 944
57 39 157
27 9 2954
45 26 164
19 53 688
18 61 7
64 45 13
13 9 1
64 15 457
27 5 182
16 69 37
24 10 690
51 8 323
11 25 2109
48 43 889
36 70 303
17 35 129
48 38 185
24 52 397
34 28 17
23 20 86
38 22 23
55 64 31
36 64 1001
30 58 1593
3 40 90
51 30 55
30 30 39
60 51 853
22 42 3912
2 41 1412
9 57 143
5 19 26
13 69 102
31 51 427
69 23 933
10 19 1008
55 7 54
35 54 295
34 70 65
25 38 3437
2 45 113
49 70 2332
5 54 175
39 22 2
60 34 109
54 8 1
40 69 4
68 55 23
35 3 161
12 49 229
22 44 256
66 7 17
21 7 211
33 9 33
25 21 25
26 6 19
36 16 46
7 15 256
12 62 1101
43 58 43
22 15 621
70 32 243
22 63 215
12 13 1203
35 20 62
29 24 169
49 60 76
11 35 168
16 70 72
68 32 736
34 37 21
42 30 9
29 2 26
28 67 124
14 42 989
53 55 425
33 4 3530
38 33 904
25 39 140
6 61 35
58 13 89
7 39 190
66 62 46
30 28 217
57 9 203
4 41 1153
12 14 3957
17 40 878
26 23 1043
6 67 562
57 58 490
41 24 55
38 20 2031
60 3 370
45 19 2024
53 47 200
21 27 1012
69 18 193
37 26 170
18 16 241
35 30 62
24 31 1185
52 28 83
45 47 126
5 42 14
52 11 57
16 50 116
10 40 79
6 65 216
37 12 1748
50 21 291
9 23 60
54 24 28
53 24 2584
38 37 448
28 63 121
37 64 1530
66 52 404
66 19 33
44 57 254
70 22 136
31 60 385
42 60 90
55 29 49
59 53 33
39 65 159
51 62 2177
29 32 274
17 31 9
16 48 324
58 10 41
22 66 740
23 18 11
52 70 25
41 23 39
9 26 4
51 23 2
29 24 2063
47 45 1493
6 61 3968
5 6 502
49 20 44
44 35 877
4 2 745
4 9 416
49 28 4004
4 15 184
24 70 6
51 60 141
69 63 1145
32 59 272
30 16 930
66 56 45
4 23 975
1 37 402
36 59 200
3 27 3705
33 31 4049
59 51 29
6 30 67
12 56 48
11 18 1844
49 40 381
52 67 44
34 42 14
49 66 1370
37 65 200
20 36 127
6 27 8
19 10 594
8 39 8
22 55 797
12 33 206
41 65 1390
47 45 34
69 28 224
19 28 165
48 2 3866
52 23 156
32 54 316
11 24 2064
44 61 13
20 8 115
22 18 570
13 20 46
19 59 867
15 41 878
51 37 36
1 9 235
6 21 91
2 54 2983
59 3 27
8 47 959
14 29 52
23 15 39
26 27 1649
9 25 18
65 31 4025
49 63 164
34 18 117
57 11 78
8 20 43
43 44 3523
30 45 1556
64 33 46
37 39 195
7 5 63
63 34 975
48 20 2
19 69 49
27 5 18
57 19 52
30 54 56
47 62 2912
63 34 210
3 15 448
44 42 25
16 57 82
22 18 303
12 45 170
1 19 387
11 32 25
4 42 220
28 16 666
25 20 263
25 70 72
61 35 565
10 16 890
47 23 363
57 45 33
49 35 290
3 11 213
61 30 255
69 65 1524
6 21 595
59 7 423
31 11 691
8 65 2459
26 3 63
22 53 18
64 40 842
17 27 49
22 50 82
24 31 913
66 13 103
12 43 878
26 45 133
56 15 3914
63 37 20
58 59 70
69 39 350
52 6 201
40 33 64
28 48 643
18 14 21
68 30 209
26 70 1820
40 27 169
30 12 103
34 32 1008
48 8 95
55 21 61
40 60 1690
33 36 678
10 59 1496
37 11 629
