70 5000
&&&&&&&&&&&&
58 38 2875
70 26 1618
13 58 515
55 45 1901
46 44 3362
60 16 2543
9 21 865
60 26 934
56 53 537
41 50 1325
23 17 2701
12 7 3614
39 43 871
20 11 247
43 6 723
15 19 1972
56 64 2758
58 11 2338
69 26 1405
6 49 1128
67 26 4090
19 54 3251
68 20 2834
34 24 205
56 16 2519
48 9 2136
49 62 2087
54 49 2641
10 7 814
63 43 673
2 36 1351
67 70 2967
66 12 920
68 56 973
48 18 1937
34 56 1903
54 41 2340
51 25 55
65 26 1415
69 4 1980
31 66 486
17 66 2223
35 67 260
15 60 3062
24 47 936
36 21 3822
16 57 4073
54 60 554
6 34 3180
43 51 1889
47 9 2160
70 33 2786
26 40 1485
50 24 380
30 30 2502
38 69 673
4 49 2437
9 4 156
14 50 618
45 28 2890
15 4 3741
52 36 1254
67 58 1436
14 1 2588
6 32 1644
26 7 3389
45 20 971
5 63 3872
12 20 570
20 21 3016
10 56 3026
25 68 418
20 25 3410
65 54 2121
42 38 1819
62 31 1189
28 46 1090
38 2 1614
4 37 998
49 46 2882
20 14 2407
6 34 3734
67 12 820
61 64 3668
5 68 2268
42 20 864
41 69 1112
5 62 1354
9 34 2887
50 70 264
16 56 446
60 41 230
61 42 1984
63 12 658
67 13 199
44 46 2799
8 34 1122
23 29 1076
25 19 3239
16 64 1416
61 51 63
17 54 1920
3 56 2411
38 27 2111
50 3 2294
50 37 1257
31 40 3178
50 30 3445
4 4 1004
6 3 3459
19 24 3283
6 29 1816
56 18 1014
20 50 3657
55 69 51
13 27 1636
55 16 2887
50 43 3641
23 15 1271
65 48 818
46 57 3812
59 36 1341
35 58 3342
7 67 3009
58 48 3495
60 15 1648
22 25 775
17 60 3245
31 41 2543
34 13 1384
50 55 1118
40 35 2515
43 11 3894
8 13 1987
30 17 1900
61 30 2976
14 27 301
14 66 955
54 37 1486
23 51 2221
35 13 3149
16 50 3271
59 69 3152
19 58 3981
8 42 2892
53 65 1998
45 58 2534
52 43 2436
39 9 2194
11 33 1149
63 1 3300
19 17 2439
5 24 1992
12 41 574
38 64 2115
68 36 1023
47 34 3262
32 7 1139
13 54 2017
15 24 2859
24 17 2309
9 47 1065
26 19 1178
33 21 2010
31 13 937
51 24 655
22 61 3920
52 10 1331
9 12 3410
65 26 2109
4 28 3689
60 57 1528
53 61 1457
9 34 2592
32 64 2318
5 51 2861
36 24 501
38 52 2828
4 19 2735
54 59 3310
35 14 3769
4 31 3125
28 9 3992
47 12 2797
37 64 3389
70 61 3084
25 17 3233
48 21 73
6 12 1921
50 31 769
43 54 96
29 33 673
60 60 3029
25 66 1032
43 2 3687
2 59 4064
15 49 1921
26 25 2580
9 43 2782
54 23 527
23 3 406
41 47 3010
8 6 773
58 39 3587
26 20 4060
8 21 1580
53 31 3062
12 51 1886
30 16 2309
6 19 902
38 23 166
44 55 2419
6 63 4009
32 24 2373
39 20 3327
34 40 1070
43 49 247
49 4 2780
58 5 364
68 8 988
57 44 3321
21 34 177
8 14 417
51 58 117
50 26 2423
55 13 3344
12 1 2759
50 44 3641
39 11 692
66 25 1366
51 57 1394
70 41 890
5 60 2239
67 54 244
12 15 52
31 16 1971
67 35 1437
56 54 1331
43 18 3662
29 42 2392
44 66 3347
3 2 3079
8 62 1748
57 67 324
41 3 1698
38 38 2428
7 23 75
20 26 2326
37 41 647
7 42 1812
48 52 2535
61 30 1425
39 55 576
61 49 1459
62 41 3998
48 64 1670
43 32 2798
13 28 1189
42 25 701
42 46 1070
21 54 321
50 40 2783
42 41 1304
7 1 3381
58 58 906
15 6 1526
57 4 2935
2 67 3987
55 44 641
22 22 827
38 60 674
66 12 3644
20 39 1165
39 1 674
40 48 994
57 37 1811
7 24 3277
31 55 251
40 33 1502
44 26 1886
14 67 3253
21 37 3759
23 50 1878
27 49 2369
3 11 1245
7 25 3063
6 39 2076
4 11 3982
26 32 1215
21 67 1680
9 54 864
57 39 1813
58 33 2196
15 61 2140
58 40 363
50 63 61
53 53 86
25 21 1670
56 33 3118
42 38 3029
21 59 140
41 33 4043
57 70 2668
63 59 3945
17 31 2133
55 29 2086
23 66 3155
67 61 3096
63 64 1911
44 54 3371
15 31 1052
41 66 2349
52 46 5
23 32 1983
3 5 2331
12 10 716
17 31 1019
23 14 405
4 6 844
37 3 3120
34 41 2641
49 1 2082
56 4 3548
3 35 1110
60 39 2379
48 22 3429
20 12 3392
2 66 311
32 14 456
52 25 688
67 63 1745
36 52 1404
58 60 2508
31 68 837
5 42 370
60 64 1334
36 68 26
20 50 3389
3 25 3230
54 30 1141
70 21 2615
39 59 4061
51 25 2813
57 42 1267
40 8 2502
32 56 1733
29 6 2091
2 25 1172
50 8 459
10 45 565
70 10 1561
9 42 3544
13 61 2506
67 5 172
58 45 1636
70 37 36
42 52 273
18 58 3494
38 70 1674
15 44 2658
30 70 1634
28 46 2363
11 34 1789
70 3 3282
12 49 509
65 61 3132
39 31 914
60 39 2772
56 27 1578
4 24 957
20 2 236
56 50 3631
25 58 3248
40 53 2185
13 45 910
38 59 1356
44 64 1049
9 32 1076
40 11 3520
60 52 2981
7 60 928
24 39 619
34 22 2639
14 51 2686
13 70 1686
32 38 2058
28 62 1436
1 15 2710
20 22 3303
26 63 2656
39 6 1465
45 49 2051
19 65 3277
4 61 2423
54 42 3291
62 16 3181
33 48 325
38 19 3031
17 58 2510
28 62 29
39 19 2783
36 14 458
7 24 1025
45 58 1136
18 57 3542
26 52 251
41 4 3593
60 54 2631
56 27 1974
46 10 2024
64 60 2903
47 66 3204
61 70 2605
52 59 1243
50 29 3715
59 13 3706
24 23 3698
19 30 2316
24 18 38
33 14 1771
36 25 235
6 52 734
62 7 2414
45 30 2457
70 23 1654
15 12 1528
17 7 2968
61 45 753
27 48 2103
6 65 1421
26 29 1302
11 56 1982
16 29 785
52 24 2577
60 21 2447
38 15 394
30 41 37
67 60 1493
36 1 3635
60 25 269
19 44 4082
37 43 2271
46 6 42
31 23 1225
64 50 3709
63 33 1598
48 20 3307
48 17 3132
2 21 2219
22 68 2511
51 8 1120
35 65 1647
1 36 2496
3 14 3556
4 65 2033
45 41 1182
55 70 3480
35 38 276
55 36 1444
25 62 2364
48 13 2292
19 12 1801
67 1 648
66 39 1561
49 29 793
40 55 1695
53 40 1839
19 52 2022
68 27 1132
17 37 2959
36 67 1746
33 63 97
49 17 4090
32 43 1530
1 10 3374
29 23 1301
36 19 951
53 25 822
44 52 3013
62 67 1628
57 29 92
66 62 111
31 7 366
67 51 2583
52 7 331
12 30 2075
34 25 737
13 10 612
49 12 2834
38 10 95
7 4 1383
37 29 1633
63 48 3991
35 32 249
51 53 1107
3 37 2097
11 61 3182
2 62 667
46 33 1306
42 25 2659
70 12 3835
17 56 881
42 18 1601
49 56 1450
66 31 1908
54 1 3394
43 63 2183
58 48 350
18 45 1305
57 20 1227
38 56 1753
30 49 1258
37 67 2472
20 3 274
45 36 2750
20 53 462
63 42 1561
17 43 1885
49 15 2167
20 44 1158
32 5 3434
11 17 67
11 55 442
35 4 1252
33 49 2005
33 56 2000
10 46 3599
62 7 3902
41 53 3800
29 8 3629
57 47 2147
33 7 2847
23 37 42
43 41 110
34 22 2477
17 56 800
3 52 1501
61 39 2229
33 27 1076
2 60 3006
58 65 550
68 11 3823
63 55 3613
61 62 3733
24 12 2664
49 14 3160
63 64 2529
25 7 492
3 63 1611
63 40 3209
31 17 3076
37 65 366
54 16 104
28 35 693
34 37 2409
60 13 956
39 48 3679
53 48 3770
50 59 57
6 41 1247
70 44 1274
41 12 2650
8 40 2378
51 25 2644
10 59 3603
43 33 1071
23 46 2664
51 33 1125
31 32 2719
56 44 986
48 26 1400
61 9 2634
44 31 931
63 59 313
42 52 676
42 40 1085
1 34 1794
20 46 930
36 20 3115
13 45 691
35 59 3183
64 16 3803
57 36 1955
18 62 2187
20 48 2631
52 23 25
69 49 2861
37 21 260
55 41 935
22 4 3821
7 60 3232
8 9 3698
19 36 3603
11 59 3242
58 54 1321
68 1 1809
48 46 3518
15 52 1306
45 20 61
42 65 2056
28 59 1938
28 33 624
23 27 2692
59 46 1952
20 70 4023
25 70 2630
63 34 606
16 36 3283
32 15 278
39 29 2047
7 24 836
3 45 3515
68 51 2793
68 44 3641
23 7 3986
55 61 1432
45 31 3517
10 67 3727
7 64 305
14 68 293
70 3 1898
10 12 3556
14 25 475
3 64 2215
3 31 2162
51 68 2834
33 69 3859
66 34 3633
1 30 1221
12 65 2533
25 15 237
70 50 588
33 11 2714
8 69 2439
15 12 3098
46 41 863
38 56 2823
1 55 3811
44 11 3643
8 31 4078
7 17 854
4 48 1150
40 56 211
2 45 2481
34 22 3923
23 62 212
69 65 716
30 50 2393
40 52 118
60 44 3838
58 23 405
69 48 3366
29 58 1693
57 68 2306
61 20 3360
18 32 132
62 67 3454
58 65 1449
61 17 3369
23 62 56
17 64 1274
23 53 3579
10 3 2652
59 65 2446
66 55 571
22 58 1464
62 45 2199
16 34 2822
42 69 1916
45 13 2099
40 57 2999
14 30 1876
47 2 2564
27 19 3175
14 59 1195
52 33 3099
58 45 1893
40 13 478
28 17 3937
29 64 1227
37 65 747
60 31 24
24 17 1305
49 16 3790
6 32 2056
22 64 3608
34 3 3226
60 11 1291
48 67 1721
37 49 2817
36 4 2231
29 49 3615
51 57 3478
8 12 2608
50 18 1434
30 69 3644
34 8 651
49 4 1239
52 12 1896
4 24 1887
44 65 3652
11 38 3262
34 33 2219
55 58 2232
7 47 1602
55 22 337
10 40 1922
56 21 3429
59 48 594
47 66 1956
60 1 1301
43 20 1738
33 4 705
51 56 3823
52 29 1971
70 9 3072
22 34 1222
43 50 461
57 22 4011
66 46 2325
16 29 2271
47 16 2210
68 32 2855
59 17 3509
18 6 343
68 16 602
2 23 1753
67 60 2750
46 56 3958
5 48 3840
24 69 558
31 36 2448
70 47 3539
62 25 72
15 4 280
65 22 3980
31 51 3958
50 45 1162
43 6 734
5 44 4056
68 50 2476
67 51 2778
70 15 290
63 36 627
31 47 2360
14 27 2991
43 55 153
30 11 2587
40 39 2399
65 31 3150
57 63 1213
36 44 1972
20 20 2525
21 38 2417
67 27 404
18 27 772
21 44 527
26 34 2026
59 47 2393
57 15 3232
34 44 3296
41 54 1380
48 28 2587
25 59 3468
21 21 3165
47 16 1042
30 23 1035
37 33 4041
17 6 3463
58 12 1695
15 42 2050
25 54 132
16 46 2768
34 18 2143
18 21 2789
41 5 2636
14 66 1117
36 8 706
67 42 3224
48 18 3803
12 59 1632
55 60 2969
44 24 2357
39 38 535
1 66 1615
5 57 1440
6 29 3648
49 10 3343
10 28 3558
43 43 831
53 43 2598
17 7 2843
7 28 2964
43 67 1762
44 65 3420
39 37 2607
60 49 1095
38 6 152
37 22 2316
7 25 754
5 16 3309
52 14 647
30 42 3403
46 55 618
6 61 4085
58 56 1773
35 15 2314
17 18 329
26 20 2190
31 11 3367
24 9 2206
38 2 2807
48 22 1853
39 67 3868
59 61 2873
41 24 1528
58 46 479
24 4 916
41 21 4089
34 25 273
55 22 1184
60 56 2722
66 18 2410
15 59 1612
5 50 976
45 16 1634
12 2 87
5 33 750
45 51 2456
8 37 2852
45 45 1524
6 53 1550
50 7 3933
48 66 1850
53 69 1955
25 11 1921
25 3 3145
39 7 3901
40 5 718
14 30 610
39 59 1844
48 48 1040
69 30 2853
39 62 1985
2 51 2734
36 58 2191
43 4 4065
18 42 172
44 8 1757
49 20 31
1 68 1435
14 8 1335
6 69 2922
55 17 2674
26 61 1507
58 11 2760
36 56 930
69 66 4092
37 23 753
48 15 1624
70 34 4053
64 45 3101
51 61 2673
27 1 1559
43 65 1613
67 56 3077
5 61 4002
15 26 3031
25 64 3809
22 36 1623
37 23 3037
5 22 491
25 17 1129
29 8 1003
27 14 2626
8 11 510
48 39 9
25 3 2799
64 28 192
35 28 3954
37 2 2168
37 22 1555
70 51 734
57 38 3212
20 42 2299
20 12 1227
23 36 365
39 33 3627
17 53 3297
64 28 295
46 32 583
23 11 3704
27 30 2868
60 53 4048
23 70 1427
21 41 24
66 16 1201
63 37 3271
18 48 2537
2 27 3657
13 20 1730
62 9 1188
32 11 2924
39 68 3929
17 12 1932
41 26 133
13 42 1988
43 26 3733
32 68 1015
32 69 2059
32 32 1888
43 47 1845
18 20 3487
46 56 976
6 60 3965
1 4 3352
1 26 1650
24 67 2867
58 8 3349
64 6 576
26 51 2600
25 46 1815
3 40 3000
35 12 413
68 11 1315
29 53 2982
4 24 363
15 9 3215
18 35 2864
21 28 3063
51 4 1035
47 65 944
63 53 44
59 18 868
29 22 3891
29 42 4095
35 60 1597
6 39 3552
28 13 350
25 60 3061
60 41 91
42 12 428
19 70 3011
16 60 2527
23 18 1583
65 38 3746
66 41 2297
42 70 1636
49 28 1541
70 20 3486
25 33 3030
36 6 3269
13 29 671
15 44 685
42 58 1038
53 40 3354
23 36 1234
70 11 784
45 22 28
47 34 3430
52 30 3795
42 61 1917
66 24 119
26 70 2388
47 43 1980
21 36 2992
47 28 2293
37 37 3540
50 18 1871
29 57 1050
65 4 2388
37 55 1991
29 66 3234
48 25 3201
56 15 1209
66 47 3390
40 63 2037
54 7 1662
20 46 558
6 25 903
18 37 657
45 66 1545
6 26 141
20 45 89
68 34 2862
46 24 2511
12 8 3782
20 51 2774
69 15 969
15 46 1787
53 10 4
27 53 2099
40 2 926
51 13 873
59 66 3952
11 21 2910
69 17 887
67 50 684
58 10 254
57 51 1891
32 4 3144
26 38 2023
61 33 1807
60 2 3193
54 3 1463
13 20 1174
39 55 2567
19 34 3227
19 13 3020
36 6 3922
32 36 1638
35 57 3134
3 37 1485
30 46 3799
23 52 2312
12 16 3987
55 38 1965
63 44 1011
5 54 2706
19 31 986
53 47 2295
7 31 1579
21 6 2590
58 14 3105
48 9 1580
6 15 261
69 26 736
56 62 1872
46 17 1793
14 60 3437
59 36 1647
63 56 2407
38 62 3330
33 17 1360
16 51 3998
12 13 1960
60 45 148
7 47 1196
58 10 488
65 15 1588
9 54 2807
21 40 352
4 44 2365
66 60 2733
25 33 2318
31 41 817
16 53 927
44 68 1070
62 31 3116
51 12 1079
40 52 2332
22 7 1942
9 61 3332
52 30 2069
3 46 130
46 43 2350
5 60 1342
69 63 1328
59 3 1142
3 43 75
13 10 477
13 26 177
30 14 743
11 62 1215
59 44 1737
42 61 774
51 30 797
11 41 2510
7 61 3791
22 33 972
33 61 386
54 2 2657
42 44 368
49 22 1381
27 67 1814
16 70 3582
57 39 1733
60 57 1985
39 5 156
60 16 1192
59 47 1448
69 44 2486
40 28 1643
24 25 2329
23 34 1992
8 16 56
1 30 2229
41 68 2679
64 6 221
10 1 2501
42 40 3908
18 70 2190
67 40 3287
50 24 914
20 9 3403
40 13 3541
36 4 2778
14 24 1523
19 15 730
58 62 893
69 33 3016
31 64 3053
10 18 2697
14 3 60
65 61 1816
25 46 2116
14 5 811
6 23 3563
57 39 1105
21 45 747
24 3 2877
56 60 2509
30 32 1368
16 49 3564
18 62 2613
8 46 2009
40 30 38
42 11 783
61 16 3157
18 66 3691
59 34 26
50 24 3290
22 67 1920
63 33 2253
21 32 2671
48 1 2186
43 53 2289
9 65 951
54 56 1816
43 67 1531
66 38 3823
21 22 3504
52 25 3433
21 54 1635
18 18 505
24 2 1988
34 59 156
38 14 2796
1 35 993
25 13 1227
15 9 3260
18 31 2543
36 32 2575
21 31 1287
62 25 1810
20 65 254
36 54 1977
67 47 3514
38 48 2763
51 4 2447
34 11 395
15 23 287
15 58 3048
37 52 3074
20 47 2851
30 25 173
28 45 3871
35 53 2584
38 41 2837
31 9 1188
18 12 2344
43 32 1509
6 23 3064
41 28 2443
68 20 1966
16 9 1743
10 41 696
2 31 2225
33 42 3956
44 5 1672
6 10 3257
1 57 1271
4 33 3532
28 64 2125
14 47 523
51 9 2583
37 13 2851
1 1 3721
6 58 3360
7 21 3388
61 2 1074
65 6 1375
14 23 149
29 50 2027
60 28 3466
35 23 1216
67 54 2197
43 40 2996
61 39 1029
19 19 3998
2 16 2859
52 54 1032
5 19 300
67 35 2194
50 5 3036
33 35 1531
6 44 481
51 67 484
58 46 538
12 50 3696
13 67 3507
24 33 1742
13 19 1715
46 1 127
31 39 308
56 66 1915
14 14 583
8 20 1418
45 9 2234
37 17 8
21 35 3256
2 50 1419
49 42 2387
66 26 678
32 29 2506
30 28 3000
12 25 1540
7 3 1636
44 18 2063
5 15 2439
46 15 3184
34 10 1650
6 45 1731
70 16 3346
69 4 1623
16 13 3018
17 17 312
5 11 1135
8 39 1462
21 58 1941
14 5 3074
10 64 1112
11 8 2443
23 19 1352
46 28 2166
35 49 3073
42 40 1445
20 18 1644
57 8 3483
43 43 546
27 49 827
45 20 3098
59 26 868
10 17 3740
40 69 2745
65 40 2069
64 10 1673
11 25 276
8 45 59
26 33 755
27 2 3361
17 17 682
11 25 3445
3 21 1110
26 14 2468
45 10 742
17 52 1378
4 60 4017
22 12 2006
60 8 1597
15 17 1956
61 23 769
30 26 877
17 28 735
37 1 662
25 65 1556
42 11 4001
37 62 238
52 56 1704
18 34 3081
25 53 2254
31 12 2718
10 44 847
6 58 27
70 51 686
47 57 2647
37 46 1353
62 60 1981
6 28 3428
20 9 501
34 23 3596
2 53 1997
69 15 3261
50 32 1802
38 64 2508
19 54 2548
31 36 684
17 36 4014
29 41 2346
63 15 264
10 7 3608
58 45 3498
41 3 2157
54 63 844
70 69 3666
45 23 1943
16 30 2685
50 60 981
34 29 3744
66 40 3411
24 29 2676
48 36 2359
38 54 1475
62 52 991
70 39 3732
17 23 2498
52 51 1297
10 35 3909
58 50 773
53 11 1345
56 32 2857
19 43 2251
48 36 1160
31 53 2478
56 13 3834
3 64 1875
17 1 3969
26 33 1663
42 26 1751
52 14 3298
56 64 2281
26 66 1046
13 49 3647
26 57 727
22 22 668
6 61 2956
29 5 158
45 20 944
17 58 3716
8 39 1589
12 62 3976
64 16 1502
5 28 3906
41 63 1271
34 11 2610
49 26 2134
47 23 983
12 40 2848
3 17 541
25 7 1046
8 65 2264
28 18 3951
10 67 358
36 59 2800
49 16 2536
54 68 3639
43 48 2597
30 16 3196
8 8 3958
23 25 2971
36 5 2352
23 30 2973
30 49 3724
1 50 49
16 12 1521
24 34 3496
47 19 1542
19 27 1703
16 17 211
48 57 2551
43 7 2273
44 60 2367
27 61 3895
4 31 2377
31 11 2110
58 19 1120
32 49 813
65 8 3513
30 28 2628
59 19 1948
55 16 2497
65 21 4042
54 14 2929
14 13 1414
8 70 654
50 25 2201
30 59 2856
48 5 2385
53 14 2488
27 14 1946
39 48 3678
69 14 3672
15 43 1364
1 19 898
30 1 3986
32 43 368
65 4 1072
31 30 2399
37 51 1519
30 16 59
38 29 180
32 48 178
34 58 1834
8 38 1609
56 70 3435
29 9 2927
4 70 2304
69 21 2851
46 69 1285
39 42 783
48 8 3794
40 19 3683
17 23 1140
25 29 1562
37 43 961
11 12 2299
66 19 151
53 18 358
11 46 2958
21 67 1843
3 17 3381
2 7 2860
11 34 3708
24 47 1095
35 48 4094
3 37 3082
39 51 2184
11 1 1368
24 54 2711
70 2 908
37 40 2186
5 68 2813
67 45 1423
69 46 3902
39 31 3470
5 63 3362
10 22 3377
49 3 669
18 52 1251
58 33 2199
23 25 433
32 41 3088
68 3 2177
54 25 2568
6 26 224
12 34 1086
18 12 1874
69 18 2941
23 69 3419
8 68 1920
5 43 3755
1 25 1301
63 70 2919
52 57 967
57 55 303
30 56 2915
30 44 1515
37 9 1984
45 32 3923
47 55 1960
65 20 2132
34 37 2605
12 52 53
2 47 729
56 51 3749
66 9 2248
33 45 490
58 69 1954
28 45 3992
56 6 656
67 30 1325
37 61 2055
39 53 1642
59 21 3981
15 17 393
49 13 1774
15 51 3298
14 29 3421
22 58 11
39 3 1650
2 41 1630
49 44 1431
19 25 2935
46 48 3567
40 65 3363
36 13 435
50 48 369
20 66 547
24 10 1394
5 27 1106
50 59 2409
42 62 1721
1 24 3972
35 54 850
33 64 856
8 17 2353
39 64 62
66 64 2893
64 39 3622
57 45 1362
10 61 1625
50 68 3368
53 12 874
2 25 1396
2 6 3221
19 43 413
27 70 3764
37 34 340
56 32 2013
24 66 2762
67 70 285
61 16 2757
27 60 3181
49 19 2658
13 58 806
12 54 1254
44 13 2166
44 43 3159
20 10 3317
52 67 277
17 19 350
7 60 3554
4 31 638
37 54 2683
60 43 3518
33 18 2706
62 12 2681
39 54 1654
40 25 1463
2 51 3751
57 42 1477
32 18 1321
18 40 3757
47 4 3457
4 48 2599
70 12 1868
48 42 1738
26 35 3436
30 47 782
23 13 1388
70 5 221
24 4 3501
21 8 2922
56 53 2692
31 47 1836
32 51 833
58 30 3152
44 47 2371
68 56 1969
20 64 1068
57 69 637
69 62 4078
28 18 2343
1 61 4031
5 65 616
4 34 3378
63 50 1127
40 58 870
55 30 418
38 34 3844
40 54 551
12 22 1842
61 44 86
22 1 674
25 36 932
28 31 1111
45 16 1107
34 58 2002
54 46 592
48 35 2263
39 55 3627
6 26 3496
35 44 3807
55 69 1835
24 58 825
30 14 290
16 58 3342
64 29 528
43 61 2224
47 1 2662
58 64 2206
23 62 2894
33 26 3893
13 46 358
4 40 1617
64 70 167
2 70 784
5 18 3953
11 46 1355
53 29 1189
58 62 2683
63 64 3203
11 39 1358
66 68 1027
60 15 1711
57 34 3547
43 20 1406
66 15 322
40 31 2069
59 41 952
40 61 3336
66 31 405
46 48 2674
3 69 1532
4 4 1982
66 64 1463
45 47 2845
59 64 363
64 19 3579
17 40 2865
63 13 890
53 22 882
16 63 3802
43 63 3291
48 17 396
6 20 721
69 64 3615
8 61 1043
65 3 2647
47 21 1274
50 58 1279
68 23 831
37 69 2298
39 21 2304
59 48 2297
54 54 1737
70 20 3451
21 44 3238
62 19 1669
36 21 417
44 63 1729
13 64 816
49 22 258
51 7 1449
35 44 1506
3 24 2167
17 47 3072
40 49 680
49 30 2590
70 50 1894
63 44 3387
68 21 3798
69 9 1173
49 47 969
29 19 388
59 41 3556
20 17 2234
60 60 2489
42 68 3444
38 70 1219
62 58 3266
5 55 3120
53 60 201
25 61 2325
28 67 3179
28 19 2827
18 58 553
26 34 1136
8 28 3569
69 69 4066
6 5 2877
5 22 2854
29 27 48
8 18 3408
14 11 1363
17 10 170
52 12 2780
63 59 2921
23 43 3329
12 62 4007
62 31 258
13 32 1080
38 52 3050
12 49 3603
65 70 2376
3 28 2920
31 58 1167
25 48 2281
42 45 952
27 42 649
66 46 2843
2 61 456
4 45 3988
58 33 3441
11 11 1947
4 13 1953
67 13 2410
29 17 3950
21 54 1322
22 62 237
38 9 1845
64 20 2965
23 44 344
28 13 2909
33 48 2811
39 46 3566
46 20 3316
5 14 1162
29 67 2667
13 6 1617
27 26 3896
30 42 1266
66 5 18
42 70 1190
29 62 1459
37 35 1249
45 16 2140
33 30 2665
1 17 2510
26 65 1981
32 54 2718
64 26 1260
16 20 3724
6 32 3713
10 64 1228
9 58 1868
36 2 1752
19 10 3247
53 55 1390
55 67 3337
60 14 264
40 3 11
29 59 4000
48 63 1846
43 50 2883
21 43 2867
16 27 1215
25 25 3698
12 51 1514
26 25 1980
57 62 1692
69 66 961
6 10 1159
17 65 1851
25 61 2818
45 19 1213
18 69 1456
57 11 2620
18 3 969
4 37 3371
64 68 1470
35 33 3291
4 1 1834
7 26 3749
23 56 2113
16 26 2633
1 55 300
54 45 3120
70 45 2961
19 51 1544
9 6 1587
67 55 2363
13 69 1873
38 48 2173
50 43 73
46 63 3908
68 10 626
47 11 1216
14 38 2996
22 63 1120
55 30 134
39 59 1106
54 26 1464
57 18 1326
11 52 513
65 50 1652
8 34 602
5 49 2292
58 15 1391
66 22 1628
22 64 3147
51 5 404
64 3 3345
18 47 1227
61 31 2015
47 49 776
28 43 3746
1 2 3460
43 10 3151
12 52 432
62 67 286
9 49 2139
61 31 1390
12 59 3589
44 8 3045
45 25 1320
20 18 2804
64 30 1449
69 59 3526
5 46 1449
30 16 1709
7 5 1912
28 49 1455
53 63 3575
43 30 3791
10 7 2637
17 28 1969
44 23 3242
34 2 3360
57 43 1346
65 67 1273
27 10 832
53 31 3116
28 70 1048
33 56 1373
27 3 3796
21 43 3054
20 39 3083
23 38 1280
29 22 2443
19 3 1548
56 37 358
14 8 1865
29 66 2167
53 26 1663
6 23 2116
23 39 3209
49 27 459
65 22 3146
61 39 3433
10 52 3185
51 2 3878
52 57 1777
10 25 1024
65 48 2136
69 21 4027
34 47 3408
22 11 1317
37 8 1240
1 56 2135
60 11 3045
9 53 328
68 56 645
40 28 156
24 27 2248
2 61 2169
3 54 3308
64 11 276
36 4 2440
34 34 1493
51 51 1833
57 38 3775
40 8 1974
69 68 3856
46 6 2792
2 18 2482
31 13 1317
18 70 3335
23 47 1103
43 65 3587
16 52 1130
4 36 1978
59 2 3301
12 26 2729
38 32 2885
26 34 2548
7 19 187
38 12 2146
31 45 3705
68 4 2729
38 31 714
9 57 2365
49 50 1102
23 38 1147
1 22 3055
64 70 2252
21 25 227
46 5 2568
68 26 4056
55 7 1267
70 32 2442
24 57 426
3 16 467
37 32 3421
23 43 1102
21 29 530
65 45 1590
16 63 3304
6 31 1007
1 27 3995
17 27 3296
40 29 1921
17 48 2150
11 45 1814
8 16 1352
2 54 2773
50 15 357
7 10 1096
41 1 1644
53 46 1151
26 4 420
4 24 107
67 40 2980
52 17 1056
42 50 3407
35 29 1869
64 61 3474
5 66 2646
63 36 2911
26 67 24
69 22 747
2 60 3221
59 48 2335
61 35 403
49 54 3834
19 13 2434
10 13 1095
31 23 2868
36 61 874
12 42 2833
58 40 3352
30 44 3855
43 36 758
19 22 1547
53 4 3366
66 21 667
53 36 121
47 13 389
35 63 2612
23 44 3756
27 31 3943
69 59 131
43 63 886
51 19 475
68 54 2240
58 60 2667
12 69 2383
42 64 1879
56 15 1879
26 18 3998
44 6 3132
48 36 1798
57 35 3340
63 51 1368
32 57 2462
33 23 499
34 31 1930
49 7 92
11 6 291
49 67 3048
33 38 3986
20 2 2260
13 65 2439
38 24 2838
35 9 2227
33 32 3028
41 18 260
65 39 3360
43 45 3492
13 36 1647
51 31 1592
47 62 83
21 57 997
37 12 1332
56 59 4020
51 67 853
65 40 2904
60 44 842
54 68 1573
64 16 944
20 29 2414
20 63 3679
19 29 1047
19 50 3936
41 69 3181
31 14 1494
12 33 1864
39 25 576
16 41 800
6 57 796
61 46 2987
38 66 2498
43 61 411
23 57 2613
44 27 3252
45 15 3720
30 56 3920
14 1 146
48 23 3385
20 70 3608
36 19 862
17 45 3632
42 67 3476
21 70 1690
19 52 225
30 56 3732
11 30 3374
34 37 1733
8 49 4054
54 10 2480
3 29 2613
7 67 1227
17 69 3811
11 45 705
24 62 1132
39 15 3646
58 59 2969
48 14 2539
13 16 1749
12 29 3852
67 67 1061
24 31 258
58 38 3326
62 46 3506
35 70 1575
3 5 2701
24 60 1757
53 62 919
22 4 2880
70 29 3107
2 40 1582
29 35 2108
3 5 3066
65 21 4053
17 14 1693
52 57 3405
61 37 2906
44 2 1296
8 10 2389
14 57 458
32 34 3431
70 4 513
47 30 1680
3 31 2319
4 45 3901
60 50 3823
26 43 186
45 1 3784
10 41 3420
40 39 1889
64 8 2801
61 42 824
45 43 1918
9 56 1439
31 9 618
26 23 4080
16 39 3143
37 66 3034
44 5 1742
19 14 794
59 16 1398
24 25 1517
63 26 2651
28 5 302
70 13 3406
60 33 487
54 55 681
50 65 968
52 9 375
23 51 759
55 6 3675
45 64 1463
59 28 2333
15 15 2653
38 26 183
48 69 3712
13 69 2479
32 1 392
52 67 493
53 62 696
65 24 2785
5 1 3958
14 61 2648
53 23 3336
43 15 3788
37 33 345
62 49 2273
18 67 896
12 65 3060
30 27 501
42 41 785
2 42 2289
65 51 2809
25 35 481
57 25 25
50 13 528
43 43 1969
37 24 1576
53 36 1585
4 53 287
8 60 2388
5 16 431
69 46 3475
49 17 613
46 48 240
16 19 2517
62 19 1140
19 15 3525
22 31 600
49 65 2027
35 49 2653
4 7 2225
35 69 3942
37 35 802
35 18 2047
31 26 55
43 35 709
60 29 616
46 61 2232
16 40 873
41 67 1475
49 26 3397
55 38 566
54 2 1997
43 51 2523
2 37 3512
2 17 3017
26 65 2721
39 51 2865
61 65 1546
48 21 190
7 67 790
44 65 659
49 64 775
70 53 920
13 1 2827
41 48 3393
28 65 3955
66 5 72
20 19 3197
60 5 3407
27 49 3028
62 16 3488
6 68 647
37 51 2058
37 44 3210
40 11 2548
45 23 506
59 22 614
63 61 2473
34 68 661
7 39 347
2 37 894
31 34 1433
69 1 2359
27 32 1131
6 12 2476
43 58 2363
67 35 3744
31 49 1065
17 22 2355
55 25 2106
28 57 3261
56 52 947
39 60 2835
63 9 527
40 19 1191
31 33 2451
45 18 2891
54 2 12
69 70 1756
50 2 3104
39 63 1794
33 23 1037
55 44 2679
32 42 2992
57 21 1162
41 5 2520
7 18 3166
42 3 1230
66 5 1828
53 37 1523
45 50 4013
9 57 1359
66 70 1918
35 53 1837
2 66 1704
3 66 1953
53 14 418
4 9 1937
19 44 2349
6 62 1002
61 8 1859
62 68 3344
68 26 2358
70 22 538
69 23 1306
5 44 218
11 19 3775
45 42 2626
19 67 3648
8 52 1059
37 70 2212
21 33 1073
10 9 2606
49 14 2264
25 47 2799
18 33 2209
40 38 2413
56 64 841
68 15 2162
41 4 3676
25 40 2213
6 1 2706
31 46 2750
17 33 1001
8 4 3430
56 39 949
55 52 2655
13 49 84
20 6 3225
33 47 1567
56 50 1931
18 58 1610
5 65 739
64 33 525
12 64 2361
66 48 3383
41 53 2603
59 10 2426
46 7 227
56 28 2922
8 32 1298
1 22 2661
18 48 276
17 24 358
42 42 1093
39 38 108
59 41 165
3 51 3535
4 69 2425
69 53 3657
31 13 1324
48 31 1180
51 58 691
7 17 2861
60 7 3017
18 33 2282
3 11 1757
50 30 2911
21 40 148
40 52 856
61 28 929
15 2 1303
35 38 2802
36 42 1642
23 9 2632
47 20 3805
12 21 1535
7 28 2828
60 18 4056
8 46 1709
40 3 4048
39 2 2189
22 56 233
18 40 1723
38 42 247
55 45 172
10 47 2082
36 16 1797
56 31 3511
66 45 148
9 20 3065
59 45 1453
34 31 671
9 13 2665
38 70 725
24 55 210
42 66 213
34 47 2012
17 8 1043
38 51 78
19 49 2996
33 25 1466
37 53 3455
61 4 2683
47 46 2544
30 28 563
45 58 3732
62 3 726
70 42 3259
36 28 1644
1 61 3164
19 59 903
1 25 2772
7 55 2937
67 13 465
55 50 454
54 8 3051
1 58 1512
22 3 2949
47 29 3952
26 8 3514
48 17 908
57 65 1907
30 31 14
66 45 2105
70 48 3247
34 19 1684
14 57 2794
52 54 1891
20 2 2928
21 34 146
35 3 1980
60 16 3920
46 49 233
28 48 1657
62 7 1831
15 5 2901
8 6 1705
62 10 241
31 13 2115
66 58 2572
10 44 3974
60 24 968
52 20 2119
55 16 3923
66 47 1913
60 38 1041
2 12 1778
19 44 3310
42 50 124
36 54 2803
52 68 3736
53 54 2171
6 38 3998
44 9 867
57 38 2833
50 65 666
33 49 890
52 36 3395
2 56 3593
53 36 2035
32 1 3151
26 56 1788
34 31 154
57 7 505
5 18 872
33 60 821
38 69 2424
11 44 1841
66 35 2892
56 6 2688
11 45 989
12 63 1111
48 55 885
12 44 2106
63 54 1112
36 1 1128
18 37 1090
59 29 2250
43 29 2300
70 69 3174
53 15 2438
32 25 3364
11 20 2145
26 19 3000
8 2 1957
70 14 1048
50 54 604
4 9 2383
13 70 1473
65 54 3910
52 22 1
4 7 2224
50 42 3849
37 42 3582
3 44 374
51 57 2146
51 20 3920
59 18 2067
24 31 1365
6 35 1228
7 23 1963
13 27 2524
59 64 2802
42 56 448
53 29 3293
7 58 4024
26 16 3777
24 15 1998
29 38 3632
38 12 560
68 64 509
19 9 4017
22 37 3195
3 28 2452
8 44 2737
37 4 2928
33 51 601
10 22 1822
12 70 2317
40 15 1142
4 17 1142
62 35 1929
12 8 1897
62 7 698
28 16 1514
67 69 2627
50 22 2787
26 67 4014
57 18 3381
44 37 3915
59 59 3469
23 32 4
59 36 2787
19 12 1223
27 30 3186
13 25 3428
38 6 431
18 12 2057
57 34 3104
7 24 2413
21 37 165
27 42 1201
10 27 4003
13 17 2546
61 50 109
44 54 3186
1 51 627
38 31 3393
29 2 3569
48 36 315
50 7 2045
2 11 4049
41 44 2768
9 42 2967
16 2 2750
57 6 2777
48 21 2428
39 69 1259
45 61 1138
44 39 3229
32 49 2702
21 12 3938
31 11 3135
30 37 141
51 47 3355
8 16 2001
60 44 1640
44 20 733
33 43 3931
33 25 2498
30 47 3985
30 2 873
26 44 3572
70 14 3160
66 59 929
13 57 786
68 9 1945
20 24 3370
44 16 1280
42 37 2897
53 63 1303
51 27 4056
6 62 834
61 9 2553
23 43 2371
67 32 2535
20 22 1822
40 15 241
67 33 3983
37 33 1484
25 6 1712
66 17 2745
12 46 149
68 12 3619
33 62 299
55 23 2199
42 23 441
46 67 3786
60 54 2968
3 44 3337
8 32 2095
14 30 710
32 62 72
45 32 3042
54 38 2911
37 22 1316
47 56 1987
13 67 3869
50 50 3294
68 3 3388
53 9 3447
63 63 2649
28 69 2671
2 1 1460
6 66 3721
58 54 1830
40 9 3543
37 41 726
18 43 2871
25 13 1803
13 69 513
48 59 141
43 27 25
10 19 3875
53 41 416
3 56 643
11 41 436
64 28 3431
53 22 3030
51 51 1714
63 44 391
3 43 1319
25 70 466
37 61 3727
23 41 2736
20 67 1100
67 60 3640
22 30 3915
26 34 2438
25 27 3382
25 34 2913
33 38 3593
20 22 975
12 61 78
38 25 3086
30 6 3084
49 27 212
15 46 176
20 42 3595
5 26 368
53 6 3013
69 50 1091
48 61 4095
1 24 1137
62 33 3006
55 59 2892
14 57 1992
52 37 1213
61 31 616
21 41 2871
57 52 1385
29 53 3002
5 31 3629
3 56 604
44 59 635
20 34 201
53 59 3997
12 55 143
38 25 39
24 32 1307
47 11 423
33 29 3431
6 4 1562
31 43 3452
70 62 2981
14 52 3167
14 60 1294
31 27 1691
55 51 3373
31 31 1164
19 13 3734
39 63 2012
59 24 668
57 15 1075
46 48 3457
4 2 2634
14 67 233
49 67 3987
59 45 116
27 15 1313
44 37 513
18 64 3799
26 30 3446
34 50 3489
41 16 1231
19 50 3455
14 70 226
14 41 79
23 41 941
68 51 3326
19 69 1557
17 7 2316
17 49 4082
60 45 32
7 44 2869
35 34 836
62 24 2998
57 45 543
52 36 986
28 14 1419
4 59 2669
6 4 797
42 57 2153
20 33 983
14 36 2352
14 3 1390
58 14 960
33 45 1049
32 52 174
24 31 1780
20 67 2442
29 56 1461
45 5 539
17 62 3343
68 54 23
24 59 4088
70 34 2082
52 47 3807
26 34 1186
58 25 2609
6 68 914
70 69 361
30 69 1190
46 33 857
21 35 146
69 12 3752
36 26 622
18 60 591
15 18 4001
64 15 2146
22 14 4062
23 37 3170
69 54 2238
27 49 3774
62 65 1865
16 39 2621
9 12 3416
39 26 3415
9 50 3758
42 52 916
70 36 2857
28 3 2877
53 13 2457
3 3 3800
51 2 477
54 21 2379
66 15 264
56 7 3250
19 1 2784
4 18 1173
3 55 2512
14 17 3385
32 41 2065
32 7 3911
15 63 3731
18 42 1846
69 20 510
64 60 3801
16 6 1178
35 32 1062
21 19 289
25 29 3638
6 54 2709
44 41 3191
46 49 2723
43 35 2111
49 54 823
7 16 2648
29 67 3673
17 38 2545
58 21 2758
46 57 216
70 66 2041
27 31 1260
61 31 2918
14 17 1672
33 6 460
15 18 2622
32 17 460
15 18 904
53 18 739
50 16 523
40 19 3830
39 24 3015
45 31 910
18 64 113
61 42 3438
5 36 2755
31 64 3002
29 28 1868
45 54 2017
62 55 1423
67 17 3735
7 39 3148
49 8 157
69 67 107
61 4 1663
30 34 1779
49 19 1146
36 58 2479
50 30 3065
48 62 54
3 20 1613
60 38 3882
24 60 1295
44 25 1878
11 36 3038
52 63 1705
20 13 2084
69 17 898
5 58 3786
13 8 600
3 57 3672
48 18 1172
9 68 767
64 63 223
62 25 3391
69 51 2011
25 59 1018
39 37 870
11 39 2083
55 62 1198
15 44 2090
32 14 1998
42 67 2952
19 24 2893
58 16 966
41 70 3876
8 45 2103
24 28 1127
6 35 1965
14 20 3303
50 5 3256
5 64 383
1 16 3144
50 22 23
53 35 640
34 33 727
27 41 123
27 55 498
38 8 2993
58 14 935
67 70 902
33 6 980
8 31 2011
7 28 1218
42 53 278
52 49 3012
5 60 955
30 5 2542
43 10 312
10 30 1304
5 27 2481
49 4 1378
5 65 3138
44 23 1700
43 69 1047
48 12 1376
33 17 526
60 7 3650
31 7 1544
14 41 1834
38 55 3439
16 3 239
69 18 4005
28 60 1786
5 35 3096
56 53 2618
68 58 3549
6 64 953
2 29 3837
32 62 898
48 11 3489
28 69 605
23 9 2718
51 38 2896
20 31 2479
22 28 1184
69 53 2813
4 8 351
7 36 2399
39 64 1975
54 6 1769
41 25 370
44 5 3253
37 56 3118
42 4 2333
21 6 1561
22 4 3410
16 19 1429
9 65 1355
55 11 1430
25 25 1017
24 18 1507
13 14 1641
14 66 3920
22 8 1505
3 25 4028
48 45 634
14 3 3236
61 21 1006
22 36 3891
8 5 3238
1 62 675
34 49 1484
54 38 1759
49 22 3858
25 27 97
51 19 3587
70 57 1145
18 66 4013
7 65 1854
68 35 3486
49 40 3616
30 5 1936
5 51 860
32 36 3567
34 43 1255
70 46 2891
15 54 605
66 34 3949
37 26 697
30 20 1372
29 32 547
24 42 628
54 53 3791
63 62 792
58 40 270
45 41 1641
60 44 153
69 45 1713
10 3 1914
50 50 3603
48 54 3160
13 54 1130
32 35 395
12 57 2463
40 40 3670
3 18 2053
33 68 2756
49 48 1044
63 31 3164
44 61 2166
42 27 448
4 4 644
34 65 2628
47 21 2193
55 27 1947
17 65 2210
62 10 61
25 24 517
36 52 2895
41 56 1639
39 56 3603
54 10 2303
25 11 887
3 6 1820
32 62 681
40 8 652
40 69 678
12 62 2684
42 41 3747
23 56 4026
5 4 2144
40 40 3590
45 29 1307
3 35 1642
17 33 877
17 44 134
57 17 598
59 6 1526
21 16 283
28 13 1534
22 66 251
25 38 3055
48 12 2706
35 70 2602
2 68 1459
21 1 2815
12 20 844
27 4 2602
43 69 3973
34 51 2202
28 48 2434
61 59 654
59 70 1319
22 29 11
63 9 3620
49 25 1964
27 12 110
31 38 833
44 43 3990
46 36 3744
25 4 3134
13 53 3866
3 7 147
54 65 2412
47 36 2331
51 58 3628
48 69 3131
31 64 2975
50 2 2960
4 69 1527
32 69 3673
60 15 2889
66 37 387
26 68 3618
28 43 851
60 18 4057
68 58 1401
15 23 2182
28 47 3186
12 46 1343
29 58 3939
33 67 234
68 25 2838
24 64 2783
38 40 2685
7 8 2692
21 42 3310
65 32 3228
29 18 3946
32 34 3030
59 56 2295
18 34 851
61 4 43
34 20 2101
51 15 3433
20 48 1550
47 16 2590
52 12 1836
25 3 403
50 28 2583
5 50 998
32 52 1785
43 32 1826
9 38 3106
28 33 3908
51 42 1347
67 32 102
16 18 3098
15 4 3541
25 4 3749
38 50 353
41 29 1640
34 42 2217
19 29 795
62 51 4038
36 62 620
47 7 3491
44 21 652
58 19 1450
52 64 3062
50 43 2037
35 25 3706
46 8 2968
17 22 872
61 32 1862
12 50 612
64 54 1288
27 47 1855
50 8 2720
38 68 1726
7 66 2835
64 5 3946
44 61 2107
38 50 2063
66 55 2646
17 18 2288
50 29 2504
5 7 727
50 44 2423
68 25 3365
9 56 647
15 26 1376
51 5 1273
55 8 2249
56 38 2414
63 52 1825
15 60 814
16 50 564
34 4 1431
52 19 3304
5 14 802
53 14 772
55 19 1921
60 18 3548
3 17 1359
11 18 2938
61 59 2920
28 1 587
24 41 2192
17 18 3433
54 25 1686
9 66 2097
9 51 1675
11 13 2397
1 49 1337
7 55 529
4 11 2204
54 58 3266
69 49 1193
38 14 1286
11 67 2384
52 66 1499
2 3 2157
63 2 3423
29 42 2488
25 55 552
68 11 2071
63 57 2468
62 39 709
3 6 3386
38 15 3334
26 19 681
39 51 2448
66 21 3645
41 70 2168
42 6 3828
44 51 1642
48 58 3016
33 48 1053
46 19 302
21 43 3537
2 6 910
43 28 3709
23 27 1895
16 65 391
23 41 2291
69 36 3940
16 38 3842
10 8 1719
62 57 3898
14 56 1373
10 9 81
32 26 496
20 31 1052
52 42 3962
20 8 2215
10 59 3840
61 66 2903
63 58 3428
52 35 1921
1 30 4039
4 32 844
63 68 3073
58 20 3564
34 33 2826
54 27 2908
68 14 2471
33 1 3510
24 43 793
11 53 181
44 21 604
5 9 2518
65 25 2162
34 25 1891
26 19 1021
57 36 145
56 51 3070
33 33 2778
55 60 815
55 64 3056
15 55 3237
38 51 2417
15 42 3995
22 61 3261
28 14 3703
38 30 142
62 29 2946
14 10 1620
4 65 2275
48 29 696
55 10 1961
10 2 1826
44 35 3152
40 32 2395
34 16 3746
61 66 2585
23 29 3205
33 47 2296
30 61 170
21 35 1262
3 28 2537
64 68 1039
69 14 1459
54 38 2991
59 19 3307
49 44 2539
49 62 2167
70 4 3340
14 33 580
51 33 1960
30 65 337
42 28 891
63 9 1179
19 49 1832
10 36 709
32 40 3217
26 47 1506
30 69 1073
21 6 3274
4 23 82
45 22 1471
34 46 3034
11 65 468
65 23 281
68 22 3194
19 33 2859
9 17 1628
56 62 685
53 21 273
60 13 3244
14 55 681
24 24 2741
49 12 3424
32 30 1714
50 2 2593
47 34 2680
55 4 2671
24 62 2809
69 36 2540
23 21 3086
21 62 1870
22 57 2059
21 23 1941
6 60 3236
60 66 2911
41 19 669
50 25 3295
45 69 3587
27 69 1053
35 38 4083
21 20 3527
38 53 437
61 51 82
15 13 2130
18 59 382
43 49 2851
38 14 342
54 53 73
32 28 1788
65 10 952
47 52 3146
38 21 1540
44 27 3880
41 46 2617
2 63 1271
54 40 979
16 40 2549
12 22 3869
3 27 3636
20 3 1530
70 17 1419
53 37 3261
6 44 762
25 59 3252
32 15 3377
62 55 2036
63 39 2749
16 12 2910
70 49 906
30 69 4001
17 11 101
44 16 1447
26 3 3823
13 40 3110
13 15 2128
8 39 947
28 29 2384
15 60 1729
13 51 67
56 14 124
25 35 1092
15 53 1928
16 40 3591
38 15 799
20 2 1375
61 42 656
49 69 3461
56 27 3514
27 63 2897
62 54 667
15 39 2241
48 7 2407
38 69 3889
37 44 1219
19 49 636
18 3 2368
43 43 1935
26 35 2259
65 23 430
39 16 3514
3 21 3550
51 40 2079
41 48 2107
67 5 2703
66 4 1519
5 9 332
2 37 202
28 24 3332
29 15 2445
23 57 2129
69 68 156
25 8 1092
26 7 788
24 53 2442
13 63 510
63 16 4076
26 28 179
13 2 974
6 51 311
60 57 3545
22 15 176
11 18 3012
8 8 3962
52 7 833
18 25 2608
61 33 407
8 60 973
30 32 609
63 18 959
22 56 3855
49 58 4064
27 2 1867
48 39 2128
62 38 3461
35 54 3522
44 10 1322
18 49 479
63 46 1770
38 43 2544
1 44 25
10 11 929
48 70 3373
58 17 1983
42 7 2805
34 52 623
9 48 1066
69 41 3769
42 59 295
70 34 663
26 47 808
22 17 1061
8 56 2958
10 54 1497
1 39 2643
64 63 1017
46 8 1294
14 27 2363
63 67 2736
27 6 3994
30 47 206
58 32 467
64 38 1597
69 16 3964
70 51 3226
49 65 2114
5 12 3041
19 66 100
34 64 336
6 23 3964
56 39 3331
44 24 1708
1 67 516
11 28 1557
60 63 858
29 14 892
39 14 1681
16 66 4012
34 6 227
29 19 4081
23 57 2839
17 48 3197
69 39 2614
26 27 880
3 54 360
62 48 3088
2 11 1463
45 20 1588
60 14 3098
68 64 597
25 11 543
30 21 1632
56 6 2424
68 53 1778
54 32 874
43 62 2876
52 29 4026
44 55 687
39 48 197
68 23 2294
51 2 1115
60 66 464
2 63 903
60 1 681
16 47 3672
52 46 2692
12 30 3747
16 18 2358
54 67 1411
19 64 807
25 66 2426
17 58 1130
3 47 1928
26 10 1456
67 38 3822
55 59 2049
44 65 3348
14 29 2286
60 62 3660
55 49 3064
36 63 3846
47 7 3829
31 11 3241
58 32 1182
52 68 3362
32 41 2059
64 18 3064
45 23 315
59 47 242
22 30 3400
11 37 703
57 41 17
49 26 1728
10 16 4069
20 20 762
2 35 715
14 39 2655
18 44 3191
6 40 857
44 49 3391
30 41 2688
69 11 248
23 1 3499
48 39 916
37 26 148
22 20 1821
11 2 1907
22 29 309
45 52 2041
39 62 1406
25 52 387
54 36 2483
57 64 707
17 30 2385
7 54 2603
36 58 729
13 52 1393
60 22 3632
12 57 1826
31 2 2185
44 19 3489
5 35 330
35 1 3974
35 45 3421
23 62 60
22 53 1694
1 55 2435
37 20 1145
64 13 2501
19 66 716
58 13 1049
26 43 2373
51 14 1815
34 20 2230
54 27 243
30 18 1969
3 56 402
32 39 1380
30 7 3209
28 60 4034
29 2 322
70 60 1345
3 42 1396
46 5 1787
22 58 755
47 63 2489
27 2 2736
57 22 2157
2 10 2791
65 65 3667
37 65 1784
47 54 3335
55 67 3958
48 48 3084
33 41 95
12 11 1734
41 67 2993
56 3 3799
56 49 1313
54 15 1863
21 44 1422
68 54 1549
50 20 2632
19 40 1341
49 68 3331
53 60 1024
9 3 3229
55 16 778
7 48 2918
6 21 2203
24 54 1489
1 16 152
67 49 2320
39 13 3917
32 2 2277
3 48 2833
35 8 3281
64 53 1955
4 67 1799
19 22 2470
30 35 1400
66 69 1978
52 31 36
33 11 2995
14 39 916
54 46 3188
69 67 107
33 51 561
62 21 1763
44 50 227
30 28 939
5 68 2050
67 57 3515
1 11 654
65 48 61
43 50 3077
26 40 494
35 54 2429
24 33 2518
8 4 2221
24 35 439
8 23 550
1 55 1530
39 19 2266
42 37 1277
38 43 3204
16 37 1385
60 8 1846
57 51 2782
13 20 3457
35 59 179
60 51 1961
29 24 3217
65 30 536
31 64 2785
55 53 1417
4 10 2363
62 20 1843
49 45 1599
39 3 558
8 42 3767
57 44 2659
11 37 2623
20 64 2863
6 19 3195
44 31 3422
20 35 3404
50 23 3131
49 7 2074
33 61 2836
36 60 3188
4 62 318
1 3 3500
22 65 572
46 47 3408
62 59 57
38 31 1644
2 38 3308
69 28 3377
69 32 3639
53 2 1868
22 15 3498
40 32 299
41 38 1511
45 26 1323
58 66 2228
5 25 3513
66 62 2330
53 18 2917
28 9 3232
48 4 361
58 46 2180
45 19 3944
45 38 334
17 60 3665
9 22 2325
15 51 769
67 54 1128
22 8 1790
65 1 247
51 34 3056
70 7 2773
41 52 156
17 65 3484
42 25 2843
36 5 770
33 33 3200
28 13 641
27 16 1106
53 17 2967
56 19 3874
53 38 1420
37 54 3877
56 38 413
8 36 1047
35 16 3278
38 63 809
21 45 1165
49 3 2564
23 55 1395
11 37 2862
49 35 3583
63 6 4014
17 36 2118
13 29 3920
7 49 1461
2 63 5
4 17 882
1 21 1195
64 44 1960
20 37 3071
63 34 851
16 69 2324
10 60 582
33 55 292
19 66 2109
42 32 3278
69 68 2453
55 38 3064
41 9 2761
54 39 450
52 50 345
67 61 1961
17 10 2651
13 37 909
16 53 1071
36 9 2112
43 20 2124
59 11 3923
59 16 2386
16 29 1797
64 61 2821
43 66 2507
13 56 2668
32 22 2501
54 67 3923
23 34 4031
9 4 2022
62 42 2136
35 50 338
54 61 1916
8 1 297
21 53 2644
67 62 1674
60 32 1546
20 24 3249
6 9 742
38 22 1335
7 50 2277
34 18 1396
48 27 1175
34 63 763
36 33 1327
46 26 2457
40 35 2347
40 66 1646
8 36 2031
66 33 830
33 3 2665
34 28 4025
13 44 907
5 44 228
44 55 1108
65 69 2622
57 11 1859
50 5 1820
31 56 894
58 1 3885
37 37 535
8 39 3716
25 26 1866
13 53 2721
19 53 357
7 34 3057
13 52 3913
27 65 2222
53 35 3111
33 66 3674
2 37 3198
62 3 3733
50 12 2388
57 49 974
18 68 2034
67 68 738
32 30 3075
30 60 3292
37 39 871
28 10 2121
49 6 3645
24 59 768
57 23 3321
19 11 61
42 36 275
58 32 1492
31 31 3864
65 36 1054
60 46 360
33 65 3731
32 20 1299
3 11 994
41 22 1840
5 2 2071
7 24 1166
6 66 2980
16 51 1066
19 54 1040
62 45 1724
13 7 558
36 1 775
41 16 115
51 24 306
19 23 1088
2 42 2901
23 25 3214
17 37 3446
28 65 569
40 32 3286
54 29 3841
69 37 3696
9 58 3766
43 64 1147
50 24 516
45 39 3977
20 16 2531
62 36 3315
48 1 3838
44 64 384
1 20 826
67 35 2737
44 1 2798
21 63 3703
57 20 2614
18 15 3638
46 66 352
51 1 3646
64 23 3801
43 49 2993
56 56 3921
50 34 2850
68 41 3645
6 11 1227
55 37 2081
32 64 2058
5 13 753
53 49 2028
46 69 2849
9 13 2080
63 50 2177
25 64 1715
45 37 2993
38 58 2587
29 32 1433
20 52 1469
18 4 1819
23 58 2147
21 37 2329
68 28 542
54 26 188
63 28 1846
61 25 1352
19 16 3405
17 66 3797
1 70 2610
5 22 3914
56 49 3202
69 27 702
46 26 2379
53 40 3968
30 13 2891
15 10 3309
70 56 2027
33 38 524
52 68 438
43 8 1008
9 51 2717
64 11 154
56 9 1322
45 44 3944
69 31 2337
2 31 2432
46 28 1263
37 59 1665
30 23 1600
10 13 588
70 43 2243
58 6 1244
26 52 1583
7 24 3233
20 28 3020
32 45 1794
36 9 3237
5 27 2283
18 29 1697
27 19 1196
45 6 1670
55 30 3702
54 14 559
13 34 1238
25 7 944
8 29 1552
13 56 834
8 44 2556
37 61 2013
29 64 1201
50 42 2750
38 53 705
2 59 3628
36 62 3029
54 27 2120
3 15 3509
67 37 3039
49 5 1443
53 19 2433
27 40 2974
13 58 3962
37 45 3317
12 44 2215
30 50 420
21 26 2933
2 48 2371
2 35 331
31 14 3490
32 16 419
70 3 560
3 60 1911
19 58 1633
62 46 3080
12 7 132
16 69 1962
60 35 1177
23 14 2319
45 8 2104
56 4 127
26 24 3151
13 2 2124
63 55 1424
5 6 3020
48 18 159
66 21 2186
54 67 3740
12 4 1080
25 30 595
70 41 590
54 22 4046
42 63 406
64 66 3772
55 62 1257
33 41 1235
29 23 326
31 67 1475
67 2 3560
48 59 1746
23 39 216
46 67 2485
61 37 2945
20 67 2163
52 25 3471
59 49 361
5 59 54
58 53 3641
36 20 1517
6 11 931
25 46 2578
58 57 630
31 55 1138
49 20 3007
47 62 1579
35 42 739
12 4 210
70 11 2654
38 19 3028
3 5 3236
55 29 1891
39 66 1058
9 51 2988
70 39 2479
18 27 3259
30 6 2027
58 65 92
15 70 3952
30 68 2991
69 30 3537
52 69 2594
6 13 3672
26 29 1519
16 5 2026
10 37 3660
16 69 2585
51 53 1590
53 17 3920
58 14 3994
30 48 3067
7 69 1844
11 70 1766
60 5 3532
36 12 3976
55 35 350
13 50 3861
9 48 1648
22 40 1184
59 32 1941
40 21 1553
4 24 3427
50 21 3157
4 66 2412
61 6 204
53 42 1978
38 40 3283
19 25 2087
29 25 277
15 64 3621
68 19 889
31 10 3792
63 43 3718
48 46 1330
59 47 1635
8 22 2011
57 17 1877
19 10 2837
28 24 3746
35 50 2683
20 39 3018
31 49 1987
30 60 1062
54 67 1828
29 34 2336
54 33 314
45 23 3334
48 26 3584
37 1 1366
21 4 3407
25 42 3052
5 14 3594
61 43 202
26 25 3984
56 64 1193
28 27 3425
20 17 3622
35 31 1958
28 51 1063
17 15 2622
34 69 420
36 58 2367
58 18 1326
8 39 3872
35 3 248
5 51 1737
19 34 1054
49 66 3361
60 48 3416
38 27 1544
63 65 1736
18 16 4067
48 66 1098
36 39 1433
60 59 483
43 22 541
24 40 3780
15 28 540
38 35 2066
7 62 3055
34 44 1774
63 69 447
5 13 2460
65 3 3795
47 39 3162
58 34 1577
36 6 2774
30 40 1301
69 57 3752
29 68 2584
57 29 1754
67 2 3722
19 43 1799
52 38 3529
63 43 2702
31 40 701
47 57 187
21 64 1677
37 54 1529
50 21 322
66 18 3136
4 19 655
46 61 3568
41 13 1042
10 22 3200
53 51 1827
57 44 1159
66 4 2392
58 13 119
28 49 231
68 55 1142
55 21 1621
3 55 1311
67 14 3795
32 14 3106
48 55 939
37 52 870
33 10 883
55 15 3237
68 29 3921
62 15 2840
34 52 3926
53 28 2801
11 57 2208
21 64 3311
4 12 1509
15 10 1478
51 65 568
62 43 3000
64 32 2777
46 38 219
55 13 952
53 46 761
41 18 795
55 12 3004
43 41 1015
48 69 1959
52 19 780
56 56 2399
31 41 3885
9 63 1145
54 56 3820
8 61 1834
45 30 2990
25 8 1661
35 48 2324
51 49 272
39 64 2148
10 17 1543
32 12 2768
57 50 3251
50 25 3847
32 21 1967
56 38 312
7 35 3390
33 27 168
13 31 374
13 68 1314
60 8 3595
19 36 3620
51 3 3853
47 43 106
59 15 1317
50 57 2984
26 1 3751
16 4 3322
27 45 3604
23 29 3820
7 40 3453
41 50 284
3 28 671
25 25 1049
35 62 3863
21 7 2791
45 16 446
21 67 94
2 22 1553
39 69 1680
31 66 1163
3 24 2134
43 38 220
43 41 452
44 20 3770
5 37 850
60 24 1066
38 66 2772
23 21 3070
7 35 3127
38 34 635
22 60 3568
9 45 1030
68 49 2825
57 1 1236
35 20 4023
37 44 223
27 28 135
17 59 3954
64 8 9
16 9 1046
45 35 52
60 54 154
15 19 25
40 16 2046
35 55 2603
11 45 4011
11 6 282
15 5 387
47 2 1437
66 60 262
29 1 2654
33 66 2114
45 58 3833
52 30 2941
39 64 1993
40 19 1623
67 23 367
20 20 221
25 24 3293
62 7 3903
28 37 3023
47 27 1924
6 18 1479
66 28 3013
53 70 1083
39 70 1648
68 19 2261
38 69 1605
40 31 3455
7 10 26
62 59 4048
45 30 1119
65 63 2305
32 22 597
45 32 1762
47 4 2139
2 22 3556
43 52 101
2 34 3705
1 29 3716
23 68 1176
13 28 2946
22 29 2583
33 47 1650
65 37 537
67 15 3420
25 49 3278
6 24 3304
41 4 2985
14 11 2902
48 34 2371
23 40 713
9 18 3315
17 27 3265
2 42 1496
41 5 1787
30 16 2585
48 35 908
37 25 3005
7 58 764
6 38 3617
67 16 2192
49 70 3559
28 19 696
70 8 60
7 39 905
57 42 834
45 58 2448
25 67 2986
36 70 1593
22 25 1660
69 20 932
12 12 3017
47 7 3181
12 27 3373
23 48 3855
12 40 422
31 23 55
17 26 2619
59 69 286
14 53 907
64 66 1039
25 19 2192
36 53 1907
57 37 2767
62 12 6
63 47 950
44 14 337
23 38 1816
42 40 11
4 11 3286
41 55 24
2 14 76
14 44 4077
13 46 462
53 49 4090
2 27 3027
55 48 399
18 24 2463
19 62 2251
7 20 1343
47 31 3225
3 37 2054
45 3 3831
43 18 1391
52 70 765
31 44 3471
13 40 3613
10 39 3491
44 31 34
56 55 3063
58 57 3827
8 65 1178
26 69 870
53 52 3895
44 5 322
19 43 1377
20 21 493
9 48 955
15 2 1174
20 14 1512
58 46 2131
55 36 1663
44 65 1533
42 60 3968
57 27 645
42 57 3684
20 3 697
60 51 1396
58 35 675
56 65 473
24 43 3830
50 26 889
24 41 701
56 49 230
28 57 1378
34 24 2104
51 36 3772
63 10 3748
22 40 1619
8 60 1752
22 5 1358
46 12 1011
53 34 527
69 17 1962
10 16 3464
29 9 1706
28 43 3015
54 32 19
3 46 3676
5 53 1071
55 44 243
38 66 3095
10 60 1512
3 39 2147
41 63 517
59 40 1505
26 1 1835
55 22 1139
42 12 2484
17 58 2974
64 16 3794
35 16 3671
4 43 2518
67 41 2732
7 1 2698
19 14 1456
3 67 1914
50 12 2298
29 29 1731
42 12 3804
48 7 152
16 63 586
9 27 3876
17 41 2770
19 69 2437
50 16 2822
64 17 3356
9 21 3217
49 60 2461
49 26 2489
67 45 1861
28 58 3413
70 11 3308
17 32 1062
26 56 2028
33 36 3547
46 29 1778
64 20 928
51 11 729
12 29 2396
4 25 2854
52 10 1165
26 46 1854
36 12 2524
35 27 1354
24 13 68
30 27 3690
29 40 2480
66 8 1726
14 58 591
13 51 531
45 18 3835
64 61 1226
64 57 2173
19 55 811
16 28 3727
25 30 1352
54 12 1040
17 4 3512
44 44 1357
28 33 2917
51 32 2738
29 65 3727
5 23 1598
14 37 2905
29 5 1894
5 5 1709
68 19 437
1 67 924
65 62 1410
16 3 2009
30 27 4035
33 62 1701
7 43 2796
46 48 2408
66 23 3574
45 4 737
66 17 2320
5 46 1248
15 43 3241
9 56 2232
49 62 1601
58 62 3098
1 41 2802
47 46 242
18 54 837
11 64 3858
32 16 1209
42 66 3383
57 25 1348
21 18 3130
3 29 2041
46 58 78
20 45 685
38 57 1043
16 55 3077
38 29 2882
47 40 1202
8 20 3085
20 53 3887
54 25 1499
11 50 449
24 70 1208
36 64 4030
51 44 3356
2 66 2215
57 42 1428
29 9 645
54 12 3844
2 25 1703
26 12 3435
64 6 118
41 2 983
13 5 3860
50 19 1328
22 55 3044
32 35 1663
50 53 2638
41 7 3060
59 68 1341
44 47 909
32 14 3075
67 27 2664
35 53 1004
29 6 76
10 42 1178
26 57 2630
12 39 3959
30 23 3484
7 23 3418
20 16 1664
49 55 2923
67 13 4046
45 4 3713
26 54 1809
44 8 3646
66 57 3681
39 4 3966
40 31 1843
36 5 1593
16 35 2157
51 51 1785
6 58 1120
56 10 2485
3 59 3461
33 49 160
3 15 1675
11 55 2246
3 49 789
38 40 2364
9 38 383
6 16 714
10 68 3118
60 3 914
31 1 2157
66 41 1486
39 48 2176
27 65 1324
64 58 2707
39 41 3197
27 41 2501
33 46 3681
49 43 691
30 45 1327
46 42 2344
34 22 820
52 3 578
25 48 3810
1 11 1220
6 25 2691
27 31 598
66 16 3315
25 3 973
43 22 606
62 31 3012
7 2 1603
30 15 890
48 49 2688
52 38 3193
9 30 1821
31 1 1518
56 49 2676
25 34 2132
34 20 1516
37 49 3576
6 59 3609
66 56 1476
57 38 2193
9 51 2186
45 48 3560
40 51 640
13 18 3176
54 48 565
67 44 217
62 67 297
38 11 701
53 67 732
50 36 2009
42 11 4027
23 57 1205
16 42 3150
35 64 3545
26 48 2437
10 70 962
14 23 3873
53 4 1391
43 29 1407
30 49 2965
4 31 1309
23 23 448
9 47 3492
23 58 1995
17 68 2185
10 28 3415
44 55 3238
7 61 3298
23 14 2818
34 62 3015
69 21 2980
35 25 1838
62 2 2055
47 59 3743
49 67 456
28 47 1659
61 4 1534
10 6 1657
56 69 1636
51 45 1657
45 25 284
16 36 637
31 24 743
50 10 718
34 28 2905
34 52 2566
57 29 2966
46 1 500
45 32 21
41 9 3679
7 10 1749
47 14 1900
26 61 1106
39 33 289
2 52 448
43 23 1454
19 47 3014
3 47 1195
22 9 3590
29 60 886
62 39 1968
67 24 3693
54 32 3318
8 15 2680
7 65 3960
54 21 3999
68 2 1520
56 26 1640
9 58 2723
67 44 608
2 40 1251
16 20 1724
19 24 1866
46 24 2779
24 18 3007
53 61 729
54 43 3944
9 22 2265
37 9 1290
67 61 1918
14 58 346
40 16 984
1 30 2469
35 50 1058
17 14 777
64 69 410
57 65 1846
15 12 2811
20 36 919
13 25 1017
47 50 229
18 49 1498
5 61 1788
35 23 2117
66 54 1917
6 25 935
52 9 584
9 33 1224
38 15 1182
38 4 1179
41 31 2440
1 2 457
3 19 2126
32 8 1469
12 12 1901
46 37 2281
25 15 1343
53 33 1668
65 9 487
11 1 2979
12 34 1865
25 9 1743
4 16 1056
4 52 709
46 66 101
49 19 353
16 56 3990
50 3 492
69 61 2062
44 42 362
3 39 2157
14 40 650
50 63 200
34 39 508
27 68 2742
69 31 3009
33 5 3847
6 61 1462
35 3 3480
57 2 3660
32 65 1280
47 13 890
58 15 1946
21 53 487
40 50 59
16 23 964
19 43 4086
11 69 3995
15 43 1817
37 21 3574
55 60 2858
60 62 2163
69 49 515
46 7 1470
37 7 560
5 51 3083
60 28 3931
29 65 3388
47 69 1894
8 67 2596
7 48 3608
41 28 3806
52 47 633
34 9 2974
32 69 3304
3 50 3453
35 43 2044
4 54 1549
18 19 870
17 34 189
12 20 4072
58 1 2412
18 5 3622
7 19 4007
10 25 2483
56 60 2267
23 54 2234
50 27 4002
45 52 4065
11 59 202
44 27 355
57 41 3156
2 17 926
61 61 1718
16 15 3925
49 32 1255
14 54 1146
22 41 1880
50 50 2419
54 51 1972
8 68 3692
5 46 2540
10 67 29
28 25 1445
12 19 1196
3 56 915
6 61 4079
8 49 3414
9 5 73
39 15 2939
48 11 2883
31 14 3280
33 50 397
51 37 1212
55 1 3509
29 65 1967
53 18 946
13 62 455
63 28 2420
13 23 3601
42 46 997
46 24 1031
68 70 1078
56 34 488
2 24 3249
18 35 1774
37 44 1188
11 28 737
40 38 1225
52 65 2677
44 39 3177
32 48 4011
27 50 2595
64 17 21
4 33 2676
10 64 1311
14 29 1057
49 4 3589
63 7 3130
26 26 154
18 65 3364
56 63 2792
22 49 1087
62 49 3678
57 5 1673
33 48 1696
23 14 1114
63 38 3116
42 65 3611
60 18 2563
26 8 1110
13 19 2857
41 54 3833
6 12 2286
39 27 2877
8 7 422
13 52 192
37 53 1876
6 67 3178
39 5 963
44 58 518
70 51 3248
22 62 410
25 49 3760
17 4 4060
62 33 267
60 54 2273
34 53 604
51 67 155
28 6 294
69 70 3349
59 1 499
14 41 2380
28 13 2952
10 67 879
19 47 4010
40 31 481
61 58 3412
58 11 437
51 35 1956
65 67 3138
14 25 2153
65 36 807
38 70 411
15 5 3906
4 3 1863
66 54 1788
31 54 2868
45 12 2267
49 4 2778
32 7 4023
3 28 3319
65 63 337
43 26 1185
67 55 267
37 6 3681
46 6 1617
43 38 130
8 24 2096
69 37 3684
22 58 335
60 30 2323
14 27 2454
50 68 1053
35 61 574
21 24 766
63 49 3870
14 44 1497
17 15 421
59 56 204
21 34 1840
17 33 1873
12 43 2067
1 19 500
37 56 2850
58 58 1886
53 55 1521
6 34 521
6 15 1335
60 46 2743
45 13 2532
37 64 2639
18 24 3110
14 61 4038
38 69 3794
53 68 3678
28 13 2510
64 63 1058
35 2 3054
49 10 3953
38 66 2070
46 31 1788
21 64 2245
34 65 2439
40 23 92
16 43 3617
52 37 1218
27 15 887
37 15 927
23 67 1189
60 51 71
34 12 3308
8 51 1732
18 51 914
43 5 964
46 31 1896
69 5 160
45 4 2959
33 41 3332
27 32 577
62 11 3298
22 29 3252
22 60 1745
56 7 2686
52 30 3485
34 70 619
31 31 2
3 17 888
68 35 1241
11 23 1988
21 58 3739
1 31 2801
11 45 997
52 61 1036
52 44 3865
53 66 3768
34 18 1781
21 53 3625
5 41 3864
32 23 1735
28 34 2476
50 68 972
12 32 2444
45 63 642
58 32 1965
19 6 411
33 69 99
22 28 1340
3 44 1552
69 2 3061
35 8 3006
7 53 2456
13 15 2665
31 9 1349
48 15 3845
26 26 2035
17 6 1292
62 64 125
59 48 3068
35 38 1203
24 23 2813
52 9 392
55 68 1422
69 65 3404
26 50 331
63 19 2469
27 41 1530
48 10 3955
62 8 1759
24 41 3679
54 33 4081
34 69 668
33 27 2653
34 7 670
6 30 736
63 31 3117
3 62 1965
40 55 650
46 34 601
40 6 3427
46 51 896
20 57 255
65 68 1482
66 19 1669
13 33 2003
5 36 1855
1 45 325
20 28 28
12 27 1529
53 36 2033
28 62 3421
35 54 2975
10 17 3888
26 52 2196
19 52 2906
63 38 1082
1 31 487
16 4 1057
68 9 2549
25 27 3073
37 27 192
48 45 3512
53 45 1521
45 2 2671
5 63 1854
3 51 1202
18 20 3342
18 36 194
18 4 1313
31 65 2547
16 49 3952
14 16 2295
49 68 3261
27 36 758
64 65 1152
17 25 530
45 10 1243
41 68 1172
61 59 1734
12 10 2853
12 14 2774
17 50 3771
61 67 2336
66 61 367
46 14 4002
45 66 1880
24 68 2407
32 45 2148
52 30 2730
50 42 182
60 70 2882
55 14 413
3 46 3315
11 43 1305
30 24 2558
7 49 771
13 68 3047
23 18 1309
13 17 13
18 59 1162
28 4 1059
45 37 3278
48 15 3138
11 7 3892
28 23 1765
22 10 2614
25 30 2535
55 61 604
47 65 2822
44 64 930
15 49 2622
7 35 3417
70 27 1955
6 8 1232
5 25 2347
7 31 851
49 28 2497
26 68 3494
29 31 2109
5 3 2629
8 67 708
7 58 812
28 34 2786
46 4 1538
59 10 2860
42 5 3486
59 30 3175
59 40 3717
3 59 1589
12 49 1358
2 60 2746
15 3 1101
22 10 3869
3 61 3514
1 62 2101
36 10 3245
52 31 4016
42 69 3700
9 30 1381
18 1 2258
4 49 3070
39 6 971
53 35 2632
19 41 3924
14 1 2286
21 26 2409
14 10 2897
68 28 1493
36 47 3715
26 12 790
10 40 2310
48 34 122
28 7 3639
40 2 1637
13 53 1475
10 7 659
66 27 597
37 44 3701
35 17 103
32 13 541
32 19 3921
59 53 114
57 21 331
67 24 1192
41 9 1462
22 20 2039
55 66 1703
16 3 2346
26 2 2638
25 4 2151
24 12 877
46 19 2150
32 1 4083
32 21 345
31 52 3347
11 22 808
39 24 334
56 13 2422
48 22 1012
59 2 161
2 38 2401
49 35 2692
33 12 3386
45 29 94
38 40 2331
16 13 2166
67 58 1268
2 29 1389
6 37 1734
59 38 3535
63 61 401
40 11 501
65 16 353
68 12 1301
2 47 2636
12 41 4019
21 20 2648
10 35 1408
52 3 409
25 1 1403
2 49 2293
67 68 875
22 24 990
13 5 2461
18 51 1425
39 54 2914
7 62 2763
24 61 661
67 13 2266
29 35 2358
66 69 3935
46 56 3029
11 26 1786
31 34 1657
40 60 1273
31 23 3419
67 32 2074
55 12 2631
43 9 3714
56 65 2471
4 63 3055
41 52 3831
44 44 1121
45 70 557
63 69 2202
3 64 3303
5 33 2517
64 61 3022
37 12 3473
17 10 1599
2 22 3090
43 42 833
65 69 583
3 70 3505
62 41 2823
30 63 3997
26 13 1902
17 42 2091
33 46 3811
61 28 500
45 3 1179
31 66 2816
47 22 1677
35 33 1386
65 51 2811
63 19 2327
67 27 249
27 9 752
24 43 3912
10 40 1637
34 19 2390
20 39 2635
7 3 2241
11 36 3365
60 65 3198
33 42 413
24 34 412
38 36 337
29 27 783
65 39 630
19 61 1573
23 51 117
1 62 2652
61 64 3590
62 42 564
10 55 3293
51 37 3673
64 21 3706
58 13 121
22 65 1405
20 58 2576
52 61 1979
54 13 3925
9 3 523
10 36 1178
12 6 3004
64 40 1433
65 56 463
2 28 2222
53 7 3215
27 46 1907
17 9 293
54 10 2758
20 59 2056
65 67 1204
36 2 3600
3 30 3177
61 3 406
22 21 1740
27 37 4076
56 30 1059
3 61 577
35 38 729
44 58 2736
32 33 2871
10 19 395
36 13 1462
59 21 1976
16 67 1596
56 40 1557
29 10 812
45 64 3558
40 20 1910
69 3 2959
31 54 3162
55 40 1311
36 70 2691
60 5 3609
40 25 1165
28 21 4036
66 3 4031
6 21 3219
53 10 3528
38 28 1740
1 50 2862
67 8 2325
22 44 3591
21 48 3024
43 14 1415
33 57 2185
20 34 1023
69 6 1818
55 24 2982
35 6 2144
62 44 157
25 58 3393
69 64 2759
70 60 33
15 4 3687
42 22 1538
12 7 3148
55 50 2779
19 48 307
31 12 798
39 23 1702
44 5 1964
59 12 114
65 7 1156
45 33 3976
31 18 1664
48 4 2502
53 42 680
31 22 1837
21 43 2094
2 52 1476
14 51 411
25 59 1689
20 54 256
42 31 2791
39 33 133
42 40 325
38 12 659
63 36 3267
22 9 1669
33 46 3224
28 9 3818
