70 5000
&&&&&&&&&&&&
7 3 927
7 41 990
2 12 16
69 37 1456
27 26 82
64 17 25
42 36 13
54 22 31
50 11 4
4 37 78
14 43 621
3 67 0
41 49 0
1 1 1
64 15 39
19 25 204
8 59 8
68 45 3
48 37 23
67 38 13
66 30 3008
61 1 2
2 59 11
41 40 0
27 15 31
39 26 2
37 35 27
25 30 3
44 3 0
17 53 21
8 45 1637
53 69 407
57 64 1562
24 19 113
43 36 1864
2 31 0
2 53 23
31 32 16
63 26 59
32 38 9
21 15 1
32 29 3
6 50 2
41 60 0
51 32 21
19 37 714
4 1 0
16 26 18
41 43 97
58 14 81
24 69 6
18 7 207
45 66 570
66 22 5
38 18 0
18 53 145
40 11 11
9 10 1582
45 64 950
22 67 6
15 64 16
9 27 2864
70 49 126
1 56 2
25 50 44
5 15 39
30 21 21
63 32 876
20 5 0
12 43 147
46 10 174
44 61 489
9 25 105
38 27 38
60 28 3
14 17 3
22 66 1905
59 62 173
47 19 50
4 3 15
54 19 417
8 31 94
20 66 11
60 48 2006
60 34 0
17 64 517
26 27 102
68 41 12
34 54 1
1 62 1017
43 50 504
33 68 1290
67 55 5
9 57 0
1 57 221
14 68 13
4 64 289
19 22 476
68 35 156
30 30 102
44 9 167
70 10 46
34 35 135
59 17 375
53 25 1334
27 29 3
15 51 13
36 57 1
63 16 319
39 11 2
39 63 6
54 9 17
16 64 0
48 17 2
45 20 1
59 14 25
24 33 110
2 70 61
2 37 133
49 59 343
3 57 212
30 1 34
53 36 1
28 55 2939
28 47 4
42 17 14
52 24 1382
24 13 325
53 9 21
62 51 14
34 52 1818
40 3 591
34 5 59
2 11 69
57 7 3
34 7 40
65 8 550
37 6 177
36 21 0
34 37 10
52 44 26
7 23 271
67 46 10
38 64 0
3 18 216
27 62 542
39 39 6
15 66 1853
38 3 24
63 49 1
9 49 22
53 51 52
24 53 488
23 59 4
14 64 445
48 67 0
15 8 2984
37 46 30
23 41 11
32 55 1
54 36 127
10 48 20
27 43 219
58 34 0
29 26 3
6 31 1
41 1 8
45 31 3
20 8 3
35 28 18
3 51 44
65 55 9
44 37 1
3 14 0
63 67 159
66 5 91
13 67 51
58 39 855
49 1 5
35 48 3
34 65 806
24 13 0
52 53 3443
34 6 28
9 37 30
54 68 303
23 47 361
11 31 12
68 39 7
37 67 21
41 23 22
11 46 6
47 54 1751
68 57 3
22 5 0
6 21 510
38 60 0
68 20 2
56 37 818
8 59 63
32 22 2
25 20 31
40 48 51
21 28 0
10 34 111
22 29 13
30 20 1020
10 1 56
49 21 0
55 17 28
22 66 907
52 60 110
38 62 326
15 20 117
48 70 7
47 23 1
42 47 17
32 9 3
66 46 54
33 22 83
57 20 333
9 32 3233
64 43 125
28 12 59
38 36 96
57 15 15
9 64 44
46 12 694
37 31 49
46 39 10
28 29 39
19 68 10
7 37 59
53 62 0
17 19 0
5 57 1844
39 58 3
6 44 5
10 55 6
9 6 157
27 60 39
1 46 3
36 60 1
36 46 1663
66 3 4
48 56 23
27 59 0
64 38 32
20 55 5
44 15 115
9 44 3085
13 26 257
55 31 760
1 52 12
57 39 472
42 35 4
45 19 11
6 6 2204
56 27 211
20 29 0
27 27 72
61 60 9
27 41 16
53 51 57
58 14 26
44 32 1000
67 58 0
38 20 274
48 17 5
33 69 195
70 52 6
9 68 7
31 29 734
26 23 1927
21 24 3303
65 49 1
30 63 1370
6 65 492
6 26 0
22 68 529
19 17 0
23 64 211
25 35 1741
53 27 560
19 6 0
9 14 0
38 55 0
65 61 239
7 45 63
3 21 3819
8 53 15
2 69 442
12 41 15
25 48 1
44 49 365
32 61 1659
64 48 18
24 35 40
50 10 45
59 49 366
31 30 33
1 56 70
17 29 211
70 14 14
56 58 538
32 62 1697
19 60 348
59 12 0
16 64 67
58 53 47
23 48 671
52 42 30
14 21 7
44 59 1132
40 62 1661
52 12 207
50 57 14
60 63 2
9 7 2
21 39 110
12 67 1875
70 6 7
43 19 3
18 8 5
25 54 7
34 9 1559
34 36 458
32 18 122
54 46 131
34 8 14
57 67 684
14 53 3051
6 26 1
34 48 298
29 59 2
55 2 1252
50 29 87
65 30 3
55 58 143
51 27 0
31 30 27
32 48 2
70 15 0
44 18 5
44 32 19
31 57 112
47 51 846
69 50 579
45 38 60
5 15 23
39 50 338
30 30 4
5 14 63
53 13 27
50 63 6
37 48 0
60 41 1786
8 24 4
44 31 812
29 13 14
20 48 441
40 70 773
24 31 9
9 1 11
6 11 397
34 39 71
26 22 1
39 10 97
50 64 36
56 51 10
70 51 59
29 12 648
21 40 4
9 32 133
57 46 5
54 4 22
67 63 0
51 45 341
10 16 239
4 54 4
18 46 27
16 49 2030
41 49 10
53 68 3
17 7 226
70 58 1
62 59 5
29 8 25
3 19 535
7 6 7
14 32 120
21 43 20
39 41 359
67 37 237
23 62 54
20 33 385
25 29 88
48 31 589
34 39 2497
6 6 89
38 33 0
64 24 60
34 65 6
29 45 15
23 53 28
41 7 39
28 10 11
18 17 396
47 36 1
22 5 2
23 62 13
68 21 1
64 5 0
16 37 897
70 39 56
54 28 1
33 41 126
24 12 9
4 12 2
30 44 16
70 26 3
15 37 15
66 44 51
13 19 1753
54 50 289
55 16 1
40 22 89
28 26 2
13 36 3118
22 58 1
35 22 163
45 35 26
27 7 4
53 17 1667
62 54 21
14 21 1
18 10 7
24 63 1
53 70 26
52 23 1
21 8 692
55 61 9
43 33 0
3 47 2
4 56 173
8 35 209
22 1 5
11 26 4
6 22 3934
57 46 19
14 53 415
41 1 1
57 32 391
20 63 5
5 27 141
10 69 1
41 69 0
10 53 1
70 52 15
45 50 71
46 64 148
45 4 90
55 23 40
16 42 3
41 36 466
64 16 194
23 11 368
32 28 30
40 19 59
25 61 174
47 67 27
7 4 161
42 5 48
44 29 14
65 38 27
64 66 0
52 68 1842
9 7 0
45 47 16
62 7 318
62 65 12
61 21 28
37 18 226
16 28 79
59 1 15
22 64 11
19 55 102
23 3 8
35 65 37
16 12 521
21 27 12
55 28 2
15 62 0
57 20 682
66 33 51
26 12 1149
46 36 35
66 57 6
21 10 222
60 62 10
5 56 3
69 36 746
63 39 25
14 6 1
69 13 3
69 31 1
47 34 21
15 69 174
64 39 524
4 45 546
42 20 44
61 14 7
60 56 10
43 49 612
45 69 36
39 8 87
2 23 1601
55 4 4
38 63 873
53 2 120
51 7 11
57 40 3
15 26 31
41 12 371
62 8 28
44 42 2
11 14 1
14 70 87
12 27 0
38 17 0
46 43 7
29 36 21
35 20 22
46 34 980
10 1 25
6 44 3685
61 22 5
39 44 2467
17 51 0
35 60 6
61 68 1
46 65 1
25 53 26
13 50 104
40 65 3
11 59 3
39 67 886
33 55 59
35 34 3
32 38 1981
58 7 38
46 26 30
70 11 29
53 49 3
18 26 1127
60 4 110
41 52 468
39 66 0
54 19 44
70 55 49
9 66 0
41 16 10
45 37 21
23 65 1234
65 19 3
36 21 0
39 16 212
64 41 2165
25 38 3
18 25 244
59 53 4
32 54 28
15 5 43
36 51 205
62 29 1206
32 48 2
56 53 0
47 9 15
12 51 1
66 66 0
7 11 39
53 22 56
63 6 0
47 5 1202
9 17 0
38 57 1
23 48 14
39 1 0
47 11 3
48 69 10
44 50 38
53 9 568
43 1 52
56 1 6
24 43 298
70 43 25
41 39 199
24 22 13
1 27 3
6 17 3965
70 8 3
25 36 516
55 4 5
48 25 13
4 50 15
44 39 4
8 4 3409
38 24 3
38 51 1
32 69 85
15 5 3686
24 59 1653
42 47 55
61 20 0
58 23 6
42 34 1123
69 37 1479
16 63 7
69 68 1
7 11 2591
9 23 45
59 62 15
15 16 8
55 69 1
27 39 1011
60 42 7
59 27 2
57 27 3604
54 66 332
17 29 17
5 70 1548
30 14 0
1 13 62
56 7 685
22 66 242
66 61 904
30 33 3
58 20 181
30 31 215
11 17 189
2 19 1470
33 19 182
45 39 115
70 38 10
36 5 116
27 63 704
10 69 48
49 50 868
18 38 5
31 10 2
50 54 1014
13 69 9
3 33 247
2 55 9
24 42 30
33 10 244
7 24 2637
42 52 0
41 44 223
24 28 638
17 47 33
6 51 985
43 35 1489
19 20 0
32 53 0
26 10 3508
2 8 15
28 5 49
56 49 3616
33 53 3
18 53 2
31 22 0
41 51 47
10 24 212
21 59 61
23 59 3
16 67 22
46 25 16
63 35 21
12 7 915
40 53 0
10 25 1677
43 30 2
47 12 9
10 60 5
38 67 2444
8 9 48
21 65 65
67 60 143
45 32 377
49 60 251
48 18 2037
39 5 144
55 41 2
7 1 7
63 6 3
28 63 23
18 51 46
46 8 116
42 35 2783
4 29 1
4 4 21
63 35 35
30 65 0
35 16 5
69 4 5
8 44 711
20 58 101
5 33 53
12 18 988
6 29 1
60 27 146
8 22 1
26 36 2047
39 20 14
13 52 4
50 36 579
60 63 4
7 56 3
36 12 12
42 32 9
61 43 4
26 23 36
29 65 141
15 37 1793
58 15 134
1 21 8
35 37 0
29 20 7
40 59 7
56 52 1087
12 15 901
45 44 483
70 56 0
70 30 5
58 46 604
67 61 718
17 11 6
26 22 24
7 35 140
1 59 1
1 24 6
57 30 52
18 6 65
22 18 28
69 47 12
43 64 89
70 36 0
37 16 315
19 57 32
24 20 135
17 32 1555
27 16 2632
35 28 19
23 46 0
7 17 91
61 31 55
67 37 6
52 36 41
29 38 16
52 11 1955
44 42 118
63 28 0
52 3 9
57 20 6
60 28 173
22 51 5
39 37 3
63 33 10
12 36 2
35 23 1
21 53 857
57 53 880
9 29 870
37 33 3
69 24 3
60 46 9
25 39 0
63 30 13
51 28 18
48 70 456
23 48 1
36 35 59
4 52 3
9 65 3
18 21 140
35 36 3
63 26 5
12 27 9
58 30 711
26 36 3018
56 57 64
21 56 355
38 39 1
60 62 25
68 39 3081
20 59 13
66 31 509
7 63 769
27 20 36
1 9 116
15 62 5
40 26 45
15 4 283
34 23 6
23 68 10
31 20 103
39 34 11
51 6 35
48 35 4
4 45 0
51 65 0
53 54 0
16 41 2754
68 57 14
7 4 19
61 14 58
62 63 137
69 47 0
50 4 88
23 39 0
9 8 937
33 30 1
55 55 2959
16 51 16
25 56 68
13 64 771
37 16 552
27 19 14
6 62 119
15 21 467
42 12 1
28 62 44
47 20 201
26 15 522
20 69 1
34 61 55
43 66 32
54 37 3622
45 40 2
25 53 2013
38 39 0
64 5 18
10 9 2
17 44 402
21 61 0
18 43 2
44 55 1
19 49 20
43 20 3631
14 68 5
54 37 250
38 1 25
59 20 35
32 65 168
65 27 86
62 24 28
7 39 213
6 68 93
4 11 579
25 34 5
67 7 173
45 66 28
62 23 872
37 67 35
33 8 398
18 30 1
65 65 1120
19 26 3271
69 70 171
70 9 1
48 70 283
9 60 537
41 46 0
26 11 72
7 63 3
28 8 247
27 45 0
32 5 970
31 31 7
3 20 38
45 40 91
12 28 0
64 53 0
15 12 1
3 48 40
20 50 687
23 31 23
56 2 105
49 44 20
44 25 2118
29 38 5
56 21 2622
21 8 92
1 6 22
43 54 162
62 39 1
7 55 164
3 46 1498
29 14 295
68 29 2551
12 16 57
67 19 15
15 33 1002
12 62 1498
49 28 2769
50 35 2
56 32 18
54 44 843
5 52 15
41 44 5
61 22 1893
17 2 2
13 16 1
68 55 19
50 56 3
30 14 105
40 5 252
43 24 452
41 46 11
2 16 10
60 25 6
36 26 456
60 59 1695
13 66 1
65 41 10
57 30 3
32 53 126
52 49 46
56 51 4
61 26 2
51 4 1399
21 3 3246
24 2 28
64 36 14
14 62 861
58 64 7
24 11 31
40 46 945
20 28 54
43 42 651
51 15 3
23 43 813
59 66 166
63 64 161
16 39 1804
48 2 1
7 64 38
49 33 1490
45 14 3
55 61 2
48 29 53
34 52 1
69 10 0
25 25 0
42 34 21
21 65 0
25 24 17
17 19 1389
58 43 5
11 57 69
23 10 129
50 37 405
6 46 7
14 61 4
29 11 397
47 70 3
67 31 989
34 1 127
23 42 9
11 8 21
10 25 5
67 69 3
22 30 214
17 21 10
27 8 3206
9 69 1
57 7 96
37 41 16
53 17 5
8 43 14
23 46 127
10 41 351
55 16 125
51 42 0
7 27 25
12 6 238
37 34 987
62 26 865
44 67 6
50 8 28
69 40 641
19 16 188
44 38 214
17 59 1
22 27 80
7 64 0
69 21 0
5 39 30
51 16 3033
29 19 2721
22 28 2
59 3 0
48 54 3730
24 32 1
56 54 729
53 66 512
34 50 393
42 42 0
33 62 1782
16 14 1
51 16 16
57 56 177
50 51 748
48 38 46
47 52 748
29 21 239
18 34 3
53 64 67
59 65 426
23 21 9
55 61 117
7 4 0
24 54 38
62 30 191
11 22 39
12 33 15
67 3 34
46 22 627
39 28 0
16 24 1086
52 70 13
44 56 0
53 56 51
23 45 29
38 62 246
70 57 19
49 70 4
27 32 7
28 65 148
37 4 0
12 11 46
40 46 0
39 50 15
46 20 97
33 25 37
49 5 5
18 52 79
52 40 29
9 37 12
42 9 325
52 44 2
35 31 10
33 47 29
5 21 53
63 1 2009
11 63 1365
19 38 69
67 45 60
20 66 184
1 43 13
22 67 3
4 37 2
67 45 0
69 58 2
55 32 1082
52 68 244
53 5 45
64 46 3
35 49 1
30 39 79
43 7 89
24 20 10
29 50 125
3 41 23
39 19 45
60 70 408
67 35 185
10 69 246
52 16 60
64 64 1257
37 44 0
31 39 21
21 31 13
8 37 2792
49 24 1435
31 19 201
55 33 172
68 32 7
51 50 11
60 68 7
47 39 20
51 67 7
65 24 278
59 38 1748
11 28 160
34 25 1971
3 70 17
41 37 216
46 6 18
24 65 0
64 46 2
28 69 2008
18 61 6
29 18 9
7 57 16
63 15 7
69 18 490
27 35 398
9 25 413
43 24 62
56 38 452
30 24 0
16 51 2719
36 43 503
46 46 80
15 4 1959
18 36 1
64 10 14
59 61 1680
48 56 231
18 25 789
24 12 56
55 35 0
31 3 15
28 34 12
17 50 22
29 39 3
59 41 1277
35 6 0
64 44 189
7 25 1
43 64 1
43 18 30
15 24 1
16 10 71
21 54 6
54 67 117
51 26 1
46 65 0
43 20 1668
13 19 0
40 27 62
58 52 2
3 66 208
45 44 2
15 65 157
63 46 0
52 62 1938
27 59 2704
41 2 1
60 13 4
45 40 1
14 56 217
47 41 68
25 12 52
38 3 9
41 31 176
30 25 45
34 45 25
51 61 13
62 4 413
12 1 62
14 47 1046
29 25 85
7 14 329
47 3 0
2 12 0
53 25 1
8 68 2
68 35 14
8 5 2
70 5 2047
31 34 1004
2 30 21
58 66 543
40 56 188
32 56 0
21 54 2
13 33 370
35 38 87
52 5 3
13 35 436
43 30 252
23 32 102
54 54 181
14 21 58
22 3 1
19 3 5
62 29 8
46 57 1728
59 36 3798
47 55 31
38 1 201
9 12 14
33 35 55
68 46 834
47 41 164
14 66 182
37 21 11
67 26 1170
31 66 307
45 21 43
32 42 289
66 64 1
62 16 8
40 70 910
60 54 1
44 62 44
3 18 15
28 46 1
47 66 1808
59 35 13
32 39 6
15 61 32
47 28 977
15 29 1
7 46 38
41 24 3
21 28 0
48 64 968
30 12 119
57 7 7
7 6 60
31 38 5
24 17 14
21 33 420
30 1 122
30 13 1
33 65 0
67 63 465
2 31 0
21 6 284
9 16 0
50 58 1
14 61 1
48 40 2
7 28 0
3 41 95
49 31 1217
64 33 357
46 43 0
46 27 7
26 22 59
58 48 179
23 41 1885
15 7 15
47 25 98
27 29 53
64 25 144
47 26 35
56 68 382
66 16 172
6 10 857
70 39 19
56 50 47
41 25 13
23 4 20
27 58 2
59 47 228
22 9 5
68 4 2
67 36 902
36 27 21
44 34 54
57 29 36
61 34 262
19 38 125
33 61 60
51 5 0
24 42 222
21 31 521
41 14 35
7 41 1518
13 63 69
1 10 2
9 2 30
69 53 31
31 49 28
27 35 3819
50 47 1
35 32 61
32 19 2
60 22 1173
13 40 10
44 62 152
14 25 421
10 25 342
24 32 2
9 65 3
2 3 3
59 33 178
54 16 68
27 70 25
67 67 5
9 54 1709
62 38 116
5 11 1634
9 30 12
49 61 96
48 47 991
52 1 21
44 62 17
52 20 148
46 32 62
7 37 109
9 26 22
17 46 15
14 62 469
58 8 510
7 67 1
1 1 10
26 25 66
29 7 119
15 45 645
5 34 28
45 34 829
5 40 0
25 51 0
39 70 123
35 67 1969
64 1 1
16 11 142
11 55 1
23 27 2
68 28 9
2 9 1
46 55 25
45 20 12
12 41 1951
44 37 10
38 50 0
2 51 0
32 24 419
60 40 8
24 9 0
27 67 25
20 59 225
47 31 22
55 33 982
45 27 8
38 13 126
39 12 7
19 44 828
15 42 0
5 35 2444
23 58 210
61 9 1
55 49 209
45 1 483
17 39 14
59 68 457
70 61 59
52 9 335
63 35 3
68 41 1263
59 19 3
70 67 1049
64 61 468
38 30 2281
52 45 9
16 43 3
39 46 1
1 30 0
55 29 0
15 5 3
3 7 2
11 52 1
21 61 9
35 70 93
49 4 30
58 50 183
3 29 12
32 44 562
53 27 2
39 1 148
56 42 11
16 16 319
66 67 2934
56 59 3364
60 9 13
30 68 0
58 62 1728
70 45 1016
33 51 926
3 68 0
14 46 0
23 17 7
53 59 4
70 5 5
32 7 9
10 21 859
19 22 756
53 7 5
35 57 156
39 3 452
60 59 8
11 25 3
51 12 492
58 58 12
59 36 7
55 36 38
44 51 502
69 50 20
53 13 12
45 62 50
48 38 0
10 22 314
38 37 29
17 69 1
1 5 155
1 57 1
64 19 1
49 26 1
50 6 1310
41 42 3961
17 2 2
60 29 1968
59 31 139
56 15 265
49 66 994
17 30 116
29 7 24
65 16 11
55 8 11
50 30 5
39 26 3032
67 1 36
24 29 4
4 1 22
37 3 0
1 41 38
42 33 38
65 36 226
36 56 130
39 34 10
49 47 4
14 57 661
68 52 39
39 50 175
55 20 700
51 66 23
4 64 0
38 27 171
48 30 296
51 39 0
33 14 28
60 18 941
54 58 4
38 68 7
45 16 0
4 18 1
15 21 28
29 59 14
43 27 217
19 7 434
52 37 3
6 1 0
45 35 44
38 48 243
43 14 12
70 48 2
16 70 13
22 44 1
36 26 7
70 25 158
44 59 62
56 45 4
40 70 796
43 15 195
47 13 110
1 42 508
46 64 49
70 61 3
57 48 6
44 69 174
60 69 114
70 39 891
2 1 3
44 62 287
64 30 943
11 53 1428
5 40 216
56 32 94
57 32 64
63 20 0
26 55 8
39 42 1762
29 18 77
34 48 0
27 65 2
5 46 4
68 48 344
67 37 65
61 57 3022
45 45 8
20 17 172
19 10 1
46 32 234
66 33 269
51 67 497
35 44 0
42 49 351
61 13 584
55 45 14
25 13 10
38 67 106
26 29 345
28 11 16
28 2 3
7 55 625
39 50 48
58 6 0
31 13 360
62 11 60
47 9 43
48 47 74
21 30 4
6 60 1567
30 35 15
29 9 0
57 52 1
31 60 1900
6 36 26
44 49 4
59 67 970
55 63 276
8 58 1
52 26 1038
18 27 11
67 57 136
7 70 28
57 22 2067
2 56 82
12 29 3
13 68 139
13 47 177
47 20 2637
65 61 399
29 63 450
31 54 4
42 32 1
12 61 400
63 52 3397
18 35 15
18 61 1
40 51 2096
30 51 0
70 58 24
27 58 1
54 42 19
36 30 12
70 51 21
12 27 51
39 29 0
64 61 5
4 61 178
42 69 1
30 46 423
26 19 1
18 4 3160
32 9 55
32 15 1
30 34 3
36 1 750
12 33 3
34 35 1
30 23 0
6 64 21
57 30 393
43 50 1
15 35 19
35 24 333
51 54 0
66 50 1613
7 62 39
34 30 100
51 70 3
56 63 42
40 53 3668
19 15 2
27 21 876
26 8 7
27 55 38
32 70 7
20 32 571
49 45 24
69 25 5
23 31 46
68 50 2
48 11 14
1 11 21
48 27 1282
59 66 1630
69 49 118
28 18 2
55 57 989
26 36 24
12 69 0
5 27 2
64 45 511
12 48 5
68 53 376
2 17 63
1 28 686
3 28 1157
53 54 107
61 22 2
3 12 549
53 52 17
22 16 297
18 62 28
56 47 427
64 11 0
60 34 5
1 14 10
18 58 15
38 11 15
26 40 108
20 42 0
57 60 101
37 5 0
34 38 7
43 31 0
31 58 1711
52 30 7
57 56 305
18 52 42
46 18 63
44 22 15
32 43 13
4 16 875
18 3 3604
3 55 314
25 7 45
56 34 3
25 3 20
64 28 797
21 15 30
42 18 163
49 17 125
50 25 13
49 62 50
18 9 16
56 39 1068
30 10 35
24 40 2
29 11 42
34 67 503
20 4 1836
65 60 8
10 69 4
13 19 17
69 36 0
29 63 0
54 9 6
60 3 904
66 30 1
61 30 459
3 22 2
25 35 53
54 55 181
35 57 137
3 16 3791
36 9 16
52 49 3622
14 44 14
37 65 19
17 15 50
12 65 16
21 8 15
66 46 66
33 61 148
18 25 136
10 60 40
4 44 111
29 67 22
45 5 2
59 19 1
59 50 2729
56 21 80
54 6 147
61 8 6
31 14 5
4 47 979
30 44 414
6 43 90
13 67 50
70 31 33
69 23 175
58 32 92
25 33 414
67 32 13
31 61 8
53 16 31
9 56 1272
39 30 43
19 24 1717
23 52 0
43 10 902
13 38 0
53 34 2
48 13 2619
29 28 441
46 65 1
41 17 514
35 22 32
45 9 17
41 43 56
60 52 1094
53 44 31
43 3 1978
69 32 0
8 54 3793
22 59 55
19 37 302
58 44 3
35 17 78
42 11 2154
33 35 12
66 58 8
43 19 2
22 45 1
26 69 3
60 64 1698
8 59 1906
62 55 25
31 50 1
49 66 18
46 67 6
66 68 2
55 48 1
55 15 412
28 45 2
38 19 662
3 12 6
26 20 298
66 33 76
49 59 6
29 38 658
30 4 116
49 61 124
9 68 8
50 47 0
52 37 23
32 13 2030
34 51 488
25 55 238
26 47 948
1 44 5
47 18 5
34 39 58
21 15 640
13 28 1269
41 53 6
52 44 5
15 62 2353
47 53 12
7 50 3
47 29 1342
11 24 416
59 23 1968
66 40 721
34 1 163
35 46 20
2 70 335
60 23 161
57 3 1379
67 70 2
52 45 450
33 36 1
51 2 0
54 44 366
34 1 5
53 56 0
50 60 3
3 7 13
52 27 3
58 39 4
2 17 0
42 10 1552
67 52 4
25 56 247
59 60 123
29 28 30
33 38 17
60 48 7
64 27 24
67 47 12
13 30 61
48 47 28
49 34 495
26 50 168
33 39 5
37 32 206
14 67 2120
54 59 1
43 13 58
67 62 3
55 31 3883
16 39 230
4 39 9
17 35 962
6 18 8
48 33 18
43 36 3147
3 11 647
44 36 11
1 36 3
27 60 63
18 40 2
20 27 120
65 37 39
9 43 0
13 6 115
19 63 41
2 33 3341
16 5 8
59 12 0
52 61 9
59 54 4
13 2 151
60 1 399
23 50 102
38 44 10
49 38 1
44 12 42
50 34 0
56 60 28
16 2 1
41 65 18
65 19 2
31 17 2
28 53 0
48 34 1388
64 46 50
40 41 2
62 20 19
8 59 2
2 61 187
27 14 15
7 58 0
21 51 97
24 43 409
65 13 1
68 44 3
7 45 6
35 70 0
69 62 888
30 26 0
27 17 1
69 52 7
60 16 149
29 6 5
25 50 29
63 69 1
62 31 19
1 14 81
9 43 46
2 22 30
64 61 1
66 38 4018
35 57 239
70 22 28
42 24 389
16 32 141
60 4 169
57 18 36
16 62 1
16 63 71
40 68 47
17 66 39
44 21 310
32 33 124
49 51 170
7 20 2
21 48 14
18 59 1
8 13 6
27 13 1
27 69 178
35 46 181
1 4 11
65 44 1
30 46 57
12 39 38
37 69 5
48 26 30
11 14 90
5 68 1771
28 52 7
25 14 556
14 52 5
15 34 1
33 46 0
4 36 3167
15 31 1
35 49 377
42 50 218
63 50 3
37 27 1
11 54 35
26 68 42
6 39 1062
18 66 106
42 52 79
39 16 14
50 32 11
6 28 3348
9 56 677
5 51 0
9 17 17
29 56 187
53 7 1
6 52 0
52 14 4
20 54 8
59 11 30
16 18 87
41 20 100
20 62 6
65 62 3721
28 27 51
9 23 45
41 42 36
7 33 3
11 24 104
8 47 363
52 31 6
41 7 0
51 38 176
38 31 982
33 68 0
18 64 1540
52 68 2870
64 69 12
69 21 11
68 3 144
5 18 98
8 38 1
37 69 3149
4 8 21
66 29 1685
13 40 225
42 69 27
34 18 1489
8 30 731
6 3 2
24 11 1
64 52 39
41 45 683
23 60 155
3 32 2
42 7 227
45 30 855
29 51 1
15 29 440
1 29 15
3 4 16
66 40 1003
49 44 0
47 14 2970
7 42 817
47 53 2
58 11 3
63 13 4028
1 70 25
12 14 148
39 49 0
70 19 1
7 69 511
18 47 24
41 45 12
14 12 3
70 39 2688
64 24 1284
49 52 2
19 49 1
17 7 47
17 22 876
8 54 104
21 60 39
29 62 2
62 63 873
46 8 1358
36 21 2
13 8 189
53 17 172
22 2 10
18 30 57
34 6 8
30 1 122
15 19 2013
32 29 0
35 44 235
3 38 77
8 2 2
16 60 6
55 67 510
61 30 101
55 63 4
66 8 3
43 24 40
23 33 7
2 44 2
60 24 2435
16 51 3
37 30 5
68 58 3
68 48 1
41 43 781
58 70 1612
39 30 0
16 46 1887
46 39 14
39 12 4
64 19 159
15 62 240
35 26 1
9 3 1
2 49 70
4 28 80
5 56 7
14 9 1586
53 40 48
50 70 1
16 5 62
2 24 1
33 25 61
17 12 463
39 18 568
47 32 11
65 53 7
7 40 145
68 58 2
15 42 1
45 64 2175
2 23 39
59 41 95
56 1 557
1 31 58
54 48 1151
53 70 1
34 51 1
14 48 162
21 43 12
25 36 311
12 67 131
47 35 4
40 55 31
35 56 0
59 56 5
68 38 0
53 17 660
63 11 5
43 50 12
49 5 251
43 44 0
24 25 117
8 7 2
16 22 3
59 68 52
27 19 67
17 35 62
57 36 0
35 47 4
29 48 30
7 50 11
5 16 155
5 13 119
29 33 360
51 30 223
56 30 5
47 27 30
39 54 26
55 22 394
4 54 3
64 8 681
43 70 404
23 7 116
46 57 682
41 4 5
16 67 1
22 29 16
12 46 4
48 13 1776
6 57 15
70 17 14
31 42 1
6 65 66
56 1 154
24 28 0
29 45 45
36 48 3021
26 48 2
46 43 12
49 39 13
32 47 114
52 41 101
66 53 13
27 20 346
4 49 254
4 59 6
38 25 1356
17 23 872
59 38 2
25 27 0
61 32 380
49 22 417
24 52 3
28 2 0
13 68 2
38 55 1
42 13 229
4 66 28
38 41 1
49 17 175
45 70 163
65 22 0
56 19 1
42 51 827
11 17 7
40 54 3
42 48 5
47 46 1
23 10 2
26 2 0
19 42 2
53 50 1342
51 22 23
18 23 13
49 59 9
36 6 81
62 10 14
13 43 35
54 9 1936
27 18 491
1 64 15
32 22 62
62 16 2
13 10 90
13 54 0
56 28 12
48 27 3495
40 31 71
41 70 854
32 50 44
38 34 3
48 8 0
16 67 211
49 64 509
67 24 375
1 36 5
23 42 56
31 40 5
12 55 11
44 62 28
16 18 904
49 39 421
12 70 189
6 15 104
60 34 1
40 51 0
6 26 222
8 38 2513
20 2 1
68 53 0
23 13 2
20 61 1528
34 62 92
64 36 481
67 9 0
19 58 2
69 28 64
65 26 189
9 2 0
17 30 4
36 20 627
22 58 0
23 48 3
46 57 7
27 61 1
59 6 1948
20 21 20
36 63 0
34 31 91
9 47 4
52 70 3
15 27 31
34 29 771
38 38 1
14 23 17
8 28 3035
44 37 314
36 54 28
46 53 6
17 28 214
28 44 1
48 62 425
13 14 0
43 68 1596
11 60 2721
7 34 1
10 18 7
22 24 21
2 58 248
6 25 1
63 70 92
65 56 116
70 9 64
16 40 176
2 6 634
55 21 23
34 6 49
2 63 358
6 23 2
56 56 0
49 36 631
60 13 402
66 26 5
10 25 1
62 47 79
65 22 0
28 51 14
16 5 22
63 48 526
1 24 11
17 20 239
42 37 171
23 3 6
26 14 1
34 13 9
10 22 1
11 32 0
19 33 533
62 43 3769
39 62 61
51 53 87
19 40 17
22 61 23
52 70 1195
28 41 3
6 61 1126
24 21 57
22 48 249
10 35 1241
68 46 1
28 18 191
62 67 78
49 56 13
1 6 17
40 51 101
67 8 59
47 36 100
60 3 1
19 55 20
55 53 9
45 47 318
4 52 0
53 58 4
39 22 10
49 54 455
53 19 0
68 48 2
70 16 0
42 50 1708
64 31 389
8 42 126
56 27 342
25 25 0
45 61 95
3 57 1
16 11 452
65 55 33
28 65 1
35 7 310
33 57 328
55 5 325
9 10 2319
23 53 2877
9 68 3
3 26 1676
15 52 2889
14 61 2044
23 38 1
61 59 1
38 2 74
64 41 28
49 43 1
34 11 28
68 40 19
23 5 71
36 7 851
26 44 1718
45 6 2027
34 12 6
62 27 853
54 42 24
50 12 82
19 70 20
51 57 58
61 58 62
12 21 48
5 54 17
15 46 18
61 42 1
36 5 31
28 43 14
39 4 27
58 17 140
69 4 472
15 57 2
53 35 1
52 44 0
57 15 127
48 41 541
66 33 1
68 37 1
46 15 4
64 3 30
38 16 382
14 54 1
14 58 1
47 8 36
33 12 118
52 54 415
70 63 1
58 26 2
31 37 15
29 68 1734
30 70 3
14 60 5
30 20 1
36 48 5
48 18 350
25 13 9
26 56 107
20 44 141
58 64 29
9 70 522
62 56 1
62 28 102
18 12 1
27 7 1919
53 5 2
62 33 24
9 24 1971
19 15 1
49 67 783
66 66 7
63 51 0
64 36 330
34 1 734
30 58 373
63 64 9
27 56 482
63 23 240
2 53 1
39 44 55
43 51 1
32 56 4
36 19 51
10 63 2
14 66 211
38 16 2433
55 19 584
16 67 2
39 4 26
4 23 19
51 41 15
45 19 22
29 8 721
27 45 41
53 38 1799
53 4 268
1 25 19
45 28 0
28 19 73
12 19 2
9 4 5
15 65 28
20 15 28
45 43 270
63 68 65
35 24 26
3 69 29
8 25 60
2 8 0
51 62 238
48 52 1578
22 27 72
33 53 39
46 67 4092
62 20 2556
57 31 16
64 2 1580
20 52 2
39 47 10
35 53 859
68 32 16
34 55 13
9 14 10
29 55 1434
39 43 360
70 48 246
20 4 840
52 46 1263
69 43 2
29 34 51
60 52 1307
15 12 26
17 61 2130
41 51 251
66 15 24
43 60 24
65 68 7
37 43 421
63 22 0
16 8 1511
38 9 1
41 51 3053
59 31 346
4 23 282
35 45 231
58 68 106
27 27 127
5 69 0
34 40 17
33 60 0
37 17 228
5 64 2
15 67 232
25 67 10
8 18 17
7 39 12
49 26 1534
60 54 39
52 64 2
49 12 2665
67 3 2
42 26 109
9 12 629
37 24 57
29 70 82
7 64 239
17 20 6
3 20 742
15 70 31
7 39 9
69 29 123
10 31 129
19 41 26
11 6 9
69 18 120
58 22 15
35 45 80
59 33 476
31 41 194
63 58 3
65 70 180
41 31 14
67 33 1
16 25 59
37 36 14
66 48 1
19 64 0
51 38 1
3 22 3019
38 15 375
59 22 775
23 12 62
70 60 11
40 60 23
23 8 6
66 34 2559
30 8 7
47 61 0
22 40 414
17 31 2
31 6 0
13 63 851
55 41 29
29 33 14
60 55 68
15 70 12
1 28 6
51 56 6
60 11 1
22 9 8
12 49 66
28 4 6
66 26 12
14 34 751
47 11 1947
63 36 24
34 23 39
31 65 8
60 13 49
70 61 503
27 34 0
29 25 320
63 61 540
13 7 0
11 47 4
62 58 1269
44 16 1
52 59 32
67 15 1678
49 50 216
13 52 1
64 43 27
19 31 5
46 35 301
30 66 797
5 17 382
12 65 2
69 57 554
65 65 1
27 40 3
6 29 1734
42 66 226
59 23 355
9 41 7
47 20 3
2 19 70
53 66 4
11 24 7
64 16 343
69 53 0
59 1 43
12 54 10
4 53 66
12 3 5
7 64 505
14 4 59
37 21 1
26 5 3
8 62 12
48 25 298
50 60 8
62 5 2146
12 12 0
5 11 1224
60 66 93
2 46 52
42 8 2
23 32 41
48 3 3
66 2 58
47 42 19
26 42 38
52 57 0
14 33 58
56 9 29
31 34 77
14 44 586
43 20 1426
47 5 279
5 41 1
30 19 749
20 1 54
38 57 1
13 4 137
13 14 95
14 10 323
25 70 2
47 24 32
16 41 130
2 28 67
11 9 98
60 22 0
26 37 89
63 58 1685
2 2 62
9 4 21
55 40 22
31 32 264
1 6 236
6 51 352
35 37 18
2 4 988
10 67 12
40 40 12
16 45 13
20 56 52
60 4 0
1 70 27
45 58 10
42 32 854
70 67 3
55 44 0
3 33 1185
58 21 1695
22 5 11
26 9 53
7 43 4
52 5 734
4 53 136
41 34 34
34 53 35
33 54 2576
29 30 1
23 38 969
8 32 19
25 39 223
60 14 2213
29 14 0
13 42 254
42 16 866
69 36 1974
19 27 12
8 40 454
33 18 227
31 37 2
60 19 1851
12 39 203
13 65 119
45 62 1602
26 9 6
61 11 4
20 11 16
46 61 24
3 22 379
65 39 72
56 38 1
58 23 420
46 45 3
47 31 3
1 51 6
36 30 0
3 26 3
49 2 2
25 16 8
43 51 43
34 43 954
25 9 436
70 33 134
19 43 12
5 22 203
17 36 63
52 1 0
54 32 45
50 55 0
15 18 24
56 1 274
23 26 5
63 31 5
36 23 5
47 49 41
51 15 202
28 41 39
9 59 9
2 19 148
58 34 3959
2 43 318
47 44 7
63 13 63
45 39 1086
60 31 1978
4 44 980
33 39 439
40 21 19
64 39 4075
36 21 127
30 54 147
16 8 2
17 7 10
65 70 716
21 62 0
61 4 923
19 21 35
62 36 70
8 59 2
30 52 6
59 48 1
19 22 0
62 5 57
48 2 232
68 70 2
24 15 922
19 17 32
2 54 1
56 65 590
14 29 393
15 14 334
63 3 14
35 33 2698
64 5 1310
3 39 6
10 53 29
39 43 2
67 28 0
4 26 2
64 34 25
20 21 30
61 25 30
4 64 19
20 12 1965
2 7 51
61 26 414
17 21 8
18 11 6
66 49 1023
29 42 15
31 58 2
48 25 29
4 66 1340
34 63 12
55 25 0
70 31 229
7 31 0
41 18 17
46 21 3197
6 22 255
19 18 22
62 27 6
4 30 28
59 68 3
10 16 1
50 15 1984
63 42 3
55 4 130
45 63 3
26 37 43
52 66 2320
59 48 89
19 32 374
47 34 114
20 20 37
52 43 0
45 59 223
50 40 14
8 62 285
63 65 149
33 67 45
1 4 193
66 14 3
6 14 0
35 36 1
26 64 1
1 37 3146
13 11 21
45 24 252
37 26 18
18 60 76
2 61 73
54 38 3
62 2 240
27 63 4
55 1 201
32 37 3
35 56 356
52 12 3755
12 4 85
46 32 584
66 63 83
47 20 3
37 36 179
14 63 41
12 32 233
18 52 895
25 42 1
54 3 22
29 48 84
34 25 62
43 66 244
62 44 15
14 20 594
59 45 42
35 12 7
63 58 0
7 53 8
45 68 114
40 18 7
68 21 2
57 21 15
22 11 457
5 1 0
50 19 502
4 41 81
68 63 442
12 8 4
52 7 1
20 56 24
57 52 1839
63 14 30
21 36 24
12 10 244
5 22 0
10 67 560
8 7 19
55 7 437
14 55 8
42 60 0
36 27 3
8 61 232
50 3 18
27 67 39
10 44 323
11 37 321
62 45 2208
28 44 35
26 1 5
59 33 155
3 53 446
2 37 42
6 10 12
46 39 2
65 60 32
8 25 488
47 62 4
9 29 18
62 49 672
11 31 26
21 17 60
35 43 20
38 36 2
66 58 0
64 5 3
42 35 51
28 51 255
41 57 0
9 61 237
38 14 2491
18 39 87
10 5 4
70 64 3
41 23 1
33 42 372
15 23 14
46 31 109
11 10 1
8 6 25
70 69 652
46 44 7
28 50 7
28 18 427
25 11 699
60 1 137
29 44 124
29 13 62
33 55 92
66 35 2
34 1 0
10 4 2
31 70 982
18 43 3
24 61 140
17 56 22
24 28 52
48 54 148
61 9 2
58 51 8
38 4 3
26 27 365
64 1 82
31 52 23
39 13 0
21 46 618
60 7 14
39 19 3
66 15 1144
69 65 0
4 14 6
46 60 2753
43 13 0
66 2 98
11 15 885
54 18 279
64 44 18
30 50 31
67 69 26
45 70 10
23 22 0
41 26 116
31 25 4
59 37 684
11 11 228
15 60 7
69 37 3
52 27 93
30 33 73
56 44 8
5 58 1207
25 17 289
24 34 1562
28 36 36
58 53 14
18 21 4024
64 24 195
62 45 3
58 53 15
56 65 220
54 61 57
11 27 125
60 70 1707
26 31 5
11 37 1459
31 8 55
17 49 1
20 5 302
60 29 2
48 26 1
6 69 11
53 11 4
38 36 4
28 40 69
51 12 212
23 40 877
30 21 2713
14 26 252
47 41 3
14 68 0
26 65 3
55 8 2
23 17 0
34 67 26
55 23 208
10 8 1341
7 69 0
2 58 0
5 50 2
40 23 0
7 26 267
39 51 0
59 57 880
63 37 234
63 48 72
54 56 138
67 13 8
26 21 2
37 45 818
36 41 715
54 44 356
67 24 49
70 62 104
40 14 121
61 43 157
37 35 1
45 18 1
20 69 2
59 48 26
17 64 6
54 54 13
21 4 5
24 43 0
57 21 83
46 52 640
24 62 91
26 63 3769
67 55 44
45 62 63
7 11 35
42 53 3716
64 70 25
43 13 2
67 49 10
44 58 6
70 70 12
43 11 97
70 61 1
41 61 930
22 58 114
1 2 321
59 59 870
63 35 1
1 51 2
53 12 87
45 18 3
26 67 177
56 3 61
60 48 53
41 40 5
61 55 257
37 52 136
69 63 139
26 25 540
18 33 6
45 58 0
55 59 701
46 19 13
46 19 1
41 64 1479
11 25 22
19 15 111
15 61 3
30 14 25
54 55 3
68 53 266
11 22 19
50 63 3
57 39 7
55 60 13
55 56 6
39 68 35
15 28 506
32 51 8
6 54 0
36 42 16
2 4 359
53 8 308
1 1 26
42 21 676
66 16 27
8 29 1
24 61 0
50 32 1907
10 40 1
53 2 69
3 54 103
41 70 90
24 6 1
52 46 772
59 10 741
31 58 2240
9 70 1
45 25 0
60 35 43
44 4 0
38 19 5
9 48 11
43 12 60
12 26 0
62 70 20
24 55 34
32 18 3
50 44 5
40 44 543
5 59 192
41 17 13
12 34 1
1 7 64
65 69 0
11 54 9
14 49 218
12 4 2
16 54 55
1 46 1751
1 67 121
58 69 251
61 66 0
57 65 10
43 15 1018
36 69 44
15 8 674
59 41 352
22 21 31
16 2 30
51 16 2
16 63 118
39 18 649
2 4 2
43 28 975
70 1 5
56 33 0
27 60 428
30 26 790
58 31 3
3 51 1
14 58 0
49 42 123
64 1 23
38 3 17
39 41 379
58 2 1
60 62 13
4 1 5
57 7 26
58 32 302
48 51 24
1 4 480
41 54 1662
49 2 3360
68 64 128
57 23 1
53 26 3681
7 60 139
17 9 369
59 41 6
17 49 16
45 6 432
67 53 122
17 36 95
2 57 0
53 41 2
60 17 17
26 42 1
46 46 3135
4 2 51
30 66 10
33 4 17
31 40 10
39 51 90
67 26 126
38 51 217
22 45 1079
23 67 1766
29 21 47
11 69 69
19 53 35
10 55 1896
1 6 0
47 30 212
11 22 1468
8 16 13
57 26 25
9 69 59
60 3 117
61 10 1989
23 60 635
18 32 3
66 12 1646
1 60 10
6 7 24
60 33 1
40 51 888
21 61 301
16 26 58
38 39 23
48 9 2
65 18 254
52 54 981
24 20 9
18 21 5
69 33 13
28 13 24
15 26 243
52 4 110
45 61 1
58 52 2
25 1 3
67 1 3
34 58 85
16 50 1
37 49 22
17 36 1
36 46 64
23 22 877
9 42 18
58 62 18
44 32 3111
3 60 6
51 13 7
40 64 1
45 60 1
22 68 75
53 13 991
69 69 1515
7 34 6
5 14 1
18 42 2782
10 56 13
24 53 31
21 17 440
23 6 1
33 22 0
56 56 254
63 42 182
24 8 1
46 15 1
8 61 951
35 37 23
45 9 0
49 60 639
18 27 2468
44 8 56
61 43 64
37 48 3942
15 23 1
6 53 19
3 4 1
37 52 1216
38 19 5
63 35 8
12 22 30
24 25 144
54 26 5
49 29 0
19 19 1811
16 46 255
66 31 0
70 6 365
40 45 1785
17 57 81
58 69 126
48 44 669
44 16 0
31 32 1161
3 1 3
13 18 2322
6 70 1202
23 25 29
14 11 0
57 49 8
26 59 0
45 51 0
67 42 1
28 14 6
41 40 165
65 29 54
2 66 81
27 52 0
41 18 238
21 63 5
53 52 0
54 30 127
41 45 3
53 22 26
3 11 43
54 37 33
60 53 60
51 58 28
11 11 7
51 60 0
19 1 0
59 17 4
32 27 400
2 29 34
47 26 1
18 28 3
9 41 6
11 69 54
30 51 0
57 57 11
11 23 7
33 45 2
53 68 38
17 40 3561
45 67 3038
21 29 10
48 59 1
16 18 551
68 33 4010
69 52 411
56 23 705
43 13 618
58 51 1976
67 40 2076
4 48 5
59 58 6
33 41 2367
2 10 0
6 10 3
28 65 199
19 53 101
37 43 155
4 27 1
11 6 0
28 11 420
61 5 1643
20 1 118
5 47 3
36 67 42
61 33 1885
30 53 11
40 30 39
5 34 14
18 20 10
62 27 39
29 6 498
67 12 221
30 65 13
59 28 51
35 21 0
31 33 3
41 66 12
57 15 79
50 43 3
26 36 0
47 60 2114
58 55 2197
47 60 200
53 65 0
65 35 44
7 65 3176
56 7 37
4 42 24
51 4 29
18 42 1
24 40 1
33 60 30
9 33 62
56 51 512
12 40 59
19 29 17
58 47 268
32 23 9
38 23 18
55 19 205
41 42 8
40 1 61
53 16 0
50 69 109
60 1 3
65 55 254
50 69 3
68 16 3052
8 64 23
59 48 44
32 66 8
27 58 4
21 18 83
39 1 10
18 20 60
37 58 15
52 60 0
34 44 1839
50 37 443
43 55 0
23 32 295
52 29 0
65 14 7
31 32 2278
5 21 52
2 44 13
23 70 219
10 26 3153
60 10 77
11 59 4
43 14 44
4 50 3
57 44 3
66 37 363
25 2 3598
25 64 1
13 49 1233
68 5 353
49 37 55
2 27 1
47 17 16
65 12 4
4 3 49
55 63 2
50 59 359
59 56 1319
14 56 185
37 17 127
23 9 750
16 31 89
35 49 3
37 68 8
56 7 42
8 7 5
16 30 102
18 31 4089
1 1 113
30 31 223
41 17 824
28 64 2
45 33 322
42 2 5
70 39 120
19 9 241
57 41 2455
7 12 885
51 7 0
55 13 3
24 54 239
67 11 1
33 60 8
21 34 483
7 46 41
63 60 116
4 49 0
20 55 23
20 7 0
4 46 853
45 64 21
11 47 221
15 51 753
8 34 1
19 16 41
36 41 1369
66 70 10
49 3 1
29 46 0
19 4 18
56 63 161
45 16 622
57 23 91
46 29 234
23 1 2
61 4 55
63 39 298
7 18 106
49 37 124
56 40 3571
36 62 4
18 49 1
27 27 52
16 11 315
61 36 2950
14 43 1134
15 25 476
63 21 113
24 12 0
15 4 374
36 17 941
56 34 22
35 67 324
7 14 3775
53 62 5
21 44 1476
60 36 235
63 13 10
31 34 0
31 6 3
62 60 0
30 54 1
60 64 229
40 3 117
37 61 0
40 40 1
10 69 1
55 48 0
46 4 0
58 1 164
27 15 2
28 57 765
25 16 472
54 52 44
62 25 3
62 47 102
28 43 29
29 57 28
20 66 5
4 50 247
14 38 2
6 61 15
67 49 145
55 4 1582
63 9 7
4 16 122
54 69 1
63 5 1
59 12 304
25 48 2
38 66 1
61 5 15
53 25 2
2 51 404
64 21 5
55 53 29
55 54 14
64 25 2
11 38 35
49 6 172
29 39 0
17 36 12
37 7 0
36 30 382
47 23 3697
68 25 7
3 20 32
61 51 119
51 18 28
45 55 3
60 40 53
12 26 2024
68 58 1243
36 68 0
11 14 3
28 6 688
66 21 165
15 67 490
60 31 3158
47 8 299
67 52 182
18 63 14
19 22 10
17 22 224
29 32 0
54 2 13
12 24 723
34 59 1476
26 3 441
56 34 9
56 38 2
27 45 33
47 67 0
20 27 1524
69 9 21
26 30 1
45 53 28
49 29 5
2 10 1345
15 6 9
25 32 162
48 26 6
14 30 11
62 37 484
12 35 24
42 41 1851
70 29 688
54 27 2687
16 25 236
12 3 14
39 34 11
18 28 4
60 26 27
13 59 110
1 7 1526
16 8 30
34 68 2738
62 10 107
6 70 10
37 63 216
22 37 1064
6 29 0
64 51 395
15 31 499
57 36 169
35 33 1
17 3 1
25 60 1
19 8 210
51 30 14
65 67 1710
24 51 3
20 44 1217
49 31 14
37 21 2467
46 50 0
60 59 1
52 57 1
51 67 216
51 21 22
21 36 195
40 10 0
16 69 670
8 6 5
27 44 2073
16 57 1
11 55 12
4 23 10
43 14 0
21 44 5
58 15 174
52 49 11
14 12 126
52 40 2624
50 11 1
24 61 125
40 66 241
17 19 7
13 4 102
55 62 10
68 28 1698
38 47 0
66 8 1489
69 24 161
32 56 5
23 34 1
63 6 0
4 16 435
36 64 0
41 57 5
35 48 1348
34 1 4
3 63 2021
30 62 7
2 12 205
34 11 24
41 4 31
62 4 2852
55 17 4
9 42 3
53 66 9
31 34 5
32 29 270
54 46 472
46 45 10
61 36 2
48 2 0
41 27 392
3 22 52
31 46 660
69 21 88
49 41 18
16 32 7
50 2 10
55 4 58
50 28 29
45 46 1438
38 41 27
30 66 1
54 18 0
44 23 15
17 70 800
46 43 1
46 63 421
47 14 1091
37 14 316
4 50 7
4 43 4
35 27 14
50 57 36
1 42 856
21 14 43
17 43 0
67 48 1663
31 48 0
70 48 473
26 6 77
45 29 333
59 34 1355
23 39 210
32 59 120
43 26 37
20 33 436
20 40 245
2 63 447
9 47 1
39 10 435
6 33 245
15 28 18
6 59 2
31 63 44
16 23 94
8 24 458
66 5 109
10 23 130
25 36 3
68 13 18
17 65 0
21 35 780
62 41 32
22 26 164
46 42 53
54 56 23
47 25 7
9 45 22
67 18 50
68 69 30
16 39 333
43 34 3
36 6 5
49 20 1
68 15 346
33 43 1
62 22 118
34 61 44
11 16 1
32 56 1
40 20 46
31 33 77
16 47 1
64 51 86
39 27 132
27 32 22
48 6 2
34 63 18
42 50 870
32 50 1
18 19 9
50 67 1609
51 49 30
47 51 2
65 10 2
6 45 2966
6 62 4081
6 17 14
20 70 53
49 15 5
6 53 2
60 63 251
7 46 35
44 18 6
47 4 0
38 37 21
48 21 102
29 20 60
60 16 127
4 18 20
40 31 6
33 26 679
19 61 0
58 50 184
11 21 451
33 68 793
22 18 1
9 51 3
7 68 2
5 68 2480
34 18 3
65 19 541
34 7 1732
11 11 1
19 30 26
33 20 2
59 26 277
14 19 8
20 12 222
32 67 3
3 25 3
22 53 6
26 33 188
40 16 1630
65 57 2
37 51 2
21 28 500
25 55 685
39 31 442
27 18 5
58 49 9
10 36 6
39 37 3
40 26 79
16 5 0
29 7 123
8 22 5
18 45 0
17 3 81
67 56 478
30 41 1
42 36 1
68 70 0
68 21 1
57 23 5
37 38 0
57 46 1713
56 58 52
30 8 1
37 3 1
33 21 207
70 30 516
39 61 176
43 27 6
49 29 11
48 48 2
61 62 0
44 68 58
42 62 1
63 31 4
33 1 65
68 23 9
63 54 1
26 48 657
22 23 33
21 10 178
13 70 1812
23 63 1
49 27 192
35 30 0
11 8 169
31 8 120
51 66 7
70 28 5
65 54 48
34 11 1
46 36 1
3 69 1
70 38 7
18 40 98
30 14 26
32 61 28
55 4 13
67 25 4
53 56 12
20 59 221
14 33 0
66 68 6
67 54 7
38 70 19
37 30 425
1 17 586
46 27 1
66 7 31
38 43 58
13 58 1
31 8 464
33 43 1
35 27 0
62 47 0
21 49 12
22 1 3
28 9 5
56 39 9
50 52 68
62 33 3
2 4 40
41 7 177
59 24 788
42 6 16
59 67 311
16 1 3
44 14 106
69 26 102
19 40 3
42 68 394
4 30 6
1 15 248
46 34 7
62 58 3
68 16 71
6 70 49
38 39 265
65 62 392
67 29 7
22 5 2
22 42 643
14 59 6
59 58 1
11 23 23
45 60 10
32 21 1
22 26 997
69 50 1
21 1 27
64 68 3536
22 22 1
31 44 3
31 38 31
52 39 24
22 35 1841
67 11 252
6 52 1087
36 4 8
55 15 77
38 27 411
36 45 539
3 37 6
59 42 1273
8 39 7
55 63 45
47 32 2
29 10 1545
6 55 27
58 28 62
48 8 120
40 13 1
20 2 1
23 33 807
69 68 2
7 52 2393
11 39 0
45 29 1
5 33 9
27 14 11
11 23 10
53 46 2701
33 39 86
13 60 111
60 55 16
36 68 10
18 27 5
62 67 0
64 57 163
11 60 141
30 51 6
2 58 1
23 7 4
29 56 1394
7 70 448
3 6 14
54 44 0
33 26 6
69 8 297
30 1 953
22 48 4
64 35 6
68 53 1864
62 53 1127
58 42 12
13 31 1443
17 1 125
24 18 50
25 32 1
11 36 141
12 3 120
44 31 0
59 49 3935
35 49 0
64 38 2
20 5 407
22 17 7
65 36 43
53 44 0
22 17 878
22 58 108
39 50 120
9 69 2242
9 29 2
23 51 16
16 42 46
64 69 762
19 30 135
23 4 8
51 28 4
5 54 0
68 23 17
9 59 20
68 28 1758
9 68 1
30 29 12
26 32 1350
63 22 1484
27 10 1
37 30 59
44 67 1475
61 42 3
17 33 121
14 14 158
3 36 55
36 10 189
63 32 0
12 59 800
39 34 103
43 45 115
63 25 242
21 59 339
18 63 9
9 25 319
1 9 752
30 52 14
54 28 0
54 58 0
27 64 6
36 35 865
7 48 817
52 56 1464
47 19 0
19 40 3
52 60 121
13 44 121
9 33 66
62 64 16
57 58 237
2 68 22
17 4 183
19 44 5
9 38 925
40 6 7
8 70 679
11 48 3
69 19 180
70 65 15
12 49 2
9 42 544
10 29 387
51 61 82
18 14 4
6 58 27
69 58 3
66 64 209
43 41 0
57 40 2
20 65 126
63 12 4
18 3 31
46 63 0
10 16 4
18 44 4
34 29 2
31 67 20
51 9 500
13 31 95
26 20 809
35 41 1180
47 17 3729
49 61 2
15 33 331
8 39 63
22 19 13
43 65 6
63 14 168
10 61 1
1 67 11
55 26 26
47 67 322
36 55 472
44 34 0
8 38 564
36 15 910
46 7 1385
66 10 254
55 22 3
40 47 21
6 46 41
32 58 0
19 58 25
2 48 1
65 16 5
42 4 270
27 51 279
41 49 3
59 35 9
27 58 106
40 67 4
31 27 0
34 29 8
59 63 5
67 50 8
13 2 2081
56 19 8
39 56 3
26 17 2
17 37 1
61 2 0
20 39 1
1 26 1
50 8 2
35 54 1
48 9 0
57 18 6
57 40 40
29 13 131
59 38 0
59 65 847
34 46 1
22 2 59
48 26 145
65 9 21
63 34 244
40 34 3113
63 16 11
4 21 196
32 34 6
2 25 11
23 50 5
1 49 2
6 63 79
53 23 114
48 13 3
66 66 7
16 65 17
47 30 6
22 44 126
31 30 0
16 62 1
67 38 18
39 45 115
5 43 367
70 61 5
44 21 1
40 54 30
29 6 0
6 8 703
50 25 79
63 28 1
32 8 2
37 12 117
47 47 2
49 6 17
42 60 1
36 43 1
56 11 86
57 51 99
46 37 1937
67 56 1340
39 19 9
16 54 18
64 14 7
48 51 12
53 41 5
59 15 1
59 39 240
66 3 341
20 12 1641
30 21 7
23 9 785
34 13 35
55 29 0
26 52 1672
46 7 1010
10 32 136
10 58 229
47 18 43
64 68 1
50 56 50
7 63 9
7 40 891
65 26 4
35 31 2
62 54 12
48 12 0
56 14 415
59 59 791
47 70 217
38 5 1
58 32 142
3 38 3
62 69 176
4 50 117
38 30 2
23 15 8
47 35 1442
57 64 29
54 48 0
35 6 75
54 2 26
34 9 3
62 39 7
70 65 1
55 57 0
32 36 25
62 7 880
41 8 32
69 26 4
34 61 14
52 63 17
52 60 0
48 66 34
56 56 109
38 17 6
43 14 3675
15 23 0
21 1 79
36 48 726
13 54 57
47 43 20
59 45 1
60 31 0
2 20 280
50 6 0
17 69 166
58 7 20
17 19 12
10 38 1
31 55 853
4 37 2
27 13 27
6 57 1
4 7 119
68 23 962
64 24 6
23 63 195
60 26 8
64 40 0
16 40 1576
39 61 325
39 41 3796
16 64 174
23 42 116
52 17 7
16 17 1
28 34 27
45 50 39
69 47 204
38 4 0
66 36 1854
40 20 25
26 42 22
59 60 7
21 61 341
56 29 0
50 40 20
22 69 1976
44 21 383
27 52 32
26 42 2
59 23 0
42 28 29
40 1 1
23 49 0
50 4 21
17 59 3
36 14 60
16 43 0
40 54 865
10 37 3
62 42 2
9 5 439
43 35 89
57 66 1
26 47 6
9 62 1773
46 34 5
62 23 594
19 55 1
32 32 9
8 10 1192
18 67 64
35 25 84
35 33 794
48 34 27
8 61 50
7 11 1992
49 9 2
3 54 1357
61 58 2
51 56 1
11 10 278
45 12 26
39 50 846
20 50 63
59 39 3
31 51 78
40 59 107
2 3 743
29 4 37
7 64 15
22 59 151
64 38 0
11 27 1
45 17 1
28 52 205
41 1 193
48 55 0
26 48 16
15 40 52
53 37 1422
58 35 116
42 58 28
25 34 493
12 51 3
10 17 157
38 66 0
70 47 93
36 44 1
32 40 78
19 44 2
59 34 1366
3 24 1
15 56 6
27 1 386
57 28 16
47 33 60
54 55 10
32 66 7
29 62 56
43 54 572
47 5 2
54 4 36
2 27 0
23 63 0
48 42 30
42 62 4
25 47 1260
27 36 11
47 35 32
53 1 0
6 18 47
66 42 2
21 44 13
7 31 42
39 8 246
16 23 52
11 13 1
10 64 25
61 32 2752
14 16 1
61 63 1
50 24 7
38 29 1214
63 6 42
34 65 275
37 41 23
3 28 427
4 4 6
8 10 254
36 54 70
34 69 7
49 66 1360
17 17 1297
9 59 1
16 30 1372
1 61 361
11 48 1
38 3 15
48 24 1
53 36 101
32 44 3
47 34 2
38 35 995
40 5 10
20 54 1
6 17 2673
34 69 0
23 17 158
39 41 0
13 24 1951
52 37 9
44 18 0
5 16 1
54 36 24
1 54 83
13 15 26
4 61 13
42 53 651
27 60 3387
38 25 1647
28 28 1
25 27 58
56 29 1
29 19 1344
35 61 291
41 15 941
51 3 38
40 66 1777
5 49 197
10 47 67
51 11 217
20 56 220
19 62 0
39 60 2
54 24 717
44 68 150
69 51 1448
23 67 19
61 55 3
62 65 1
36 58 1
8 35 12
16 47 53
19 19 30
14 39 997
65 67 89
17 44 5
8 32 3
52 53 23
7 26 6
35 19 1466
10 17 26
43 11 1085
4 47 0
19 37 25
36 51 0
21 7 7
67 4 3
49 10 1
51 21 6
53 10 798
1 11 2
8 11 1
37 57 1531
33 10 1
16 37 23
3 33 4
45 12 65
66 3 0
40 51 98
69 33 1
49 63 476
4 33 0
23 19 13
28 41 374
56 66 1
9 40 5
26 22 5
16 55 0
47 53 6
47 61 824
46 65 11
28 32 199
57 38 82
64 28 9
12 47 16
42 42 81
20 19 27
9 48 4
67 45 831
46 33 459
49 34 3
14 3 1
54 58 20
33 50 22
56 4 1735
10 63 28
28 51 0
29 41 231
17 35 26
44 40 13
65 42 402
67 23 225
25 53 2524
49 30 15
30 25 86
70 57 776
66 44 3
62 17 0
61 10 1
33 55 945
6 47 467
37 63 1
11 37 10
47 13 4
47 42 871
34 13 0
67 24 3746
5 3 5
32 49 56
18 22 2
32 51 1778
47 15 413
26 33 122
3 26 1
5 44 18
26 38 318
31 31 1012
28 16 885
67 32 0
63 18 4
17 31 398
29 46 98
64 17 41
4 21 16
16 56 17
54 20 1
26 14 4
64 46 371
11 43 0
50 17 186
15 67 3020
49 62 5
27 4 57
47 9 17
18 55 54
20 58 90
44 49 474
61 47 5
17 41 0
37 5 500
21 15 42
32 22 7
41 27 1
20 58 2408
2 31 401
11 2 158
58 22 331
61 14 751
52 36 30
46 26 29
24 36 7
41 24 80
21 27 2480
60 31 951
28 42 36
35 13 5
3 20 324
59 52 15
14 19 7
34 1 19
22 35 7
37 44 42
6 49 293
42 2 1794
20 19 89
63 63 2
23 18 11
1 11 0
27 61 133
68 14 485
61 29 10
42 16 1718
12 45 0
35 32 27
28 19 8
17 2 26
55 14 470
8 5 1995
3 7 538
25 30 2222
18 58 1
53 53 969
6 20 1
54 9 3804
9 48 168
13 58 4
35 51 0
2 10 1852
37 54 2
17 59 449
11 56 1105
45 2 199
38 58 1495
67 47 4
43 67 555
3 59 76
58 34 728
20 15 889
55 35 452
29 30 158
67 1 4
46 70 1
49 7 41
37 62 1
39 20 2200
62 7 196
16 56 4
62 6 28
58 14 9
35 6 25
6 10 3
49 64 6
50 22 15
48 36 1554
15 32 0
54 34 59
17 6 2
14 40 1179
69 61 57
1 49 2765
21 6 33
44 58 102
22 54 15
3 18 589
19 5 235
21 8 508
16 15 47
40 59 3
11 54 10
37 5 16
22 16 1
53 7 3
39 23 388
10 63 0
31 50 94
60 70 0
21 17 57
2 38 10
43 4 1493
48 53 2
67 50 2
49 38 14
18 43 109
1 41 254
53 69 375
34 45 59
53 60 555
56 29 146
19 32 7
67 51 14
24 19 1560
30 11 674
62 13 2
52 64 1
65 44 3971
11 41 4
44 37 1
48 61 44
8 63 503
46 69 0
1 13 584
32 67 196
70 36 100
59 66 2
55 70 18
45 30 539
28 28 6
5 69 475
10 11 917
16 40 4
70 64 0
60 60 5
36 67 684
48 12 23
70 16 61
8 27 6
9 68 111
37 15 1
22 53 4
20 5 1
28 35 6
23 56 473
19 55 4
43 63 27
36 23 714
27 12 2
63 53 6
23 41 11
48 32 15
13 67 5
59 9 4
8 52 323
26 14 6
38 31 0
7 33 1007
42 52 1870
27 4 14
59 5 25
47 52 187
39 47 25
29 14 0
69 45 112
39 27 13
69 10 657
68 17 0
27 66 88
13 67 24
21 38 691
37 36 20
31 3 2002
59 42 0
40 50 796
36 27 0
23 4 30
68 19 0
68 66 47
10 1 4
29 30 6
56 17 223
17 59 46
29 50 365
39 42 0
30 34 1
43 57 17
11 52 11
33 23 1
66 28 141
21 47 2549
52 34 84
10 63 56
11 68 12
23 50 4
28 25 186
3 43 1
35 12 6
48 67 49
33 68 408
33 1 1630
53 64 125
60 3 27
31 14 1
17 40 590
28 36 3
65 46 1
7 58 270
68 21 7
70 70 25
65 43 0
1 41 50
38 44 6
61 34 2
18 2 4
31 45 593
3 53 0
58 58 114
64 15 33
18 65 10
8 66 1
54 33 3
29 28 1001
20 49 94
62 43 136
5 65 281
61 18 31
39 27 73
43 2 75
67 24 1
14 24 12
9 63 0
23 55 117
59 28 420
11 69 1
51 38 1525
26 26 49
50 17 1976
44 70 1
65 8 855
22 24 169
67 40 0
18 45 1
51 58 0
21 3 92
11 1 415
5 40 36
59 50 58
49 44 397
45 67 194
8 52 4
36 28 3
47 37 27
31 49 2987
19 33 423
12 59 77
52 62 20
19 21 2
70 69 665
61 31 3
64 66 22
56 6 555
31 37 122
8 48 0
62 11 477
21 66 11
10 45 1430
5 46 103
15 56 11
41 59 4
26 15 1
23 5 20
38 31 41
61 24 78
65 69 22
70 35 38
21 53 1753
23 70 19
65 13 2167
67 33 611
26 51 170
33 57 64
38 40 1429
62 7 4
36 10 31
51 25 1
53 54 10
32 39 8
24 34 10
56 25 33
38 32 1
1 20 390
1 16 48
21 50 1
24 14 951
58 4 1819
69 10 399
1 3 47
66 34 27
15 58 4
49 59 1
51 26 3
33 62 86
54 6 1269
57 50 57
66 43 20
62 66 103
7 61 5
31 18 1842
61 67 89
49 31 1
21 68 104
23 67 3
23 25 2
46 65 1
43 19 13
7 12 31
57 30 3
28 48 5
27 35 223
50 11 365
66 12 2
35 44 1
55 38 4
4 55 245
2 32 2
3 4 1046
31 68 807
68 33 1470
65 7 2507
13 17 0
26 44 2
40 57 419
3 17 136
27 49 2
7 70 779
26 37 3
14 19 87
66 10 407
51 32 1235
3 26 388
55 25 402
38 20 172
5 57 3
38 15 3
21 9 2
45 9 1
13 3 349
40 23 26
33 51 12
62 68 164
14 34 305
66 20 74
65 32 91
5 22 5
29 52 2328
62 52 7
29 31 48
46 24 5
62 30 2
37 25 733
14 41 24
65 43 8
18 56 123
20 25 376
57 32 5
2 14 1065
15 27 24
51 6 465
58 57 5
26 16 5
48 27 2
63 32 59
33 37 12
33 14 7
65 39 3694
64 25 922
42 47 157
18 41 181
60 2 3
16 65 49
42 48 54
67 57 195
51 46 153
9 26 79
3 20 1
47 22 314
69 46 20
26 23 94
66 48 9
21 44 370
6 1 306
60 68 190
15 13 1
42 21 26
46 35 370
21 49 29
8 27 2468
6 13 2
2 28 595
39 48 455
9 8 209
9 30 11
50 13 83
39 58 661
33 15 1
17 37 110
50 59 6
51 9 11
28 36 458
25 33 48
49 47 2
36 56 105
12 63 1897
36 16 1
18 39 0
27 64 2
16 62 1
57 54 109
1 17 1148
59 44 114
38 13 60
42 29 12
54 8 1429
60 59 41
41 1 3
17 5 0
16 43 0
9 50 2
12 48 0
40 56 13
28 18 7
70 40 1
21 34 33
12 32 6
42 51 2
9 19 113
69 53 280
25 49 183
35 62 9
70 26 90
30 53 0
4 27 2
58 35 4
69 56 18
55 43 1
11 35 18
46 21 4
21 14 1444
69 13 7
34 48 311
68 13 29
61 32 0
25 25 812
68 69 0
21 55 1
10 58 1036
14 53 197
3 55 44
16 57 1820
56 66 1
35 8 9
1 70 143
17 28 27
33 55 288
15 50 8
12 57 46
11 9 1
4 68 1
7 69 12
53 50 777
35 59 493
19 1 542
2 21 8
25 27 10
47 13 0
46 15 4
61 58 33
16 61 1210
63 15 18
8 3 15
13 66 325
68 31 56
13 69 186
20 53 104
54 31 1
54 38 10
18 62 1
68 27 28
40 57 3
14 11 93
11 44 0
61 68 19
28 11 1
28 51 8
62 19 12
28 54 0
68 38 24
12 22 112
66 19 4
21 28 1
35 53 69
16 60 181
44 48 4
53 68 45
9 46 2
26 6 63
49 18 1
8 30 6
16 54 52
52 18 972
52 19 59
20 16 0
19 48 5
42 35 1
35 12 168
18 59 2
22 58 0
41 38 0
26 44 0
58 24 971
54 57 214
51 55 15
28 55 2119
9 48 59
17 63 471
38 61 0
55 68 28
69 68 125
24 9 14
14 34 54
46 48 15
12 11 0
52 40 3
64 60 423
22 13 13
23 38 1
54 47 79
44 33 3244
48 54 1
37 33 0
23 10 0
12 61 7
62 9 187
2 53 240
46 41 7
45 6 13
48 9 4
48 13 74
12 48 0
22 34 221
67 61 136
65 15 352
12 35 808
68 58 14
36 65 80
46 52 189
64 7 1583
41 69 1
31 41 3
40 9 63
44 63 222
43 24 1
44 28 0
68 62 3
67 49 163
38 59 5
49 8 1
48 25 0
27 24 202
27 61 3
27 45 232
2 19 4034
28 30 3
49 12 14
3 28 73
5 3 3970
55 10 1
62 35 0
27 6 29
33 26 449
44 16 124
64 23 1
5 65 23
15 3 87
34 55 24
46 35 1
51 35 1
53 36 89
53 70 204
