70 5000
&&&&&&&&&&&&
48 30 9
37 67 49
36 5 247
38 25 3377
16 35 306
54 42 919
42 56 844
38 5 610
1 17 177
49 13 76
41 5 1378
3 11 221
32 48 21
58 45 2700
35 66 763
52 66 58
40 43 14
25 8 1155
60 65 30
26 8 1365
33 48 30
2 26 3315
60 19 345
17 44 17
24 30 339
66 62 1410
29 27 86
50 70 377
31 62 58
56 1 143
14 58 98
51 28 179
19 58 3023
70 10 14
9 15 161
58 39 9
61 32 25
37 20 19
59 13 2304
17 57 206
54 12 60
4 61 203
7 51 121
67 65 664
58 47 237
31 51 242
33 62 1630
32 2 60
58 12 19
1 59 22
43 67 59
12 13 190
3 42 121
28 60 860
8 10 3572
43 13 126
10 15 78
23 66 99
41 10 1101
11 38 1488
69 51 1683
12 51 37
49 28 226
21 58 2496
5 57 1424
23 24 733
68 41 455
51 17 400
44 29 437
3 68 1702
11 59 3806
66 35 314
36 10 80
6 47 2323
45 1 553
38 23 1479
32 34 144
55 56 799
70 6 213
8 58 597
66 11 54
23 31 379
16 29 896
8 42 7
66 20 671
44 48 71
22 29 90
2 4 714
14 65 407
46 5 2397
36 70 89
67 60 10
54 29 51
43 42 1203
33 12 552
32 14 1189
48 25 18
39 49 5
61 9 63
52 70 111
70 6 1796
61 64 112
23 70 1700
42 35 59
65 29 30
12 53 205
30 6 9
26 4 8
55 30 92
5 22 34
69 6 814
32 12 197
42 1 58
27 61 1098
53 19 589
67 35 113
58 67 643
50 27 314
61 11 66
64 56 43
67 15 2204
15 15 1373
56 24 140
41 42 127
18 58 245
57 21 237
50 45 723
49 36 49
4 2 1337
37 5 755
29 42 974
22 66 107
4 9 188
22 48 4032
22 50 200
11 64 934
34 67 20
54 26 133
62 41 51
37 53 191
15 38 24
30 20 1841
31 36 183
38 32 472
1 31 825
60 55 59
39 39 973
16 30 258
19 57 62
13 70 28
1 66 986
2 69 141
38 24 1166
66 58 1636
37 59 131
37 42 124
10 70 40
11 44 1173
28 1 79
62 53 71
14 40 2037
16 52 26
21 23 3369
45 24 102
7 54 139
60 44 438
33 8 23
50 33 22
58 19 170
52 53 175
17 48 629
52 39 916
9 49 509
17 66 72
17 6 239
34 27 320
34 26 451
51 45 1888
54 20 306
3 19 154
22 22 56
3 34 334
37 17 378
17 44 228
63 1 33
23 51 28
3 7 451
69 60 55
29 19 20
24 58 65
21 2 31
21 37 383
48 56 1680
10 25 1916
37 17 2257
63 15 2233
58 36 24
6 28 130
65 18 612
34 56 3898
47 69 337
20 27 111
30 41 77
18 31 46
46 57 81
7 66 291
49 23 389
30 11 83
59 38 149
55 56 986
49 62 960
14 13 370
5 7 29
58 1 135
51 53 121
8 20 25
25 28 631
15 42 248
63 69 471
1 32 128
9 37 232
30 41 1019
28 35 205
25 68 416
49 60 487
20 19 1535
51 53 83
37 7 1072
35 59 85
65 6 628
41 61 101
48 40 12
69 14 231
52 11 1065
4 8 1567
59 62 42
50 15 589
62 6 481
58 14 194
27 45 144
43 14 382
34 20 207
68 6 243
19 52 957
12 67 2014
36 64 13
37 13 56
22 19 230
49 7 2837
33 41 1222
32 66 51
8 32 38
62 4 76
68 32 420
43 44 16
22 10 1115
33 37 46
8 19 840
13 44 474
23 41 302
70 14 2985
20 27 1231
22 66 2186
17 32 32
39 49 49
13 43 808
32 62 303
63 58 277
31 3 14
55 69 342
30 33 35
52 11 891
68 3 263
22 35 1547
5 24 24
12 68 16
8 2 185
16 70 367
14 55 21
65 12 39
33 51 693
11 13 40
48 37 277
48 13 360
59 17 52
61 38 879
14 41 122
9 56 44
42 59 56
66 63 117
9 23 10
30 59 1062
59 68 847
47 4 211
57 22 3977
54 24 2003
62 32 575
6 49 1575
35 50 34
18 52 56
55 66 48
51 32 28
44 40 237
66 23 685
32 49 260
66 34 109
16 33 672
18 62 59
10 54 2204
23 54 443
5 70 113
64 25 3996
10 26 152
54 39 200
49 56 1021
26 25 1771
1 62 421
29 35 275
49 66 38
51 28 3074
24 37 102
50 49 119
26 66 58
35 44 71
39 61 2694
54 14 144
27 25 1760
39 66 31
67 44 1014
50 26 97
61 8 784
47 14 392
10 15 15
7 65 224
28 54 58
8 23 14
70 6 126
7 69 251
27 38 15
63 19 113
57 2 105
14 16 49
31 56 483
19 13 993
8 20 44
38 33 11
68 28 654
32 63 146
58 3 142
13 9 3327
55 59 489
28 38 3661
16 63 109
30 29 3699
16 62 35
1 42 67
38 59 71
44 12 25
52 22 234
53 60 1531
8 33 40
23 7 687
37 66 419
67 45 14
35 70 734
50 62 31
45 17 37
53 33 215
57 52 369
32 37 51
17 2 59
35 26 64
61 1 486
35 36 22
45 59 3732
51 1 740
68 15 214
57 19 664
51 58 37
65 29 167
33 26 225
6 35 33
44 18 63
52 58 257
37 44 46
1 58 36
60 66 85
70 47 78
12 45 472
21 17 42
63 67 80
38 2 121
22 24 677
57 58 652
50 45 61
24 55 174
48 47 914
41 13 338
70 69 1369
14 55 748
29 63 209
70 30 148
25 22 2707
63 47 322
28 32 25
34 69 214
52 16 91
3 62 558
3 30 240
56 7 186
35 38 227
24 26 54
10 41 381
49 65 653
11 19 1169
2 23 3750
37 16 93
34 14 556
17 29 963
31 64 365
30 22 15
21 62 2330
47 48 142
37 44 522
28 49 648
70 18 3610
4 29 1758
9 4 90
11 14 70
28 27 50
43 45 3836
22 61 2444
70 20 910
6 53 1435
68 49 798
27 10 102
42 41 235
54 17 212
9 18 383
54 29 41
42 14 148
49 66 56
66 26 1262
68 48 244
12 59 0
52 41 2173
59 67 458
32 12 1183
69 9 382
67 15 1247
58 29 132
29 40 506
55 48 114
32 46 451
42 59 1011
45 59 959
61 24 1618
38 54 3025
61 17 384
24 63 84
40 15 253
7 44 104
12 56 104
12 33 47
47 4 95
5 42 252
51 37 30
35 54 3204
22 60 332
32 21 123
21 8 153
5 57 33
61 24 287
67 43 369
70 26 31
47 1 2243
29 14 432
30 5 99
67 21 926
16 1 7
67 39 3223
51 34 60
32 56 61
9 3 154
44 52 1097
37 1 25
13 54 228
69 5 0
61 42 1873
8 61 38
45 14 501
19 65 56
52 39 85
62 48 18
39 24 1006
35 1 100
43 68 41
58 19 18
42 1 254
27 58 522
6 14 53
42 49 635
26 49 12
11 8 368
22 29 73
70 38 11
66 9 1349
23 18 84
53 40 158
1 60 168
33 65 1852
7 68 494
38 56 3733
40 11 40
20 22 1532
57 21 251
31 65 5
18 29 109
54 44 63
40 64 128
2 66 82
2 62 525
24 14 3965
22 52 58
33 49 925
25 62 121
11 66 224
17 39 62
8 29 1221
30 4 931
1 50 375
16 23 37
50 23 124
37 25 154
36 42 44
53 5 2477
37 21 58
48 45 497
28 13 88
43 42 61
33 50 205
36 58 1891
52 67 99
66 33 291
42 32 20
4 16 57
30 17 352
15 47 1183
55 67 29
38 57 1020
57 9 2658
50 22 130
5 15 132
21 22 66
56 60 606
6 12 1601
22 11 3525
2 58 98
61 1 477
68 26 28
27 15 2229
37 3 54
20 43 555
27 25 972
50 65 249
15 3 104
51 60 14
35 64 88
23 9 514
42 42 28
64 36 665
36 46 336
58 50 407
35 25 163
26 29 49
26 26 91
13 54 152
16 33 65
67 67 89
69 54 43
58 15 84
64 22 0
17 10 244
55 63 59
53 61 1421
27 22 796
5 49 103
66 28 907
21 63 1963
59 43 48
16 60 510
24 42 54
20 5 706
4 26 1001
69 10 3856
9 26 2
42 27 804
43 56 120
2 6 298
3 24 38
5 2 756
15 50 355
44 63 237
3 38 1607
60 7 170
7 62 282
45 51 1205
11 4 780
34 34 18
62 30 11
60 18 3322
52 26 7
25 1 465
57 50 69
13 32 462
46 49 93
62 15 256
23 23 112
27 5 354
22 7 663
34 68 3294
70 54 1870
22 32 66
36 31 314
58 12 1059
5 16 141
52 9 59
10 15 24
56 15 38
8 53 644
18 44 124
22 56 288
5 46 666
8 61 2991
41 70 93
27 61 125
12 54 2784
28 61 90
58 23 42
41 44 42
1 44 2724
35 31 836
28 19 38
67 68 44
20 37 2170
4 24 62
56 13 10
19 47 0
50 66 835
70 5 54
44 61 77
9 50 365
67 1 52
36 15 1300
58 39 3985
57 19 932
39 56 559
45 24 25
38 32 33
68 28 57
59 12 561
54 64 3573
8 57 627
6 4 28
25 68 1706
12 59 54
29 44 162
62 31 570
27 42 102
29 49 235
15 49 463
40 68 1145
17 23 185
51 30 34
22 51 59
67 39 194
28 19 57
4 64 36
51 19 50
62 31 13
7 11 63
17 25 564
20 35 452
6 42 58
30 20 795
27 50 22
65 4 5
49 60 45
21 6 405
8 36 97
28 28 42
39 15 3606
67 41 2832
55 33 467
10 47 218
33 23 1895
5 54 63
26 68 86
16 5 319
6 11 104
10 30 539
51 14 56
14 39 255
32 7 22
51 15 149
8 65 722
8 41 334
38 9 1825
23 39 41
2 23 1335
38 1 17
11 67 366
9 43 112
41 37 689
70 60 1004
37 2 203
38 28 232
10 54 3028
19 15 1
7 4 722
31 22 38
44 62 1
37 11 150
67 5 44
1 9 233
69 45 0
55 65 164
37 48 1315
60 31 33
53 2 181
28 40 197
3 27 1348
40 46 18
38 15 1573
9 38 2757
57 50 2034
24 36 119
33 55 147
62 69 116
62 40 121
46 57 61
25 26 3714
44 59 3122
16 69 107
59 48 52
59 18 3
14 24 3001
51 25 22
28 5 1370
13 22 128
35 41 1655
53 62 547
45 68 70
35 58 100
15 65 726
38 9 469
59 56 460
40 8 1586
27 60 1053
19 70 374
46 13 1908
33 32 502
64 41 819
7 42 520
36 2 1462
14 32 198
26 36 209
60 42 83
24 2 1352
15 16 46
34 5 55
6 66 165
61 45 16
5 45 1484
46 57 285
61 24 196
9 37 51
59 65 1404
17 18 1943
16 12 774
20 58 1812
23 65 614
35 29 1716
37 63 658
69 54 456
45 58 416
28 49 997
47 31 60
23 53 440
51 4 191
54 2 649
38 48 2475
60 3 8
48 13 189
6 28 965
25 54 25
14 59 26
56 9 330
38 21 43
61 36 3760
46 67 626
48 23 60
54 60 32
52 19 83
39 56 138
44 1 2134
14 8 122
5 3 2131
63 21 2940
50 15 24
29 22 833
35 58 2318
28 30 1795
46 14 379
44 24 32
66 59 47
36 16 1500
8 38 309
67 25 434
53 25 26
35 25 440
19 3 58
35 66 713
34 40 234
19 28 200
63 28 833
21 59 49
57 36 1953
29 62 458
14 41 254
44 32 387
49 1 47
29 30 1327
23 35 1222
47 1 840
38 61 273
66 62 58
1 46 31
12 14 326
28 25 61
26 28 50
20 65 246
8 28 333
24 10 200
37 39 2998
8 68 33
37 50 113
61 3 207
59 18 381
61 11 96
45 29 4028
28 33 37
60 48 116
20 57 107
13 49 160
69 70 71
43 17 122
8 24 169
49 16 155
16 69 25
29 44 251
58 40 5
60 43 1234
4 1 18
32 2 326
42 21 35
6 51 100
18 48 25
66 31 36
28 5 97
60 32 443
48 12 22
37 6 39
64 8 361
19 45 1770
56 46 60
16 61 118
48 55 251
39 10 25
8 55 3853
48 57 57
44 9 213
49 52 121
26 52 80
46 65 91
10 33 504
67 43 34
64 69 14
9 62 1352
2 55 105
52 25 18
70 33 325
50 1 57
33 62 1114
33 20 178
63 48 5
7 30 101
55 58 2002
2 58 800
49 11 28
49 38 27
59 11 3
29 68 14
12 18 1840
31 55 295
64 27 454
67 56 1380
51 51 3568
64 10 6
46 63 379
65 22 741
42 43 3156
37 10 212
33 56 73
40 5 132
40 8 459
4 41 1
24 8 115
48 48 142
10 37 1571
26 23 662
1 39 824
13 66 112
42 60 49
38 41 43
6 68 871
32 31 11
70 13 87
34 8 204
69 59 1490
33 61 262
64 14 226
24 42 521
3 68 3
70 8 385
33 18 1725
69 58 2463
49 22 150
23 33 576
57 32 721
47 64 79
28 58 8
56 5 36
13 43 94
26 38 1582
56 6 2161
10 45 362
58 33 7
42 10 35
33 11 81
61 5 401
14 61 4066
19 18 509
42 51 15
11 45 124
11 51 85
68 65 1635
61 60 1351
67 66 490
11 58 783
21 29 32
58 44 121
13 46 714
45 6 18
69 34 262
21 51 1323
65 23 9
22 4 415
30 10 59
15 8 593
62 28 473
28 36 3214
18 40 2936
7 49 925
24 66 426
5 7 3962
46 16 456
70 6 174
38 61 545
54 41 64
45 44 162
2 16 277
22 53 1104
23 19 9
56 48 907
15 4 28
55 29 1021
3 46 29
12 26 63
64 8 389
42 22 133
13 49 111
48 28 2161
62 14 2310
4 23 103
37 17 36
7 52 30
30 7 53
18 33 444
5 38 475
60 46 62
18 43 24
52 13 1007
45 32 27
9 69 305
49 29 87
41 70 130
69 45 15
10 10 909
15 69 11
68 47 41
31 57 201
39 36 90
70 4 27
61 19 21
55 61 616
69 3 58
18 59 1583
33 39 1225
70 55 344
7 62 27
48 44 449
24 29 180
16 2 133
44 35 109
16 65 87
64 38 110
29 14 442
53 34 968
33 45 4
6 52 39
37 48 308
69 41 24
23 52 364
33 16 13
11 37 26
18 12 1878
32 47 466
30 54 434
51 52 79
69 7 90
63 23 48
18 20 88
11 65 62
19 9 58
61 21 226
13 51 169
11 51 470
1 15 733
55 44 1453
15 10 991
34 24 25
38 55 121
58 10 37
59 14 1
33 10 0
6 37 11
7 30 106
13 68 483
53 32 105
67 4 50
51 44 23
27 17 116
56 9 3881
60 39 140
41 55 26
50 28 354
7 23 99
62 34 66
66 14 214
22 54 77
24 14 74
40 57 53
21 16 5
42 34 355
12 65 369
56 20 47
21 46 4066
24 37 610
28 50 245
11 28 86
13 27 3
7 65 1604
49 61 90
51 64 44
50 66 1298
49 66 29
47 43 202
39 57 83
59 18 366
7 21 1725
28 43 8
39 27 179
28 51 32
67 66 353
9 15 369
43 43 36
43 16 1713
55 23 792
13 66 1041
54 20 101
56 62 124
2 34 307
70 3 47
1 3 75
46 28 108
67 17 3954
13 48 82
23 60 476
22 21 318
43 57 1292
62 22 25
64 22 253
57 39 44
56 40 1
27 12 268
19 7 848
54 25 353
59 70 672
18 68 66
23 27 28
4 39 941
14 48 52
29 38 1616
15 62 15
7 28 773
6 55 1472
52 45 124
61 10 695
32 66 36
53 9 24
62 58 228
67 4 93
22 52 48
47 53 345
64 54 1736
22 33 2666
6 15 681
17 45 85
61 53 514
3 6 54
69 59 90
15 70 1347
2 53 53
33 30 352
55 36 2114
24 24 220
44 3 361
22 53 3840
67 11 1
67 25 145
66 33 318
65 44 385
42 37 123
47 9 3935
64 40 216
56 36 108
7 70 941
43 59 56
68 1 109
64 45 816
43 2 108
9 62 474
21 59 8
59 68 2103
69 10 2349
38 32 107
14 5 1554
36 6 193
6 13 34
11 22 237
46 49 5
63 22 919
39 33 1212
46 64 350
22 62 768
53 50 37
48 4 568
41 17 582
21 27 475
38 4 17
46 50 450
12 30 2018
25 22 202
27 27 0
23 29 246
14 32 1155
69 55 66
39 46 48
58 49 78
29 53 110
33 20 22
2 50 82
61 35 400
45 11 41
59 42 92
65 51 147
58 12 1
19 26 33
37 42 154
28 1 56
7 25 41
53 51 1783
12 23 111
36 56 328
56 19 538
20 49 150
68 53 1036
7 8 421
45 27 1729
7 51 2197
45 14 1278
34 65 53
48 4 0
47 49 176
49 13 55
38 57 114
35 26 973
54 69 21
38 30 769
50 40 39
54 7 1
21 41 216
57 2 2499
35 44 241
25 3 237
7 4 1935
15 26 224
38 38 1378
26 1 127
56 8 394
26 17 33
38 2 33
38 7 325
47 8 975
36 25 244
66 42 240
43 8 2
34 47 1946
41 44 34
37 1 37
20 61 102
21 57 3841
64 60 56
19 12 3
39 7 539
22 38 85
1 7 253
56 48 158
45 61 221
5 44 146
33 4 59
51 4 38
19 23 782
26 13 9
54 22 2383
58 55 798
50 22 31
32 15 10
64 1 334
17 68 1995
4 12 470
5 55 1110
52 26 54
56 40 108
29 3 41
65 48 1711
18 40 1110
44 70 3456
7 28 695
14 17 26
22 7 2403
8 62 457
40 12 53
30 13 8
43 10 1102
46 17 1394
63 42 18
59 42 369
44 56 82
49 7 71
18 24 24
68 39 487
16 70 150
62 56 19
3 59 1719
69 7 229
54 60 76
31 11 3
16 24 24
66 56 533
3 28 140
38 41 742
40 10 63
31 50 97
2 30 17
57 16 475
65 10 1751
7 16 12
54 12 74
18 61 217
60 49 3349
23 19 255
41 26 135
38 44 59
42 9 45
5 11 266
46 23 56
54 17 39
60 15 123
36 23 16
45 67 132
42 49 593
41 26 660
70 18 18
34 30 90
15 1 44
68 4 1
17 52 899
54 53 163
57 11 548
40 26 226
33 24 70
7 21 1519
47 13 635
9 33 1038
20 17 663
2 7 1850
48 63 305
61 51 43
30 4 279
49 23 10
56 32 84
49 39 344
69 46 259
27 62 663
50 63 476
15 7 879
46 48 650
67 46 1746
69 17 2
32 35 2
52 54 693
49 3 58
64 64 114
28 16 1557
9 28 35
38 6 241
29 49 152
7 37 29
40 37 825
31 34 59
52 67 54
47 35 475
8 68 485
49 61 1110
11 54 274
63 31 10
58 40 348
18 27 127
2 9 50
21 3 82
36 31 109
54 53 260
26 10 263
16 65 159
34 18 1879
28 23 294
21 7 839
69 4 79
1 10 117
13 60 1762
32 36 9
9 25 389
12 13 268
68 69 124
10 1 37
48 66 20
67 21 510
57 22 239
10 3 76
15 60 34
43 2 73
27 23 688
51 51 2252
48 43 1977
17 23 313
47 66 46
68 19 461
46 14 36
51 45 386
51 14 1391
34 31 257
37 37 42
64 11 416
10 15 839
37 47 231
34 26 122
57 37 2
63 51 2442
39 45 26
36 43 1984
50 3 14
34 44 109
31 14 142
61 10 14
55 34 109
7 47 886
17 16 180
6 7 92
13 7 171
67 43 39
53 7 73
63 28 804
34 40 55
48 31 3
37 67 4
9 66 2
22 41 358
22 50 74
6 70 185
11 51 63
33 20 5
47 60 481
42 17 127
1 50 58
18 10 460
18 46 10
52 38 262
55 47 442
29 9 510
38 10 27
61 16 105
54 50 100
62 34 648
38 69 222
50 59 248
5 27 5
11 7 1108
20 70 1172
34 56 257
60 29 2933
31 8 206
8 59 1160
8 34 209
35 34 4
65 24 201
18 35 46
56 45 191
44 8 229
25 20 64
51 24 2025
37 12 508
14 27 688
11 40 246
47 54 41
16 36 75
41 27 13
6 28 49
7 27 7
57 27 168
58 38 838
32 45 52
7 61 728
11 4 2
33 67 1778
63 26 370
39 33 53
27 30 1123
68 30 30
25 23 27
46 19 46
49 14 82
67 63 36
68 2 149
4 41 3561
55 6 949
33 26 192
7 24 328
32 42 49
63 15 94
16 38 26
35 14 1139
16 40 868
42 32 110
65 4 250
10 54 506
6 26 661
67 16 279
43 6 1383
59 33 979
44 28 81
12 6 861
50 7 0
21 40 169
24 51 1730
53 33 986
40 42 675
56 41 63
21 51 128
66 58 37
8 66 32
4 20 14
34 54 523
42 57 42
65 9 32
2 41 39
64 19 24
29 10 25
39 59 1070
50 19 31
16 31 85
20 17 1420
11 61 238
44 54 28
57 46 1834
25 4 120
53 20 0
23 11 146
51 57 660
5 2 0
26 47 36
27 36 16
44 28 1449
28 38 111
45 57 4
5 10 7
13 41 0
33 29 41
14 2 205
53 14 109
60 13 1848
22 30 256
52 20 188
10 54 919
10 55 5
36 44 85
30 1 77
14 64 2929
15 15 761
45 39 93
61 49 1714
11 29 2016
47 42 701
61 55 14
16 69 13
20 30 240
48 62 42
36 20 230
61 58 107
66 70 43
14 15 1248
59 33 695
68 34 48
16 54 1161
34 46 24
15 68 722
27 15 92
33 49 39
33 23 61
43 48 2198
20 38 16
47 39 33
21 53 722
51 57 60
27 64 618
1 54 58
40 22 183
29 2 813
27 29 211
4 37 163
60 57 1788
29 64 719
61 2 895
36 70 264
53 32 70
10 1 15
55 53 55
23 65 339
63 53 3635
58 17 52
36 21 460
62 61 278
69 5 50
50 27 1461
22 14 592
24 34 61
59 16 87
70 68 1549
39 55 61
48 39 69
3 49 119
45 52 779
38 51 50
29 49 1995
63 26 95
66 2 864
5 21 18
60 21 1508
57 3 61
70 35 2344
52 69 14
39 3 5
43 36 288
50 6 185
26 64 15
26 70 974
18 57 2626
70 23 30
64 21 65
28 51 9
51 21 3
14 60 68
65 40 5
34 62 1635
29 14 53
49 42 1620
15 27 715
1 9 911
28 23 508
51 33 1522
60 68 5
57 66 391
40 47 4021
63 63 119
40 16 27
64 50 806
16 1 32
43 52 217
8 65 84
13 15 20
16 42 1773
66 38 12
3 59 1072
26 24 156
43 61 684
55 17 120
33 18 336
41 13 35
30 17 256
61 62 221
42 16 1123
70 34 790
31 67 864
24 59 132
43 17 395
53 21 28
47 40 534
32 18 1014
2 68 39
35 53 1485
51 21 11
68 64 1004
52 11 418
67 43 461
38 64 376
32 38 197
66 51 2708
21 30 96
60 2 116
43 47 57
46 9 120
6 57 385
42 8 2463
40 64 733
41 61 267
48 48 2688
12 54 332
7 62 53
45 32 2825
67 5 425
18 9 17
31 37 462
26 29 1615
19 48 123
49 29 1769
25 64 99
28 48 1424
26 65 29
16 53 167
3 10 63
59 23 2295
35 59 23
28 46 72
62 7 104
39 22 95
57 13 100
4 67 416
12 45 104
24 70 63
5 11 20
16 7 164
5 62 47
44 42 792
53 7 184
66 43 169
40 20 90
22 51 2608
69 12 47
36 10 407
38 20 366
55 6 1179
10 45 437
60 66 242
35 47 37
63 40 113
35 3 962
67 19 313
54 25 35
52 36 235
34 46 588
61 64 1754
20 43 395
6 21 569
70 65 389
58 33 99
62 40 387
37 31 127
61 11 14
35 39 287
9 44 34
62 21 92
34 27 214
20 28 84
67 23 85
42 62 338
15 17 221
53 14 50
10 38 43
24 5 26
49 39 464
63 35 32
35 26 10
20 48 116
27 12 310
47 23 187
63 64 1248
13 50 16
56 34 314
57 51 192
32 50 79
63 68 1488
12 68 45
10 14 33
5 52 487
62 44 1709
13 40 38
33 45 302
5 53 150
32 29 0
15 36 1935
19 42 870
33 45 359
41 70 168
21 45 3997
65 9 1150
16 58 113
62 22 3229
2 14 236
53 28 919
51 60 921
4 45 69
25 33 50
13 69 51
28 29 109
7 35 986
31 7 136
56 68 584
24 62 87
59 29 8
24 5 3594
25 46 505
30 11 1453
20 63 60
70 48 398
31 63 17
9 39 1643
66 4 783
29 38 2690
58 17 67
3 37 1469
16 15 24
17 41 325
57 23 2824
62 1 168
66 36 200
64 39 940
21 22 1889
47 25 121
19 20 841
64 60 43
23 8 1007
56 36 443
38 53 156
65 64 506
38 54 111
43 18 252
70 51 1864
65 29 87
22 35 60
43 70 336
49 33 168
14 18 33
20 12 3423
8 5 39
61 3 56
23 26 700
48 54 3872
68 61 1426
41 44 29
49 31 60
54 39 3
30 57 54
59 9 149
18 46 197
69 27 180
12 20 78
37 21 700
35 23 782
10 26 326
4 42 879
51 30 2909
18 62 15
62 67 671
18 42 226
19 23 922
6 11 97
18 58 63
46 53 3767
59 53 255
34 56 82
23 32 654
23 15 164
52 24 247
8 66 922
11 3 29
7 51 221
49 63 2724
37 70 45
4 45 481
14 65 164
70 30 2689
53 42 40
23 65 3670
11 53 73
36 58 87
43 48 62
52 28 73
24 23 294
23 1 39
18 19 1638
11 59 49
29 7 236
60 12 138
68 25 195
21 53 2517
19 45 4
5 53 919
70 29 110
5 25 198
60 67 179
39 38 181
63 7 45
44 18 152
58 4 34
50 23 139
18 56 20
60 14 1684
9 22 459
27 50 403
47 32 487
31 49 541
51 7 12
56 69 191
68 30 164
50 27 721
11 4 744
24 37 419
20 70 980
61 37 140
33 20 817
21 11 637
17 48 9
11 12 56
41 8 21
19 28 806
24 19 44
21 21 186
49 23 112
64 60 3438
35 58 50
12 25 25
10 54 644
39 48 1413
50 13 97
33 24 12
21 18 784
19 42 35
68 56 3615
45 57 87
17 48 309
12 58 62
62 32 37
10 35 466
43 31 482
60 53 18
6 34 1602
18 54 1830
59 53 200
49 66 2660
8 49 188
3 19 50
2 26 125
57 29 385
65 35 517
54 29 21
65 8 708
68 50 213
67 16 2
9 21 41
50 15 95
25 6 20
53 6 108
69 26 54
66 4 302
21 69 2997
27 28 10
52 32 41
25 10 44
35 21 142
48 30 1173
57 29 72
40 10 721
5 64 56
1 33 1287
57 2 183
51 16 1089
40 1 166
60 1 942
21 23 389
18 64 834
17 46 384
35 10 68
70 56 169
59 47 24
61 54 423
61 13 5
47 51 276
61 39 2772
8 25 777
51 53 2782
57 65 464
30 7 1002
27 7 179
66 47 34
31 65 492
50 62 213
40 66 43
49 11 51
70 61 130
40 31 114
47 24 187
66 9 160
61 68 3618
23 45 1261
32 26 58
35 56 1876
56 15 760
48 32 107
19 39 327
13 61 77
34 52 140
34 60 124
60 46 54
12 33 869
3 33 52
45 46 18
36 41 77
9 42 47
43 31 57
27 22 36
23 51 1928
10 14 97
62 26 816
24 46 153
23 32 75
65 40 1790
49 20 129
59 8 96
11 1 1784
63 70 1684
15 25 78
18 51 504
48 52 75
13 18 116
69 15 131
55 47 8
8 10 851
31 5 78
45 66 234
66 18 124
40 62 941
22 31 338
12 42 770
65 26 226
54 57 2042
10 65 3
24 66 104
45 33 1955
16 25 1704
24 61 316
59 41 196
44 17 91
4 41 519
19 13 17
11 50 475
54 8 3604
66 30 473
4 30 978
16 40 1794
44 32 303
34 35 926
22 51 15
39 53 5
27 18 250
36 44 244
50 62 246
37 25 1854
20 13 2010
44 69 239
36 60 3278
5 17 9
22 19 898
29 20 1554
70 56 84
50 33 491
68 39 248
2 67 2881
43 16 840
13 44 804
16 61 40
21 14 163
38 53 982
26 29 12
41 41 913
19 54 174
17 56 31
34 6 17
50 26 983
51 20 36
66 69 113
40 47 215
18 16 487
7 31 423
3 9 2024
12 44 2123
40 7 135
62 45 162
17 58 27
21 66 24
23 14 12
13 6 24
63 51 436
12 5 83
31 30 49
28 26 67
3 25 3384
57 57 59
32 37 53
7 15 165
44 24 822
18 53 62
60 55 142
15 47 702
58 1 120
13 7 3344
48 7 131
32 60 1784
13 33 21
20 70 157
70 58 1479
25 68 57
13 17 935
11 43 11
14 29 57
51 39 53
45 12 1102
66 11 1430
45 27 401
36 36 458
16 26 25
16 45 13
15 34 1714
25 31 125
70 29 115
50 21 2537
5 31 286
68 28 253
39 16 1228
28 17 113
48 51 36
5 56 199
22 44 254
63 69 32
18 49 320
58 63 7
40 14 31
6 38 56
35 49 311
61 1 98
69 11 1857
37 24 44
30 41 474
59 4 995
23 20 9
69 51 3
18 62 164
2 34 505
16 2 1279
44 11 3275
6 19 333
31 57 101
23 11 854
37 15 622
49 16 41
66 13 408
17 39 41
23 18 118
23 67 24
5 40 30
3 29 411
60 50 470
49 57 49
44 44 119
70 70 599
45 70 1057
25 19 337
32 2 3457
19 7 851
34 41 290
14 33 670
21 54 20
45 63 54
20 8 110
31 25 2076
32 44 1
57 48 43
10 53 177
39 52 411
14 51 237
34 13 20
11 24 221
59 2 403
13 34 0
30 20 894
35 46 49
11 44 61
1 24 197
49 29 1508
43 10 309
55 30 592
32 49 93
11 50 956
68 21 1
12 10 410
45 59 2014
56 49 14
13 20 6
16 65 190
24 2 178
51 28 154
60 28 53
49 58 21
33 15 679
7 52 3033
5 46 12
9 58 714
47 43 170
1 44 210
57 6 32
31 6 36
23 22 326
65 21 311
65 18 19
18 24 54
37 62 6
62 44 40
17 27 540
14 23 56
17 11 1883
58 61 1673
20 19 5
18 49 292
10 45 138
9 49 811
46 45 55
9 37 183
63 22 400
37 14 452
21 32 1419
51 40 1075
60 3 11
51 9 52
13 70 1468
29 27 72
35 17 733
37 65 240
2 7 89
60 29 99
48 33 54
63 43 619
5 11 3686
18 11 73
9 23 219
43 6 6
38 31 53
19 38 471
28 55 1856
60 20 746
32 11 54
38 33 1811
11 43 1158
38 39 61
49 33 123
33 40 1545
62 54 116
17 36 1705
22 31 2039
44 18 709
70 19 112
28 59 20
69 60 872
50 58 37
22 41 6
69 26 131
47 11 24
18 51 44
6 34 440
34 32 3451
24 8 14
25 23 14
57 19 107
17 57 398
29 9 440
14 53 116
67 30 95
7 14 219
3 10 1
55 6 431
2 34 49
69 55 114
64 52 104
9 38 117
33 12 48
70 27 71
43 40 54
40 31 54
62 39 173
27 52 115
17 26 37
18 38 87
7 57 976
16 1 230
54 43 144
37 40 1780
31 69 13
46 15 366
26 35 50
28 32 3020
34 20 88
28 23 1810
58 18 34
24 10 1586
13 56 31
28 32 72
28 19 46
62 62 1287
55 10 163
43 36 434
3 10 1126
63 24 75
58 30 59
35 60 40
22 65 83
40 66 217
12 65 568
35 38 164
37 14 1174
51 58 1058
70 33 115
18 28 31
58 27 330
1 50 982
21 48 25
45 10 189
1 14 2162
16 14 423
26 7 367
46 31 2871
18 27 35
36 18 347
57 25 1736
68 45 192
39 59 8
28 52 647
47 8 19
58 49 1540
59 44 813
54 45 78
69 48 1092
11 61 323
28 17 3945
63 38 212
4 57 95
55 61 67
38 2 444
18 5 39
15 33 1014
6 28 497
32 35 240
41 19 56
13 19 493
52 53 275
57 24 88
2 28 278
1 49 26
24 60 579
60 21 145
1 68 781
13 56 1649
1 65 153
58 4 62
46 1 2
3 62 243
12 10 47
36 48 8
63 62 91
54 30 1624
56 60 1302
17 40 382
23 29 76
23 8 1822
11 37 294
13 63 46
19 57 664
42 24 631
7 10 347
30 19 119
37 43 24
12 3 39
44 44 30
46 66 38
14 69 794
65 65 115
6 53 3
56 31 1601
56 57 1328
5 7 501
6 22 631
64 4 51
10 28 78
14 29 2929
28 48 97
41 38 1015
48 30 132
9 6 78
54 18 51
43 11 3196
54 25 105
26 46 34
13 20 121
50 1 1393
26 60 362
42 25 50
2 3 913
6 17 305
70 6 25
65 1 81
56 18 11
12 24 30
6 48 31
22 16 53
67 17 1788
59 7 244
57 37 223
10 40 751
33 15 44
46 50 55
22 55 717
6 1 94
17 25 716
61 23 907
23 2 887
28 7 112
18 69 2999
63 53 96
34 39 68
11 17 1169
33 17 500
43 29 86
20 44 60
52 4 45
13 62 869
20 22 38
48 9 890
16 58 17
70 68 808
19 64 690
24 37 679
67 47 36
28 2 55
56 66 64
62 28 248
38 13 1404
18 14 3111
66 50 94
9 22 12
37 7 484
42 63 27
18 41 441
28 63 61
38 56 83
31 37 47
58 47 1879
45 57 55
12 20 117
44 51 2278
30 9 36
56 43 749
35 4 42
57 67 2326
53 24 829
22 28 100
29 22 21
14 24 641
70 45 3671
63 13 3332
11 64 72
16 53 677
52 58 299
44 48 29
68 11 24
62 62 50
41 52 10
56 33 312
67 35 27
45 20 20
37 66 95
26 5 209
19 37 79
5 60 39
39 14 58
11 11 6
53 12 146
15 62 331
58 19 34
46 68 235
63 30 537
5 15 451
40 2 354
16 26 947
37 24 53
17 16 2
11 32 156
1 19 86
2 16 132
25 14 1690
60 47 57
4 15 98
15 17 24
57 6 125
55 56 53
20 49 1237
1 21 397
62 35 50
66 40 457
26 8 10
28 31 1851
32 53 584
37 16 93
17 14 171
15 3 504
18 54 152
66 43 5
26 65 1012
23 46 1226
44 18 101
42 31 1438
34 22 1062
10 68 1731
26 14 1582
34 69 58
57 43 626
29 59 80
28 25 250
48 46 608
24 62 405
58 37 810
54 55 44
27 16 272
68 19 455
31 32 30
12 31 219
57 20 343
67 30 1343
29 14 76
36 54 688
34 50 21
32 64 79
5 36 657
16 36 52
42 44 2148
43 50 8
19 23 54
57 55 102
45 34 409
48 39 30
12 64 100
14 45 56
60 49 1717
61 42 38
61 67 416
65 43 13
33 41 344
14 51 2080
44 65 430
7 23 10
63 43 90
13 23 8
39 67 33
27 38 3693
46 38 42
4 24 2020
45 21 400
33 22 58
59 68 82
22 35 116
67 35 935
58 45 1003
2 5 467
33 58 143
33 50 119
63 13 75
31 17 80
13 55 2888
4 38 2825
12 41 165
55 41 1811
7 59 28
53 12 106
22 49 131
4 28 343
25 20 1202
5 56 1329
36 9 635
48 26 86
9 48 45
23 25 327
29 9 2167
23 28 126
5 22 466
57 22 812
37 55 1415
63 29 71
11 42 189
54 57 56
41 16 124
20 14 1013
50 60 499
18 7 1302
34 60 101
42 63 700
27 57 1330
50 44 66
18 31 411
11 37 491
61 51 47
7 20 2806
28 29 172
20 39 84
31 42 461
34 12 569
60 52 131
14 23 506
36 35 582
12 19 1794
51 66 98
11 14 99
29 49 55
47 66 778
8 55 104
70 20 29
52 6 0
11 5 364
32 66 270
44 65 90
40 42 158
44 6 165
22 7 1838
41 42 192
10 1 2270
10 5 1630
17 56 2009
37 9 876
34 9 3107
16 31 27
69 57 47
18 12 3862
27 17 27
2 24 63
27 56 213
28 69 26
38 22 1102
57 30 285
46 14 1920
21 1 110
53 55 77
40 25 593
66 20 49
3 7 856
65 11 374
11 63 43
1 47 103
22 14 1747
40 7 71
26 20 816
58 20 167
52 27 79
23 34 514
21 12 472
56 33 1104
48 22 2804
29 8 3041
50 33 12
27 31 578
19 34 949
60 37 1185
11 56 29
49 40 787
14 40 1989
34 51 113
15 63 148
15 66 82
22 19 154
4 27 8
3 5 13
44 30 221
33 10 870
60 39 203
31 65 102
44 4 676
64 54 36
9 66 103
13 50 215
23 54 148
14 8 176
53 21 2
35 68 606
14 28 30
6 6 12
25 60 183
41 65 3837
58 38 83
60 2 71
32 70 43
42 54 18
65 10 3062
42 53 1386
41 48 107
50 15 25
33 5 4
14 32 1559
41 27 441
22 10 9
32 19 5
69 13 399
5 40 1618
22 54 88
14 51 427
68 7 146
41 69 181
10 68 1342
33 52 3228
65 65 1017
58 36 29
11 51 14
64 29 782
62 19 84
26 50 1998
57 2 100
59 39 54
64 36 73
44 45 474
67 49 1552
1 35 1126
19 20 1924
1 41 32
34 27 445
12 55 42
27 2 185
65 52 301
6 27 70
52 47 12
54 44 46
1 10 1434
29 62 97
67 45 375
56 9 77
42 10 1522
38 5 897
41 26 10
56 54 630
8 36 763
2 11 364
63 48 79
60 7 41
40 44 59
40 5 118
51 35 43
15 61 98
52 30 350
37 17 86
67 51 373
64 1 5
7 20 1086
27 24 2027
23 20 224
64 51 107
19 48 7
70 14 74
31 62 29
22 52 51
14 8 3545
10 37 187
32 15 25
66 34 27
18 34 485
45 19 47
56 56 134
10 42 25
52 16 9
48 6 2084
4 36 822
58 4 2465
25 28 126
50 20 1932
5 55 489
65 3 1445
53 68 854
46 1 785
55 66 7
57 20 89
55 11 94
65 36 313
35 37 28
31 19 136
18 31 31
69 50 808
44 42 26
48 50 4081
45 40 29
59 3 437
7 29 41
30 51 72
49 60 453
42 38 16
50 62 691
28 49 1486
55 55 950
12 55 64
19 37 2676
22 42 651
55 15 1651
39 17 768
13 43 547
56 46 796
34 34 3146
53 29 2654
26 37 107
29 54 78
57 19 35
32 62 3786
63 2 153
53 60 1597
8 38 109
46 8 54
40 42 14
10 4 1160
27 39 86
45 47 552
50 48 47
38 47 570
57 14 668
64 61 327
27 31 1572
11 10 226
59 5 209
40 19 25
50 61 43
36 35 717
32 39 54
42 1 1348
60 44 1213
7 51 44
42 29 6
54 43 2019
53 35 2971
65 6 148
23 58 2900
61 45 1851
63 34 36
18 29 225
7 18 451
29 69 81
8 29 172
11 62 12
56 48 108
45 28 6
61 56 245
27 20 213
50 8 1
59 46 4091
63 7 13
45 49 92
48 56 514
30 8 285
14 39 575
43 43 43
65 31 154
64 19 3171
41 63 75
56 48 940
35 42 3731
63 26 974
69 4 1015
62 59 2606
25 27 663
8 19 858
7 8 49
30 28 414
69 4 226
36 68 182
31 5 20
47 38 63
56 22 495
6 29 63
34 16 12
18 2 161
6 47 61
65 52 88
29 39 41
20 11 15
38 49 736
67 49 70
5 1 458
48 67 443
11 14 405
50 53 1608
38 69 42
52 1 157
61 50 713
4 28 38
70 16 2108
61 22 562
50 64 1107
39 43 105
56 22 880
28 51 980
16 10 871
54 43 205
13 55 182
14 47 172
64 62 321
63 49 448
2 10 1139
36 13 112
57 58 292
61 45 373
44 30 75
58 28 235
27 60 37
55 48 1222
65 61 120
59 39 3388
23 65 234
68 45 360
65 61 115
36 9 1597
17 4 468
32 29 251
50 13 86
12 53 21
59 29 90
11 23 88
57 14 15
28 27 1379
57 68 1008
29 68 528
4 5 59
12 24 253
36 28 1957
59 38 387
36 56 1610
11 34 16
56 45 14
51 11 1318
32 24 1789
18 17 3063
27 58 113
9 21 77
49 55 165
47 37 756
70 53 248
46 35 15
5 50 5
62 63 592
4 33 1383
35 62 678
60 26 20
52 8 1398
55 20 58
68 4 545
10 33 292
61 8 3796
5 31 479
38 7 106
37 38 165
8 53 1119
58 65 21
5 44 47
59 1 2
24 56 209
55 12 979
68 62 339
36 5 253
20 53 1192
13 47 251
45 63 15
60 40 122
25 68 50
42 23 562
45 15 1375
70 9 3
24 12 63
27 66 359
24 25 464
22 6 1551
70 21 55
9 12 55
17 9 1438
31 34 8
64 62 182
37 51 103
27 61 211
63 53 1701
55 64 2977
59 20 24
27 4 1
55 55 287
12 60 286
68 68 453
5 27 841
38 10 1178
65 68 1541
57 21 60
69 51 26
27 59 56
61 66 1393
67 50 274
10 67 160
10 28 68
16 36 61
14 65 359
70 46 75
15 37 362
49 52 78
58 26 70
27 59 49
11 15 33
52 52 25
13 44 323
30 21 194
50 59 467
42 23 660
58 48 49
44 4 392
26 37 327
66 34 94
22 17 675
31 22 247
22 5 527
10 40 2285
50 67 162
36 33 281
38 56 1023
9 60 63
64 35 199
26 65 224
47 57 12
70 26 603
25 15 317
35 20 377
59 38 61
3 11 24
49 13 51
68 16 10
19 22 120
31 14 1043
50 4 276
39 56 91
29 12 441
45 32 94
4 25 663
61 11 11
30 28 1653
10 19 1733
59 32 191
43 68 155
1 63 1529
4 9 1945
22 65 17
53 34 2018
69 6 853
31 2 237
25 7 691
37 18 89
50 15 59
40 3 8
8 33 5
32 60 106
60 17 106
38 23 3669
29 50 190
4 23 67
12 42 285
31 60 46
43 49 9
53 54 768
8 30 397
15 28 31
11 33 1752
35 63 169
56 1 414
16 56 35
23 43 383
50 30 25
9 52 1936
19 56 31
11 39 53
68 68 300
44 66 5
65 25 952
18 5 253
24 57 88
6 36 108
57 33 33
14 46 34
17 33 609
12 43 6
61 37 26
53 18 17
55 31 911
48 15 183
21 29 3807
19 37 32
21 24 120
69 51 245
52 13 391
21 32 840
48 2 346
53 27 544
14 25 298
2 36 64
10 8 2087
52 18 688
8 33 3215
43 32 340
15 65 298
64 50 100
13 28 84
15 2 5
40 27 7
19 50 168
57 7 1886
12 67 276
8 20 3545
15 2 1209
23 6 26
53 9 603
46 69 471
56 6 743
49 45 337
38 49 63
14 68 457
15 55 1108
69 40 165
5 9 528
69 33 11
60 2 7
3 47 353
53 50 463
56 43 47
64 69 51
5 58 182
12 56 151
46 32 42
46 59 1977
45 16 25
33 10 151
48 57 16
49 28 232
22 46 238
56 45 70
60 41 73
10 18 3
7 7 10
56 43 224
46 57 486
53 29 120
53 4 208
70 8 437
12 47 188
25 58 48
28 60 80
63 24 125
29 50 705
70 46 59
18 21 2018
44 67 107
5 51 71
44 4 92
27 48 2282
23 56 2338
61 6 13
5 32 1457
52 3 257
42 26 8
67 25 53
36 57 61
31 52 11
59 55 479
53 39 23
13 7 2505
44 47 239
69 3 63
6 64 298
56 40 257
36 37 61
67 39 731
16 41 29
38 62 27
36 16 4000
31 21 97
26 32 923
33 24 1773
40 62 149
22 54 590
66 50 26
60 11 1453
10 26 1347
21 65 5
22 54 858
49 35 2
24 1 130
52 2 328
36 57 15
50 67 47
48 22 802
69 23 110
7 27 312
14 8 187
66 17 325
34 39 1548
39 31 23
37 13 333
2 17 1273
3 45 1569
15 63 137
26 65 14
58 15 723
63 24 388
8 13 61
20 22 476
63 7 1952
8 37 544
63 20 42
3 38 632
56 67 2
47 28 793
56 68 3842
37 45 34
33 16 111
2 63 709
19 53 201
4 43 288
56 47 161
39 57 156
43 14 55
2 36 109
69 30 131
43 67 0
28 60 54
10 37 45
14 31 3655
26 69 130
16 58 6
70 37 56
39 49 3433
68 61 1182
32 2 494
36 11 62
6 41 38
67 26 3
49 54 682
68 51 433
7 17 57
49 2 2331
7 68 59
34 57 47
22 6 456
58 68 636
48 63 684
59 17 494
68 47 195
67 58 144
5 60 102
35 2 927
33 60 18
48 36 1296
36 11 1617
52 10 123
56 58 179
49 26 24
27 38 746
17 26 379
31 43 1429
18 47 354
34 18 202
28 63 3576
32 31 250
15 34 1
34 9 863
62 21 94
15 12 1304
17 48 3235
60 28 2705
53 25 1083
49 14 454
4 38 1212
34 18 186
43 26 400
46 12 21
33 63 81
18 8 1729
43 50 325
28 33 545
12 38 360
9 50 677
19 56 57
22 45 2870
37 65 4
14 18 1629
59 58 446
26 17 3159
35 46 247
36 10 1940
20 17 1202
6 21 431
37 42 65
2 16 218
32 22 395
17 24 32
61 17 1493
29 55 46
20 61 383
14 45 96
9 1 358
43 9 1273
17 46 3863
24 28 532
40 14 92
45 20 670
47 11 320
19 37 82
45 65 80
13 17 1904
59 50 2133
14 38 53
42 33 676
20 13 802
42 51 9
37 13 217
4 16 501
15 4 0
38 32 479
37 52 372
16 26 7
44 25 231
23 53 381
21 38 131
63 67 66
55 69 790
37 5 16
54 23 25
37 7 470
38 17 10
38 11 631
66 29 310
53 34 593
64 35 274
39 2 11
36 6 247
50 28 1473
69 68 473
61 30 112
33 28 99
51 68 3
60 18 71
45 18 16
21 35 291
8 35 142
18 66 70
45 34 50
26 33 707
27 68 489
64 27 714
33 19 59
38 47 745
16 12 2890
62 50 637
25 68 1988
6 61 828
3 1 16
21 62 527
60 62 70
3 4 91
66 42 81
7 67 43
4 29 147
61 69 198
28 48 17
59 55 53
38 30 597
51 3 3127
35 45 57
59 49 1323
6 29 191
18 56 265
6 32 96
8 32 130
38 8 478
70 27 887
37 35 70
31 14 105
8 21 148
9 55 332
70 27 223
3 4 20
61 5 52
65 23 21
34 36 357
36 49 753
30 9 24
53 23 571
57 35 1918
38 26 61
12 42 407
34 48 56
35 38 332
24 54 1554
28 56 3161
28 45 32
21 37 383
29 55 213
69 39 202
8 37 19
36 35 52
35 44 58
49 62 3440
9 60 53
33 25 72
48 63 40
8 26 596
56 48 40
45 67 2388
50 37 1703
48 41 565
51 62 26
25 14 37
32 60 15
47 47 112
57 10 61
14 58 76
21 12 121
16 48 105
18 65 103
17 32 10
4 66 129
44 2 31
61 2 656
15 69 118
2 8 2167
6 19 228
68 1 186
44 8 112
36 6 207
37 55 438
25 19 135
54 58 624
6 43 22
25 16 746
68 41 943
53 37 1986
40 17 4
69 47 233
59 10 471
22 51 1614
44 63 164
14 44 413
36 47 1304
63 48 85
31 17 30
56 34 41
41 63 2169
14 31 393
44 52 1001
53 11 889
9 45 51
63 63 821
31 4 250
55 19 527
57 52 91
70 32 86
69 13 146
69 56 727
39 17 1406
70 30 1449
65 34 847
64 61 2
20 55 234
22 26 63
37 24 209
43 66 378
22 66 577
23 53 1706
26 19 1478
52 20 1537
34 10 321
16 27 140
7 51 1070
50 1 481
41 8 121
69 24 15
70 9 2177
51 13 127
34 23 38
40 55 428
4 46 102
21 16 91
34 41 27
31 8 85
6 41 174
9 10 32
56 20 264
29 5 31
38 15 471
39 57 191
18 17 169
9 15 399
68 68 824
15 45 37
53 2 727
5 36 80
50 52 3075
8 31 0
57 44 54
67 7 14
35 38 3
23 50 1684
21 65 311
46 40 1711
18 52 351
44 34 127
70 63 172
36 29 154
32 36 55
48 10 477
35 5 2
69 21 699
60 44 308
3 26 9
18 37 37
30 16 1882
31 20 2345
40 13 161
18 57 3378
39 49 1858
51 53 209
37 36 47
44 49 419
16 50 821
4 21 229
6 12 20
2 47 2
21 1 57
1 70 11
51 23 54
51 27 87
68 51 62
18 52 365
20 69 372
40 54 151
42 70 1794
49 24 72
60 70 712
15 56 3458
42 19 223
59 30 176
42 15 85
47 21 54
37 42 180
6 16 1291
35 51 37
64 62 992
57 27 0
70 17 168
40 33 316
3 30 1105
33 53 199
44 12 19
34 63 687
61 29 886
9 37 12
33 24 967
27 48 2862
31 15 133
3 50 712
66 46 37
2 60 860
44 65 1734
27 33 64
69 60 58
44 17 82
6 59 558
31 45 73
66 40 284
24 42 1253
38 70 60
32 35 18
65 42 107
45 59 211
15 10 25
57 36 32
19 53 25
62 62 249
57 57 771
62 23 1411
62 34 1659
15 6 1423
57 18 30
2 21 262
56 23 3875
57 33 230
17 56 924
12 8 116
55 55 52
35 24 802
15 34 76
64 38 1194
9 3 722
41 64 215
8 14 556
11 62 109
4 49 455
40 41 14
6 8 207
24 12 1719
6 10 456
31 16 211
13 58 1424
18 53 231
63 28 2201
62 34 27
30 70 3940
31 55 289
2 49 54
57 7 109
51 15 630
68 61 169
20 16 77
22 7 69
43 4 1362
2 41 81
60 29 2568
7 12 450
30 11 337
27 25 24
33 31 114
66 3 30
53 9 3059
14 1 141
42 7 74
38 6 18
8 59 128
16 14 483
28 48 48
50 46 46
70 31 3446
39 15 101
11 34 885
38 70 2293
66 36 448
42 24 58
68 56 58
3 2 496
13 32 212
53 38 37
22 31 43
45 39 3691
60 16 54
10 42 350
30 52 15
3 38 34
63 43 221
40 63 1683
8 38 393
29 8 746
24 22 47
45 18 215
69 48 1
65 46 346
44 63 26
22 49 306
56 18 67
28 26 411
3 27 34
27 48 101
40 34 33
17 49 1241
29 32 36
17 28 244
15 58 27
16 63 1403
32 22 39
29 53 456
16 18 142
12 37 3
10 54 70
33 53 32
44 3 29
5 1 225
56 65 1555
50 7 603
39 51 3276
50 60 347
31 49 130
36 8 144
45 17 83
22 22 180
59 50 405
48 25 65
17 64 3
17 29 416
12 1 42
9 24 1577
57 30 256
47 15 133
69 35 63
15 65 49
70 64 13
3 46 144
67 30 576
33 21 45
2 42 299
63 1 61
39 17 1174
32 40 909
5 24 31
15 46 116
43 5 169
46 65 175
52 69 73
65 6 1507
46 11 263
54 34 46
36 1 90
37 12 110
38 27 885
30 5 754
7 58 3180
16 44 937
41 27 2045
6 9 34
37 8 88
70 2 20
56 19 362
14 3 3319
6 2 640
57 43 276
45 30 750
46 60 17
66 48 1111
34 27 38
42 8 1
65 33 58
31 39 13
6 61 499
25 1 13
60 51 0
28 23 173
10 39 260
65 5 424
17 19 1804
60 62 4075
21 49 37
15 63 115
24 70 941
50 61 6
18 51 465
1 58 1397
39 45 435
33 45 79
30 25 324
18 45 2009
40 46 62
53 66 39
10 57 105
32 23 29
9 30 124
27 37 1904
45 55 131
58 58 91
70 59 802
4 54 120
48 51 3130
18 38 55
5 24 15
62 9 92
51 15 256
26 30 14
42 11 47
57 49 8
26 61 2083
11 11 363
54 35 83
58 48 147
43 46 2767
59 37 598
5 16 21
53 22 607
15 56 30
3 50 234
1 2 18
36 63 44
24 10 142
10 26 217
38 37 136
22 6 1021
51 14 19
46 22 116
56 20 38
53 17 3880
20 38 8
50 57 46
28 49 130
5 35 200
30 5 221
12 50 168
42 29 122
4 46 289
58 40 173
58 10 24
40 37 433
42 41 55
56 56 1565
45 10 28
1 43 905
27 34 1703
1 14 32
23 43 376
63 26 364
69 4 29
53 59 331
46 64 614
62 38 2766
19 47 123
5 30 745
4 39 895
52 36 1594
5 7 443
50 29 222
48 52 2128
50 67 52
56 44 1971
39 16 35
55 9 72
28 56 1054
35 15 737
6 45 909
21 29 1612
36 37 24
17 63 49
56 26 80
67 18 3
8 35 285
43 43 70
36 31 1812
36 26 119
34 70 1636
54 47 191
45 56 161
27 69 1078
6 36 51
16 14 97
45 69 408
58 15 897
16 70 1929
9 10 534
18 69 62
26 43 0
4 48 1591
6 56 1246
46 1 104
54 58 104
42 6 2484
52 66 32
65 24 138
48 18 1969
16 16 244
29 11 581
2 31 1
25 40 438
59 55 255
66 58 8
18 21 158
2 60 1569
34 56 602
63 60 283
65 33 3199
54 40 125
9 16 103
4 16 2187
40 64 71
9 51 215
27 49 2821
37 20 121
37 61 997
50 14 21
45 31 2252
54 57 145
13 44 33
66 33 103
45 47 3613
8 42 42
11 43 3573
14 63 84
36 44 63
27 17 231
16 31 2518
36 4 57
10 1 86
21 52 425
4 23 25
70 13 3927
61 5 3042
21 31 149
34 13 38
8 13 569
29 29 106
60 58 196
9 13 28
43 23 875
63 37 1348
43 44 50
18 13 320
1 37 872
3 69 57
7 66 42
35 36 9
58 59 395
40 13 43
7 69 205
41 8 267
55 14 62
60 67 110
12 32 39
20 32 582
69 51 446
65 62 102
49 50 186
57 38 176
30 52 43
65 69 141
61 60 926
37 64 121
19 12 204
50 47 614
27 69 48
17 21 2
49 2 2360
35 22 3710
66 3 10
18 47 797
34 66 734
12 21 88
63 50 107
34 6 112
7 36 92
53 48 1769
67 55 13
24 37 16
2 55 201
48 12 1312
7 56 486
38 38 335
16 13 448
25 15 2503
59 19 2
54 46 56
61 17 1374
14 57 207
55 10 158
36 69 1004
36 22 56
20 67 35
16 7 8
18 60 3862
49 51 199
58 14 88
16 21 54
31 70 1570
40 61 31
11 17 3237
61 55 81
23 33 253
26 19 1426
56 66 3598
7 47 105
70 34 636
21 40 3666
23 33 112
5 34 314
23 37 421
64 23 3600
49 63 1479
10 10 2023
67 23 97
23 2 2528
43 39 1394
26 13 1376
27 24 20
67 53 179
38 69 449
2 62 691
39 30 452
52 50 1314
7 54 14
20 64 127
2 1 116
39 39 406
20 62 210
30 69 118
4 29 41
60 30 276
47 69 757
35 9 347
27 8 1586
26 66 444
15 40 1046
30 34 860
43 40 3140
29 36 18
59 65 20
62 16 990
6 6 116
34 46 160
19 40 36
53 3 787
29 9 25
65 20 98
30 17 248
62 44 649
48 36 914
39 50 3191
62 70 1892
23 18 47
31 35 72
25 36 2715
14 5 2396
31 18 31
23 31 858
6 64 1499
13 51 107
34 68 1014
54 42 18
42 29 0
7 1 1009
4 6 215
24 63 92
50 43 46
25 52 4026
59 49 240
56 19 2154
70 56 40
20 27 439
65 59 36
9 49 129
3 38 6
22 53 234
29 22 494
12 35 78
5 68 65
62 16 732
47 29 983
40 65 259
60 39 3215
55 31 19
4 23 510
70 52 50
61 63 417
5 28 102
15 67 60
57 43 31
70 45 88
6 60 9
17 43 1227
59 38 442
17 69 49
59 46 451
1 68 1868
55 11 207
19 45 98
15 29 479
4 64 750
48 40 122
5 54 69
22 67 505
57 54 13
58 17 185
33 9 114
29 29 4
1 50 3465
10 56 1378
27 52 655
5 69 1252
70 58 29
33 22 571
69 12 163
36 67 627
52 45 3776
56 29 3549
62 35 1018
5 61 172
15 62 710
32 4 35
20 27 986
43 4 11
29 69 95
21 44 814
47 11 1500
33 14 1558
9 59 3763
10 42 347
41 50 203
1 38 138
32 31 58
5 37 432
9 32 22
53 50 148
61 62 1852
54 55 1352
49 30 4002
18 62 125
33 53 538
45 55 609
50 40 5
11 40 975
64 66 653
2 27 17
66 50 33
46 21 242
61 59 238
20 7 0
45 9 1673
36 30 752
16 31 113
45 54 195
3 49 1124
58 70 2
56 51 3504
42 22 1201
66 42 3294
24 24 1415
17 52 603
1 15 101
61 43 36
62 62 85
46 2 5
39 16 10
39 6 55
27 46 429
30 33 3714
68 2 32
31 58 4
51 70 115
28 47 43
27 67 181
33 61 88
27 49 1022
66 6 126
1 46 53
9 64 130
4 60 51
14 12 15
44 53 52
58 48 151
11 67 49
17 9 20
3 59 45
49 15 350
4 52 23
47 51 91
70 20 2565
46 28 705
66 2 80
59 56 21
11 52 129
56 4 81
48 62 258
66 4 32
37 28 104
30 54 18
6 65 389
65 67 743
68 45 577
14 67 114
46 67 110
8 51 24
63 57 191
33 46 3775
19 19 1424
2 61 28
39 4 100
33 23 2
57 59 1424
45 20 736
1 2 41
14 37 13
41 10 298
24 22 47
63 42 265
19 39 100
57 19 1008
19 69 124
50 51 150
69 20 132
66 36 283
67 57 107
8 20 300
4 54 818
6 10 388
65 10 2504
33 48 60
59 27 212
27 53 914
36 55 40
35 20 12
44 24 1508
10 46 96
27 13 3
48 70 58
23 40 10
64 40 971
50 33 3924
3 6 244
23 60 548
10 68 17
2 24 2252
30 59 271
32 67 5
15 67 649
19 3 227
9 31 1446
25 33 60
5 59 466
32 39 13
35 14 142
33 13 1615
37 30 11
27 47 3095
3 21 59
3 53 521
61 7 592
29 24 192
43 65 69
68 38 1172
62 67 4
66 37 14
8 62 254
47 51 530
34 12 265
64 25 1594
61 53 27
27 16 517
47 67 100
39 44 537
50 32 111
2 13 26
47 23 90
28 61 4
31 64 943
59 22 26
55 35 164
62 45 42
30 37 415
51 20 104
7 27 304
22 29 34
49 58 41
13 12 2587
52 48 238
65 8 55
7 69 271
37 65 1261
55 43 75
38 12 1066
48 64 539
43 51 38
28 32 261
48 17 483
22 15 2509
53 12 26
58 15 640
18 39 161
69 37 43
35 43 52
58 7 1
50 26 35
18 35 2
45 42 1231
16 21 49
52 6 709
22 46 5
8 25 18
29 43 186
23 40 1059
35 68 12
62 19 11
50 19 91
40 8 7
59 52 15
49 3 643
47 49 172
40 15 626
2 10 2983
44 40 1
54 28 2903
55 59 991
11 17 0
47 58 3086
3 61 703
2 47 32
26 42 577
3 68 27
10 31 112
11 13 75
52 21 77
25 52 255
49 70 17
44 19 73
46 14 969
28 58 1706
52 48 356
2 5 77
24 1 41
43 48 70
54 50 978
3 24 125
37 3 45
8 4 1560
44 34 3782
66 9 1184
57 5 131
8 48 477
23 36 17
60 19 6
7 10 51
50 38 61
35 17 51
27 11 65
18 15 101
28 13 195
44 43 9
70 24 570
6 64 1009
37 15 2714
28 20 124
24 47 1982
29 64 530
57 46 1103
38 16 223
70 33 2213
67 49 57
39 39 255
24 64 356
68 51 247
1 45 301
44 13 1017
8 27 177
29 52 77
15 42 119
52 40 119
18 54 67
13 10 30
4 51 2
59 42 1
3 42 195
44 25 161
32 24 696
16 65 188
21 69 817
60 7 3568
63 66 146
33 36 3089
50 23 254
22 40 149
49 53 889
69 12 617
54 39 435
44 35 869
50 55 536
44 62 478
13 12 119
52 17 209
65 68 31
54 37 636
19 32 172
57 9 1206
56 4 171
4 19 393
36 7 61
61 46 766
63 63 259
52 8 389
68 54 1849
40 13 94
45 2 168
22 56 438
41 35 357
60 40 60
38 38 5
10 40 276
4 51 159
32 66 686
33 17 133
35 36 15
10 32 10
31 52 389
64 41 1435
58 40 838
48 12 1527
63 64 821
2 51 51
13 69 263
52 4 714
66 8 564
65 33 57
30 43 215
10 9 269
69 37 367
52 65 97
2 24 87
50 3 348
12 15 619
38 69 62
20 67 1912
64 41 1954
3 14 97
51 66 272
23 34 1014
18 2 164
8 69 881
19 16 52
3 19 222
4 38 34
17 7 886
40 2 50
51 38 820
11 52 18
4 46 1665
42 2 33
23 35 3225
22 52 18
9 21 163
62 53 59
56 48 1020
44 18 1006
50 24 85
37 23 80
37 12 3483
6 29 3953
39 60 228
15 59 3
15 50 301
12 60 87
2 8 110
42 12 362
23 64 423
58 66 591
9 54 474
11 5 180
35 60 1180
13 15 124
66 8 132
70 11 56
2 19 741
62 48 48
28 3 50
35 13 2774
25 23 3029
52 38 3672
57 12 209
31 52 423
14 55 84
23 59 1
3 32 209
65 37 976
68 29 232
50 54 3990
39 67 64
45 45 118
51 22 365
31 10 3602
11 17 549
25 33 1944
44 7 957
9 6 511
3 31 103
6 21 150
66 49 421
7 20 50
52 50 877
53 31 1686
63 23 31
23 5 250
62 10 80
50 34 1055
27 56 47
48 53 37
69 47 13
43 52 11
16 13 1961
4 70 207
12 61 16
15 22 3405
7 1 440
36 23 95
58 55 17
12 59 125
21 60 21
2 5 1248
53 70 25
62 39 225
19 15 83
51 52 43
41 20 1701
62 15 1
64 38 43
57 50 1967
15 62 49
25 31 43
39 1 13
10 45 477
56 29 277
20 19 59
14 55 291
9 5 141
3 62 3411
19 22 8
26 44 3
6 27 23
4 50 25
39 10 3527
11 23 246
47 26 18
51 55 3535
7 31 149
49 19 1171
13 22 112
5 42 94
24 48 3572
45 34 191
32 56 17
49 11 1712
46 65 3477
43 14 10
42 6 11
17 58 72
27 42 1294
46 21 67
34 37 262
12 55 111
3 27 505
33 56 12
38 60 714
20 33 144
54 57 2
5 31 45
23 18 225
23 67 222
23 33 185
51 8 58
45 70 24
9 12 62
38 55 8
30 35 49
25 37 1302
66 39 0
17 51 1944
24 54 587
69 63 60
23 9 71
37 55 744
53 33 37
6 4 260
1 50 58
27 67 2098
10 66 144
25 48 194
33 6 837
42 16 90
50 14 173
66 36 109
37 44 39
20 53 3027
60 37 3983
4 7 2341
23 16 49
47 34 3
2 52 670
57 45 340
7 9 71
59 2 6
26 27 63
2 16 2
61 46 54
28 23 147
60 21 1989
33 35 1231
63 52 11
10 67 171
57 55 253
50 1 95
36 4 15
22 19 31
6 40 426
24 57 1423
33 38 477
10 67 51
22 13 545
1 3 14
57 61 48
20 26 50
16 67 6
22 28 196
60 43 292
11 15 63
64 12 2827
61 24 303
48 63 308
60 26 962
26 38 14
13 34 439
58 23 431
26 23 694
33 58 605
13 50 122
45 33 86
50 42 264
17 32 370
19 68 55
47 25 33
9 40 777
43 51 226
44 15 11
66 24 282
53 33 445
66 34 2812
15 54 134
47 6 9
8 8 957
10 10 450
43 8 2506
70 58 373
24 15 224
37 62 44
37 63 121
3 3 47
61 32 216
61 46 7
66 12 80
4 25 867
41 2 493
61 49 394
2 36 60
47 4 37
21 49 25
58 25 116
36 5 332
54 24 246
8 57 9
40 38 2538
15 52 652
10 13 16
48 39 57
18 21 1864
11 48 33
68 49 1628
54 20 599
51 55 71
4 9 27
42 59 12
26 58 5
63 24 853
63 27 61
35 39 806
61 70 1581
65 27 1344
11 14 982
56 13 2445
59 41 76
18 68 213
24 46 428
61 20 2045
62 21 15
20 42 1136
22 34 182
63 9 46
24 34 202
42 36 14
16 68 17
56 37 4032
52 32 3295
52 5 334
18 11 54
2 3 3355
11 8 2381
29 3 59
56 49 453
39 47 1681
69 69 286
20 10 114
7 35 87
14 43 43
50 21 36
39 42 102
24 31 1485
57 16 52
55 25 637
41 3 95
7 31 62
67 35 3224
41 65 171
23 28 209
33 35 114
14 42 79
42 27 25
55 37 1836
24 58 876
27 56 148
27 29 1563
50 37 2729
49 21 1256
58 64 1412
51 69 45
33 56 1967
24 42 2132
7 31 106
30 21 44
2 33 3710
13 37 455
31 22 154
31 62 13
25 30 77
5 27 242
21 53 1284
43 47 25
17 32 142
31 29 504
48 3 32
33 15 55
68 63 48
12 24 990
4 51 1251
49 18 26
34 16 540
19 45 35
26 13 304
25 16 118
63 32 101
42 51 102
36 68 654
31 17 55
13 21 656
26 36 1357
10 7 76
29 54 55
28 46 685
40 45 46
3 13 89
11 48 684
55 17 1728
40 33 436
32 17 44
20 11 6
63 36 718
67 11 4022
11 33 1616
24 55 763
70 14 163
21 28 34
36 57 26
34 14 225
42 59 645
59 46 85
24 8 231
69 37 608
66 47 951
39 53 255
57 10 327
11 55 3227
6 20 7
66 33 3
50 57 217
55 19 28
62 11 25
60 8 27
6 54 153
51 32 1678
10 69 1422
68 25 483
6 43 2688
44 57 313
63 58 322
31 16 1026
27 60 93
50 51 15
14 38 25
45 7 65
16 67 56
36 68 71
68 67 1298
65 15 812
2 30 372
45 19 133
40 39 3601
65 70 815
4 68 15
56 37 25
10 41 357
49 21 75
34 10 1921
70 44 399
57 4 73
44 27 38
34 27 770
6 67 2833
16 10 50
27 50 117
50 30 1696
43 23 394
41 18 140
28 47 30
35 64 59
64 41 72
48 26 579
56 69 3006
44 7 251
10 53 7
52 52 5
23 49 15
56 57 594
37 20 49
59 63 774
5 50 811
57 11 91
58 21 84
19 63 27
65 2 35
29 50 248
9 70 23
12 46 121
16 50 10
24 1 74
8 28 36
50 9 4
27 5 143
32 17 340
11 19 254
53 13 201
65 40 76
36 44 27
21 56 4034
2 33 1618
31 69 667
67 57 606
56 1 339
52 26 333
64 20 79
19 49 2520
15 41 413
54 16 630
11 18 134
4 22 53
38 11 1110
54 28 59
41 40 157
20 44 1869
43 44 3714
43 16 212
6 32 81
35 62 41
7 13 761
32 28 439
58 36 31
48 44 26
4 69 9
3 70 96
52 10 1
63 51 117
32 37 970
70 10 41
6 43 1183
5 66 1912
7 52 896
11 25 3288
49 45 23
56 58 748
2 47 34
68 1 42
4 26 1027
3 38 1539
48 38 86
37 65 2693
56 5 2242
12 19 235
49 28 93
66 34 1320
58 16 392
52 61 2778
17 1 19
70 7 131
11 40 253
49 51 342
63 10 13
47 38 110
25 41 121
34 9 18
13 24 1810
15 10 1033
55 32 52
25 60 28
59 57 89
55 66 97
39 3 244
2 51 214
6 47 592
27 63 92
4 28 585
35 25 735
24 12 61
61 61 319
14 58 259
32 34 2337
63 19 134
36 6 818
3 67 556
41 6 313
22 36 17
60 20 429
45 38 91
56 29 111
24 64 72
56 19 41
26 22 785
35 64 55
35 5 594
26 16 49
21 48 123
39 59 2228
56 57 1812
7 24 873
53 53 15
53 49 30
16 26 1
15 27 103
53 43 1258
61 64 53
54 11 1908
5 32 48
23 54 68
13 36 274
9 17 15
21 51 1096
58 55 37
8 40 102
18 49 123
23 39 1849
69 52 26
32 19 6
62 56 22
57 65 767
40 39 33
55 68 213
45 40 48
1 46 108
49 16 95
44 64 327
32 41 488
41 5 13
42 57 15
1 10 87
16 31 61
56 54 416
24 15 115
9 13 238
51 17 1161
22 1 170
40 70 713
63 49 693
12 50 3752
6 26 0
36 53 48
28 25 3065
5 12 810
38 39 1806
57 33 3714
22 11 161
54 16 48
37 61 3937
46 63 1922
30 59 607
7 59 142
56 57 55
27 67 198
69 48 188
56 25 294
42 19 552
20 64 31
55 29 204
11 64 334
62 63 48
41 13 71
67 48 2828
28 4 1803
13 25 547
38 23 54
14 67 96
9 5 296
68 66 671
7 60 750
20 66 6
67 31 32
52 47 1962
29 36 503
10 64 28
53 54 241
9 69 519
27 25 241
51 29 241
6 23 241
60 25 3408
43 41 49
40 7 249
4 15 56
1 66 117
14 21 378
16 16 361
54 21 1142
24 47 616
22 42 29
70 66 288
66 39 1489
38 66 62
7 69 1545
8 62 1187
5 57 52
47 27 47
55 18 25
41 27 738
18 54 535
47 30 731
27 17 1982
31 38 45
24 67 314
69 8 123
12 41 3632
60 16 10
21 43 1
42 55 13
