70 5000
||||||||||||
4 60 3467
38 52 808
4 16 1187
59 31 597
34 9 342
35 5 2615
18 1 2590
43 56 2801
25 9 285
55 60 1363
13 65 1740
3 49 2450
64 27 2230
19 2 100
52 60 1264
17 37 2078
10 43 3602
34 5 2413
16 3 1360
51 43 4095
42 3 2170
37 30 3595
17 45 1424
41 38 3074
33 14 2898
26 24 1838
18 35 555
60 16 846
53 53 2114
20 24 329
35 12 797
48 18 864
16 5 3494
37 12 3212
68 31 1462
54 11 3282
58 43 2258
3 31 3910
61 34 2829
48 69 923
4 62 641
20 57 701
26 53 2761
19 14 933
8 12 1545
14 63 3671
18 64 536
20 14 2951
61 26 2649
54 49 2379
37 55 3156
13 57 1394
41 54 619
21 63 4086
13 33 3637
56 4 1207
17 47 579
39 61 2482
70 48 2017
63 35 2365
66 7 3661
49 48 1405
59 24 763
50 37 2536
4 28 837
67 26 1701
58 5 3955
33 12 3078
42 25 3960
31 63 3493
5 16 48
46 35 1201
69 61 3178
11 7 1821
25 34 1310
26 3 1117
31 48 1609
65 31 3732
34 19 3077
6 60 1178
27 11 2722
37 51 3497
16 10 66
68 59 2338
48 22 101
54 46 388
70 29 3804
35 70 884
21 66 2532
52 34 3293
49 68 1673
40 67 601
22 38 1562
57 53 633
45 1 2525
46 53 2931
50 52 2925
20 51 2278
18 53 892
59 46 619
24 28 3051
19 8 346
19 15 3043
59 47 165
31 42 2325
70 67 201
30 27 4091
34 43 2321
29 30 2383
2 23 43
5 4 1680
21 5 1472
70 58 2391
63 66 3518
14 16 1900
39 52 2673
43 42 3874
21 49 3029
18 30 1922
41 20 2507
50 50 154
24 48 2591
61 4 98
1 12 2905
18 21 2065
16 36 3524
29 42 816
4 7 1086
47 42 698
34 52 3116
60 13 830
6 59 837
27 54 2220
10 13 2850
40 34 3575
18 27 670
54 23 4008
33 61 3307
42 68 2439
58 3 1177
26 11 1251
46 59 2883
63 66 3941
57 34 1496
9 25 2094
36 30 3605
47 40 2582
45 43 507
55 37 2580
34 18 4072
59 45 1104
44 5 3940
21 27 2574
40 18 2026
66 25 1652
8 3 3277
15 16 840
54 37 1929
62 46 2977
35 22 2323
19 52 3025
65 12 90
38 2 2824
3 41 2767
44 44 1488
16 41 75
59 47 3149
11 8 2522
4 53 3491
63 25 2783
63 4 2358
60 62 3855
3 28 2043
58 55 2531
30 3 3915
70 1 3179
46 8 714
21 48 2125
11 9 644
63 22 3804
36 68 1752
16 58 3697
57 31 1954
16 27 3448
41 20 2008
59 68 3074
5 2 1346
49 70 1879
41 11 3784
19 62 893
43 31 3576
35 4 285
68 61 1751
20 26 955
29 35 2185
50 55 185
68 54 833
20 35 485
61 66 2752
5 62 652
66 41 2165
42 21 895
33 18 4046
43 51 2321
14 51 2596
69 41 1268
51 12 2115
34 38 1735
23 51 3453
41 13 1799
68 27 3781
29 34 1743
45 53 2462
14 27 234
17 54 1539
67 47 3491
30 38 1467
38 46 475
32 47 2852
16 43 3250
47 31 2977
68 47 3706
55 44 171
65 49 3641
40 16 2253
40 26 418
58 60 2486
8 27 8
61 41 2774
64 33 953
34 49 201
13 34 2755
12 42 1656
30 44 2213
31 67 2992
55 28 1826
2 44 3884
3 54 3143
8 1 483
69 60 1880
68 33 2240
41 26 2387
55 34 2287
51 50 851
10 70 55
53 2 907
68 9 72
29 69 1422
70 21 879
37 34 43
29 14 487
20 12 2845
68 22 3404
19 62 3272
22 10 2859
35 57 1196
67 2 1018
13 23 2631
5 56 1255
18 2 1665
36 28 2150
16 26 966
11 59 1449
8 27 2480
32 29 2047
6 36 469
55 9 1462
54 4 2099
24 9 1203
36 10 1248
2 15 2754
28 46 918
46 43 3393
46 6 2694
17 62 2819
24 6 3341
36 52 1594
42 61 3841
2 30 1662
32 26 1987
25 24 962
11 42 1766
43 36 3408
41 27 3704
28 54 48
33 68 3900
12 65 3657
55 18 1885
7 60 785
48 66 1024
65 48 587
55 41 209
13 8 3652
24 20 191
13 22 3823
31 49 2902
61 30 2004
20 2 3630
40 32 2019
13 18 4014
65 57 3518
18 29 993
47 17 2136
53 35 1152
17 9 3065
37 45 3112
19 70 42
1 5 1544
57 25 3459
39 38 962
17 60 1432
22 9 2440
68 36 599
53 42 3575
53 32 3752
32 24 1381
44 26 4077
35 9 226
58 59 275
41 11 211
42 39 3540
48 62 533
55 32 2902
33 9 3965
65 57 307
70 31 3915
51 70 2266
50 30 1821
57 12 3978
62 10 967
43 13 1484
34 40 935
8 47 2959
7 69 429
24 27 1959
55 43 2908
44 3 805
1 24 3957
10 39 1500
20 67 3811
37 43 3386
47 24 365
2 38 2226
48 20 3334
32 15 155
54 4 2728
17 35 2601
25 42 3280
61 59 1058
53 70 1331
27 43 2878
18 28 1822
57 20 2125
65 9 2304
19 47 1620
46 62 2760
2 14 3716
36 39 3278
7 65 2159
6 25 834
2 40 3825
14 38 2629
19 23 2660
45 51 2978
23 62 2533
11 69 3165
8 32 3839
44 20 3354
68 55 4016
59 39 3367
20 52 2493
56 40 773
36 20 2893
41 44 3534
40 24 3638
3 68 3965
66 35 2436
61 52 3070
2 55 958
4 34 1936
25 45 4014
14 46 2051
24 42 663
7 45 3474
35 65 3570
48 17 2827
48 56 1140
19 45 2426
44 30 1437
23 38 792
47 60 530
41 54 2471
55 67 3320
8 43 3937
30 24 667
3 26 1634
34 67 600
66 50 457
33 11 997
30 2 1767
49 19 2189
41 6 453
39 11 182
39 70 153
68 38 2748
43 44 1683
12 62 3726
38 32 2436
22 68 3597
3 63 1618
46 3 489
39 7 1998
6 12 1301
69 36 2389
62 43 1814
28 56 1392
7 41 2451
39 70 3704
10 47 2583
2 1 1709
56 70 144
67 56 3488
31 22 317
58 16 1179
37 65 1333
17 58 3469
68 11 3970
32 65 1855
2 68 1065
30 68 3129
8 49 272
53 58 2965
16 13 336
28 9 2193
21 24 4051
3 35 2431
63 62 3243
47 33 3621
38 4 3175
29 6 1171
2 28 3317
67 63 1849
32 18 2513
56 16 4006
47 23 3877
51 56 3343
22 16 57
3 5 3781
55 13 1310
33 16 2727
26 32 2151
65 25 2784
9 69 3314
67 30 3575
33 39 3673
40 42 1997
5 52 1963
39 46 800
32 2 2944
51 44 2003
60 67 396
21 36 2550
42 10 3453
12 7 499
25 59 3122
57 45 2503
57 9 1394
53 70 1274
12 24 3742
7 67 3186
38 56 4003
68 34 1444
53 70 2162
14 70 2197
9 54 1092
33 57 2154
19 46 0
18 43 2949
4 41 1743
66 17 466
8 1 903
29 68 2704
29 1 1907
24 4 2226
37 24 2690
49 24 3650
67 62 3346
6 3 1062
51 47 340
56 58 320
60 39 2691
64 32 4019
39 70 1756
23 34 130
26 12 297
28 8 107
57 24 3478
49 63 2263
62 59 344
26 27 1709
1 38 480
19 26 1406
51 11 387
31 29 934
60 9 3449
68 69 2629
31 47 1610
8 49 2559
56 43 3884
16 25 623
18 7 832
62 26 3311
16 58 1856
66 46 2101
55 61 1511
25 24 3136
53 48 1750
26 1 1880
33 8 317
24 38 2356
64 32 1663
24 35 2728
12 43 509
38 59 2012
42 33 875
16 2 1682
9 22 3448
15 53 3692
64 54 1245
39 9 3330
39 1 2680
6 15 844
28 42 3386
2 56 4030
62 67 3402
33 25 1990
45 53 3754
51 64 1813
32 67 1861
43 7 2156
51 59 3200
68 45 1005
55 53 1857
19 38 2850
70 27 3903
50 17 131
5 37 957
20 41 353
53 32 1599
18 49 2
54 45 1527
29 15 1357
67 34 2250
68 57 345
36 3 3156
65 34 3398
20 2 1644
54 59 2858
47 4 2908
15 59 1549
35 11 957
12 1 2755
55 16 285
43 37 3487
11 39 1952
19 54 625
61 31 3158
14 53 634
14 30 600
55 9 603
65 59 2105
8 37 2426
64 49 2417
61 8 3189
20 43 447
9 28 109
11 39 2192
44 25 3841
20 47 646
31 70 259
7 43 803
19 27 609
5 14 3513
51 53 2842
24 35 1735
50 3 598
18 34 2909
21 12 3379
69 45 2195
36 5 3331
69 64 3900
46 68 3684
33 8 558
64 31 729
27 68 3506
34 9 679
38 26 2298
18 54 2376
30 68 1640
40 13 115
1 33 605
9 28 3655
6 9 1438
21 15 1493
21 28 2219
26 33 2202
22 24 891
37 41 3179
33 2 1503
36 27 1077
45 7 1589
9 3 1131
27 65 3156
52 61 1077
49 44 405
29 46 1032
64 21 2640
15 9 61
48 50 1583
37 70 2891
1 19 244
3 27 3139
32 69 1957
35 1 180
68 40 4005
60 61 2542
11 51 2910
12 29 1375
13 6 168
25 53 2568
65 16 2258
48 28 2319
18 13 146
43 27 3961
46 7 3242
11 43 3120
66 66 2291
39 38 308
22 17 3502
13 40 203
32 49 3274
24 12 1391
7 56 3042
57 26 549
38 29 697
28 13 1179
69 60 3103
8 27 2393
27 59 3038
28 32 1882
36 67 2973
64 63 746
69 42 254
53 62 674
69 70 3914
39 5 76
52 1 2458
53 64 2752
15 2 1085
54 60 1272
29 12 3431
46 38 1004
66 43 1985
13 17 3928
49 49 649
38 9 1975
39 15 3385
47 49 521
51 66 1811
30 11 1737
1 36 829
30 39 2716
65 55 3899
39 33 1808
47 1 3140
47 14 3131
64 18 340
12 52 2432
37 51 1683
23 14 1688
22 41 2950
17 69 194
29 13 3644
23 41 2934
6 36 2340
12 63 1209
24 4 2851
56 10 2513
51 47 3816
56 17 2885
23 6 2221
20 12 2995
13 65 2338
54 26 1759
23 25 838
31 9 3588
53 11 2305
50 15 3680
5 49 287
4 2 292
45 38 789
24 17 373
18 58 988
25 64 1164
24 22 473
23 33 1578
13 27 3896
8 63 333
22 14 2738
66 26 2521
26 48 4061
24 1 100
54 52 3061
13 25 1736
59 70 1103
4 57 157
6 9 964
49 31 3216
13 62 49
51 50 3722
53 13 280
66 19 2793
43 12 3366
61 61 2168
37 8 61
67 36 2650
23 64 3429
21 15 712
50 44 3616
39 36 3771
67 18 1028
13 3 2919
10 67 4048
7 50 2041
1 16 2453
47 59 1457
31 27 2434
53 54 3262
64 31 4038
68 38 2814
10 62 40
62 30 2812
9 36 2508
29 64 1506
36 45 1634
65 33 1730
65 6 1675
38 35 977
54 61 3801
37 1 2040
67 48 3507
10 9 1257
62 62 536
63 49 2802
64 17 2906
54 58 2151
44 12 2294
6 63 3587
57 56 1703
61 21 3882
37 66 1352
34 2 225
12 69 551
49 42 649
29 27 1468
1 38 265
11 11 3347
56 44 3431
28 59 2362
42 32 3250
41 2 1190
13 38 3615
12 32 1126
24 7 940
48 37 690
59 47 2671
9 62 4067
27 31 2113
4 32 3295
10 55 2265
6 47 1011
60 63 3231
51 31 2379
33 2 2929
32 50 292
20 51 3997
3 34 2844
11 64 3493
15 2 2508
64 49 532
51 19 1972
12 4 2677
11 49 2908
52 15 2440
8 32 1914
40 53 2704
61 40 230
66 44 203
15 1 744
40 33 1438
56 60 1764
9 23 1556
4 47 2770
2 13 3179
6 19 2661
2 55 969
46 53 2052
43 65 3231
23 8 3313
47 68 3138
37 55 3737
27 4 1066
8 41 1822
4 16 3132
38 53 329
33 45 1265
31 1 2056
30 10 166
30 54 508
26 7 1189
3 59 2711
2 7 3441
11 19 678
59 3 1995
13 44 1562
54 64 1024
5 67 412
15 45 2720
42 61 3745
1 66 2712
1 69 1117
43 23 1104
65 31 421
53 23 2925
37 17 1772
63 18 3823
50 64 2316
34 49 2121
55 55 79
7 33 2581
53 48 2154
37 37 3751
14 50 3863
31 13 2423
40 48 1372
46 1 2727
38 43 1800
22 70 3952
19 13 1843
21 50 820
41 34 2789
59 3 2394
63 42 953
14 70 3974
10 18 3965
66 37 3310
18 10 740
52 57 2710
63 46 3251
14 26 1354
47 55 2003
5 31 2065
27 44 2983
17 50 567
61 31 95
42 20 2499
70 25 3448
50 27 314
6 42 2145
18 67 1431
69 14 1734
34 30 3627
6 13 3753
7 11 1159
52 51 2510
16 10 2786
58 40 4046
55 69 714
4 21 2488
1 6 305
69 63 4025
12 23 1048
10 23 3627
34 36 1219
64 39 360
61 65 1409
57 46 1027
40 30 1711
69 48 2633
24 63 1725
19 53 2044
17 35 955
58 9 3624
30 31 3202
10 26 118
61 14 1844
31 42 488
38 16 2480
40 57 1316
53 9 1213
68 19 2246
5 45 536
60 66 3162
63 16 3731
45 35 1865
45 29 1181
36 55 214
44 8 2726
70 68 3435
35 66 176
68 27 2923
57 67 298
32 29 1548
66 11 3195
28 22 33
60 63 2053
45 45 214
60 47 803
27 70 3381
52 52 1596
54 42 503
70 42 329
70 18 2584
67 29 2143
21 1 2831
55 50 1082
12 52 376
40 26 2429
51 55 2054
30 7 3595
42 21 1497
34 37 3092
17 16 2578
54 56 1857
18 9 1717
43 35 2705
27 49 1171
30 8 5
54 45 2032
6 13 878
6 12 1573
21 60 1281
5 45 2848
40 24 3196
3 28 1499
11 11 4052
21 48 585
40 67 1417
33 36 3546
29 69 1777
32 12 2962
8 61 454
23 56 1385
35 41 961
25 64 739
53 67 1941
65 36 11
28 40 1727
65 16 625
19 46 3801
51 64 2754
20 25 2406
25 44 704
48 28 2415
46 40 2285
42 4 700
14 7 3119
65 10 965
34 28 764
27 47 2617
63 63 2595
66 49 491
44 2 2797
41 3 194
62 60 1401
42 55 462
21 16 1553
51 3 3947
34 41 1821
45 42 44
19 21 1880
16 53 980
22 41 2875
17 32 2927
4 59 353
40 54 2413
22 11 1191
28 64 1394
51 18 1741
67 45 3478
43 58 199
12 41 2625
17 30 86
33 45 3118
61 69 3969
19 13 707
63 3 3319
47 7 2214
1 48 2471
58 29 1309
12 68 2143
37 38 1934
55 70 742
45 59 1312
8 20 947
41 69 3094
69 66 1963
4 67 700
24 51 1007
5 31 1027
48 10 2772
12 19 2301
17 62 204
52 2 1715
69 4 1376
33 26 3831
64 28 2694
15 59 901
14 43 58
48 8 108
11 39 387
38 59 1054
41 8 2151
5 18 223
30 50 3421
58 20 294
7 49 2887
10 47 2569
47 63 1904
45 47 637
50 70 2103
44 67 1676
30 21 2212
6 57 1111
38 1 1462
20 25 3425
3 68 3014
13 5 2949
44 23 1645
50 18 3508
68 30 1873
37 31 919
55 35 1511
12 26 3632
23 61 201
35 66 1206
2 27 8
32 43 1913
59 52 935
61 66 7
45 54 2219
37 31 3400
59 13 553
29 61 1320
21 2 2428
47 9 2087
69 60 1483
64 20 2474
59 12 2812
45 69 1671
6 1 2206
70 25 3340
61 62 1750
21 55 343
30 62 2422
59 31 1344
33 63 4065
51 39 2002
48 43 1928
7 14 275
29 14 3492
47 51 2708
61 22 3686
42 54 3738
44 24 2544
51 35 506
69 44 2932
51 14 1130
38 43 3879
39 65 62
25 37 3365
58 14 1812
14 55 3591
31 51 3847
68 26 3346
39 61 2442
68 52 2874
17 23 495
46 48 456
30 34 695
12 7 1108
24 25 1204
58 30 733
44 64 151
58 42 3118
30 44 112
36 49 1307
58 48 3535
53 56 2172
30 8 165
45 41 1061
27 45 824
66 39 2274
21 18 3927
56 54 1812
33 51 1850
18 19 3943
6 16 2436
6 63 969
50 9 1090
51 46 1165
46 6 1215
12 20 3714
45 50 2157
52 56 828
28 55 3070
48 30 2461
21 56 782
49 18 3202
4 45 3241
12 46 4070
18 54 1034
55 64 4079
5 27 490
46 9 2311
40 56 2993
40 14 3551
26 30 3354
34 53 394
40 13 799
24 54 3353
6 36 3053
21 33 2166
28 10 999
28 12 3088
26 29 11
35 58 966
15 26 1296
33 7 3246
2 53 313
36 64 3079
28 55 2524
61 4 1120
46 46 713
15 5 1755
34 61 3559
32 66 3300
70 5 811
45 22 3817
59 52 686
12 55 862
47 33 2048
62 60 701
3 58 3029
37 3 23
26 30 3255
57 46 3893
34 25 1234
20 34 3947
22 36 1283
65 6 1658
57 2 821
53 65 4069
69 63 323
47 7 779
69 40 1529
3 62 463
22 58 1854
66 70 2354
25 14 2041
22 43 3168
23 20 1476
59 58 2443
59 36 473
2 18 1513
18 44 364
62 23 697
61 59 122
37 29 1875
39 43 3223
4 69 3635
63 68 840
51 2 3951
41 20 2682
66 33 4069
8 46 160
14 24 785
27 63 1321
27 4 1274
34 10 2853
21 24 953
3 44 1998
26 55 1442
9 39 2732
45 45 3855
59 70 2268
42 23 1994
16 9 2754
22 13 3195
37 11 1330
24 51 2987
35 60 599
6 64 2231
58 50 1187
1 7 3320
18 33 3898
23 11 1725
57 16 1374
14 21 2093
11 7 1641
2 41 1916
6 45 2251
13 63 1616
49 9 3928
13 11 830
43 46 2701
46 66 1294
58 36 2661
49 24 1085
59 22 621
26 9 388
41 16 2244
24 67 2663
7 10 3358
34 20 225
41 27 2864
8 30 66
8 38 3510
54 38 3960
48 44 2633
11 16 3708
62 54 1965
16 20 2024
67 31 1097
8 10 2137
28 15 1705
3 15 299
61 43 3385
39 33 2929
49 32 2365
50 55 2697
38 8 544
37 22 877
18 31 2894
19 11 440
14 31 3835
69 66 3625
41 31 661
10 54 2321
17 40 3186
9 28 2313
50 2 176
49 31 2404
27 17 1689
4 22 2493
41 58 1912
59 46 2508
57 46 3039
46 35 1335
18 2 1072
3 9 1514
63 39 1633
35 21 3185
30 67 2417
68 70 2760
13 33 2425
47 63 2739
37 12 1333
46 7 1117
56 49 2308
58 50 519
59 8 968
30 32 2870
54 33 2853
17 45 1862
40 20 2124
11 24 3921
56 28 459
42 3 3484
26 70 3320
50 17 2455
60 57 3973
22 42 1813
40 10 3093
44 63 2043
42 38 2507
54 23 1953
61 25 3056
20 60 2223
18 6 4024
32 23 3068
33 28 734
40 47 2719
24 51 1863
18 34 2083
44 25 3052
37 30 3013
4 60 2407
6 1 3186
10 64 1279
51 23 3460
6 70 1128
40 66 1445
24 54 205
50 67 1202
7 12 611
1 31 2620
6 28 3427
69 2 3934
38 53 3831
52 68 1878
55 70 172
18 38 2628
22 28 1598
70 45 3894
24 7 2605
1 8 3835
66 12 2203
31 49 3423
6 27 2010
65 52 390
22 32 1282
11 62 2296
5 46 2536
32 19 1618
43 58 264
11 57 3542
12 62 2180
62 35 2740
3 36 2000
25 17 3143
33 29 85
1 69 3925
50 3 2603
54 3 1350
31 39 2885
57 33 1196
8 55 2651
2 10 466
21 60 1929
53 37 2184
38 61 956
21 40 2986
53 57 3965
52 46 2067
42 25 2873
47 60 4027
54 50 583
64 7 3027
33 63 635
40 50 1795
45 62 844
17 13 2691
50 56 359
47 1 3133
19 18 3684
14 1 3808
23 61 1618
51 64 3120
28 61 3019
48 37 2816
6 13 2186
40 22 2477
8 55 169
34 40 2070
57 46 1979
5 58 954
22 42 1911
59 70 3504
8 23 1574
52 1 1345
50 36 2380
16 9 1924
12 4 3208
9 70 2842
39 34 3062
7 6 3460
35 36 2592
21 50 3025
67 5 1222
65 44 1573
41 56 178
30 32 2121
29 25 791
53 40 2009
38 7 366
12 69 1072
26 18 900
3 70 2670
63 6 265
56 8 2960
58 54 4042
28 43 2582
30 27 2977
47 3 1180
46 41 554
12 10 2042
62 15 569
47 65 291
68 4 768
66 39 1722
5 55 2564
59 2 56
65 60 1809
44 2 2423
23 39 391
7 47 268
48 57 2682
33 22 3151
64 31 1987
35 66 801
36 50 3645
58 67 420
4 17 3335
22 64 3746
4 23 1561
34 60 559
3 58 3987
50 51 2377
10 56 792
63 31 2420
25 41 1111
41 62 3125
69 27 3044
49 4 448
20 11 694
18 1 2525
3 2 3173
1 62 3079
24 60 3427
40 21 3659
30 16 914
37 58 126
63 59 772
35 68 2470
51 31 695
5 43 3237
57 36 3668
50 38 3786
39 57 3755
12 61 3795
5 56 532
44 4 846
4 61 584
48 12 3411
56 21 490
1 20 3828
47 3 2015
3 14 792
11 40 1229
64 25 1880
37 34 931
1 54 1513
54 20 3066
20 60 2571
2 39 3615
63 1 419
57 4 3390
65 48 3216
13 51 2227
21 40 190
8 13 2626
13 30 1502
30 50 960
40 43 2522
6 57 960
1 28 3472
14 36 4061
26 35 1554
50 68 1814
3 54 3283
34 63 65
31 34 1092
23 17 1242
67 24 3855
20 45 3668
69 47 1524
13 17 1923
10 26 165
38 5 1411
26 38 3776
7 31 861
10 45 589
31 46 3399
34 59 1226
10 39 171
48 16 3611
43 68 1255
23 12 2766
20 52 3547
61 23 2440
41 9 2377
50 41 3398
66 64 2342
48 69 106
38 6 2391
61 50 1371
40 57 2992
32 70 990
8 68 883
13 58 2377
51 45 1441
19 65 3705
60 26 1499
50 6 1403
47 1 2134
42 53 2654
38 31 4093
9 3 2344
29 46 1960
27 15 144
4 41 2737
10 49 703
70 40 3643
28 5 3683
9 35 264
57 7 790
44 4 711
57 51 4075
64 49 964
8 58 2608
28 51 1646
67 42 2187
57 4 3786
8 67 195
26 56 3419
1 27 3170
69 57 3153
57 17 739
27 2 1731
11 19 2788
69 30 3404
50 67 3024
21 58 1687
28 46 3400
30 58 3447
26 9 698
41 34 1617
14 35 832
44 52 191
64 18 1545
23 5 4077
45 50 3439
67 11 3617
30 68 1628
68 56 282
49 41 1251
6 67 2132
58 61 296
12 5 2931
21 39 3272
2 30 978
3 35 3384
57 61 520
15 21 1645
51 63 2368
30 49 2630
20 63 1888
61 61 328
40 53 2218
60 39 3156
11 31 2611
3 69 2090
12 35 736
8 53 2461
17 20 3290
67 40 225
2 36 61
69 57 3874
13 52 3565
67 19 577
53 1 3911
68 3 1697
55 18 972
39 10 851
33 26 506
25 16 3967
11 8 2419
44 13 1937
55 56 1257
16 55 2523
20 28 3964
51 55 1258
41 49 3556
70 56 3427
31 8 1907
42 49 744
15 62 1611
69 55 3659
8 10 3040
17 47 3957
51 44 1155
52 5 3409
5 69 1889
9 19 2637
19 5 3770
35 59 723
66 16 2347
55 53 2588
63 6 3560
16 10 3289
24 64 1849
51 24 16
54 63 2575
12 41 2865
68 11 2341
15 28 1610
50 59 1511
4 67 1480
36 12 1510
36 20 488
29 16 2484
7 2 3359
11 28 1180
61 28 3071
16 66 2197
10 68 3748
63 28 2112
32 46 2030
5 30 726
59 64 301
56 15 2751
33 54 4033
7 67 3415
63 24 1053
17 13 821
21 65 363
8 63 3399
58 45 1673
6 62 2883
63 58 1844
12 50 2194
35 49 346
1 59 1018
63 2 3518
13 48 3742
57 3 3027
62 19 4002
34 31 3785
67 3 754
3 4 2244
53 26 634
41 18 189
24 7 2521
33 51 3324
32 45 1244
59 28 1988
20 32 1849
47 47 3941
59 28 1856
8 27 3061
26 51 1070
6 46 3011
43 28 3559
13 33 200
1 14 3245
66 27 2890
51 44 4046
43 67 2338
25 51 1711
59 27 3328
54 36 2382
27 60 1556
20 70 576
46 70 1440
48 54 3979
62 63 978
14 44 3405
24 33 3972
17 51 543
60 65 845
47 41 1065
32 34 2715
31 60 1544
8 63 387
41 61 79
1 45 2921
46 43 2705
56 16 1884
41 2 2386
37 18 2465
51 3 587
32 24 2474
26 16 2969
7 24 1083
68 15 3942
29 63 3505
24 49 3829
17 70 3199
18 10 1303
62 39 4049
59 39 849
46 66 2279
13 37 3826
12 30 4007
18 36 664
17 58 1191
32 4 3242
69 24 1737
15 57 1885
21 26 672
17 52 3497
52 19 1156
5 28 3549
46 44 3669
49 54 279
23 23 4035
10 45 3865
36 9 524
26 17 3223
24 49 1985
45 8 3894
36 16 3220
20 59 2349
57 50 4091
22 34 825
27 65 608
3 11 158
37 26 1164
24 29 1709
15 48 3278
24 26 59
18 31 2740
29 33 3957
28 40 2239
63 48 419
26 9 99
38 47 2503
30 55 1884
26 27 2221
64 38 3132
17 61 2111
50 32 2297
65 32 3901
58 13 3800
26 54 2233
24 43 3179
43 64 633
61 51 1922
41 47 114
59 7 597
13 22 1004
70 51 3097
64 36 458
41 10 525
18 39 576
65 48 1716
70 23 1747
24 9 2041
36 28 2669
3 49 1750
32 39 4070
60 13 2477
11 15 1901
36 66 738
22 69 2154
62 11 1311
11 55 1692
24 17 215
23 65 3976
5 38 2940
45 15 2276
39 35 3407
48 9 3571
61 57 3015
51 45 1788
33 9 1235
32 24 2478
17 20 1386
27 32 176
10 60 1850
13 23 2061
8 34 3698
63 28 1223
41 18 3132
17 20 1259
28 15 411
25 69 3286
36 31 861
31 44 1467
10 53 1130
47 64 3946
1 68 513
65 39 3376
4 50 2228
21 54 887
11 28 2960
55 11 821
20 8 2488
57 64 2898
28 51 2841
50 9 656
20 1 3805
56 18 962
61 55 1115
18 14 4051
13 14 3228
25 65 3494
9 35 1876
39 28 1360
63 2 3702
59 37 464
46 51 2694
2 11 1612
10 40 3637
70 41 224
58 25 2054
44 66 1399
35 54 3376
2 32 2595
56 25 959
68 61 1530
15 67 1867
17 60 1539
48 58 2104
8 61 4031
32 34 3187
70 43 1370
50 44 1081
37 32 1086
47 15 2144
68 37 74
45 21 3630
2 64 991
66 21 1027
58 6 1326
54 34 3536
3 33 546
50 40 2104
62 33 2694
52 51 1550
50 46 4071
42 27 3870
68 62 1621
40 47 1217
10 43 3646
21 44 812
25 37 2497
54 14 3312
32 37 1953
16 1 93
59 22 2368
11 47 59
15 49 4058
38 70 3745
49 42 3795
34 37 3961
21 48 299
56 47 637
12 24 3932
68 32 3200
7 19 1691
3 15 1603
53 58 549
20 6 476
13 41 535
55 3 307
63 39 1656
27 16 923
21 53 3349
31 12 3558
23 16 961
22 54 1605
16 61 698
60 51 2323
50 52 2000
15 3 869
67 57 3578
6 10 2002
53 6 2767
19 57 2005
57 51 3540
33 60 2467
38 55 490
50 5 3565
38 32 2185
67 12 2796
26 56 2968
60 52 3876
57 20 512
12 4 2766
48 69 3709
2 5 2796
25 3 3828
29 32 3939
16 67 2533
68 44 849
4 20 2238
19 50 3177
29 31 2099
19 48 2457
3 28 176
20 39 3917
5 49 1165
56 26 3594
59 13 3911
6 34 666
16 37 4017
46 1 3301
19 60 1408
45 69 1889
39 58 322
5 36 948
65 64 1021
28 1 719
67 25 734
3 27 3271
27 15 1310
27 17 3815
8 11 839
3 29 78
47 18 4018
69 5 3937
58 65 1194
44 10 1296
36 6 3032
16 56 3011
4 67 1570
33 70 972
57 13 2940
35 15 3277
58 3 3861
61 53 1810
66 23 162
59 30 3853
34 23 791
26 39 3562
63 46 3305
2 20 1762
62 1 2253
44 60 3008
9 57 2781
3 41 858
16 14 3611
69 2 3954
29 39 71
1 11 3859
13 5 1405
53 2 767
6 57 4
44 45 2385
69 9 325
4 42 524
33 34 118
48 39 3475
65 8 2594
13 7 1519
44 44 2375
25 36 916
9 9 1640
45 21 3315
22 15 996
1 57 1963
50 67 1820
17 20 3916
22 67 3110
13 55 516
8 18 2622
33 68 3964
47 23 3982
41 22 1976
15 57 3848
60 52 2917
56 68 3159
27 10 2930
46 52 481
68 7 3836
31 30 440
55 41 2329
50 59 1249
57 65 2565
63 66 3422
37 43 179
15 29 1688
46 48 855
53 61 2286
70 51 1876
25 35 296
30 53 2325
19 38 1279
30 26 1857
19 9 1324
14 18 3532
21 64 2529
24 45 1762
12 70 2
43 5 2440
59 19 3235
19 63 2895
6 35 3118
23 6 3501
42 13 575
35 60 1408
26 4 221
61 7 3416
2 14 2215
57 66 2104
33 22 1940
28 14 1757
57 40 148
34 5 3509
41 42 570
9 20 2573
60 24 618
7 43 2623
27 47 548
55 13 3892
64 63 1326
42 2 3061
60 13 2724
9 33 3240
26 36 760
60 52 943
33 2 67
12 64 3056
2 22 584
11 9 4049
12 27 2487
40 42 3832
45 62 2258
7 58 2425
15 44 546
58 14 3013
68 47 2485
24 20 2327
59 19 3351
12 68 693
64 2 3758
11 23 202
15 36 312
57 21 765
26 17 3456
26 57 807
47 12 3828
52 55 2687
6 52 2012
14 55 1505
28 3 2391
17 66 3508
30 38 2287
63 37 2490
2 28 335
14 37 1329
27 11 115
39 17 2235
60 63 2015
59 44 2299
20 3 3403
38 65 1131
9 14 1905
46 38 2902
65 23 2155
42 64 1851
10 68 1730
15 21 271
61 14 752
37 22 317
56 65 1310
54 56 3935
24 4 3660
31 29 647
25 39 2234
61 28 1182
56 4 608
34 7 1566
54 36 2940
28 19 1278
55 46 3338
48 69 3368
39 22 3714
19 5 2590
66 18 2162
63 48 1937
15 11 2842
11 40 843
65 21 312
2 12 1456
17 37 273
49 57 1969
30 67 3661
34 9 3831
33 8 1485
2 59 363
69 44 3043
69 17 1711
28 27 3363
70 8 1872
8 19 1537
70 49 906
52 48 1661
35 60 973
41 54 2352
28 26 155
24 45 1730
28 62 4076
3 8 2977
67 23 2733
64 3 2077
20 37 3593
28 64 1070
39 11 2134
12 51 320
48 24 119
8 69 3347
30 6 2432
32 22 2773
1 65 854
24 70 502
41 22 1447
23 49 521
61 27 3618
59 69 1511
22 67 2962
67 43 164
63 38 2920
21 7 1944
13 39 595
59 54 3345
20 28 1139
56 58 2492
42 45 2856
26 70 79
59 28 140
18 4 3502
1 58 1103
45 46 2015
22 26 350
48 7 3796
69 37 3356
45 30 3471
58 10 3801
5 68 1989
2 60 2856
25 62 2319
9 64 3808
7 44 3691
37 28 490
51 21 1031
57 15 2060
33 11 591
38 9 2135
17 22 1262
29 37 2709
42 37 2960
53 54 196
19 11 3173
58 69 3329
37 43 716
11 49 2648
44 5 281
41 33 2236
58 47 3596
68 25 4050
51 35 2048
50 31 477
12 21 3254
52 12 846
34 44 1998
44 16 2109
35 9 2807
4 52 413
32 17 3774
50 7 3727
31 31 2645
17 36 1302
26 3 1984
2 52 1805
12 7 2801
6 40 1046
27 48 3169
6 20 616
56 65 1726
41 8 3671
42 48 445
49 69 2060
68 28 2718
43 23 1834
50 23 1179
27 27 3095
66 61 1252
53 52 688
15 17 4023
4 28 1199
16 31 3985
66 67 3950
43 62 2442
48 69 1750
1 62 1767
34 48 3945
18 61 1374
31 27 3280
28 60 159
37 6 299
70 65 1798
51 26 275
27 6 2352
10 58 1534
44 69 2475
56 30 1230
39 68 887
5 67 2312
14 52 429
42 23 1567
38 3 356
64 19 1606
36 14 3659
38 8 3140
46 62 695
56 41 33
22 49 2371
3 37 2618
66 45 1257
45 61 4039
59 29 2780
66 66 1787
30 23 295
64 45 3586
7 1 3546
67 8 1287
5 36 3029
14 29 2783
24 24 1546
10 9 1718
37 30 2346
59 38 1254
8 35 3911
29 20 2071
30 47 2653
30 57 570
3 31 2170
13 35 3951
36 62 3845
15 69 147
3 30 3129
2 55 3221
7 57 3644
14 47 3293
14 51 731
4 5 722
34 63 2540
3 51 3862
14 10 391
12 15 2474
9 19 3227
21 28 1192
55 14 2009
33 36 2829
47 37 1105
49 52 650
10 24 2552
22 31 2473
31 7 2322
18 16 1063
28 48 2709
27 37 1688
42 30 3700
28 15 3239
28 55 3047
43 31 66
37 19 1240
36 51 2956
46 46 2028
54 9 2441
8 9 1895
6 21 784
36 61 974
55 35 1948
47 54 167
13 50 1281
26 38 2311
4 4 3916
6 9 1123
57 6 3859
54 66 589
20 57 2605
70 12 2573
10 46 1973
53 26 325
23 27 74
49 50 2871
10 14 3256
63 64 3495
4 22 2443
13 17 1777
2 66 3299
21 30 2874
59 62 652
29 70 3459
46 21 3274
54 48 452
54 42 2730
39 39 3747
58 54 3187
33 2 4067
32 68 3124
48 58 3830
59 60 336
35 24 1702
59 29 3257
28 29 1727
48 22 416
10 18 1299
43 62 412
5 64 935
31 25 1296
35 31 2085
60 18 3202
37 31 232
30 35 3223
19 51 1331
49 18 549
69 64 1860
7 30 2444
27 58 2605
23 30 3142
16 26 2122
29 49 3542
66 40 2149
52 39 2098
34 60 3163
24 69 2296
39 51 3854
36 6 2749
66 51 1971
32 51 3055
69 20 1054
28 4 1081
56 50 2712
55 62 690
36 63 409
4 38 1760
34 31 3457
46 66 462
43 23 1085
55 39 3809
23 33 1873
58 58 2558
39 11 580
63 20 242
13 32 3559
62 25 3844
68 34 3639
14 62 1790
3 56 1994
25 50 2148
55 53 171
37 46 2388
64 30 2754
7 48 3688
9 28 3178
44 38 563
20 15 3488
16 46 505
32 13 792
28 29 646
11 56 995
9 35 3418
62 31 2623
51 5 1872
35 47 92
31 52 3030
37 37 1109
70 45 1521
68 6 127
44 11 1345
32 43 1211
4 60 165
62 64 456
29 6 3573
58 11 3659
11 56 906
67 56 3559
38 33 4049
31 3 3309
40 2 823
62 36 3405
17 29 1921
14 48 1168
30 14 3319
45 25 1115
23 5 2740
21 63 3249
33 14 857
31 47 2861
10 11 2819
49 64 2857
55 28 2401
39 44 2350
57 69 251
29 25 2013
9 48 3603
12 62 846
30 68 2363
9 8 2028
63 40 1898
38 8 3515
22 29 768
40 56 339
7 69 3257
63 37 1226
26 27 1401
51 4 733
31 27 1870
31 35 600
43 13 1689
70 65 3142
40 61 3528
40 65 817
7 17 1728
52 52 579
67 44 3271
32 14 1352
58 25 3026
56 13 838
2 11 962
26 51 3978
25 50 934
48 70 426
41 50 2965
29 12 3102
49 42 2495
53 64 881
63 49 1869
19 47 114
41 22 4016
14 20 3231
28 12 1837
17 21 3099
14 33 1328
69 25 2015
22 60 153
45 8 2465
26 63 770
27 46 3595
20 17 354
60 54 1449
43 38 2844
44 35 1105
51 25 238
58 65 57
63 58 785
2 27 1520
13 14 542
39 60 3264
56 31 3802
15 46 2179
55 24 1611
31 4 3796
39 12 175
68 17 542
20 64 1717
43 39 3171
31 35 4016
10 50 121
11 41 3386
54 61 3255
18 1 2150
43 11 3185
69 35 1041
33 29 92
51 24 1757
19 56 3552
5 12 1608
48 57 2148
59 59 3343
24 15 2403
48 38 1491
66 64 2637
30 32 3584
34 38 2921
55 70 120
26 48 3449
69 35 661
6 10 2853
22 35 2002
62 45 3254
70 32 3934
29 46 3412
41 22 3868
20 14 2374
11 25 3066
39 67 2269
15 45 380
25 29 3446
54 46 1390
19 54 1501
2 3 3635
49 34 1217
37 69 1657
7 56 3367
38 10 3815
49 67 656
44 60 2686
8 25 2541
69 31 1125
29 8 3527
44 18 3479
54 40 2204
2 38 3721
9 40 4001
13 2 784
70 17 3734
8 52 1694
43 43 3875
12 28 120
33 16 2247
62 70 3751
56 38 1156
51 52 34
50 32 2267
64 15 2235
40 5 770
65 57 1937
28 27 3825
44 64 3546
48 62 768
2 65 2077
67 49 798
64 52 2088
61 33 1443
54 36 3961
34 46 3516
53 49 2844
39 51 2676
11 56 2719
47 32 3387
60 40 3122
16 3 2836
16 70 1179
24 61 981
26 17 3854
49 68 1422
41 43 2612
3 28 1631
58 38 205
8 21 3783
12 33 3852
18 52 885
54 28 2642
1 32 3995
30 28 1654
25 11 466
9 23 3167
13 13 3296
13 7 3654
14 61 2167
30 58 377
1 45 3377
46 6 3419
8 64 1975
25 8 2245
3 2 2077
24 63 2008
56 57 1212
11 11 3882
63 37 3496
50 6 371
25 37 3397
4 32 364
7 5 3393
24 17 786
4 18 1623
57 18 2478
64 26 3839
61 50 1244
46 32 2789
32 31 3784
46 17 2926
8 6 1130
38 26 389
24 46 904
33 6 1082
43 37 839
55 28 1494
30 5 405
18 22 3362
70 52 2299
24 32 3012
53 50 3099
70 3 644
16 63 2441
31 15 3453
23 5 2459
6 8 386
55 32 1863
50 54 1580
10 45 2579
65 43 370
12 35 3140
39 15 3898
2 6 1874
59 15 79
4 22 2598
37 32 2394
58 3 662
47 48 2417
69 63 3591
11 44 1686
33 57 440
57 12 2397
18 19 1142
50 9 2493
18 4 869
58 64 3413
9 30 2452
41 9 61
22 51 3802
67 51 1657
51 8 2581
46 40 586
3 17 835
32 8 2503
47 51 3396
15 5 870
12 40 880
22 70 1232
19 11 687
26 63 3029
16 60 2033
19 29 1824
40 32 3772
70 13 1822
53 69 3130
16 18 996
35 70 3166
28 12 2072
27 26 2668
7 54 1795
10 51 796
67 22 2752
25 14 1250
3 18 213
40 60 2232
43 41 1911
22 3 2507
44 41 108
65 68 545
67 53 2875
44 54 2830
45 37 1477
40 48 1604
61 31 1041
22 42 2724
47 12 604
33 19 4032
20 1 3832
35 41 3652
13 5 580
14 68 3085
60 65 4008
65 55 3886
62 54 758
46 52 3794
1 38 337
17 29 1488
35 43 428
24 28 2900
62 67 3928
12 59 1561
34 32 3503
40 68 3486
39 47 417
53 30 2577
2 11 3218
36 23 731
34 56 575
64 55 1712
29 52 1234
44 21 120
54 62 2997
34 59 2241
10 25 139
27 43 381
30 33 3232
13 38 1399
69 33 518
7 42 198
63 24 2940
57 58 23
48 15 3867
32 61 1900
17 9 3231
22 12 3527
46 57 2594
31 42 3241
20 69 1051
7 27 2437
68 53 3290
26 63 1781
49 29 3108
44 39 2440
30 66 38
51 5 1804
32 66 3159
33 15 3005
53 64 3317
8 34 1077
70 60 232
22 40 1408
63 8 1026
9 66 3552
24 5 2926
28 6 763
13 46 1998
67 43 3955
20 52 1071
33 41 1249
56 11 113
46 47 3455
40 11 1626
33 56 1979
40 59 441
32 68 3743
20 10 135
66 50 1512
30 26 1526
11 29 2033
66 7 1226
7 2 2006
51 15 1402
36 33 729
40 7 2921
30 40 2114
3 62 3402
27 56 3282
20 25 2936
29 5 3372
56 56 3824
8 7 3771
30 3 2357
25 31 1998
39 52 454
11 6 790
56 40 3273
25 36 76
51 67 3667
35 18 1571
8 52 3080
2 29 1978
23 4 845
64 18 4062
29 54 3907
10 69 3892
1 23 1488
36 58 284
6 24 2992
34 52 2156
41 68 2195
58 25 3641
34 33 1887
31 2 1432
18 19 2457
70 4 462
16 32 444
27 12 3738
38 12 1240
41 64 1766
29 35 2123
59 60 572
64 54 896
33 43 2478
24 9 1818
38 31 617
7 70 604
15 4 1890
20 7 1399
38 43 3148
51 27 2356
31 8 3019
55 24 1732
56 54 61
1 37 60
4 38 271
32 17 3817
45 23 2525
38 48 3966
10 41 3390
37 68 665
70 55 1908
42 55 3654
7 8 207
15 39 82
8 54 2232
11 53 1998
26 70 901
62 14 1651
27 48 1001
18 8 1923
31 9 3487
61 47 1449
35 49 1108
4 32 752
45 18 3302
68 39 1553
66 40 1805
67 50 685
3 48 2355
4 13 1997
53 69 1505
20 52 1599
36 46 2517
62 62 1783
20 4 979
67 54 362
40 38 1664
9 24 431
56 9 1889
23 43 1210
36 57 431
15 14 2025
49 12 456
40 44 3401
50 62 312
6 61 882
19 45 255
56 25 3693
7 61 122
48 26 3406
64 16 3128
45 67 1075
11 54 189
39 61 3664
10 13 409
53 28 2999
12 34 2910
40 15 2953
67 13 1920
48 31 1659
12 16 2473
36 19 1092
4 69 2313
22 25 1176
66 11 1914
41 49 1959
23 6 69
28 14 2727
17 70 89
59 3 1786
29 16 2809
54 17 1573
29 68 2485
1 20 3270
47 66 3730
9 52 1296
21 4 3059
46 56 246
63 45 3117
19 18 1410
15 64 3077
2 21 66
20 6 2229
30 61 3467
46 37 76
35 40 552
70 63 3809
20 57 754
46 48 2844
17 45 3095
28 48 965
17 33 3594
52 19 2276
57 26 944
1 25 385
50 6 903
67 60 2352
45 46 1904
68 48 3861
57 36 2240
60 16 1599
44 38 2004
18 34 527
37 58 3677
3 69 3166
22 21 246
4 49 2968
68 42 3518
39 8 1262
45 56 2958
60 32 1047
13 5 2026
12 2 3023
18 69 2512
38 56 2019
45 50 4060
61 42 3179
40 45 734
18 28 1605
44 3 2496
49 13 1358
1 62 388
38 27 2325
62 18 2477
32 30 3122
53 21 1830
65 63 2046
24 19 3797
70 66 3928
58 26 259
30 25 3881
44 10 1681
29 52 1724
55 2 3487
26 23 3198
40 26 1541
29 43 2557
21 23 2070
34 18 3199
34 30 293
28 14 2072
50 70 658
21 17 835
31 47 3949
46 1 2274
59 31 3897
17 30 129
64 8 1599
2 42 266
10 61 2297
51 33 334
13 55 1168
11 1 3771
62 56 1004
35 63 1854
20 52 3562
15 51 683
56 64 3164
61 65 3709
65 9 1125
33 56 2987
62 65 2360
29 51 1795
1 42 3072
26 23 3745
19 25 964
69 10 3175
14 23 989
66 41 4031
67 24 3901
57 42 3115
30 24 284
58 20 3167
9 17 3228
50 29 3038
8 25 619
2 61 2051
40 19 2774
64 58 1313
9 37 168
16 63 944
65 37 3630
19 27 2694
68 17 562
15 52 1849
16 65 2285
21 49 420
60 58 347
1 40 1622
22 51 1808
35 25 864
9 40 3232
2 70 275
59 49 2969
28 54 2735
24 6 3314
42 66 549
19 26 1635
47 42 1014
13 48 1057
22 14 3756
10 12 719
54 54 758
2 6 3503
19 65 3927
11 8 3474
66 5 1153
40 32 760
26 4 2679
17 2 2875
20 17 1929
22 67 2752
45 46 639
3 58 4029
58 67 2312
27 40 1611
62 30 4026
67 20 1167
62 7 3754
53 3 366
66 16 2032
70 43 958
62 68 649
25 46 1027
37 42 3867
24 25 3555
40 9 2803
26 66 1311
23 3 3538
63 65 1933
14 6 1918
57 31 2666
57 14 1631
7 42 2148
9 52 4080
50 24 1380
59 46 2732
58 67 3384
59 54 1353
15 17 3499
53 24 3882
48 20 3463
65 7 2063
68 60 3691
68 70 1085
56 2 3647
34 1 3544
28 20 1641
14 43 967
20 23 2441
67 69 3074
35 8 1140
41 4 2122
66 41 2065
49 32 1989
4 67 1061
58 52 1802
69 15 2802
59 9 2320
70 13 1611
6 25 2738
65 25 1040
68 59 1519
56 19 2150
30 28 2190
49 47 473
5 52 3980
43 6 1067
14 54 3342
48 67 2668
34 46 1252
12 46 1905
16 6 434
24 48 1364
69 43 656
45 34 1278
3 46 1657
67 34 1044
7 63 2227
1 5 2304
18 12 167
22 43 3947
44 12 3077
14 26 1020
64 47 51
64 36 438
52 31 3437
20 49 1627
58 59 916
27 70 722
15 32 2055
9 22 2950
18 61 813
2 41 2637
53 44 2480
2 49 3028
13 44 235
25 43 527
11 14 3763
47 21 1070
49 37 3554
29 58 2887
48 29 2339
56 43 3852
66 7 1629
4 33 2452
42 36 622
28 37 1730
8 36 2279
24 23 224
35 66 470
65 36 3630
62 38 1485
23 54 3006
42 11 710
30 6 3564
8 51 3057
51 14 231
29 66 3872
60 23 3518
13 28 3814
27 24 4040
69 26 3399
31 47 426
14 59 4070
49 40 3856
17 19 233
61 27 2271
21 16 1595
63 64 2583
8 2 3623
63 2 1098
37 14 539
29 21 520
7 58 1880
45 29 528
6 24 1386
25 64 73
2 64 1811
29 42 1331
47 50 456
70 31 3766
59 64 1679
57 53 29
28 23 2567
14 24 336
45 23 3539
4 51 863
53 55 2806
20 8 933
25 46 95
2 23 848
9 38 1829
51 38 2918
59 51 1335
2 17 505
37 34 2340
37 60 869
40 38 848
23 33 2847
68 1 3583
45 2 3203
59 12 2110
20 56 2842
26 36 23
64 37 3218
4 9 1097
40 65 3955
31 51 933
68 26 3275
16 49 2132
49 29 3172
39 62 1435
70 54 1683
42 20 2590
63 24 3241
67 66 3864
59 70 2817
2 27 752
37 47 3868
55 9 3140
42 41 1739
70 68 3267
58 65 1774
57 8 585
22 42 765
64 12 3058
21 49 1939
44 50 3956
6 56 1745
61 7 2386
2 47 1619
7 8 210
39 24 1593
10 4 2713
43 9 2623
5 60 2489
47 27 2061
64 28 2966
11 70 529
37 64 2395
66 15 2996
24 14 1371
50 2 866
50 35 2583
24 59 2358
21 4 3315
6 4 3184
17 38 863
29 39 1705
53 16 1529
1 67 2850
27 23 290
10 31 780
47 28 3381
22 43 171
9 69 1312
33 18 605
26 37 3551
28 64 1330
22 59 185
54 33 3597
13 35 1567
44 14 2344
62 53 2961
45 67 1861
6 9 612
41 12 3259
25 20 1426
20 39 2216
64 14 317
69 70 37
67 53 658
62 66 1975
28 52 3814
61 9 2033
35 62 3366
28 51 1286
67 37 2862
40 62 1858
22 61 4082
55 4 1971
44 10 767
26 30 837
37 15 2813
29 35 2728
47 50 50
61 49 2381
16 26 2449
32 16 1764
17 22 3712
61 18 1199
37 45 3794
9 51 204
58 3 752
27 39 2513
21 4 3015
57 35 873
12 33 875
36 44 1284
16 50 3461
18 51 3208
31 8 2127
19 4 2045
68 53 1666
44 3 2490
60 70 886
6 31 3776
44 12 916
6 35 855
31 7 380
60 14 1579
10 58 146
20 57 3668
26 19 1128
41 53 3255
2 25 2623
41 9 1646
34 2 2153
58 24 1715
5 61 696
44 33 202
6 34 329
54 13 972
6 55 143
37 68 3284
53 9 2304
19 50 3793
61 38 2483
25 26 3759
67 18 271
1 38 551
70 63 1905
48 12 1522
64 44 3492
53 14 1524
49 40 2394
15 19 1008
29 3 3395
15 42 2610
40 66 3486
6 2 1212
43 47 3001
13 20 2472
68 30 1188
30 70 2455
62 24 142
28 50 2073
40 65 2136
66 2 2791
40 30 1675
37 31 311
52 2 2186
24 69 88
6 2 1692
58 15 2780
46 34 1093
13 7 1122
20 13 2902
52 64 2773
37 7 1671
28 59 1431
33 14 829
37 27 1668
68 11 3393
65 31 4036
68 49 2077
63 31 2689
26 39 3528
21 28 600
27 59 3718
9 7 4027
24 44 3249
8 29 3865
23 67 14
44 46 1868
57 26 1347
53 62 1092
57 64 1538
68 31 3642
18 34 3547
13 17 1581
5 60 1324
50 13 3113
39 26 3721
47 20 2201
27 55 1251
29 5 540
9 29 1852
61 21 1571
47 58 2442
21 27 2076
50 49 3222
8 70 3812
29 23 583
1 49 1691
29 11 3953
2 28 66
65 33 658
12 39 3256
10 3 1285
41 11 1985
36 19 834
60 63 4077
64 70 2502
16 22 2263
29 27 2620
39 46 2277
17 67 2180
15 36 1677
7 42 2055
10 66 1284
40 23 581
67 38 194
36 58 534
18 52 3857
11 34 3022
12 63 3843
26 19 1570
16 51 4051
4 29 2495
5 20 432
44 14 3290
46 63 941
26 9 922
30 59 314
33 41 1031
48 33 580
46 40 3227
52 32 82
53 12 4026
3 49 562
70 38 3599
33 37 1818
2 61 1851
51 20 3611
14 64 124
66 69 1476
10 39 3114
47 32 2654
61 29 377
25 70 2888
65 66 1863
46 2 3673
34 10 2008
42 67 2765
34 60 3105
39 1 3957
51 47 2452
15 44 1447
38 14 1220
25 41 956
35 48 273
20 65 3946
62 37 280
12 32 3782
63 15 54
18 9 1533
5 25 2798
63 60 2188
68 24 549
70 13 4081
40 17 2641
53 54 1508
39 51 3056
31 19 1629
24 53 963
62 52 3526
23 43 112
68 60 3259
30 64 2867
32 26 2713
39 63 109
19 31 943
18 62 2158
68 41 1636
44 48 2360
26 9 1372
38 5 272
48 20 4003
66 54 1477
20 53 1187
39 28 1755
50 69 1875
46 8 322
65 66 907
29 59 2405
14 22 3861
7 49 905
17 70 2042
69 41 1296
54 45 1691
54 45 2492
6 59 3309
19 45 4055
67 13 3605
20 52 3468
3 39 1700
5 62 25
12 2 2001
45 19 1991
54 30 1213
5 6 3568
37 32 1224
10 59 2418
64 18 2421
69 44 1713
19 50 1396
44 39 1754
37 20 878
50 34 1948
25 1 1453
35 3 2410
36 7 484
50 30 1233
27 26 267
51 20 684
65 34 1972
26 6 2916
43 11 293
30 17 1117
24 62 1030
58 62 668
52 66 290
49 25 2212
30 70 3605
20 45 3194
62 21 181
60 21 3338
26 39 741
42 24 1447
1 58 963
42 70 3809
25 5 2002
13 44 3895
63 16 3814
24 47 2269
58 21 4068
24 53 1962
67 56 375
66 60 3216
4 5 3237
19 37 2695
29 24 3941
49 27 3858
41 20 3828
33 58 3026
32 43 2074
21 28 2837
4 22 3926
10 19 1967
21 62 2382
48 33 2561
40 51 1777
41 22 1032
36 16 1710
1 32 819
6 55 1377
24 9 2299
20 12 1009
10 44 3537
62 24 3353
12 50 553
55 52 111
39 62 890
2 45 3618
13 48 549
60 27 1395
28 24 525
17 43 3894
14 37 76
67 35 2689
17 40 1137
3 17 71
8 17 2071
45 54 399
4 36 1130
2 53 2731
54 57 1645
42 16 494
60 39 2769
42 56 110
26 7 1387
58 6 1412
70 42 520
3 39 1545
38 58 3521
54 4 302
2 46 32
11 59 213
2 6 44
51 40 3116
24 67 3301
57 30 2925
21 9 3963
15 69 3212
53 45 2797
45 19 3492
62 30 3982
61 58 2419
40 66 177
64 17 565
24 34 1285
53 39 3965
44 38 3500
26 67 2686
18 60 3499
66 13 2515
30 65 3349
37 58 2607
3 8 1359
65 36 3764
37 61 1437
40 30 3030
32 46 423
25 31 2765
37 13 80
9 22 2040
5 62 2420
37 60 1637
69 22 517
40 6 2555
22 36 202
27 1 451
18 23 3956
70 56 2224
2 10 624
23 32 3817
63 62 2835
4 18 3517
45 13 3799
15 34 1805
48 36 1904
32 57 390
45 1 3988
41 17 3741
46 57 3983
28 15 255
22 37 1870
50 27 3354
6 39 3798
6 62 270
19 45 957
54 4 3121
27 26 1954
26 54 3454
49 12 1166
66 40 2101
55 11 2571
5 53 3082
59 15 3084
55 8 287
69 36 3574
70 70 662
25 23 3475
59 19 2924
21 24 3048
32 2 3697
12 12 339
12 48 1767
63 43 2717
70 65 3786
29 7 862
31 16 1924
49 66 728
44 14 1762
35 62 3855
19 57 394
37 62 544
54 38 3871
7 29 2612
37 27 3624
41 57 2021
1 23 3663
66 67 2544
41 25 2448
28 69 1766
4 64 2402
39 60 3243
3 51 513
47 50 3941
27 50 94
14 25 2518
11 21 834
53 47 2450
35 15 4022
62 55 1007
11 2 3911
60 39 746
2 41 2604
35 49 1435
36 68 1983
38 52 1521
41 57 2105
43 70 3429
34 36 659
6 21 2646
18 24 1146
70 25 1517
56 56 2961
44 45 2823
54 41 1524
42 64 4025
8 31 728
34 32 3537
27 52 4088
11 22 689
24 17 3439
53 55 3121
28 37 1426
2 61 3977
38 58 3847
61 52 209
26 47 2680
24 19 3343
51 11 2183
5 21 3877
10 34 3491
29 60 2692
17 20 1957
16 69 843
54 31 3700
47 37 1910
66 4 769
26 64 3537
29 15 1171
47 11 2756
44 50 3043
21 54 759
25 19 2951
10 19 3786
21 46 276
62 18 3213
68 28 2609
43 32 1444
1 17 2676
21 9 2746
50 23 1338
30 69 2612
60 13 1869
40 16 308
61 61 2946
65 18 3789
23 19 3275
68 52 3739
14 19 1438
28 33 1154
8 3 312
62 57 3345
14 58 2218
49 55 1689
47 19 1257
65 42 935
52 50 672
69 3 874
60 68 3960
14 46 208
3 4 2921
25 3 223
55 34 2430
68 47 3201
34 11 225
28 17 122
43 47 2797
19 34 2391
22 41 3458
67 62 3469
3 18 2191
35 8 2444
15 28 2034
23 44 2161
58 13 501
63 17 3354
68 17 4072
44 9 2519
45 24 1427
59 48 3545
9 24 2258
56 56 331
5 13 803
2 5 20
50 51 3061
4 23 2536
70 18 3958
63 30 407
36 31 1914
16 44 3739
4 44 3862
19 67 2918
28 46 3603
40 2 2069
2 66 3225
48 36 2877
53 41 2339
19 56 1650
70 27 4022
34 32 1887
27 34 418
50 61 1362
10 53 4026
60 55 839
41 58 2703
5 35 11
55 20 2025
61 56 525
26 69 2857
35 2 1845
37 12 808
22 55 1531
3 20 3882
33 56 3890
14 46 3950
9 62 1286
24 21 3625
42 2 1719
2 70 40
27 37 1548
17 41 3838
2 9 725
54 23 251
6 37 2015
54 17 1088
10 70 4042
57 23 1408
49 26 2072
25 14 2116
54 65 1212
36 9 1612
1 8 3885
28 41 3344
9 65 275
32 16 2275
22 43 1344
35 48 612
59 19 3985
18 38 2327
46 14 201
53 25 2981
22 63 1876
16 24 1783
57 59 1572
56 4 963
57 51 2092
39 5 629
11 44 3339
20 3 1609
54 33 2102
15 34 949
60 2 1699
8 68 1255
14 65 3678
52 44 2214
25 70 2500
51 11 1894
67 36 323
42 17 3885
5 17 1660
17 43 504
63 2 2547
27 39 397
54 12 3324
38 6 103
67 12 3492
8 5 2130
48 19 1466
24 2 2
66 39 2976
28 14 4064
37 51 2426
4 69 2422
13 25 842
13 49 2405
59 7 2457
51 22 90
15 56 631
13 46 377
20 13 3737
4 62 297
18 46 1098
10 1 80
64 48 4090
9 41 2944
1 16 2592
18 2 1428
61 23 1956
55 66 1775
48 21 2211
24 46 2498
9 55 354
64 5 3572
42 53 2560
32 51 882
37 34 2228
26 62 1164
62 63 1990
21 54 90
69 44 893
5 68 289
49 64 742
14 19 3776
43 32 373
15 41 3039
48 38 958
60 54 1618
51 56 1101
41 29 2765
42 61 829
38 22 3911
14 44 1835
35 44 1655
33 35 2381
45 52 499
16 31 3818
3 59 2884
18 40 3083
9 43 2599
1 20 900
67 22 36
1 4 3249
18 70 3906
32 39 2050
3 52 179
10 63 2485
65 18 3919
29 33 2067
40 51 3903
44 25 2248
35 11 1095
6 12 2378
33 37 24
63 27 454
6 28 2065
60 3 763
39 3 139
14 5 3261
13 46 464
14 56 3447
40 8 3545
24 25 2952
13 38 3672
48 48 603
35 55 1876
55 64 3347
53 61 3811
66 19 454
21 64 1320
51 14 444
20 19 2197
49 20 15
61 26 3684
22 68 2675
35 13 4020
1 48 3829
42 57 3737
2 15 2486
9 47 1661
39 50 3393
38 11 3783
31 8 2448
40 19 237
30 69 951
19 48 671
27 45 3499
3 42 930
21 67 1028
60 51 2584
66 20 726
67 48 2580
62 47 2281
12 58 2494
58 69 1458
58 25 2777
54 64 3567
53 11 11
4 1 3501
26 49 1619
26 64 2863
63 60 1518
25 22 2944
31 13 2114
25 16 94
43 58 1964
10 67 3730
19 56 222
33 5 3946
22 34 2479
6 6 511
12 2 1402
23 33 3071
33 27 1690
11 67 1680
49 15 3617
18 8 232
54 11 233
16 5 1283
12 13 1434
4 66 3720
67 6 294
60 18 4072
27 13 1243
61 29 1658
31 20 720
65 56 202
46 64 2944
60 37 3053
54 57 1084
28 43 1140
29 18 796
12 7 3496
38 37 1610
25 15 1514
10 12 874
38 43 3232
16 55 1829
70 56 3839
11 44 2541
56 55 3891
58 58 3970
6 7 2290
34 9 3007
54 28 223
26 37 403
12 60 3891
10 30 2262
52 47 3460
66 34 1227
67 50 704
29 32 650
36 53 1581
16 57 3360
29 60 893
35 5 2123
34 33 38
33 52 605
12 15 3051
69 47 3373
33 53 2868
67 43 2032
13 50 2351
68 62 1058
11 24 1904
51 67 1243
64 70 2139
66 20 276
10 17 428
50 9 3922
14 42 2865
35 64 2709
7 8 2220
13 56 1306
32 41 1819
26 35 724
62 31 2329
70 62 3005
9 49 1631
36 33 3895
6 56 898
63 21 3137
33 19 60
2 3 3384
58 48 1982
57 44 179
52 41 3607
41 6 1213
33 48 617
53 38 237
69 46 864
43 42 1661
18 10 418
41 70 3704
35 69 3992
3 64 2554
50 27 257
21 6 2305
55 20 1366
43 56 3726
35 35 2072
52 53 68
51 30 1491
7 45 2020
65 41 2097
3 58 3972
38 2 3449
36 42 854
70 53 144
48 6 437
4 46 3321
19 35 839
17 18 1085
36 32 923
19 38 1906
3 61 2363
68 63 982
3 35 322
26 13 3925
1 51 3678
16 47 2944
49 28 53
17 66 2310
59 13 3880
64 36 517
14 51 3036
50 60 1920
46 40 2638
34 23 2086
10 62 3942
49 43 3738
36 70 3671
6 47 319
16 67 2159
7 27 2861
7 37 2679
7 32 2361
59 34 3840
41 43 1698
34 14 500
33 59 733
10 36 3034
10 53 613
48 53 3443
10 40 1063
21 54 2889
31 2 1907
53 27 3218
13 23 552
42 48 2741
18 36 191
5 63 2421
30 47 3433
44 43 73
61 41 3352
14 18 201
22 51 3779
40 52 1969
2 42 1580
14 46 745
64 12 146
45 36 2148
7 12 2322
47 50 2529
35 11 2883
52 56 457
22 30 2200
60 65 3171
55 37 154
67 40 2199
67 51 3759
65 40 4055
25 2 1783
26 9 3769
3 59 2958
47 39 2680
3 43 1245
22 3 3284
9 36 881
21 6 3243
27 52 1743
5 41 494
31 11 3908
44 69 2291
44 55 1338
50 42 2046
1 31 502
22 36 2935
18 10 1397
11 52 3493
1 32 603
40 10 3928
47 11 1310
55 48 1639
46 16 1477
66 62 605
46 42 2401
11 67 500
6 38 2088
25 50 3852
1 19 573
53 47 2067
65 60 781
33 39 3651
48 52 50
14 30 2206
60 49 367
14 33 1279
17 1 1035
37 52 1807
40 36 3729
43 40 2262
15 17 2284
62 4 2440
70 50 3869
22 44 2655
65 7 23
53 24 2514
51 23 844
6 68 315
69 39 2567
1 15 1718
53 65 340
32 11 1427
15 7 2942
50 67 136
54 28 3749
1 22 851
10 59 647
9 36 1225
31 27 318
42 28 2328
8 13 2919
30 53 1319
63 45 1772
15 45 4078
49 29 2990
50 61 2114
1 53 2145
3 56 947
9 65 644
32 34 2881
8 69 154
3 15 3381
26 9 3810
53 32 3543
42 64 1773
60 18 30
12 38 2644
46 2 3982
56 58 1100
69 17 3457
31 33 2707
1 42 1535
38 16 1495
39 51 3169
59 66 2857
20 29 2474
37 19 1144
21 12 3139
35 31 3625
15 11 3673
5 63 679
56 13 42
20 47 4043
65 41 1461
17 17 523
27 30 2626
66 44 3888
46 52 1726
18 37 3582
52 41 1153
9 36 1904
5 69 1351
55 34 2803
54 2 152
28 58 2982
42 36 346
14 66 2717
62 25 206
48 21 1515
53 11 1113
2 31 2252
21 54 2877
32 67 349
14 41 3058
7 61 1970
27 41 2690
47 25 297
24 25 409
10 53 1010
50 35 613
20 22 584
55 34 2185
37 36 3124
68 22 776
29 3 2387
34 68 3623
26 13 1280
51 33 3316
57 16 4066
36 14 106
45 31 3089
42 58 1089
30 27 1007
28 12 3021
10 45 2143
70 67 819
49 8 3460
17 25 2375
68 67 3117
13 45 2539
49 19 1957
67 2 3425
39 59 1041
16 42 4088
12 17 3306
61 42 1399
38 16 2122
62 28 2177
16 24 3517
8 49 256
20 63 2154
25 8 1857
23 35 1090
30 10 3577
8 41 10
3 17 4067
5 14 3663
69 39 3849
64 19 2622
49 40 4038
1 36 3842
41 17 673
63 43 587
2 52 2226
5 9 3565
43 55 1561
8 51 1179
16 67 542
33 32 4024
32 61 720
7 16 2
10 50 399
1 62 1865
68 70 3134
62 12 2329
66 18 894
27 50 2116
55 48 508
70 61 965
30 24 1341
1 29 2831
42 34 3553
69 22 3216
44 27 206
45 10 2523
18 56 167
62 34 470
51 59 824
38 1 1353
17 29 1436
42 54 3798
51 36 1919
61 9 2155
8 51 3059
68 29 4031
58 55 146
28 44 542
70 11 1202
21 49 1209
61 61 2854
12 12 3139
4 35 363
33 58 3126
53 40 2300
25 65 316
18 29 2035
63 15 3709
52 28 2964
14 17 462
43 47 2573
57 53 4068
59 14 1906
44 67 3981
1 52 3813
17 23 8
61 17 1121
14 9 1415
12 6 2698
3 41 1728
26 15 880
27 53 2955
25 52 2289
62 59 1484
36 69 850
33 6 65
47 52 202
68 7 858
39 57 2702
20 46 3178
2 57 2051
67 51 3133
41 63 1455
64 62 2157
31 2 2375
55 57 1700
54 33 2433
66 53 371
14 32 1245
23 34 2211
61 63 2967
66 55 3365
4 16 3253
6 61 3042
18 40 1688
36 6 2225
30 29 1226
49 16 1739
16 3 2556
28 1 1991
47 27 1738
38 68 2301
42 61 81
9 16 4039
27 55 597
7 36 653
51 28 2330
11 14 711
55 56 1901
31 63 1182
58 47 3996
69 15 1893
35 63 610
9 66 2648
20 68 2367
56 4 2293
19 26 2809
15 57 2542
10 59 2014
55 60 1577
64 21 1382
17 7 123
31 29 1947
55 18 905
69 40 1959
34 25 1255
2 67 3171
28 57 3592
1 22 2378
6 38 1019
47 40 441
21 52 1931
16 26 1263
6 48 597
40 52 2552
50 36 286
33 67 457
21 33 961
26 33 1275
10 24 811
65 69 2468
12 24 610
45 33 264
55 67 773
33 37 638
62 8 1086
21 63 1751
36 28 927
5 8 193
47 4 1779
60 54 1628
58 7 2012
49 47 2377
4 33 2599
4 19 2577
54 55 591
27 39 2457
39 11 1107
38 59 2578
44 59 2137
52 37 3287
28 41 1528
49 16 2738
66 67 2923
66 33 645
43 25 803
7 60 972
52 54 3678
4 2 2582
5 49 1021
52 69 1905
65 58 3374
8 21 3636
21 30 276
68 42 2362
23 2 2801
64 70 3094
32 9 3253
66 58 1698
29 48 2160
1 1 2030
44 65 1659
11 60 3866
46 6 2228
40 49 538
25 4 3093
66 38 1139
59 53 3752
69 64 3804
69 54 621
4 65 2430
26 62 681
35 35 1839
17 60 4090
43 62 1525
66 61 243
6 41 2364
69 67 1338
63 53 3654
47 21 3849
34 46 2943
55 32 2790
27 68 1693
5 41 1028
48 16 1734
65 30 2510
33 67 1693
44 43 3562
65 26 3248
32 62 3217
55 3 341
24 15 1959
55 69 2177
18 3 521
30 25 2739
68 41 929
13 52 2455
19 55 3771
51 59 3767
25 5 2084
39 23 3070
59 2 3829
60 57 2197
10 25 2317
38 37 188
23 19 3933
33 46 874
63 15 1883
34 48 1957
58 4 3184
44 14 3257
16 61 3399
70 63 682
61 24 2971
33 1 907
13 52 2301
11 49 1316
8 23 4056
30 23 3371
42 59 2227
14 57 1042
26 39 754
21 16 2675
69 16 1012
61 47 133
2 42 208
14 28 3358
50 46 2790
42 19 3411
59 67 3002
70 21 3206
7 35 1384
38 68 1060
54 19 939
19 49 2575
7 5 2964
12 44 3393
53 16 3889
69 65 2036
33 25 3537
5 53 3929
56 46 3820
25 35 2602
64 2 4075
33 9 1586
39 49 3729
29 10 2738
34 31 1785
27 33 1636
6 18 1382
10 56 483
5 44 832
65 58 2946
57 51 371
26 64 3315
22 58 3896
13 20 1068
17 66 3224
1 22 2487
38 14 2560
23 58 3263
9 66 3074
63 23 503
15 23 3134
66 66 2203
14 70 962
68 51 1182
60 54 3095
53 5 3019
11 52 811
42 27 2758
61 35 2782
28 54 1991
69 39 1107
14 7 3152
44 41 1790
6 9 490
27 1 3709
22 64 3527
25 56 801
55 41 2284
65 15 1759
44 10 2673
9 13 3694
30 18 2284
9 36 1707
57 25 339
22 57 1348
15 49 1800
64 47 3056
44 10 2129
15 21 1802
24 64 1523
66 17 3980
4 40 3884
40 39 3131
48 50 657
42 48 809
65 27 3222
24 26 2526
11 67 1865
47 33 2908
16 68 1989
4 65 2280
66 59 70
36 54 777
5 19 2610
23 30 3387
22 42 1688
60 52 593
41 28 200
55 67 1583
29 46 2406
33 24 1829
66 42 1229
60 26 1752
41 16 299
53 54 1656
25 62 615
26 30 1177
59 59 2425
41 58 2035
54 67 3957
18 13 1012
36 30 580
20 67 2994
66 23 1706
14 4 3223
13 26 2219
43 3 2223
70 47 297
66 41 2161
34 70 809
45 70 3558
43 21 1077
22 10 3278
38 8 1000
34 64 1958
14 5 2247
32 20 3952
30 58 3881
52 9 2183
47 30 1714
12 3 3195
67 46 3998
21 50 616
2 50 2985
39 45 875
32 10 32
45 4 105
15 49 2321
54 42 2432
17 6 2511
60 50 964
57 32 1377
4 13 3370
29 40 3745
19 4 1161
67 37 442
29 28 3675
22 16 1842
34 46 3021
43 14 3340
46 58 3960
44 16 107
9 8 2668
28 4 4048
60 31 2997
27 8 3074
42 6 2226
56 55 3636
2 50 2816
3 8 72
58 53 1674
1 61 1972
23 68 143
6 17 3604
14 1 1829
16 16 3436
65 37 837
58 1 203
44 16 3147
28 29 928
49 23 3129
23 26 3835
8 10 637
54 3 3958
5 65 3584
6 59 508
1 30 479
69 27 1389
12 12 1682
51 56 2989
22 66 3759
2 38 3618
48 12 3387
48 11 3164
40 17 2424
9 28 3473
7 63 3778
5 40 745
34 70 2687
43 52 1884
49 59 1980
70 62 2451
22 50 1719
25 17 2205
23 55 1584
21 64 1342
63 13 3483
11 70 1829
24 14 1383
2 18 1524
25 44 3584
35 41 2435
44 14 373
11 5 3021
66 52 3154
16 7 65
31 61 2671
23 56 2981
50 22 1260
3 10 1480
49 10 1799
44 33 2780
19 46 890
70 40 2063
1 34 1924
34 36 1249
38 25 1093
29 40 3846
32 1 2917
42 36 771
49 31 3582
33 17 2352
10 16 897
64 53 2632
55 16 1293
45 37 2519
47 23 144
55 5 1051
56 65 147
52 18 745
20 43 2138
13 18 592
53 14 1947
38 9 1038
17 45 435
31 43 1333
2 41 1215
61 55 2556
58 27 3546
40 69 3190
52 40 1852
62 50 2940
68 21 2336
7 4 3851
59 68 477
33 57 35
24 1 670
61 32 341
26 50 3148
17 50 2481
58 26 2219
58 63 670
42 55 522
60 56 734
17 60 1523
14 57 2859
25 53 80
46 25 3059
36 56 1375
41 68 849
58 12 3977
32 19 1746
43 65 850
20 60 826
25 67 3434
33 20 305
63 21 3014
19 33 2639
64 9 3857
61 48 2470
25 32 825
36 10 2977
28 64 2944
2 33 2786
64 35 524
12 60 310
36 36 2001
6 68 2350
32 24 1284
60 8 2471
36 28 3131
44 54 471
51 12 2848
68 4 481
23 36 1136
48 65 4086
51 68 4036
20 42 22
17 42 9
61 18 1927
10 1 1416
37 41 391
9 31 1631
11 6 1367
62 2 1945
70 50 1695
43 29 1070
24 27 1389
45 13 896
41 46 2583
20 22 1029
57 38 2477
43 28 1684
65 59 1236
23 17 3042
23 28 2630
23 11 3497
37 58 2449
27 58 1593
63 67 3429
46 34 3885
13 13 3576
41 42 2009
46 47 2963
59 35 1066
2 51 3041
43 4 3423
48 33 288
63 5 1981
6 59 1016
45 44 2254
49 47 524
58 58 1997
70 69 2519
59 53 1618
62 48 73
16 64 241
21 59 342
50 17 1778
18 8 2239
60 49 2850
6 3 169
62 60 2063
37 31 3968
48 12 2012
57 22 2902
47 32 2454
42 24 869
56 70 2996
22 44 1166
26 43 2432
28 45 3315
19 51 3210
14 20 890
62 20 27
23 33 3081
52 51 2266
49 50 582
40 60 129
56 15 2784
43 11 1598
49 15 2492
4 14 3462
34 22 3965
49 65 2547
41 24 1950
68 19 1057
7 15 2725
65 41 223
51 37 1263
6 46 162
24 61 1635
7 7 86
54 59 502
60 35 859
58 26 1137
66 7 339
63 24 1224
35 34 2641
29 68 839
10 15 2137
19 15 574
16 3 815
21 20 2390
49 16 790
14 58 2469
30 21 2667
39 21 767
52 9 325
26 64 1973
2 62 2827
59 44 1394
2 21 2637
44 39 3386
69 30 2158
65 51 2532
59 30 1950
53 58 1185
47 69 3143
8 8 537
54 61 42
58 21 1535
10 24 1648
44 38 2939
6 4 1098
23 39 3379
46 15 307
10 18 1599
42 45 2078
34 26 2343
43 39 1454
48 14 194
7 29 3203
51 18 3402
40 23 3098
59 13 1746
22 7 2811
12 42 2855
7 17 3943
22 50 206
60 13 658
53 16 1056
4 1 3152
59 27 2189
61 5 1991
62 30 1850
40 52 2104
47 48 1308
54 25 2560
15 2 548
45 23 2513
46 48 111
13 61 700
25 6 2025
13 3 992
2 24 3160
67 61 3498
4 2 1273
54 31 3553
3 15 796
18 6 820
41 14 641
32 61 3734
50 69 3662
67 50 2656
44 38 481
9 5 3485
31 5 2655
46 54 518
66 44 1759
66 19 3872
47 60 506
34 32 312
67 65 887
32 28 425
54 50 1671
48 55 2687
55 45 3538
10 55 870
55 7 381
47 54 3162
38 41 1373
15 5 2061
18 33 2442
63 59 1011
2 13 1221
32 10 764
25 54 1808
61 14 3196
25 5 655
45 30 1348
65 26 2802
21 3 1159
69 22 387
17 21 1651
42 14 2691
43 35 1915
57 30 1731
38 63 138
19 57 2824
57 28 60
64 20 3751
15 29 1473
58 12 2797
20 28 554
42 33 2140
70 61 2984
25 55 2864
63 18 3834
39 70 3583
55 49 2154
45 29 437
5 46 1735
31 41 340
2 34 2106
32 57 3573
46 13 838
49 26 3994
21 42 647
63 3 2141
3 44 2882
4 64 3982
40 42 3908
7 48 2366
50 54 2535
22 43 3568
43 51 1315
38 67 1031
38 23 3170
21 17 2279
6 13 2701
29 68 3124
64 14 2253
57 30 454
63 47 252
44 62 613
33 65 2850
62 41 2018
48 47 1642
67 18 1663
3 7 1726
18 17 554
23 64 2963
49 61 1479
31 33 3234
36 33 3121
26 6 974
6 24 2828
38 52 3468
5 43 4065
38 39 2224
11 27 3698
30 46 3269
57 65 748
14 62 1978
68 16 908
15 38 718
32 69 1883
56 29 3612
66 16 1389
27 37 3906
34 28 1006
70 33 3819
12 18 1469
29 35 91
56 61 3803
38 10 713
16 29 3229
67 21 3811
68 65 1245
22 51 803
4 18 2921
