70 5000
||||||||||||
22 45 1
70 10 31
65 53 1
41 60 10
4 5 58
19 8 0
7 63 0
63 9 2
22 38 23
56 47 53
31 5 13
33 13 16
43 38 0
36 27 60
40 46 3
8 6 21
11 28 13
33 27 42
16 9 22
30 30 1
55 11 11
66 30 3
57 12 52
2 4 25
43 36 21
57 4 59
7 23 59
33 1 32
62 17 33
32 15 48
65 59 54
16 20 14
68 44 9
1 26 6
60 48 1
68 30 2109
29 34 10
11 65 3
58 15 51
44 58 36
12 1 37
16 19 12
42 44 26
57 10 2
52 58 2
35 45 12
52 50 6
63 25 3
67 52 0
8 62 22
64 21 63
68 30 3
52 6 33
57 35 0
23 5 12
26 65 46
34 18 17
40 61 1
30 14 8
38 39 1
33 17 26
18 13 59
35 62 3
2 43 24
11 10 0
14 51 3
49 68 4
12 51 27
17 32 62
50 53 35
14 10 9
36 51 4
51 31 0
46 30 63
49 2 2054
62 32 41
70 15 51
51 37 0
5 70 10
53 27 3
39 14 14
54 49 32
2 49 56
26 52 63
62 36 1
29 50 31
16 63 2
52 18 29
63 16 16
18 37 1
27 8 7
19 25 39
30 34 60
44 57 1
9 42 63
8 61 3
32 50 30
47 38 29
13 14 34
67 11 13
39 44 30
2 43 23
28 11 3
65 33 27
54 63 44
40 22 56
34 32 4
12 51 0
8 11 4
38 63 58
66 13 19
37 69 0
70 28 2111
19 42 49
50 66 0
48 69 53
54 42 0
4 64 16
57 44 49
4 58 1
40 48 0
12 11 54
38 22 0
51 53 0
50 62 26
55 54 31
57 59 20
23 17 23
37 70 55
70 37 51
3 66 1
6 59 0
24 52 0
26 14 6
22 64 2
44 63 9
11 21 4
70 25 40
22 35 2066
55 51 49
57 60 22
35 57 3
41 23 9
70 28 43
60 2 0
32 5 12
50 11 2098
47 64 58
59 54 0
69 16 23
10 59 2065
15 69 3
6 35 13
68 17 0
15 58 6
13 47 2
16 24 49
4 18 7
64 36 53
27 61 0
44 59 13
55 50 1
24 57 48
62 35 59
25 40 36
50 11 57
49 54 28
49 30 9
67 50 22
6 4 17
29 64 0
49 29 0
30 70 19
21 23 12
21 8 50
6 25 25
63 24 12
34 15 35
16 35 14
67 7 1
10 49 2067
51 42 46
21 67 7
43 45 41
59 46 15
6 49 1
40 56 56
32 66 10
19 65 0
7 9 10
55 59 38
62 1 2
70 69 8
1 27 62
34 16 0
40 59 25
68 65 26
19 58 1
26 40 4
68 60 9
36 30 14
27 27 24
48 18 0
4 65 3
7 50 51
12 19 4
34 39 24
4 8 1
6 41 56
31 24 2080
56 14 7
54 68 1
55 49 24
34 16 2
31 48 21
65 55 45
30 27 4
18 53 30
32 32 13
58 26 20
34 21 9
40 70 41
4 70 29
13 16 41
30 9 37
24 55 55
11 37 6
28 28 15
69 30 28
2 55 32
32 53 7
10 64 40
68 38 20
3 48 7
67 30 19
10 6 7
13 13 0
6 66 1
39 61 31
61 17 49
23 63 26
7 41 15
57 37 22
67 31 13
37 62 53
56 26 38
32 61 9
16 39 22
45 55 2
57 34 13
25 14 43
64 66 58
38 22 3
59 27 3
16 16 37
9 43 58
14 61 41
45 55 35
11 19 15
58 56 23
39 11 45
6 31 25
1 18 16
63 55 2
9 54 12
15 50 10
38 48 27
65 14 0
59 8 21
12 69 2
39 21 28
21 17 38
40 62 4
62 50 14
13 33 33
61 10 0
28 47 2064
48 2 42
23 10 1
63 6 26
12 47 10
23 65 23
8 32 2049
19 25 49
54 61 8
14 6 14
65 44 40
70 63 56
36 49 19
62 22 13
53 26 15
52 42 6
59 44 47
24 13 2064
4 3 63
29 8 37
38 21 5
53 48 24
40 12 59
21 30 2084
2 29 1
14 32 10
31 13 0
33 48 62
44 3 25
24 22 3
2 17 14
17 34 54
42 23 31
56 9 46
58 40 12
11 20 16
51 67 4
42 8 55
10 56 60
64 7 2103
2 6 31
63 27 2
25 2 50
13 38 0
68 61 0
3 40 2059
70 47 0
40 45 1
1 70 17
7 6 0
9 16 1
59 32 26
1 26 0
49 8 25
37 66 19
12 55 16
37 8 36
15 24 1
54 58 0
36 65 50
17 6 2
35 9 2
7 59 15
34 14 40
42 13 35
17 34 43
67 68 8
56 67 5
30 39 6
21 69 1
56 1 46
1 10 58
69 11 31
2 62 18
3 50 18
7 61 19
20 56 29
21 52 9
50 32 35
42 36 7
63 39 10
13 53 7
20 9 5
66 23 39
24 56 3
2 64 21
22 63 2079
64 2 0
43 5 42
40 21 32
67 51 24
5 50 53
39 47 0
55 50 3
4 22 3
50 66 5
37 13 8
53 6 4
37 32 9
54 5 26
2 23 1
14 58 16
37 57 1
15 54 36
70 7 50
7 48 5
3 29 20
13 26 35
42 1 40
18 33 22
45 34 1
2 63 15
23 8 6
37 28 30
67 53 2090
60 38 34
7 46 2
20 16 2092
29 54 52
32 59 16
65 27 14
30 2 7
20 31 0
62 11 8
39 66 2056
13 16 1
59 48 6
21 43 24
45 49 14
32 33 1
63 54 0
25 9 7
14 38 48
41 26 1
44 17 3
1 5 52
63 39 12
67 33 63
16 48 14
53 18 0
50 49 30
9 30 3
9 10 2
61 8 5
67 21 8
12 66 30
21 27 11
53 20 10
65 70 17
17 2 20
44 37 36
47 13 0
70 47 26
63 48 14
8 8 16
67 32 15
57 35 3
64 5 4
49 11 10
61 68 19
63 14 28
61 15 53
21 19 30
62 15 41
11 6 4
54 65 6
53 37 19
16 53 1
45 64 0
52 56 49
28 67 10
5 28 43
69 39 56
70 21 2
63 55 5
62 15 15
55 64 3
19 41 60
8 51 1
5 3 13
65 42 10
18 13 50
3 45 1
18 39 17
6 60 37
49 62 12
14 37 5
6 53 18
19 70 33
24 68 54
19 44 56
69 65 35
34 12 2065
43 11 18
10 63 55
29 60 44
52 1 29
13 29 60
39 4 57
62 34 31
42 11 59
29 33 48
66 23 34
18 21 3
34 26 54
62 11 1
35 16 5
11 11 14
50 70 0
24 37 7
6 48 45
13 48 14
33 24 53
29 5 8
49 17 0
43 13 1
64 8 30
6 50 20
15 64 35
34 14 0
27 42 7
69 56 1
34 55 48
46 35 48
60 69 43
66 20 13
34 43 7
18 10 1
20 37 0
63 60 1
7 65 3
65 9 53
52 69 16
16 69 2
32 8 26
60 39 60
13 68 3
56 55 43
24 15 6
15 45 5
25 44 44
20 23 9
42 31 20
15 31 11
67 24 46
64 35 8
12 55 28
55 53 33
14 53 48
13 13 9
31 8 0
14 14 0
63 5 8
35 43 52
5 54 0
20 39 57
49 68 1
66 51 0
3 33 16
27 45 24
58 45 59
23 60 12
16 43 2098
30 60 0
40 52 2099
1 27 38
60 27 7
59 55 8
8 1 25
70 51 14
41 64 31
39 4 31
62 40 26
69 15 52
66 42 10
46 47 2
36 37 2
20 62 0
21 41 0
14 5 2077
43 68 11
52 27 48
17 69 1
50 69 1
57 45 20
52 27 2087
64 6 1
41 33 20
35 32 17
16 58 30
61 1 2
32 7 22
37 62 35
43 19 20
23 51 2088
12 46 5
18 52 23
24 26 27
70 1 30
58 43 10
20 70 11
17 70 20
3 30 2
41 19 0
46 47 36
43 26 6
5 3 6
46 14 41
1 56 3
15 46 5
58 39 0
43 20 3
58 24 44
54 32 0
56 16 11
65 42 50
42 51 36
63 56 39
54 46 1
56 44 30
13 52 51
25 55 58
38 55 15
30 41 2
1 27 12
24 47 2
60 30 1
40 40 0
16 42 62
57 19 52
69 3 6
31 17 31
68 10 1
32 11 2
43 24 4
22 21 1
70 57 10
4 34 16
66 59 32
65 42 59
19 33 2
58 22 43
41 57 47
52 27 14
14 31 21
17 49 2
41 42 1
42 31 18
48 21 58
26 68 1
31 68 63
64 48 6
26 69 42
64 11 7
69 23 2
65 33 54
23 1 15
57 30 0
29 22 3
54 63 5
23 64 0
30 64 8
43 7 2092
17 24 7
18 62 1
56 55 1
59 35 56
64 3 21
23 31 33
19 51 50
19 70 22
45 63 0
36 29 39
8 38 3
6 23 2058
63 3 2049
3 13 39
66 18 2
34 8 54
58 37 13
6 49 7
39 28 54
37 34 7
34 28 41
55 38 49
67 18 43
39 19 1
33 67 33
65 33 0
24 42 4
56 12 7
19 50 48
37 11 28
12 64 18
65 26 2
9 22 22
3 8 3
13 7 27
67 48 10
39 9 3
49 30 6
34 28 32
23 27 11
36 43 2
59 2 0
35 69 61
18 7 1
48 22 11
40 7 5
50 29 7
45 44 3
14 26 20
68 20 8
66 42 1
24 19 1
6 2 2
28 22 21
29 58 54
68 60 2088
3 17 9
18 47 12
51 47 36
34 67 33
8 57 11
40 12 8
35 69 13
23 34 0
54 50 1
18 9 2
19 40 36
48 2 17
57 48 24
27 37 1
51 63 0
29 44 34
66 12 0
6 13 29
62 52 13
49 29 46
21 14 2
66 34 25
29 34 21
32 58 53
16 68 3
14 63 3
33 41 1
32 68 1
32 36 7
29 19 63
55 40 6
19 22 31
24 53 34
46 53 49
27 1 14
52 39 14
46 18 15
15 4 1
28 40 2097
28 4 5
24 20 26
2 62 5
16 26 4
65 21 45
36 2 7
61 8 12
32 38 1
14 33 20
69 12 54
46 18 32
8 30 1
56 53 30
47 53 3
20 40 56
8 13 6
12 18 0
28 45 44
41 2 9
42 42 5
32 13 62
24 9 11
21 8 3
57 25 10
64 8 43
53 65 37
15 36 1
14 40 10
8 9 12
31 53 17
54 12 21
30 44 21
65 13 23
19 16 36
5 58 42
58 6 12
22 51 17
28 63 7
31 2 4
59 49 54
8 5 33
46 52 36
38 15 4
62 42 24
12 17 5
6 20 8
24 12 0
40 20 3
43 65 1
65 44 25
11 6 46
40 6 28
8 69 37
4 7 10
44 21 11
42 26 3
68 46 55
48 28 58
12 9 0
35 40 2053
49 25 37
2 44 0
32 33 3
24 15 50
46 57 28
70 4 1
64 35 7
41 24 36
60 1 41
35 35 13
6 54 38
48 18 8
70 61 3
64 14 12
65 4 0
16 24 5
34 44 19
23 50 30
1 37 30
22 37 3
63 12 0
2 10 0
29 2 24
57 11 1
23 70 6
60 37 36
49 8 51
26 41 31
65 11 39
40 35 3
31 58 53
41 33 2
68 33 14
58 51 9
3 20 37
3 26 29
58 40 21
39 57 5
62 39 15
25 62 2
67 49 1
25 55 2
67 4 29
26 12 2
21 58 15
50 8 2
28 40 35
28 55 13
22 27 56
48 54 3
60 66 21
32 38 2059
49 31 10
34 63 1
14 40 0
65 40 27
31 7 11
60 51 7
57 22 25
47 52 47
41 45 20
57 67 21
47 51 30
38 23 41
46 70 0
7 30 32
13 11 7
10 69 16
24 16 2053
28 56 12
70 28 43
2 7 31
61 33 3
24 34 62
34 10 35
45 35 17
32 41 3
63 29 10
11 32 7
62 42 3
44 61 29
61 32 33
43 35 2
61 49 41
16 5 2
10 38 38
43 66 61
17 2 58
37 2 56
66 33 5
35 42 4
59 4 2065
43 18 16
29 66 53
20 30 30
44 32 22
67 23 6
42 19 2062
55 37 2067
41 6 6
45 19 2
29 48 8
69 26 32
23 36 35
26 62 25
23 46 32
11 42 5
8 52 37
21 58 48
53 55 3
60 50 8
31 28 27
9 44 27
21 58 25
21 38 10
56 41 5
29 41 7
51 63 34
38 6 3
12 57 30
66 70 7
41 10 61
49 54 1
10 45 34
32 16 53
62 1 8
23 57 30
39 19 11
51 56 28
41 25 19
33 41 58
16 62 0
13 23 7
42 8 28
51 62 11
35 48 0
62 6 12
56 38 0
45 2 21
56 17 60
50 70 2
21 61 0
69 52 7
15 13 8
28 19 3
63 23 45
64 12 27
18 29 57
30 61 0
39 11 1
60 12 5
39 21 1
22 48 36
57 27 36
48 18 4
3 49 11
66 61 1
62 21 33
38 52 1
58 15 0
1 29 2064
70 34 31
29 65 16
30 60 44
2 46 18
4 5 8
32 29 10
53 23 15
19 1 48
32 35 22
46 31 56
9 19 9
16 40 0
55 34 8
14 53 1
70 54 23
14 67 15
1 1 45
14 19 3
38 67 2
23 43 2099
27 52 3
27 64 61
51 20 53
32 34 0
21 5 1
55 44 58
35 15 24
6 52 0
32 34 2084
14 59 6
3 26 4
28 56 33
29 31 9
29 59 23
59 38 29
39 38 11
21 49 38
10 52 2062
13 33 52
8 29 28
37 61 35
60 23 27
65 46 33
66 43 0
53 23 3
51 64 0
61 33 1
32 48 3
29 39 0
18 4 8
38 35 24
25 68 45
25 6 5
29 14 3
56 69 45
57 24 14
62 19 1
66 4 2
54 51 8
31 62 47
64 5 62
39 19 11
12 33 15
24 31 1
62 42 60
18 64 55
30 55 29
70 3 44
21 49 2
4 32 13
1 29 1
26 63 1
7 63 2092
18 13 1
19 47 20
45 35 47
36 6 1
37 70 1
55 30 0
4 5 5
45 57 15
9 16 3
11 17 58
59 2 21
61 39 31
59 32 18
18 19 6
49 32 52
22 5 1
53 59 14
40 70 46
13 37 1
17 43 51
20 33 35
17 29 1
62 41 2062
68 20 3
30 10 2060
56 2 8
63 10 7
31 46 40
5 37 29
44 41 3
26 45 8
43 53 55
18 68 19
11 4 10
8 8 5
6 12 3
56 65 39
33 6 0
4 3 26
7 33 61
25 40 36
40 26 11
3 47 51
10 20 20
69 51 48
66 62 6
33 14 2
3 63 61
21 11 6
28 14 46
3 48 52
55 41 2096
59 42 0
28 33 23
28 49 0
7 2 57
29 3 14
40 12 6
32 42 36
10 19 29
31 26 3
1 30 6
1 52 34
58 31 49
3 48 0
43 25 0
19 42 25
12 60 14
24 9 28
33 18 0
45 27 11
37 61 1
57 45 45
7 62 11
60 68 0
63 9 6
37 55 2
35 16 1
70 34 0
58 2 21
35 31 28
10 64 0
13 55 19
39 26 14
64 21 8
64 41 59
27 21 21
51 36 43
48 30 11
65 54 2
44 34 13
26 67 19
66 26 26
22 51 3
14 21 0
29 46 21
35 64 2050
60 37 21
40 56 0
66 26 6
43 5 6
3 19 2057
60 62 9
69 58 39
47 24 23
46 69 42
47 41 1
10 7 58
25 46 9
69 61 4
37 9 22
53 45 16
40 56 8
23 46 51
70 68 59
41 17 32
69 30 20
53 37 3
40 22 50
33 39 55
62 60 11
45 70 15
27 10 2
67 46 6
45 12 60
67 56 1
33 18 29
66 26 60
15 45 60
69 30 3
56 9 13
13 19 2
54 28 51
70 8 45
20 24 12
35 61 63
38 12 2
13 51 2090
60 37 3
11 1 7
37 57 1
14 12 18
4 28 3
20 22 18
49 62 36
37 13 54
28 36 25
39 4 43
58 14 18
59 28 2063
3 37 36
51 27 50
64 22 50
51 13 29
46 49 0
9 64 4
15 12 2
59 67 1
32 33 30
31 1 19
1 66 2
2 37 44
50 18 45
67 22 28
36 2 3
36 69 0
63 44 0
30 24 28
23 56 4
21 10 27
18 9 8
30 57 1
6 4 31
47 38 63
2 35 1
9 66 3
56 22 56
68 47 20
70 60 15
70 19 50
69 56 23
20 36 1
25 31 42
4 24 14
32 61 32
58 10 1
31 45 0
29 24 0
53 41 2104
46 49 42
3 39 1
9 9 5
10 53 45
54 47 0
50 27 26
55 26 8
37 2 53
1 61 2
13 35 4
8 5 61
4 27 36
25 39 14
13 14 22
1 53 1
41 62 1
33 60 54
31 63 63
51 39 35
3 61 6
21 26 57
37 65 52
45 65 53
28 6 0
57 22 10
18 63 55
52 43 6
26 38 12
16 41 9
2 47 27
57 69 1
63 14 1
68 13 26
17 17 19
27 63 37
61 7 38
65 37 3
44 27 21
21 14 14
62 36 0
24 44 34
60 61 30
13 6 28
56 59 1
45 28 51
57 6 1
3 30 7
55 67 6
60 10 28
37 47 27
61 62 20
12 70 0
55 56 9
36 4 57
28 46 2
35 63 19
43 17 11
3 32 1
20 58 23
61 38 2106
24 7 17
30 9 2
11 38 58
7 15 7
25 17 8
58 34 7
11 67 17
39 7 2099
46 33 4
31 2 7
44 32 25
66 55 19
59 2 1
16 29 27
8 18 6
21 11 58
61 48 21
42 16 21
37 25 1
47 60 37
19 19 48
43 29 4
36 43 11
9 54 29
18 22 3
23 17 19
11 61 57
11 51 2
53 3 3
7 56 61
38 11 12
1 12 3
19 50 22
15 37 3
20 26 53
27 47 15
64 60 54
9 11 50
18 51 4
52 43 63
8 28 54
39 30 61
21 62 4
12 7 15
20 16 1
22 19 13
43 37 1
16 68 2104
21 26 0
45 16 11
15 45 17
45 13 2
61 66 13
67 67 55
47 21 23
51 5 60
6 43 58
40 49 1
8 60 19
22 15 1
34 3 0
10 20 5
33 21 0
6 66 59
63 55 5
3 23 9
43 40 8
36 64 22
1 69 8
4 44 3
46 57 0
12 68 50
62 28 0
1 17 27
44 34 51
37 54 53
62 41 0
6 23 15
41 58 2083
59 37 1
11 31 54
70 1 0
22 52 14
70 13 0
3 45 10
58 38 1
21 53 53
25 30 59
35 54 3
41 22 4
34 5 48
37 8 28
57 54 37
23 26 25
5 48 6
15 13 29
37 51 1
64 26 9
69 51 0
53 15 2
4 25 8
35 52 0
6 28 55
9 54 11
57 45 41
12 8 8
16 35 2
14 31 2
33 11 0
70 45 9
70 47 5
40 3 2
54 70 19
49 40 58
12 12 10
11 31 11
3 2 2106
44 12 3
12 61 31
4 48 22
37 47 0
27 56 52
42 4 19
46 41 53
7 24 58
42 35 2
31 40 26
46 21 46
9 9 13
55 49 2
11 40 0
10 24 51
43 13 1
9 17 23
59 37 19
62 8 57
52 32 2
67 7 23
1 65 4
20 35 25
26 7 3
65 64 0
41 47 25
61 19 13
58 59 6
37 44 28
16 68 1
22 51 4
9 49 3
33 61 0
6 62 1
41 21 0
29 54 28
29 45 13
43 1 14
5 52 31
55 69 23
21 46 46
67 14 0
52 49 16
59 43 2092
32 8 9
62 28 20
61 6 0
31 3 3
70 1 13
26 56 41
59 57 3
32 55 22
44 57 9
9 33 33
8 67 14
33 33 6
45 29 5
4 55 20
49 10 54
42 45 49
25 21 39
14 61 3
48 29 27
9 13 0
35 49 14
9 51 6
62 10 8
25 21 2
51 2 5
33 58 0
57 17 5
29 25 61
4 45 25
46 40 54
4 16 2
9 39 19
25 41 5
14 6 8
47 48 1
9 22 0
22 31 2
33 46 0
70 28 43
65 64 61
6 38 48
24 42 13
19 41 61
20 35 12
10 69 16
20 17 1
32 52 18
49 46 2
26 10 9
8 65 34
2 28 59
8 68 11
5 36 35
66 18 15
7 17 16
12 9 8
55 52 23
55 35 13
28 69 6
31 54 10
52 25 3
18 23 2
56 35 7
36 51 6
61 64 30
15 39 51
51 48 11
1 32 9
51 56 36
41 20 3
32 70 1
19 6 49
70 19 24
13 62 14
18 35 61
29 20 26
3 60 1
69 14 4
45 47 44
67 52 12
31 9 15
6 59 4
50 48 36
35 9 27
55 64 40
63 28 17
65 59 51
58 68 25
63 45 3
2 8 0
30 6 43
31 32 63
32 57 44
65 51 2
13 29 2061
48 26 10
42 66 23
60 3 7
25 39 22
37 19 9
1 22 16
66 26 2071
52 18 28
63 24 18
5 52 2
9 43 7
11 56 59
47 16 50
43 22 62
53 58 56
65 30 15
46 57 13
16 46 9
61 3 0
33 58 18
48 27 56
46 69 43
61 1 22
10 33 1
2 49 2
10 61 35
40 18 47
27 10 49
61 59 0
65 27 59
61 66 18
33 32 34
30 37 59
70 40 17
4 41 0
32 64 23
66 42 30
67 43 14
40 43 11
2 70 57
20 39 5
22 8 0
30 30 7
26 35 54
69 33 8
38 57 20
9 39 57
43 66 2
12 38 8
44 27 2
63 37 7
38 42 3
62 67 11
49 58 28
11 11 6
57 43 0
1 43 19
59 28 51
41 15 15
22 39 51
25 28 1
19 46 55
4 37 1
10 24 3
59 37 3
48 69 2103
52 6 56
4 29 60
57 56 1
53 58 0
48 51 9
46 3 12
44 8 24
26 32 0
11 22 42
45 28 32
68 53 1
69 6 1
67 51 3
12 46 42
66 65 1
55 32 28
70 3 37
7 30 4
3 59 24
65 31 32
9 41 43
61 38 2
41 31 2111
20 6 9
47 57 12
39 47 29
27 19 1
39 22 48
16 24 25
63 5 11
62 2 23
26 42 9
9 15 3
68 59 0
1 42 25
45 30 45
68 52 1
33 21 18
16 31 4
39 41 4
6 30 34
10 26 15
38 15 10
53 25 4
37 29 3
20 55 8
20 37 55
56 24 2098
69 54 1
29 9 0
37 9 26
42 5 29
7 62 0
48 1 0
47 65 1
63 49 7
65 7 15
10 8 52
57 5 56
22 6 0
13 17 28
39 1 9
70 63 3
13 12 1
6 15 7
25 39 6
51 40 31
56 34 23
59 20 61
8 8 1
35 2 49
68 69 16
44 55 37
19 68 14
69 66 6
55 28 2101
54 30 43
29 48 15
43 30 31
7 27 59
42 17 1
10 21 31
70 3 31
31 20 30
11 61 13
22 36 11
7 11 2
62 6 46
63 22 5
69 67 6
21 45 5
20 9 0
35 36 62
9 5 14
23 23 5
67 46 3
67 59 6
19 41 26
47 29 43
13 24 15
45 25 12
16 15 0
17 37 49
20 1 0
23 66 5
39 23 41
40 11 2059
54 57 0
61 50 37
1 39 22
18 49 15
23 7 57
68 19 55
1 35 39
61 55 7
7 16 42
38 61 2
26 23 49
4 41 12
21 43 26
16 70 9
47 25 6
45 49 23
38 56 0
63 40 3
29 47 57
15 22 26
67 5 0
63 24 3
19 51 32
65 50 15
70 39 1
40 45 3
40 18 1
32 13 5
6 47 3
9 28 3
33 64 27
39 42 54
32 13 62
46 44 53
48 42 6
6 54 0
36 4 30
12 19 2087
3 56 53
62 44 15
39 31 0
4 41 19
39 54 45
6 27 25
29 4 15
63 28 45
5 6 52
63 17 2077
26 15 0
63 40 28
6 59 0
27 18 1
11 14 7
22 63 16
15 14 0
3 57 38
36 30 61
17 22 21
24 52 4
28 60 28
6 32 1
10 38 39
66 8 1
29 3 28
45 21 0
56 7 59
15 64 23
30 51 46
70 52 5
19 31 0
45 12 11
50 25 61
42 19 9
50 47 15
12 34 1
6 45 62
41 47 25
9 63 59
27 38 0
36 2 0
22 3 0
69 31 16
32 67 16
39 16 50
68 69 61
1 32 37
41 24 46
12 1 10
40 15 0
57 26 58
48 55 10
17 9 1
8 24 55
51 29 0
5 57 3
36 11 24
20 54 19
33 68 4
43 54 36
68 34 2
31 54 1
7 40 12
59 63 7
66 51 3
44 61 59
65 10 8
15 38 53
68 31 31
53 45 9
42 44 2099
15 21 10
41 13 24
31 3 6
27 14 35
59 46 36
44 22 2093
66 26 25
20 30 1
33 11 20
11 53 63
63 67 0
53 43 60
42 21 27
44 16 7
16 65 2
33 26 1
45 37 44
1 68 9
22 49 6
27 11 30
35 55 6
30 30 7
43 32 2055
31 55 14
38 57 3
47 58 13
66 66 48
62 55 7
65 23 1
13 43 1
47 7 49
63 39 1
49 8 0
41 6 3
58 7 2
9 42 17
34 42 7
32 43 1
46 49 0
54 4 13
8 41 0
43 13 1
2 57 44
18 67 9
28 27 8
29 25 12
4 8 24
28 38 13
13 38 14
58 23 37
30 33 8
13 55 19
2 43 58
62 41 1
56 22 0
40 45 20
27 62 6
63 4 1
44 53 17
21 20 2
59 64 12
31 63 2099
61 60 62
70 24 5
16 55 0
13 64 1
24 19 42
43 62 54
55 16 2064
28 29 34
10 14 1
8 11 13
34 21 0
27 35 28
11 64 2
64 54 21
14 63 20
22 37 28
30 61 41
4 24 34
62 39 3
25 65 17
33 47 1
4 68 0
62 25 9
43 28 15
7 64 2
28 38 1
44 32 62
40 3 7
57 67 33
17 13 4
23 65 37
64 35 2
46 67 2091
12 25 1
22 70 2
67 1 1
42 53 7
54 65 2108
55 48 53
40 19 21
69 66 1
50 59 15
13 63 9
5 18 42
1 48 61
15 9 3
39 34 18
28 31 0
54 11 30
59 16 41
42 39 9
64 8 20
61 23 51
4 41 48
67 39 1
13 52 60
43 2 0
66 48 21
38 3 0
38 1 2
7 51 3
28 65 1
57 50 39
8 27 32
54 8 58
5 32 0
52 47 5
33 21 18
20 16 1
54 3 2
47 15 13
64 55 1
8 40 0
32 30 0
35 51 12
50 64 54
22 57 13
18 52 4
63 12 30
11 42 0
49 3 34
70 37 0
47 43 1
17 69 60
44 47 2
65 2 62
8 54 43
25 54 11
48 54 2
51 35 32
28 59 0
50 36 17
27 2 33
14 21 19
26 36 3
5 23 35
39 40 63
47 18 42
5 57 27
45 3 35
43 20 9
69 21 2
51 50 42
41 13 9
40 52 59
37 59 31
46 69 27
8 55 54
66 1 0
19 11 2081
65 70 28
28 56 4
30 46 3
10 14 0
39 62 3
24 6 28
36 27 21
36 36 0
10 27 42
68 46 1
28 62 25
65 57 38
38 29 29
18 17 27
8 59 0
70 7 43
31 2 42
61 34 9
31 8 4
25 7 32
28 34 25
23 65 55
70 67 26
14 7 29
70 5 1
33 7 1
20 49 6
28 28 19
22 42 0
4 46 11
66 53 4
15 62 8
20 63 20
31 30 3
69 30 15
51 37 23
27 49 2
55 29 2
63 37 42
63 11 6
54 44 8
63 46 59
30 6 52
48 65 21
55 51 1
4 52 13
64 2 37
41 21 3
9 65 36
38 66 39
69 7 0
67 23 1
20 61 63
7 52 10
9 68 2054
3 53 1
9 45 2081
34 31 2077
32 45 62
17 4 0
20 23 7
57 9 3
66 19 14
8 64 47
63 18 5
8 38 0
70 22 1
19 66 35
54 10 1
39 69 49
11 70 1
6 38 14
26 41 44
9 24 24
56 49 12
51 25 20
48 39 4
55 37 4
12 20 44
13 18 31
58 49 0
41 54 1
65 69 0
55 7 0
15 29 41
35 2 3
5 9 3
16 1 1
42 26 22
8 58 27
36 16 46
62 57 0
38 61 3
29 18 40
45 46 41
22 69 2088
38 61 3
53 55 3
2 4 43
7 66 17
21 13 0
9 59 40
15 63 44
45 54 20
17 31 0
3 22 4
25 49 62
67 3 39
32 33 45
36 41 24
29 62 33
47 39 4
57 7 0
25 50 1
5 19 56
28 68 3
59 16 1
36 26 18
45 60 38
59 6 13
24 15 22
2 27 61
21 57 10
49 2 50
53 59 58
38 29 2057
68 17 1
27 67 0
14 42 2
49 53 42
14 50 2
51 27 32
22 26 11
3 69 41
14 55 35
41 53 41
24 12 2
32 70 3
2 20 13
58 42 39
36 20 16
58 65 2073
39 48 3
34 9 6
44 33 42
49 70 27
20 42 1
6 1 3
31 8 11
56 38 2092
53 1 22
29 29 1
31 46 34
20 55 5
52 56 63
44 12 33
21 6 21
27 65 60
19 40 57
59 64 8
17 32 16
29 24 35
48 27 3
24 29 18
56 31 2092
31 3 22
53 53 6
45 41 20
2 1 12
48 63 0
64 26 50
7 63 19
18 27 19
43 19 3
24 37 4
67 34 30
34 59 14
53 29 52
50 2 8
27 66 52
55 8 22
38 67 40
62 70 16
65 25 6
13 25 27
36 63 1
55 54 32
12 19 11
59 63 18
48 55 13
54 42 15
34 40 16
70 16 38
37 2 59
31 26 0
26 50 1
29 5 3
30 52 4
26 30 30
69 70 38
28 39 9
41 55 50
8 60 51
22 65 28
37 63 8
22 3 61
12 2 13
69 1 32
37 23 50
37 51 55
15 53 2
43 9 19
46 50 54
58 65 2088
27 11 6
27 58 3
32 13 46
67 11 1
13 66 50
54 12 3
16 45 7
34 31 55
33 49 2
1 41 53
13 64 15
52 66 1
65 29 1
26 6 16
40 8 36
15 3 7
30 45 16
47 62 46
28 49 18
52 68 34
30 33 1
56 42 12
62 62 2
9 69 15
28 30 44
51 34 5
39 66 1
11 28 11
56 10 7
14 13 55
58 41 13
38 40 52
37 38 60
15 23 2
55 53 6
48 8 61
70 61 8
11 24 36
14 16 1
65 12 57
56 28 50
4 3 55
28 18 12
60 50 27
37 34 0
52 61 19
30 28 0
70 70 31
63 16 2073
53 63 16
31 55 2
7 45 3
26 68 14
8 16 20
22 53 50
41 58 38
52 45 3
28 66 55
59 46 59
47 9 62
56 12 4
37 54 1
22 57 1
30 15 18
59 60 48
24 10 21
25 70 0
15 69 4
44 55 23
17 30 38
57 22 20
34 47 1
58 51 0
7 30 1
5 14 0
47 18 6
45 3 0
19 16 35
8 7 7
2 64 1
67 59 3
53 57 6
32 50 30
2 38 0
41 38 60
62 36 15
63 12 40
23 10 6
49 57 13
31 39 3
66 24 2
20 60 7
4 48 5
40 27 21
5 24 21
62 32 60
63 41 2053
68 26 63
32 65 12
16 22 25
68 41 21
34 18 1
33 40 40
3 11 1
70 52 31
32 44 57
27 48 3
70 16 2090
33 28 0
45 60 54
43 56 2
56 9 41
52 67 2093
9 10 1
7 19 24
35 69 19
70 12 3
8 54 30
58 49 0
51 3 10
56 69 10
55 35 60
20 5 33
40 44 2056
34 17 55
58 27 2055
36 27 0
28 28 2
10 4 56
70 60 0
39 10 14
64 69 63
24 48 3
3 68 5
43 4 0
43 25 31
45 18 56
61 29 26
15 52 5
24 53 50
23 60 42
10 9 1
35 39 13
52 41 44
16 43 1
49 36 1
54 62 50
25 35 0
59 58 26
46 27 1
37 27 5
13 13 32
61 36 3
17 54 40
9 45 56
63 69 1
17 12 24
69 3 0
27 56 57
42 8 21
47 30 2
62 35 42
1 19 55
51 63 0
44 17 3
15 35 1
38 8 4
22 31 0
6 56 58
35 57 23
52 65 32
59 50 27
56 18 63
54 11 38
53 22 0
33 29 4
21 51 0
69 35 1
24 62 1
17 37 60
40 14 8
53 38 16
42 26 3
34 32 32
43 3 2
7 39 41
44 19 19
62 60 33
59 68 17
36 17 24
60 36 36
69 65 19
43 34 10
17 7 1
13 2 4
58 10 2
18 28 56
52 26 4
53 25 5
55 49 16
1 16 4
66 11 58
45 1 48
49 37 15
8 45 19
58 62 10
13 28 0
14 67 9
42 51 45
12 3 0
45 8 1
39 63 1
60 62 2
19 37 30
21 32 46
9 17 1
30 17 0
48 30 1
69 39 2067
46 67 2080
45 32 2
61 8 7
17 67 2061
33 35 34
3 24 9
19 63 51
15 41 44
55 65 0
57 38 45
47 5 53
18 43 0
8 10 36
29 13 20
15 52 46
28 25 22
48 41 11
5 17 1
68 28 3
41 7 1
65 24 47
4 62 8
22 12 35
45 36 25
44 21 17
13 70 4
54 19 0
10 22 2076
29 9 62
27 37 43
61 41 2
20 36 58
25 12 28
48 34 3
59 30 47
18 17 1
13 61 50
65 51 60
27 63 0
23 62 5
15 27 1
34 50 39
24 35 5
40 12 1
51 38 31
52 1 5
57 44 20
23 28 3
50 33 14
67 4 0
29 20 2058
30 70 2
58 10 28
4 33 25
62 5 30
46 27 11
30 35 46
35 40 4
43 17 33
60 2 12
47 16 17
1 24 1
3 15 1
65 1 4
65 15 6
36 32 23
43 16 57
4 69 30
20 15 6
27 64 40
60 33 3
54 18 28
11 31 9
53 49 0
51 47 1
32 26 47
40 20 47
8 7 20
66 16 53
20 16 1
39 4 27
65 62 6
47 51 2
64 13 0
20 26 34
19 36 23
42 5 43
32 53 11
44 22 22
1 44 8
21 40 13
30 68 1
33 17 21
55 48 16
1 69 46
7 40 7
62 60 3
47 7 1
63 62 50
47 68 46
31 11 26
28 63 7
38 57 19
36 1 63
39 2 2
67 62 63
22 21 18
67 2 0
51 33 1
39 37 47
66 17 12
23 43 6
6 66 24
5 44 36
57 54 5
54 62 52
64 66 7
29 7 1
51 15 0
62 49 30
62 47 22
48 24 1
40 9 44
8 67 15
7 44 2067
46 55 1
1 54 40
23 30 11
52 22 1
2 28 4
17 19 0
16 20 58
23 34 2067
69 8 2069
24 53 1
7 37 41
69 14 50
25 20 32
66 68 6
15 68 2067
45 1 43
3 19 23
57 68 6
35 52 1
43 39 57
5 68 63
36 14 2073
37 10 6
30 36 45
33 54 13
66 34 49
25 28 54
58 44 1
44 28 3
7 43 13
37 9 2
10 34 20
37 38 3
51 49 59
57 45 58
67 32 47
46 11 7
11 33 7
37 13 1
19 21 58
51 6 56
55 53 8
58 30 35
58 52 4
46 39 6
22 66 12
69 63 2
31 44 15
22 66 4
9 61 9
40 29 27
29 31 3
32 25 0
28 6 4
41 21 31
15 26 3
63 54 2076
6 3 0
22 41 17
51 55 62
37 8 27
15 1 15
7 46 0
29 4 5
56 37 30
22 49 17
52 16 29
52 12 26
27 66 2
53 29 2
23 35 20
37 23 48
63 9 3
61 36 0
69 68 39
32 29 30
68 28 12
39 17 1
48 48 20
47 12 1
39 42 11
62 35 26
58 45 31
19 19 20
43 59 32
7 31 31
3 24 16
6 23 6
1 20 10
17 21 1
56 13 24
22 66 0
17 17 10
67 59 18
13 22 13
7 4 35
63 66 34
38 8 19
1 9 7
13 25 58
21 47 20
66 6 60
43 69 3
24 16 0
43 20 3
9 6 24
25 45 10
62 21 31
63 20 17
19 6 48
11 1 3
7 8 2
4 34 12
69 20 2081
18 16 2
50 18 2100
46 58 5
24 59 6
1 15 3
6 17 1
5 43 55
5 5 22
25 49 21
7 22 0
10 28 0
31 40 1
54 18 3
61 60 3
31 47 12
66 6 5
32 42 52
2 29 4
50 51 12
7 69 1
34 35 23
51 66 45
21 61 8
48 45 5
68 63 41
70 9 0
4 37 20
43 15 5
15 46 29
51 61 43
41 44 33
51 35 0
39 61 2
54 59 23
35 13 3
6 16 2
42 44 0
17 41 16
33 69 43
53 56 6
17 42 2
34 53 21
61 22 8
4 31 19
1 5 30
9 47 0
18 3 30
49 52 51
35 12 3
31 55 28
19 11 1
47 39 20
64 61 5
43 62 61
70 34 6
47 57 2065
60 59 8
9 5 0
16 32 40
66 32 13
22 26 3
54 13 7
30 36 7
8 13 10
36 62 12
17 31 53
52 58 29
34 68 11
29 46 6
52 29 15
22 60 61
43 33 5
6 30 6
19 27 62
7 65 2
27 1 12
68 54 27
42 41 15
47 45 20
68 62 30
26 34 59
37 70 23
44 19 50
56 61 25
23 64 45
11 13 31
1 9 6
49 15 32
24 51 2101
3 20 0
41 44 16
39 9 54
53 23 55
28 17 3
17 39 11
37 45 12
43 50 5
27 41 27
52 34 15
43 9 11
44 42 0
5 8 0
68 40 44
19 23 7
49 65 53
66 60 46
58 8 3
4 29 1
8 7 14
37 51 42
36 57 43
65 30 1
55 30 20
2 36 1
46 42 23
66 47 6
59 62 2093
62 70 5
29 30 39
10 58 2
49 34 4
37 58 2
3 44 0
67 46 17
61 68 3
42 67 0
45 24 12
57 61 37
52 24 31
34 40 7
35 16 29
64 1 2
18 5 1
51 38 0
54 5 48
29 70 54
38 67 0
50 26 1
49 24 0
38 31 61
66 63 57
54 30 8
5 1 30
10 4 4
62 9 25
33 24 6
46 24 60
17 3 0
8 24 4
68 48 10
17 51 24
62 56 15
64 9 41
49 55 53
27 45 1
24 44 32
13 9 57
1 4 1
9 56 56
12 18 0
28 40 20
6 28 36
9 19 3
68 21 3
69 31 6
11 28 55
27 69 8
64 46 7
31 63 9
68 20 45
54 35 21
54 52 57
52 67 1
28 67 14
47 66 1
50 22 36
46 22 55
58 52 0
29 14 3
6 39 49
52 42 28
6 18 2083
62 60 52
6 45 57
40 21 1
34 58 48
30 45 10
6 51 47
2 56 37
25 52 14
34 56 2
48 22 63
3 60 1
58 57 3
56 23 19
12 1 33
69 11 15
21 29 1
47 34 3
35 20 2082
56 5 8
60 45 21
54 57 15
21 36 24
43 46 37
37 34 3
51 29 1
8 11 44
13 18 1
65 10 1
5 28 36
65 49 3
28 13 3
8 57 0
30 26 63
19 10 0
54 35 0
28 12 35
40 24 5
62 64 11
41 63 19
50 70 59
30 44 25
42 36 44
69 30 1
19 14 20
28 57 49
43 21 17
67 38 10
37 52 42
42 12 46
49 44 42
43 52 6
48 37 2
11 47 3
20 69 31
23 16 0
26 56 1
42 26 4
70 25 10
70 59 5
70 27 2080
67 7 4
29 4 57
62 5 32
15 57 25
47 35 49
43 69 8
30 17 8
23 42 60
53 54 17
34 24 1
67 1 0
34 51 2
52 58 62
63 19 24
4 4 63
3 28 1
15 34 45
62 11 13
38 63 0
56 41 2
55 53 16
11 47 36
32 47 36
36 37 0
62 50 0
10 12 39
48 21 61
5 55 7
26 43 2
40 47 1
10 65 13
6 47 2
38 69 29
39 24 2070
61 44 36
4 8 14
58 7 7
1 6 2
65 27 0
3 12 50
10 28 56
35 39 26
35 28 6
2 4 2
14 1 7
25 24 50
19 19 0
47 15 3
16 30 48
53 29 57
24 66 15
2 62 57
54 33 7
56 55 2
3 38 2
18 49 10
2 27 44
41 44 6
10 17 44
59 58 2
28 64 9
6 48 2
28 14 29
40 19 8
61 51 2
30 48 24
4 70 14
12 31 2
8 13 3
14 50 5
6 69 22
34 45 1
48 25 1
64 20 0
30 36 5
40 31 0
62 30 7
47 25 3
15 13 7
38 64 2
66 3 7
56 26 25
4 20 20
33 4 2
35 54 10
10 12 13
11 11 1
44 35 26
38 67 2
57 53 0
48 8 2086
67 9 14
68 65 33
18 52 11
8 28 0
10 60 28
25 49 30
21 37 42
2 29 23
60 51 1
18 6 43
43 67 59
40 30 24
8 7 0
28 41 23
26 61 0
49 17 9
30 8 62
68 40 37
67 48 55
66 63 12
27 59 13
21 54 7
37 36 1
60 5 0
61 63 24
53 47 4
3 23 17
2 17 9
1 69 0
37 64 1
29 67 32
66 61 40
38 66 45
57 20 8
68 64 17
38 26 63
36 8 28
10 60 5
16 15 35
34 14 37
56 19 6
16 26 14
36 45 4
4 53 58
63 64 2055
27 63 20
35 65 49
65 39 54
14 47 28
70 27 19
70 16 0
40 24 25
26 55 28
30 58 7
14 58 4
24 18 1
36 10 8
29 55 1
32 65 57
38 64 2
30 55 37
66 6 2048
24 34 62
69 45 34
3 42 14
26 50 14
62 23 44
2 50 42
67 12 0
1 63 0
50 63 2
47 15 1
20 26 6
33 32 48
42 48 7
26 21 16
56 22 49
57 60 1
7 62 33
23 40 16
47 42 12
66 60 48
51 24 55
68 54 2
57 15 2
47 22 2
63 62 3
69 37 56
5 33 59
14 29 3
36 13 44
43 29 10
35 1 61
19 60 2075
36 45 7
36 15 21
65 38 63
1 36 1
68 7 36
4 39 0
32 33 25
4 64 47
29 50 2
65 18 0
52 29 5
24 67 45
70 41 6
56 34 1
63 55 22
7 50 57
17 44 62
38 9 0
54 32 51
12 14 1
66 10 1
55 60 0
15 23 26
49 48 14
28 23 0
64 68 35
64 63 51
7 14 0
56 38 5
33 10 12
49 51 29
22 29 7
41 40 1
55 57 62
52 66 2
22 62 27
43 61 4
10 11 63
59 65 0
39 31 23
62 40 2053
51 27 18
17 4 4
38 41 0
24 54 1
31 25 63
48 2 0
39 25 5
4 11 25
43 34 36
67 26 0
45 11 1
70 41 3
50 47 1
11 35 2108
34 18 2061
21 8 0
43 2 1
38 3 28
19 55 4
42 26 14
61 12 2093
53 15 1
12 4 53
40 35 12
65 14 3
52 39 26
34 18 38
8 26 15
55 20 11
55 7 56
54 38 49
27 39 2095
31 51 2
57 6 11
24 59 1
21 62 3
31 60 61
17 65 63
55 51 49
42 11 49
59 36 0
3 34 42
32 14 7
60 34 44
1 58 30
63 10 48
34 6 7
27 57 3
67 65 0
11 43 26
60 46 0
11 56 19
60 39 40
7 1 55
36 52 3
13 56 19
47 3 52
7 39 9
42 41 4
48 1 26
14 52 3
39 53 29
26 55 57
17 32 3
31 49 30
50 1 2086
67 35 43
16 14 14
54 18 51
12 13 49
38 26 3
42 65 12
67 40 10
34 65 24
43 9 11
32 29 0
25 4 11
41 64 33
6 49 3
42 51 2
27 48 25
28 67 9
50 10 60
6 53 9
21 48 0
17 6 25
29 70 3
35 58 1
48 41 14
39 48 26
70 64 43
66 7 6
11 9 17
32 1 35
70 4 2077
49 4 0
42 54 1
43 31 5
48 40 47
43 41 5
9 67 35
49 31 63
32 17 56
39 26 1
58 5 21
27 5 58
13 70 29
47 45 22
40 19 0
13 19 0
62 54 12
50 38 4
1 15 49
37 42 61
33 16 47
58 14 0
14 17 55
45 41 6
19 46 6
26 15 26
25 53 1
7 43 61
58 35 1
33 37 20
25 67 2
10 9 1
57 24 48
2 2 1
70 62 2
5 51 34
61 25 2
42 43 0
22 57 59
46 44 48
22 5 20
27 14 9
68 68 13
70 12 2
65 20 12
64 49 35
48 45 1
44 12 0
17 17 44
50 23 9
16 46 21
65 70 61
58 51 1
63 10 25
58 30 6
66 7 3
3 37 2078
60 30 2
29 23 45
29 8 56
44 20 53
3 51 0
24 19 9
12 13 61
48 7 17
26 65 9
28 36 39
27 31 2056
38 11 14
25 24 26
54 25 19
30 17 31
26 33 1
50 4 41
68 9 47
32 32 1
36 10 32
56 31 15
39 46 11
34 7 26
26 35 15
42 14 28
16 27 6
22 28 49
25 42 30
5 10 25
29 26 12
59 4 31
47 52 2094
2 18 14
33 23 44
59 48 31
70 19 28
25 28 28
20 30 4
17 54 53
8 11 0
10 68 54
53 56 60
55 34 37
26 33 31
52 48 2
1 18 2
9 25 22
66 66 28
38 9 1
11 12 0
19 24 12
57 28 34
21 24 22
10 10 59
51 4 3
47 19 2105
24 60 41
3 42 62
39 61 6
45 54 3
32 21 57
44 17 12
7 19 8
49 50 2
27 43 3
3 50 6
68 54 14
33 37 4
12 33 16
19 22 12
22 30 8
5 6 2
43 12 2
36 52 6
33 14 13
5 22 29
55 19 6
43 9 49
60 6 46
14 30 8
61 64 8
7 22 14
30 32 16
59 39 33
8 43 9
11 39 0
33 46 1
16 25 10
14 47 8
16 33 0
62 4 3
40 18 19
64 61 13
38 42 27
3 29 43
64 25 4
54 41 52
64 19 1
60 66 1
64 35 47
14 57 25
68 4 38
64 40 0
47 32 1
26 27 27
65 14 2
28 57 0
19 11 24
15 11 3
53 9 38
63 16 53
29 35 16
15 58 9
58 38 8
63 23 28
67 10 56
5 61 0
32 1 57
30 18 24
11 7 2068
53 63 10
17 35 4
2 23 29
13 19 15
66 9 16
38 51 1
7 28 0
47 35 1
40 3 27
45 44 0
13 29 0
6 9 7
5 39 28
13 34 25
26 11 4
12 25 29
46 66 0
65 31 1
35 31 0
22 21 34
20 8 51
14 63 29
27 63 2053
43 11 12
25 5 2057
68 43 26
68 61 7
31 40 2
46 53 53
52 65 15
43 31 35
70 47 6
4 1 47
32 47 59
52 41 12
48 28 0
21 1 3
48 9 27
32 2 29
38 59 36
7 1 5
53 12 21
34 68 16
11 36 29
4 49 0
53 50 1
57 31 47
36 26 4
31 16 2
70 50 12
2 20 9
28 43 7
23 2 0
62 28 1
26 36 1
49 49 2073
7 54 49
41 58 5
24 25 37
37 54 38
4 5 0
10 6 23
58 46 37
50 60 0
21 17 23
4 40 5
68 12 10
26 45 11
12 28 30
6 45 1
54 18 54
55 46 1
10 28 27
69 36 38
10 32 39
16 12 18
66 11 2
10 56 37
49 7 13
25 10 48
53 42 36
27 52 42
69 44 42
31 16 1
65 5 9
35 43 1
28 18 44
27 35 24
65 63 32
1 23 30
54 50 0
61 58 2
33 13 7
6 44 14
51 62 31
50 4 41
7 22 46
53 67 0
37 27 2
60 32 44
18 58 49
11 62 11
56 4 31
30 35 13
11 64 36
36 12 18
40 68 27
23 19 0
58 5 18
19 57 0
9 24 14
22 54 29
18 16 13
43 10 2065
68 23 5
58 2 53
23 66 28
53 22 5
23 39 42
40 10 6
3 45 1
40 65 14
58 46 4
68 12 14
67 22 20
54 39 2070
13 69 56
34 12 29
16 34 43
65 35 0
45 22 32
62 62 2068
38 42 0
5 59 45
30 2 42
20 14 17
41 28 26
66 6 6
14 30 45
2 12 9
38 49 1
33 68 39
14 14 13
11 27 17
17 34 1
25 25 1
48 54 38
29 47 3
54 60 0
66 56 40
30 16 1
12 44 10
47 26 1
22 62 5
28 47 43
36 25 51
48 15 0
51 40 9
69 16 7
22 24 1
46 46 51
60 66 11
25 67 46
35 8 19
57 56 5
10 63 52
4 30 24
20 16 6
14 61 25
6 12 18
28 41 3
2 7 8
51 23 13
63 53 1
25 65 56
31 55 2079
38 29 1
22 25 55
21 33 11
54 40 42
40 34 2065
16 40 31
51 19 3
22 12 6
25 12 4
21 25 19
50 9 4
18 16 37
3 6 51
63 47 36
63 49 42
43 11 28
21 58 22
3 22 10
1 5 2
53 57 0
14 70 56
44 49 16
32 42 42
16 10 36
4 6 1
58 39 44
23 64 2083
42 13 38
44 11 35
25 35 0
14 48 20
34 39 18
42 32 13
47 4 52
56 48 49
1 3 6
8 63 7
3 28 39
5 67 24
62 10 49
60 57 11
65 9 2051
44 8 58
24 54 60
54 6 58
59 52 0
17 66 9
60 67 4
50 63 40
24 62 35
24 70 16
60 30 3
52 45 11
37 48 45
4 47 3
12 14 9
19 68 0
29 23 3
39 3 56
41 32 63
54 33 23
11 69 5
68 46 0
43 44 37
28 15 23
9 1 7
46 38 2059
64 41 2076
10 30 37
44 53 37
8 24 46
69 6 9
15 2 35
35 58 4
43 24 17
34 62 4
54 42 1
52 40 7
5 64 43
39 65 1
43 51 33
5 62 0
16 25 20
51 68 19
22 3 2
43 45 7
69 29 33
64 43 26
61 22 1
35 63 44
18 57 34
64 18 1
42 24 3
25 45 16
11 58 2
56 68 10
35 37 36
69 31 49
68 21 41
28 48 2076
11 52 20
7 3 5
52 21 58
32 39 2
30 37 0
35 70 3
33 16 17
10 13 4
9 19 1
43 67 26
1 30 0
60 40 8
21 67 14
21 6 15
12 13 32
47 28 51
68 6 24
52 34 35
14 13 5
30 24 15
49 13 18
2 50 8
27 4 23
56 8 2
69 32 44
13 10 27
49 57 7
26 22 31
9 24 58
56 61 44
59 61 0
29 46 1
53 65 6
6 37 4
24 46 10
1 13 13
66 30 37
1 2 45
65 31 11
39 31 20
47 40 38
3 39 30
48 13 19
56 8 43
67 4 50
10 69 3
67 13 38
63 49 6
34 67 10
65 52 3
18 49 23
24 62 7
46 69 45
33 31 44
11 7 21
20 56 3
40 25 46
59 34 52
68 52 1
68 15 55
4 3 35
54 7 44
57 54 2
2 62 40
34 18 15
43 64 2
27 17 6
10 26 3
29 16 6
40 31 5
65 1 1
65 9 5
70 59 23
35 68 40
45 44 3
45 34 43
17 14 53
3 10 18
37 49 3
45 50 2048
40 66 0
21 67 23
37 67 1
26 48 8
23 44 3
21 39 2
22 33 4
15 2 59
19 8 14
65 45 6
5 69 0
62 7 1
67 57 1
51 43 48
25 31 0
45 37 9
45 66 5
41 21 1
66 19 3
31 37 1
29 46 3
70 15 7
10 24 25
68 5 1
37 48 56
41 52 57
63 40 6
57 4 40
43 29 3
70 67 12
44 17 14
69 17 48
3 44 15
63 28 56
53 53 1
10 22 0
29 11 61
42 67 46
48 3 29
56 12 33
19 5 1
44 68 5
34 69 23
37 36 55
38 17 1
35 43 13
57 32 0
15 45 4
60 68 2
66 68 36
17 52 40
51 5 0
68 23 2
10 59 16
29 61 0
54 24 48
49 17 38
27 6 11
26 13 2083
4 50 14
59 30 2
61 27 63
44 65 29
70 13 57
44 56 5
6 8 0
23 62 1
55 21 23
54 1 21
40 19 0
35 64 1
30 64 23
50 18 57
47 53 9
18 54 6
30 41 2048
41 54 27
22 62 2087
21 32 2
64 57 0
22 21 4
53 18 56
14 8 24
2 2 4
43 33 7
53 49 6
51 16 1
23 24 20
68 58 46
34 32 62
44 12 1
15 1 58
40 67 43
19 6 24
53 25 0
63 65 63
10 25 58
13 11 63
67 39 20
22 7 51
6 18 30
55 54 4
33 10 1
29 18 36
35 42 7
10 46 4
48 32 42
26 19 0
68 32 60
66 64 60
66 19 62
16 52 25
48 48 19
30 46 11
37 44 58
12 47 54
49 46 37
15 56 3
19 13 2
11 30 2
57 28 37
19 16 56
51 26 2068
46 22 58
21 33 30
14 34 4
4 62 51
70 54 14
64 5 0
56 56 8
5 31 19
23 10 36
60 37 0
15 66 49
12 63 2
47 53 48
41 67 41
50 59 0
63 32 49
13 10 61
69 50 12
70 17 6
11 68 2
7 34 15
52 53 0
3 69 3
24 46 18
6 26 54
26 37 5
21 30 19
3 32 42
55 56 32
25 70 17
47 39 4
14 4 0
8 28 11
6 2 55
44 6 2051
21 54 47
31 70 1
69 40 30
60 48 24
18 47 26
68 21 2
25 56 0
27 67 43
16 33 28
54 15 1
6 49 45
53 37 33
25 2 0
2 13 50
68 69 5
43 22 1
13 32 39
37 36 3
34 47 11
53 53 3
66 10 0
56 65 8
33 35 2
25 54 62
45 57 40
33 15 2051
58 6 61
50 57 33
11 31 18
38 4 21
32 6 52
53 19 30
64 2 6
55 41 50
10 51 26
60 60 0
55 61 2097
35 23 42
70 31 4
69 9 1
23 33 2083
61 33 3
12 49 10
16 41 23
30 33 13
55 21 8
10 55 1
21 55 22
20 29 32
58 29 7
42 5 1
10 66 24
52 29 5
43 45 3
33 4 2
66 37 54
52 11 17
47 48 20
37 45 5
7 37 11
24 29 2097
67 70 31
43 14 8
8 56 41
2 58 1
35 53 0
35 21 17
37 22 1
15 59 21
57 46 24
32 44 17
55 38 5
24 59 11
26 30 26
33 69 1
25 62 22
43 62 14
57 21 60
68 9 8
44 10 29
62 43 52
27 28 1
14 69 23
38 62 0
55 53 42
49 21 11
64 42 1
5 13 20
34 32 4
16 1 3
17 45 1
45 34 8
2 43 0
29 69 33
35 31 3
55 19 1
69 17 9
34 13 46
70 68 48
24 20 9
36 21 6
35 57 61
56 52 6
13 1 2
60 31 2079
38 64 16
61 32 38
11 13 42
17 5 0
44 6 6
19 55 22
47 64 62
37 69 40
63 50 4
7 18 25
34 16 40
27 37 9
29 18 1
40 63 11
35 49 3
46 8 38
56 44 34
70 45 1
60 36 9
41 1 2078
25 27 38
39 13 52
19 70 12
54 29 30
23 20 2094
60 5 13
5 54 0
58 22 13
67 25 62
7 31 19
44 64 0
53 48 0
49 26 4
40 31 46
31 25 51
31 18 16
44 61 6
9 54 9
50 64 38
50 13 32
1 40 0
50 47 16
44 59 27
47 53 59
10 22 61
63 35 41
61 47 21
66 6 49
60 11 2092
42 41 46
23 41 52
51 45 37
53 60 25
65 8 13
25 60 7
48 6 28
12 28 0
29 26 11
33 44 2097
42 15 26
59 17 6
9 16 1
55 68 16
18 9 2
49 61 49
49 9 3
12 46 54
27 10 6
2 25 41
6 4 43
33 28 25
70 36 56
20 44 54
32 16 60
2 43 13
45 42 45
55 39 50
69 7 2
57 33 7
10 13 2
59 40 22
7 64 22
65 40 2
20 36 35
40 44 54
38 36 6
68 68 2
24 24 48
43 12 10
1 60 17
29 47 16
36 64 0
35 44 24
2 48 39
53 20 10
17 20 18
26 53 56
39 8 0
51 30 11
22 62 25
48 7 53
13 46 24
27 43 0
52 55 2076
6 43 52
27 42 53
36 44 1
53 58 15
36 67 0
44 8 52
33 25 51
1 27 0
8 22 59
67 27 4
37 16 14
5 59 31
42 50 34
70 26 15
43 40 47
16 4 42
29 26 15
39 26 27
14 50 6
12 19 34
21 33 7
66 21 13
18 11 62
50 8 22
69 28 25
21 42 4
27 38 28
19 65 44
33 64 23
4 42 59
29 37 34
57 36 4
48 11 47
55 37 2054
64 40 0
1 14 2
43 44 13
43 26 52
8 21 22
39 27 1
53 6 35
57 62 3
52 64 52
36 62 32
24 64 34
70 36 4
23 52 27
24 56 7
44 34 58
27 70 13
35 20 7
60 31 2090
4 43 26
32 7 14
26 32 16
59 46 7
4 60 2108
36 36 48
34 10 22
50 14 36
70 41 51
70 7 4
2 23 41
46 31 21
51 43 6
65 53 21
19 36 34
32 32 37
17 53 5
52 44 0
2 39 33
6 5 2088
23 22 18
37 55 1
52 51 13
58 43 3
32 65 2
64 45 61
7 54 51
61 59 11
21 65 3
11 54 3
36 47 33
9 69 36
46 17 22
32 52 51
43 56 3
2 47 46
63 9 49
69 5 42
23 29 12
53 56 44
24 65 15
13 16 26
45 1 23
55 10 11
37 36 60
10 43 52
29 34 2057
19 32 1
57 47 0
29 44 4
60 25 1
30 60 2100
27 11 24
54 45 52
30 49 0
1 38 2
12 58 3
67 38 27
18 41 28
40 7 11
59 29 1
39 38 11
5 14 1
43 41 1
3 32 23
67 34 36
34 69 4
23 17 8
35 13 11
29 44 63
22 18 58
16 67 3
6 43 2
66 41 4
39 58 30
19 30 0
42 51 7
57 40 2068
5 70 38
4 6 11
41 58 5
4 39 28
37 66 6
42 33 0
33 34 1
51 37 23
40 48 4
66 54 17
62 29 1
8 1 1
59 59 44
47 67 2
56 23 12
70 35 40
49 60 40
54 70 35
6 5 0
40 39 1
70 61 3
69 34 26
10 66 1
26 60 46
5 43 13
6 52 1
32 51 0
69 22 1
63 24 3
45 1 3
19 13 4
29 4 30
27 65 47
29 1 1
12 46 17
60 70 3
19 64 0
56 49 31
13 35 29
45 24 22
28 29 7
63 67 15
1 30 14
53 66 23
23 19 39
70 3 0
62 36 10
65 51 13
43 61 23
37 31 51
43 49 62
70 23 43
5 21 12
67 34 1
67 35 63
38 25 15
1 25 0
70 5 32
51 58 6
4 47 3
13 41 14
2 19 12
51 1 4
66 56 1
1 28 3
32 48 47
21 69 1
54 61 7
44 23 2080
13 59 7
53 39 62
66 37 9
15 21 50
27 59 43
28 14 22
1 49 26
57 18 43
2 13 47
66 15 29
49 65 1
62 7 0
62 48 1
68 34 35
14 51 62
47 31 6
60 34 4
11 65 6
22 11 23
70 60 32
11 8 2107
48 44 3
46 13 2051
21 56 37
29 27 11
12 62 2
58 57 3
54 62 41
34 9 1
15 51 12
7 6 1
29 55 2093
13 70 3
61 13 4
18 28 0
23 32 39
14 61 20
24 27 10
50 8 46
15 6 4
35 32 56
65 67 2
62 25 5
68 69 13
53 52 0
12 47 43
63 13 0
54 57 22
29 44 42
47 44 3
13 63 20
10 51 40
60 31 1
37 10 55
36 32 36
7 43 7
30 4 11
40 36 11
30 1 11
16 22 60
38 22 19
65 40 1
68 11 13
48 19 2111
23 37 3
65 47 40
35 44 7
46 54 4
38 42 11
38 9 5
32 6 24
35 9 2
37 53 9
13 15 61
13 8 0
70 9 14
9 4 31
1 24 15
34 45 30
26 10 1
25 43 4
53 33 1
53 49 2093
7 14 39
25 15 28
19 70 9
20 30 2063
66 25 9
26 17 33
8 45 1
50 70 4
51 45 1
10 9 17
32 27 46
1 35 19
51 31 40
32 46 0
59 23 30
24 24 42
5 43 1
21 60 1
39 52 25
29 43 51
28 7 45
37 42 8
29 4 11
10 27 46
14 47 2
36 43 34
46 56 14
61 70 14
21 25 25
54 20 30
11 2 6
14 8 0
11 15 8
26 28 17
16 65 7
8 36 2067
11 19 6
66 69 33
21 10 4
67 66 47
32 69 1
14 64 13
9 69 32
11 21 4
19 39 47
52 34 29
43 64 14
40 54 50
45 31 2077
66 33 19
32 24 16
41 60 5
24 33 2059
63 10 14
26 66 2
24 62 50
33 22 63
60 32 1
25 50 3
2 4 15
1 22 2
14 51 53
30 11 43
50 53 16
33 30 61
65 48 39
8 28 4
49 18 14
53 3 55
41 44 6
39 68 18
31 4 1
6 14 32
32 53 0
70 70 12
30 22 12
59 64 1
46 34 15
1 54 15
13 8 3
40 45 9
67 24 24
35 17 55
29 62 1
39 50 32
54 9 35
56 6 53
27 46 23
52 8 7
25 52 48
7 28 52
16 11 3
49 32 60
62 50 50
52 44 46
51 36 1
41 16 3
58 62 63
70 5 59
31 31 1
52 19 26
67 14 12
61 66 22
36 24 12
32 23 0
42 62 3
26 50 1
58 25 2
13 35 18
3 1 24
32 64 41
46 27 35
18 25 4
12 23 7
27 16 8
13 14 15
50 31 1
15 63 47
65 25 0
51 37 23
67 44 24
61 60 15
50 65 53
66 67 2
35 47 56
35 61 9
3 22 44
61 2 1
70 17 46
59 16 30
51 41 0
9 21 17
10 9 24
11 26 1
19 40 2
65 9 45
43 33 21
46 5 46
67 53 25
39 22 41
24 68 12
44 1 20
39 9 5
43 33 6
21 46 25
45 21 31
31 9 38
13 69 30
38 27 1
61 12 35
47 55 5
66 46 63
62 20 7
13 69 2083
25 46 27
12 10 1
49 18 31
54 57 53
46 10 19
46 1 1
50 48 27
50 6 28
63 2 5
50 26 4
25 21 2061
23 54 28
39 26 17
59 24 36
46 47 21
18 29 3
10 18 5
55 40 2069
31 68 29
5 13 1
11 30 2057
68 33 20
56 5 59
2 8 44
4 62 23
37 27 1
50 8 0
55 12 5
55 40 0
56 57 11
50 35 8
61 30 3
7 18 13
17 70 3
18 31 56
35 55 49
48 65 52
18 36 2060
19 7 14
55 29 12
47 16 27
61 30 2
26 37 33
14 67 60
8 5 60
26 60 26
67 42 22
6 8 27
3 10 62
41 9 24
27 58 62
4 28 25
7 55 1
57 21 4
43 17 34
23 52 14
60 26 51
42 7 39
53 65 58
32 58 5
40 4 10
22 44 53
27 36 9
10 51 40
63 37 1
64 15 56
57 28 52
6 22 1
52 53 1
70 63 57
69 33 0
17 58 26
13 65 45
56 49 35
46 55 2097
43 49 4
34 28 3
65 7 7
54 17 16
11 2 1
52 24 2
22 14 29
31 67 2063
25 21 4
23 50 4
40 10 0
7 68 47
20 65 54
26 62 15
11 37 6
52 68 1
57 16 4
58 40 1
32 11 21
50 43 3
26 27 4
28 54 61
26 20 1
7 21 60
19 22 2067
29 12 7
44 9 2059
63 23 15
21 70 50
17 34 30
59 17 17
69 28 0
63 34 16
69 69 0
58 2 0
58 20 42
32 27 1
54 17 23
32 15 14
48 19 2094
5 48 59
48 31 13
22 43 1
49 50 6
39 42 2053
50 41 2
10 34 61
28 61 1
17 63 43
15 17 2
1 24 3
66 45 10
63 69 23
43 58 62
50 50 7
70 14 1
24 8 37
20 64 32
51 42 3
1 64 6
1 51 54
57 64 2
46 65 1
10 70 2
11 50 39
32 68 61
55 24 0
14 5 2
64 14 24
3 33 44
20 6 2076
64 27 3
66 22 62
17 18 29
35 67 15
33 22 53
18 25 31
45 67 29
26 48 0
34 30 0
5 66 10
12 30 16
55 30 45
7 16 3
63 21 12
45 41 15
63 1 4
62 46 15
4 17 16
7 54 25
44 46 18
13 52 15
67 41 14
38 3 1
62 41 10
61 57 63
45 25 29
27 40 62
55 4 39
3 56 39
2 8 0
57 6 15
66 19 2
31 15 2
64 37 34
68 68 2
49 34 26
19 41 28
53 66 52
41 33 15
55 15 1
51 28 37
29 60 62
24 3 14
33 13 1
64 21 19
43 10 23
50 66 21
68 32 29
19 17 1
19 31 33
65 3 61
60 11 5
44 53 1
37 23 40
56 23 35
35 65 12
34 23 22
27 35 6
20 59 2090
31 69 10
22 52 0
15 65 25
9 41 13
1 5 55
33 7 48
22 1 18
28 10 0
60 30 6
40 20 31
29 13 2
33 57 41
54 57 5
54 19 59
6 36 16
23 28 3
25 6 1
68 70 33
9 50 1
11 19 8
30 10 2077
53 30 0
42 59 0
28 17 30
13 26 10
63 60 51
5 56 1
42 36 11
29 37 50
33 35 37
2 46 1
22 28 2083
36 31 0
31 26 35
8 50 27
55 15 9
5 58 33
63 64 9
39 61 39
16 42 27
31 25 59
30 44 1
7 64 0
35 30 12
70 40 4
6 51 13
20 10 30
2 23 8
26 63 0
66 31 52
12 36 49
56 4 2065
3 56 5
2 8 1
4 4 41
36 66 48
5 64 22
59 53 31
65 68 12
69 5 15
31 35 51
58 52 3
13 25 12
24 62 43
64 10 39
9 30 36
41 49 55
3 8 19
22 41 2
33 14 39
37 13 11
11 53 24
27 21 38
16 55 10
19 63 7
24 53 8
32 26 32
12 16 3
38 53 1
2 59 39
10 40 1
42 50 3
66 44 2063
58 49 5
21 23 51
60 51 11
33 31 34
46 31 21
11 3 3
58 1 3
44 28 35
25 70 61
28 32 1
40 12 39
70 27 27
59 1 43
11 2 2
14 10 39
37 48 21
62 4 40
39 57 58
48 59 2070
49 29 2107
31 56 21
27 63 4
59 63 14
37 45 13
31 40 25
16 57 28
24 51 9
9 4 34
30 10 39
16 26 21
3 31 19
46 65 1
32 26 2
3 6 1
23 44 3
68 54 2095
19 43 62
15 62 0
44 46 55
67 6 8
22 27 1
51 56 40
60 18 37
22 10 2105
56 26 54
27 2 62
41 10 2073
40 39 21
60 10 1
70 23 2053
18 59 24
1 20 2098
5 31 3
56 32 16
25 2 2
29 43 58
43 15 19
69 3 0
44 54 32
16 11 6
6 24 6
4 62 27
14 13 18
62 60 56
39 36 11
12 31 3
46 47 28
60 27 28
48 36 1
66 41 4
39 65 6
19 54 49
42 30 3
13 48 2062
25 48 5
17 8 1
18 7 1
2 63 1
65 54 41
4 1 46
3 54 61
39 30 2
69 17 18
67 38 10
23 49 2
35 63 7
8 65 22
50 3 55
4 22 1
47 28 3
55 33 45
39 59 17
18 1 27
5 49 57
20 19 9
20 22 57
57 43 7
9 39 20
68 27 1
30 61 6
50 12 20
22 49 27
37 69 29
22 68 47
61 60 11
15 43 16
36 32 3
57 13 2105
25 39 4
17 48 32
25 22 23
70 11 6
17 67 0
28 13 2
63 62 3
23 6 18
63 32 43
50 33 51
62 48 3
50 16 28
17 54 1
70 11 47
38 67 1
23 32 49
4 42 36
20 10 16
15 5 45
45 66 22
41 1 59
15 10 46
24 47 0
25 2 18
69 68 1
53 51 18
16 41 1
19 16 61
1 4 3
60 57 32
28 27 10
35 32 40
5 63 21
57 50 0
14 65 1
60 32 16
46 22 5
13 14 58
44 47 5
16 26 7
8 69 6
47 60 3
20 11 7
59 69 18
13 56 36
29 53 31
