70 5000
||||||||||||
50 17 31
45 32 24
67 40 82
53 20 72
39 6 66
60 20 19
5 36 352
13 40 179
13 34 51
25 67 1177
7 33 461
35 52 0
15 29 1480
38 25 27
61 58 179
5 35 10
31 16 32
27 45 474
8 66 26
63 19 19
14 22 22
3 8 825
50 42 42
7 64 3619
56 63 326
18 65 866
63 9 53
13 56 128
59 54 151
58 34 109
61 67 926
55 11 499
5 7 16
59 61 125
64 3 835
36 70 361
39 9 34
54 59 1722
6 15 8
6 24 444
16 46 2819
43 43 1221
45 52 484
6 14 390
1 70 1784
1 69 4
25 2 363
68 67 2022
33 27 650
69 38 62
22 12 248
50 17 1642
2 29 40
56 34 623
7 26 46
17 36 469
16 24 4015
30 51 687
31 57 235
2 50 293
56 47 7
18 32 117
32 40 2309
68 29 1425
7 51 28
20 50 490
52 52 184
58 44 526
15 4 59
53 34 2178
44 7 335
52 19 193
37 39 399
35 10 52
60 44 100
51 62 636
21 4 321
5 56 17
32 60 76
62 6 499
35 40 3
2 66 804
38 46 8
9 54 1803
53 8 2148
30 35 87
65 61 1143
44 3 17
15 47 32
65 10 673
40 8 409
13 38 85
5 3 48
30 55 848
36 24 9
5 67 13
21 28 8
41 12 250
1 55 64
66 62 61
61 2 3384
24 10 206
15 39 2361
14 16 1805
68 36 2018
52 63 434
38 67 4
26 67 22
65 43 1341
12 21 32
49 9 72
61 11 545
9 42 211
10 36 12
2 35 356
17 48 71
2 18 26
19 42 118
4 26 688
70 31 10
7 16 66
35 64 61
48 32 181
45 12 108
57 54 606
38 59 14
70 18 2216
25 53 123
59 47 769
4 8 1209
46 14 37
63 41 212
58 43 678
7 3 225
10 56 78
2 15 1226
65 34 32
51 50 1168
30 5 298
5 27 62
59 36 110
31 70 1557
55 16 15
14 40 58
7 43 2708
4 17 4
28 39 899
1 41 119
10 47 469
34 7 62
57 35 80
28 24 458
36 16 1458
50 50 45
37 14 98
7 32 93
30 62 1639
35 10 11
41 61 34
7 1 548
42 61 112
24 15 606
39 40 1884
36 6 22
51 34 35
10 55 166
31 37 113
1 53 1250
35 64 1168
65 45 734
23 44 2674
43 20 57
29 9 24
6 27 1494
10 39 19
51 31 1066
47 28 3
61 47 152
21 62 67
29 47 17
10 61 324
44 57 79
55 66 104
59 18 3440
50 42 58
63 54 195
43 60 401
57 41 27
40 65 340
45 29 3147
17 67 5
60 42 18
39 68 956
67 56 42
70 56 772
53 31 56
1 24 1124
67 28 65
53 17 3688
11 39 662
12 28 65
68 10 2865
18 18 30
38 61 2680
68 52 720
38 21 59
60 26 32
41 1 1649
69 40 50
59 12 15
67 44 54
14 37 32
3 12 18
43 18 50
46 31 53
20 66 82
53 47 495
65 39 202
38 70 17
61 67 431
38 28 715
66 21 10
51 10 45
1 6 1369
53 70 449
23 15 306
59 47 16
48 1 145
44 37 110
70 53 210
4 40 83
1 54 54
69 4 445
9 52 660
20 4 64
35 56 1036
42 17 2617
28 19 234
9 8 43
53 35 185
13 7 760
18 1 242
65 11 110
67 51 1015
68 6 398
9 52 58
36 11 512
4 20 80
61 37 3192
35 67 12
47 47 46
62 22 53
17 53 83
9 69 1003
5 65 5
12 51 86
19 25 91
53 15 326
9 27 155
3 17 24
30 38 6
57 44 124
10 29 728
32 25 152
56 61 1675
17 31 508
6 29 431
39 45 3431
64 2 49
24 44 244
24 24 55
9 33 248
24 65 177
14 68 999
14 51 79
41 12 205
21 62 38
19 1 10
47 16 1259
27 32 80
13 11 119
37 9 728
53 29 166
14 54 1374
47 23 61
22 13 56
59 31 126
55 12 26
36 6 900
58 30 376
57 35 1001
51 59 113
27 43 3
56 10 690
69 35 5
1 23 2811
65 56 1387
54 33 1391
7 48 394
8 48 35
54 68 127
21 18 343
7 28 5
68 19 594
8 5 1448
60 5 3666
16 21 544
26 22 562
7 28 484
67 19 475
58 60 726
57 70 1742
57 39 737
5 64 58
14 60 320
58 10 93
62 16 38
58 31 2635
64 67 10
46 25 650
44 54 148
52 33 999
11 47 73
23 66 193
36 14 115
51 17 38
67 28 1604
1 43 277
57 59 28
38 19 50
36 9 1773
58 17 244
18 18 564
61 28 2216
26 8 58
62 66 1914
13 50 77
46 32 373
33 7 302
69 39 96
28 66 23
29 47 4060
35 25 846
6 19 335
34 59 415
3 47 358
67 41 1390
1 69 120
46 32 150
17 51 167
13 55 746
7 6 627
35 27 867
34 43 1809
59 30 25
67 59 2302
15 25 149
62 70 67
66 10 838
59 23 417
67 14 94
50 57 1607
23 67 231
42 29 16
61 5 64
6 61 49
64 10 172
58 51 40
25 45 175
26 33 3555
64 47 2749
39 58 1905
65 38 1459
30 61 54
48 69 3056
45 30 799
45 23 23
63 53 507
21 67 205
20 61 166
10 28 366
29 42 47
19 63 84
40 47 229
39 56 85
42 31 28
66 1 39
8 12 32
32 11 218
7 5 45
62 64 16
8 22 85
34 14 3911
27 42 18
27 11 1914
15 17 39
13 58 570
20 5 286
55 21 34
69 54 82
25 63 1549
68 40 1882
10 14 3324
33 41 15
3 30 40
59 22 87
26 1 457
18 39 54
59 47 651
14 18 2974
34 27 365
23 49 1190
35 59 369
12 4 183
20 6 27
65 10 1588
2 68 1795
36 64 2338
47 66 91
12 28 110
6 58 92
15 68 178
40 64 50
17 10 72
54 46 119
69 50 20
7 30 1218
54 32 67
30 68 329
64 45 975
23 45 56
6 4 749
26 24 62
37 42 472
65 4 69
48 10 1541
52 1 402
26 26 102
43 62 113
16 14 510
65 14 156
11 45 99
61 23 38
67 58 369
30 42 360
29 48 49
70 2 1545
46 31 1478
52 43 14
3 69 1088
13 29 220
6 33 79
13 39 446
21 33 348
10 6 648
54 65 55
61 58 175
52 50 424
54 41 196
28 3 827
41 61 3760
12 14 209
47 55 185
66 66 34
34 24 40
39 70 795
47 27 714
3 36 2299
2 27 115
45 32 96
46 50 116
66 11 2801
23 25 1601
3 58 234
38 56 351
64 41 1259
47 63 17
53 65 171
15 32 374
46 67 1937
26 43 2235
44 17 17
56 16 355
10 32 1921
41 70 74
11 44 3931
8 38 485
46 33 239
70 56 850
27 61 28
21 50 34
11 67 107
7 20 72
10 37 65
63 62 977
38 55 911
47 33 153
31 55 941
68 9 50
68 69 982
25 51 122
68 70 1592
48 27 76
8 42 14
33 63 18
8 66 1316
62 34 2577
7 31 494
12 49 66
26 27 152
66 35 25
10 66 2017
60 49 15
47 49 1348
19 47 435
36 3 23
25 41 10
60 63 153
18 6 961
2 40 41
22 58 1975
62 23 24
30 63 33
50 39 281
10 10 1052
18 55 85
63 22 1441
22 15 1539
29 10 116
59 5 3627
29 25 3002
18 64 211
30 15 424
6 49 62
8 15 705
66 17 413
40 39 2186
43 20 26
2 41 178
40 22 331
50 5 52
51 67 60
5 58 20
65 17 165
31 14 871
49 38 54
21 11 758
7 65 73
17 31 63
63 60 71
38 33 118
56 11 27
49 23 950
28 9 829
35 40 79
60 69 159
68 34 22
26 55 89
59 37 1327
53 29 1000
54 35 779
5 66 58
63 53 1051
65 24 64
67 44 46
26 25 1041
26 57 35
11 38 38
36 31 824
66 48 254
49 27 124
59 28 261
38 46 229
31 36 1074
64 23 162
69 57 15
53 52 30
69 48 368
13 46 207
24 21 222
13 3 189
44 7 104
46 11 229
68 2 10
27 70 946
29 42 476
60 26 768
38 55 1275
37 18 489
48 6 30
41 35 1527
35 51 6
31 47 483
49 46 682
20 24 284
22 58 53
27 16 1650
23 6 1484
24 11 408
9 31 273
54 29 392
34 43 199
21 24 1168
48 21 759
20 34 277
42 49 664
50 20 395
4 8 306
19 37 206
69 8 491
38 10 80
68 23 112
62 40 125
14 35 0
67 34 632
16 60 288
53 24 25
10 58 19
4 46 926
52 18 15
31 8 535
37 35 203
62 70 105
1 51 1022
34 7 49
59 69 1729
50 18 1614
37 10 208
35 34 821
45 9 24
16 24 6
8 63 34
63 18 76
29 34 7
49 32 1555
11 45 356
36 29 2687
37 27 220
34 15 1583
14 45 972
40 47 743
13 2 66
36 15 1000
1 12 3608
13 61 330
6 69 20
66 41 22
56 67 1199
41 4 1526
23 32 1219
68 54 231
23 48 2690
31 29 115
7 61 18
39 31 902
10 22 22
6 39 193
7 53 10
11 49 774
69 21 1805
6 46 61
64 2 16
21 7 221
43 62 53
58 69 44
1 33 18
12 51 2924
60 14 914
26 47 91
21 20 114
67 29 343
7 19 1844
22 45 28
49 30 409
65 33 239
69 68 116
44 43 62
22 15 385
1 56 543
58 27 716
24 35 125
37 37 1048
38 49 3952
35 56 314
41 60 11
66 40 325
43 57 177
50 63 244
21 5 60
50 46 1
33 67 54
27 69 1983
7 8 48
15 31 28
49 20 491
38 48 62
66 47 225
9 39 36
7 35 3567
18 28 48
13 42 958
3 56 472
70 66 217
61 18 1212
5 47 90
3 32 131
60 61 1316
62 52 1418
1 24 1392
38 45 877
60 40 110
10 11 338
3 32 76
49 2 55
29 51 250
38 23 488
26 16 132
38 37 297
7 28 176
30 50 484
56 70 102
27 69 3091
18 68 763
38 64 755
28 63 96
22 46 110
59 60 35
67 38 98
67 30 15
40 57 2020
39 25 71
68 45 2304
25 64 157
32 17 478
12 29 28
15 67 113
65 3 285
54 56 83
44 17 313
43 18 1653
62 11 31
54 38 869
26 64 50
5 39 123
31 46 761
17 15 3
23 67 212
59 15 949
15 30 52
64 4 49
33 44 337
9 63 1214
55 59 139
22 35 3204
29 42 13
6 64 30
56 15 1344
46 19 1760
52 61 70
31 42 545
19 6 41
45 9 2214
7 33 1692
8 47 317
2 36 100
40 31 43
36 30 50
37 32 75
7 43 26
56 42 86
8 61 212
27 4 47
1 20 24
30 42 2748
55 30 40
25 28 227
19 54 226
29 30 97
21 16 440
45 40 38
14 8 309
59 29 311
24 29 45
39 15 174
12 60 62
39 46 526
66 29 933
68 2 101
45 41 2596
52 10 3751
64 2 418
53 27 25
11 51 45
58 12 3733
44 21 3753
58 42 73
6 42 430
59 52 28
60 1 1
5 17 1086
8 51 997
30 17 466
17 9 266
5 68 677
37 28 2368
7 21 75
21 25 16
5 38 20
61 23 115
65 18 1301
12 45 23
32 10 25
22 65 22
15 35 1784
32 44 121
35 4 479
70 48 1588
70 31 214
34 22 45
37 30 228
11 67 3150
63 3 2017
68 8 1657
54 12 755
7 43 23
54 34 94
5 70 310
21 58 170
22 5 1868
65 54 38
47 20 1070
67 13 45
27 9 192
48 67 222
56 69 269
38 66 116
39 28 107
22 43 463
32 42 19
11 13 337
16 35 155
52 62 6
36 55 1632
43 38 138
45 7 113
22 64 239
7 13 17
41 41 498
12 28 3736
57 46 1221
55 60 7
10 8 70
42 3 152
33 18 327
42 7 246
3 59 497
62 37 1818
59 56 82
31 5 901
5 4 1172
7 27 1032
27 45 3558
45 32 490
40 63 3241
39 52 110
28 33 309
41 42 1100
30 12 8
18 43 2446
38 44 117
52 24 853
14 52 306
6 4 188
22 63 0
51 35 48
25 14 925
54 63 168
69 56 73
49 64 2821
2 38 118
50 36 1800
59 23 302
45 34 332
61 18 225
50 45 19
21 23 50
54 25 75
56 43 25
1 12 19
27 12 15
57 12 73
41 2 264
69 27 5
11 24 77
44 16 2064
7 66 997
39 38 63
66 52 47
9 2 999
50 1 130
38 20 246
69 68 20
52 46 21
40 1 19
47 70 1232
1 26 13
66 39 2891
42 27 349
39 44 164
2 18 228
20 3 815
28 36 631
40 53 107
28 7 110
15 14 847
34 66 812
9 55 1727
70 60 99
57 37 127
7 70 935
7 40 257
25 67 56
51 35 86
69 49 34
31 17 61
56 46 48
55 23 1
43 3 55
56 5 1743
39 16 1349
70 7 47
30 17 84
13 23 1926
8 15 113
29 12 106
52 31 123
13 13 20
68 44 105
16 16 1007
20 6 227
8 36 679
44 5 61
30 13 1128
25 41 48
49 31 1200
61 27 21
32 66 1326
22 26 119
61 56 95
68 61 469
4 1 59
14 17 217
58 3 237
5 69 1934
13 65 3274
7 36 4
70 33 196
33 5 38
33 37 17
44 65 21
59 16 10
26 53 49
44 44 116
66 49 60
21 27 142
41 68 1538
55 32 34
36 24 3360
10 20 58
7 1 1902
55 52 29
12 62 248
50 59 1936
20 22 2859
7 37 517
3 28 376
17 64 519
25 30 2436
66 30 116
56 4 220
23 67 1858
65 45 930
30 14 724
66 22 72
14 46 4023
56 3 26
28 32 17
29 67 15
10 57 5
64 52 26
18 46 426
59 44 108
48 1 42
49 56 133
43 58 1196
6 1 42
49 70 783
10 61 21
21 26 227
53 55 252
35 46 43
4 31 77
3 5 408
46 23 4077
17 25 1827
68 24 1512
24 64 39
8 39 204
34 42 23
62 42 154
44 70 1146
29 61 117
69 62 50
33 42 284
53 69 1637
30 15 2231
37 57 770
48 50 343
59 49 89
16 43 89
50 34 229
5 23 119
11 22 1005
9 67 325
15 60 331
63 61 254
40 36 363
30 57 93
46 6 34
32 26 111
36 16 57
46 59 161
18 57 2765
7 24 52
13 40 88
11 29 19
33 36 2
52 31 1583
48 33 3780
39 33 42
65 46 1564
22 28 3408
57 16 52
6 9 465
14 52 34
50 58 32
44 69 474
47 43 4
19 9 34
17 15 700
47 40 8
39 54 14
20 59 67
70 30 118
56 19 373
46 20 5
68 59 142
65 9 200
13 69 14
51 49 14
65 2 473
36 44 309
15 26 357
13 54 3247
69 28 2829
51 31 109
36 40 17
52 52 290
41 28 474
28 12 159
66 27 123
44 6 63
28 26 498
67 64 101
70 70 61
1 57 97
8 43 107
43 18 15
45 17 1621
29 32 22
26 17 214
20 14 254
7 17 30
48 14 671
4 38 107
6 29 252
62 22 69
44 7 2163
34 54 1004
31 51 382
59 15 756
31 35 674
61 21 132
28 6 112
66 20 1050
37 43 52
18 35 2433
47 64 1886
45 30 121
45 34 149
15 67 996
65 37 135
42 33 1550
15 56 204
66 17 34
70 23 172
63 36 40
44 35 386
47 6 1284
22 47 259
26 67 350
15 3 75
53 29 133
17 26 26
25 19 41
22 19 288
29 60 24
3 42 978
1 39 62
8 43 29
49 58 63
39 46 40
17 18 1620
39 49 21
53 22 284
26 21 308
9 63 1225
9 68 214
16 42 56
52 23 897
21 57 23
38 8 56
12 43 120
50 57 22
67 14 2
22 34 203
56 29 32
42 51 973
35 38 903
46 45 155
1 70 33
33 52 203
70 41 210
14 30 57
4 44 741
9 48 353
25 24 2614
52 68 107
33 20 38
22 43 366
45 26 181
36 24 1278
17 17 115
35 11 24
53 22 152
9 56 52
5 70 214
3 23 150
51 69 2
17 68 31
1 51 185
42 47 56
16 10 1620
3 18 90
59 20 27
36 45 634
44 21 454
57 56 156
24 64 434
11 35 761
58 29 510
20 11 37
15 51 648
37 8 380
35 27 0
40 51 70
11 7 39
15 49 30
42 6 35
4 4 67
69 52 17
46 42 736
60 23 73
61 36 2
20 25 32
54 52 3710
69 50 931
60 17 31
27 35 948
56 53 123
20 49 152
58 53 55
23 53 132
59 1 43
28 40 42
58 48 3511
17 36 965
39 20 3518
34 34 28
57 67 59
50 55 489
21 41 370
46 67 3
2 59 98
64 70 7
57 21 2123
69 23 1426
11 67 47
11 48 758
54 5 207
19 21 125
52 67 1003
43 19 1760
59 35 828
23 14 859
13 44 872
56 15 145
62 4 203
19 36 212
22 3 290
28 15 259
13 58 3423
7 67 293
4 9 19
55 41 23
33 36 1279
23 60 390
57 8 80
22 70 727
56 1 23
41 44 46
59 39 15
68 60 90
24 56 132
22 68 13
44 44 800
29 18 1741
32 23 101
12 54 66
39 42 7
50 26 24
62 64 1005
36 2 250
43 34 2720
50 33 81
13 12 446
14 54 1487
70 42 1489
11 5 196
1 5 32
65 23 19
70 50 293
20 5 37
32 22 81
40 19 281
11 32 10
1 19 198
21 24 319
19 10 1491
28 37 112
17 60 37
4 53 316
22 12 3390
41 15 153
44 56 558
54 62 28
6 48 277
56 16 56
22 34 1338
8 65 316
66 57 210
50 27 51
31 50 176
31 47 268
25 47 48
64 51 300
20 1 287
39 62 983
44 66 9
70 53 766
28 59 966
5 26 35
25 15 1327
2 31 2869
59 5 9
46 55 98
68 36 44
46 18 219
21 35 1019
3 31 504
25 43 237
15 26 45
65 27 700
43 45 33
23 10 342
60 67 304
61 60 29
27 27 1836
59 10 130
29 34 23
39 22 381
42 57 182
32 9 92
41 53 44
48 18 435
31 55 1703
26 24 124
26 37 391
32 6 953
49 30 30
17 47 299
41 9 963
6 25 433
24 3 2162
37 39 45
39 2 116
27 24 266
62 56 409
8 57 2765
15 46 18
11 38 714
61 2 1835
35 33 825
56 33 286
42 38 63
69 29 898
21 23 67
25 19 1299
14 17 149
52 16 3
58 11 404
29 16 54
27 8 1377
69 46 38
55 30 3615
48 48 119
51 10 396
46 55 1788
40 18 77
61 34 394
30 31 2533
32 27 58
47 61 429
63 65 3121
59 39 178
39 27 992
19 43 22
9 35 40
23 16 17
61 47 136
14 20 3983
36 1 323
29 66 13
12 58 146
46 35 1786
47 39 520
17 40 1586
40 61 566
29 53 247
15 29 847
56 19 772
51 22 12
38 51 51
60 57 3132
64 48 1272
1 19 117
26 39 137
58 61 1643
50 44 423
3 40 119
18 43 64
51 66 54
40 22 1732
9 68 3481
45 48 59
55 17 2120
56 27 1646
7 23 29
15 8 140
49 44 46
26 59 30
52 17 1726
9 39 1365
7 37 272
11 60 109
32 36 229
7 17 199
54 14 1475
21 8 423
32 59 946
10 1 101
30 8 179
15 48 11
46 44 19
33 9 63
37 45 67
13 39 46
8 61 117
3 67 33
36 61 224
70 43 180
23 60 228
7 7 247
70 47 152
22 34 1518
4 2 1243
49 43 118
12 54 1517
3 50 490
29 31 45
26 11 188
22 56 199
60 43 386
8 58 405
43 9 1112
53 1 241
53 56 358
25 37 811
34 8 252
22 50 15
44 50 89
64 2 207
63 52 342
49 48 93
44 70 78
11 62 122
12 54 18
57 7 4
55 34 110
66 2 716
21 65 448
44 35 5
35 48 6
30 7 129
46 6 1480
1 1 205
59 57 374
31 58 1986
35 34 220
14 23 2561
20 54 3516
59 58 249
23 66 23
10 16 89
7 61 73
15 23 487
42 43 102
44 54 117
32 60 58
45 30 202
66 12 16
34 51 89
5 68 2646
11 43 3259
19 40 484
1 62 214
42 15 341
10 7 321
38 55 1291
40 29 553
42 49 1361
37 38 326
67 48 333
4 4 58
19 49 120
65 33 293
29 48 1043
41 12 18
9 29 93
7 2 352
52 36 113
62 30 153
28 10 731
59 59 57
61 47 529
11 58 121
66 50 519
1 49 280
6 8 2
34 47 1945
5 61 448
1 43 119
40 26 999
38 26 462
13 16 67
69 19 41
2 42 45
24 39 50
61 29 733
40 2 57
42 5 413
68 67 4055
26 4 423
55 59 958
61 36 860
21 34 1062
10 36 89
61 42 3743
61 36 40
14 23 1143
39 12 63
35 31 4057
7 4 465
11 8 62
38 10 98
47 24 1825
41 40 83
54 63 7
3 47 149
26 47 326
63 44 84
61 50 19
54 26 183
16 25 122
65 21 779
54 16 474
52 19 115
15 54 186
33 24 26
1 58 57
55 35 320
36 52 50
65 11 45
11 57 143
24 40 54
34 60 5
37 66 111
6 44 72
3 17 453
68 8 426
36 11 729
68 40 525
47 18 1540
34 25 157
10 32 13
50 26 58
28 42 17
50 68 519
38 3 506
5 12 150
47 58 1012
61 30 220
35 26 29
61 30 67
36 36 125
62 39 17
56 21 431
10 70 38
57 6 32
41 50 77
33 40 110
30 56 44
62 52 8
49 53 1493
20 14 1456
42 8 377
8 14 222
34 10 38
35 14 42
58 11 375
70 28 845
22 13 29
57 27 103
23 27 1767
39 7 54
52 12 1099
54 42 48
41 65 20
49 29 83
65 66 1062
47 38 1536
41 5 1008
61 11 724
10 30 440
53 19 465
37 10 2230
51 63 945
48 39 11
10 6 52
69 70 920
53 24 242
10 21 7
14 70 228
1 67 433
19 46 12
65 64 145
40 48 63
63 62 546
33 31 126
40 61 933
54 65 21
16 19 32
51 43 41
16 50 626
24 44 7
41 61 11
57 38 439
10 7 7
29 26 104
11 47 161
1 23 254
65 2 339
52 54 1676
1 64 44
46 24 222
22 9 7
27 21 30
10 25 949
36 40 656
42 45 32
15 5 993
34 6 573
26 13 83
13 64 395
34 25 3870
35 49 30
6 5 42
56 8 1753
8 14 1196
24 7 57
47 5 118
50 46 67
23 2 82
62 1 61
40 67 69
27 20 125
53 69 244
9 18 1
11 55 35
69 36 190
69 15 47
60 61 36
13 67 48
68 24 604
12 55 3044
41 29 72
7 42 1157
18 39 110
13 10 1222
64 45 474
35 48 15
15 18 1790
6 6 191
16 2 1711
46 67 57
60 10 54
30 34 338
21 60 237
9 16 3850
37 53 396
67 30 3325
18 64 467
20 4 115
67 7 63
33 2 91
34 44 1195
36 6 2890
24 36 268
4 17 1752
52 55 151
57 34 19
42 59 244
63 59 453
37 19 14
15 5 44
29 6 1889
16 31 29
63 15 191
32 25 31
59 67 250
57 55 28
42 28 18
67 21 334
28 57 152
33 70 57
70 8 50
5 67 81
54 30 220
57 63 34
5 24 243
28 52 797
23 68 2270
28 31 53
51 20 22
65 70 199
43 24 1
60 30 635
59 19 426
29 51 956
46 45 809
62 57 21
12 2 1037
67 46 3396
64 53 1410
17 3 37
51 32 171
20 37 399
11 6 42
8 47 17
22 57 932
67 42 47
23 67 107
21 25 245
66 27 394
67 70 432
56 54 94
63 14 161
60 55 3593
4 29 9
56 25 57
61 39 1840
27 27 35
53 23 58
1 48 183
48 26 3791
63 55 31
18 3 515
62 15 844
46 17 28
46 39 114
19 7 133
49 51 1784
24 9 1021
12 29 3874
26 50 390
67 20 92
6 44 793
17 20 5
47 35 7
34 11 1791
11 13 2011
12 52 105
38 61 26
14 19 60
3 19 78
13 61 127
31 17 195
6 35 79
61 49 171
57 19 38
59 61 150
57 13 259
57 69 216
26 38 118
32 44 450
39 19 397
28 11 1371
9 16 104
14 2 86
51 11 31
37 52 1369
20 7 293
3 38 15
55 50 981
8 69 638
46 12 1001
39 30 19
20 64 123
36 32 1461
63 10 841
5 68 81
70 67 96
6 11 237
65 63 13
11 46 11
1 32 777
42 47 62
66 11 183
26 45 29
19 44 128
33 61 348
15 8 163
58 54 501
43 4 44
53 25 123
44 27 5
64 2 985
57 46 58
28 49 59
36 52 169
70 21 37
53 2 69
13 47 188
6 62 465
60 19 70
22 10 202
5 37 1706
29 56 10
18 26 108
53 9 9
43 47 87
22 37 47
31 59 84
20 61 335
7 62 573
26 69 742
46 5 43
51 31 386
24 56 2786
39 26 354
63 33 125
40 59 106
65 34 716
33 64 722
70 19 36
18 52 1651
39 46 1476
55 38 2593
13 11 678
3 67 329
45 8 610
22 41 926
15 10 334
61 10 124
30 61 202
20 14 42
40 1 987
67 23 164
47 41 478
8 7 3981
50 44 471
56 65 228
66 50 56
42 64 1762
26 48 357
5 27 147
31 12 1743
30 32 69
55 55 366
60 19 929
13 19 933
65 50 1522
68 9 159
20 17 997
41 22 88
38 36 851
26 11 497
54 63 30
57 31 458
27 1 96
43 20 917
22 8 893
39 4 622
9 51 340
33 34 488
4 64 2747
57 9 230
39 14 5
39 22 57
61 9 1791
44 40 15
62 13 3
32 26 492
46 46 254
12 21 1695
42 9 46
14 63 373
70 33 6
26 56 109
20 69 50
20 45 74
10 37 806
59 16 59
54 5 1
62 59 0
60 27 54
38 69 11
20 65 503
16 23 3
59 67 1278
28 21 112
19 56 104
4 12 887
34 8 57
42 27 44
14 28 114
60 32 132
65 23 199
31 42 230
3 2 323
65 69 128
41 21 2015
65 2 503
32 63 30
22 70 416
40 29 317
2 56 176
38 27 209
67 54 4027
3 37 23
15 17 9
3 54 3175
16 47 18
15 19 242
49 1 213
51 15 36
15 25 474
33 68 50
18 63 63
21 7 413
61 10 90
24 48 51
28 18 0
3 62 740
25 33 92
23 26 23
50 20 11
27 39 250
63 53 338
65 70 1426
8 14 145
14 36 23
31 28 1597
8 20 390
31 17 732
36 33 432
4 55 3
14 11 6
2 62 51
1 54 23
45 68 185
67 3 123
51 26 49
66 36 121
14 56 167
18 37 135
65 18 67
11 67 470
2 70 794
6 61 117
14 6 50
36 46 206
41 24 320
61 9 187
70 29 23
27 7 3571
66 55 110
4 60 23
58 3 185
3 4 38
28 22 670
67 18 248
1 2 343
16 66 289
26 43 54
46 50 139
48 62 82
35 28 1645
37 26 93
22 3 95
3 1 24
15 52 35
4 44 703
61 63 1189
48 10 481
63 60 1104
27 3 232
9 60 369
68 18 1
34 51 372
8 7 955
44 1 1224
70 3 261
48 54 394
47 56 50
56 12 161
37 33 297
14 9 48
69 42 75
4 2 1221
61 21 26
41 8 7
2 56 53
13 13 20
68 49 151
47 37 2169
35 40 3687
65 20 482
22 36 135
21 13 1896
66 14 3080
68 6 19
30 64 1294
63 44 30
64 10 2907
53 59 203
55 63 1140
33 18 1322
48 9 12
61 55 76
11 20 1783
57 44 34
63 53 958
5 51 3394
31 30 1175
67 33 346
45 60 688
4 7 3
7 65 186
61 9 302
5 5 115
8 2 94
33 23 76
65 33 57
3 7 102
59 17 87
61 39 5
60 56 399
53 63 79
22 20 1037
39 60 23
40 10 412
41 16 7
41 21 195
26 51 59
55 1 51
27 52 25
70 67 746
7 68 165
58 21 3121
7 11 1797
22 18 4
21 51 756
39 32 13
47 61 823
28 64 305
46 12 17
21 57 3418
35 61 92
32 38 213
17 8 4
16 57 1621
12 50 602
66 45 1520
12 63 36
26 41 205
1 42 1276
3 24 2
6 53 1
29 26 1914
5 52 50
42 4 1923
44 63 1898
24 36 74
7 42 95
43 30 907
25 55 49
59 69 1291
66 68 21
35 28 6
58 63 136
31 37 526
3 35 196
55 24 5
2 67 158
51 67 625
55 35 1940
17 63 1440
31 13 323
31 65 2794
36 65 461
14 39 721
30 38 336
65 25 259
61 22 480
14 11 121
43 61 104
51 55 229
2 67 35
3 41 56
69 49 31
33 50 22
7 49 369
1 6 571
47 1 111
58 52 245
29 10 236
55 1 87
12 34 344
23 43 50
11 16 15
68 33 5
44 6 2138
16 18 264
57 35 648
68 20 179
49 24 3
25 30 36
22 36 58
69 10 117
16 15 60
17 45 474
28 65 1649
18 1 15
59 54 29
67 59 736
5 22 2
34 36 146
65 38 102
59 68 143
8 1 102
26 40 13
37 19 433
70 14 436
70 22 859
3 50 124
60 66 20
15 25 224
5 65 4
59 10 764
3 52 109
48 19 72
33 27 3617
23 32 2896
40 7 3469
4 30 1756
21 38 75
8 28 31
37 62 220
54 66 42
13 25 164
52 52 187
40 47 10
42 24 765
55 63 85
26 46 229
70 13 44
18 10 366
20 42 753
49 20 213
52 65 1303
41 48 231
19 12 237
65 12 330
2 52 491
42 32 231
14 17 7
8 35 57
30 5 8
67 32 3
43 42 60
1 4 295
41 67 137
34 54 1355
64 23 140
66 12 56
21 9 430
28 15 190
13 60 8
44 25 163
12 45 230
50 31 156
30 60 44
14 50 351
59 69 65
12 8 28
54 70 763
15 15 19
6 47 3
33 58 131
5 63 22
12 15 742
64 65 441
50 65 41
45 52 1457
66 35 139
20 15 458
70 44 71
30 24 740
54 29 83
43 67 230
19 61 94
45 70 14
3 37 1002
29 31 1736
37 26 1294
27 1 143
4 28 344
63 9 80
18 61 218
61 21 5
4 1 69
55 28 44
47 45 66
49 3 34
59 54 115
22 30 917
51 6 30
23 41 5
32 5 499
35 13 71
7 48 21
67 42 300
45 50 3008
60 22 259
17 9 1748
42 16 45
44 42 52
39 7 60
29 7 383
19 7 326
36 68 326
43 25 368
63 40 333
25 45 217
48 48 44
14 57 147
29 28 1705
4 27 35
8 67 78
46 4 80
69 28 1222
62 40 1570
52 13 124
41 4 435
10 48 18
13 28 28
9 66 423
22 18 383
2 13 58
24 10 1700
40 20 997
34 18 8
19 58 551
51 24 417
41 21 648
56 41 64
5 54 63
31 15 57
46 6 3841
7 69 575
57 32 202
35 39 1099
23 52 846
20 66 96
70 40 408
49 11 543
69 41 286
12 64 977
70 34 126
20 20 34
42 14 660
5 1 84
47 31 341
49 26 306
55 55 3589
63 70 868
25 20 732
31 48 10
7 45 1
37 62 192
24 14 105
63 25 777
32 65 15
38 42 105
40 55 2114
65 57 470
33 60 1788
4 8 415
10 66 494
38 3 1798
31 4 28
8 17 493
23 63 123
4 6 75
63 54 530
56 66 64
45 2 2
2 56 462
38 58 1748
3 51 3
42 5 121
28 33 160
28 34 66
66 18 1593
9 23 2006
38 65 3243
34 5 1256
6 68 306
34 52 80
38 70 2287
3 57 1473
49 11 657
32 50 62
13 43 176
26 56 73
67 15 22
25 26 485
3 4 3040
38 38 1465
65 49 2508
34 39 589
27 44 1813
46 16 783
48 51 52
65 47 454
59 47 702
39 40 1374
46 42 146
5 62 150
33 58 17
43 47 91
44 68 409
58 20 154
4 7 407
47 49 185
36 58 24
50 2 94
19 15 253
36 37 4031
39 1 912
41 61 70
7 66 46
20 41 21
57 18 3968
31 17 117
6 52 148
17 65 62
68 50 50
51 16 46
37 17 1517
65 15 112
69 51 8
3 53 437
5 3 13
20 59 17
55 66 55
36 21 1066
66 42 469
8 23 68
15 7 776
50 10 2646
57 32 1197
28 8 1799
21 20 50
3 42 436
17 5 79
48 7 3559
28 36 2662
22 25 23
53 49 118
18 55 1831
6 62 118
60 37 165
27 66 113
58 70 8
60 67 83
11 33 856
33 64 395
67 70 48
24 49 23
34 24 39
61 15 323
38 15 56
52 21 177
10 3 12
52 53 8
14 52 351
60 22 3781
38 14 3008
28 46 473
37 3 179
28 39 2045
44 69 157
52 2 56
26 20 68
14 39 417
65 10 46
66 17 417
42 4 469
44 30 704
24 49 50
37 28 12
33 6 23
16 50 966
64 35 640
44 48 700
6 54 119
18 23 17
24 8 1970
34 8 193
65 8 227
8 21 115
39 11 106
8 7 249
62 21 646
9 43 4
60 60 236
28 12 466
33 1 2968
18 1 9
10 32 3526
47 35 905
65 7 104
20 12 42
34 7 706
28 25 46
3 44 1296
28 69 20
7 55 95
36 11 462
38 29 138
53 11 50
14 43 2847
41 35 205
4 20 13
50 19 77
51 45 225
54 19 15
17 62 126
68 57 4033
7 22 96
2 12 77
23 39 486
70 30 157
52 20 2425
70 69 516
28 61 186
51 4 164
28 34 46
7 34 10
36 55 329
58 54 942
65 3 817
11 13 242
13 51 60
34 55 946
22 32 121
66 56 1201
57 61 58
54 21 352
21 48 2351
70 31 29
54 36 71
34 10 18
61 68 124
12 61 1890
49 7 108
31 6 88
50 25 127
63 27 152
26 30 0
43 50 79
1 26 15
63 11 723
38 29 2355
20 12 979
5 11 3409
42 55 1387
37 10 3
46 3 6
11 2 18
68 14 479
32 15 148
57 3 207
23 64 707
59 51 502
53 9 52
15 9 3
42 46 22
59 35 919
20 2 2474
10 37 444
3 41 3058
47 37 493
6 9 125
36 41 147
5 54 483
49 60 66
14 18 114
38 15 1496
13 5 52
11 32 60
67 2 6
3 55 21
3 47 312
22 65 140
69 45 20
16 36 2302
51 61 70
14 69 8
23 31 20
26 35 1083
39 10 432
30 39 51
69 41 170
50 18 57
1 29 413
24 3 472
21 36 532
50 4 317
29 26 23
22 55 311
10 30 191
49 12 1009
50 25 232
68 15 112
9 36 40
9 33 199
3 23 1204
26 70 284
56 35 80
33 48 36
14 41 2
36 14 2201
36 37 11
18 44 108
37 50 6
6 22 958
45 67 180
44 6 325
50 12 55
23 4 828
34 44 1266
11 17 427
17 66 114
21 7 3893
61 11 4
47 36 142
44 20 343
28 53 1796
62 14 932
70 51 3880
59 2 281
13 10 547
49 37 12
12 58 290
13 1 2897
28 61 508
68 22 2591
20 59 142
30 33 18
19 34 26
20 65 211
66 12 61
62 66 197
3 44 8
49 33 410
19 35 60
12 64 193
26 55 3788
51 59 386
63 65 52
55 10 0
52 37 242
42 67 109
13 61 241
40 49 31
21 22 6
12 4 137
24 52 304
43 33 194
70 69 955
20 16 154
27 50 382
33 45 84
12 68 67
40 63 3185
66 63 2038
53 4 3193
49 6 50
68 15 83
42 57 457
57 63 117
66 26 87
62 60 1183
52 35 30
14 45 26
44 1 74
58 43 665
1 48 289
51 56 53
70 7 1859
21 2 386
30 21 36
44 6 39
27 17 30
34 69 1722
43 64 640
12 70 232
1 57 735
29 38 77
4 55 10
12 22 3955
37 45 53
34 35 48
48 59 47
59 48 1179
34 70 499
37 27 24
15 34 97
43 50 2153
41 14 58
62 8 976
3 19 100
62 33 56
13 4 207
6 1 3997
33 32 83
66 25 101
22 2 3951
66 1 3945
32 57 4093
26 51 67
28 19 807
37 29 491
15 30 26
47 40 64
57 10 5
25 13 451
70 35 155
44 45 332
32 19 98
65 54 0
45 66 1754
24 42 28
62 14 247
57 29 48
7 62 1210
40 24 2792
70 70 37
21 14 289
12 59 1632
51 46 433
61 9 141
49 2 355
66 70 175
42 39 9
68 49 2335
45 34 327
36 53 787
39 70 39
38 28 10
63 52 189
26 32 14
67 66 15
57 65 1193
13 22 44
12 53 928
18 28 349
1 41 363
68 38 171
37 18 540
19 32 3476
12 37 355
70 27 4
65 61 2024
64 13 25
45 27 123
35 16 4
30 61 77
32 39 52
69 48 627
24 34 2244
26 8 133
9 33 3368
6 25 809
35 3 27
33 5 9
32 19 63
12 47 95
33 60 371
20 42 119
62 15 221
63 18 254
41 27 121
18 22 1107
17 27 801
12 44 17
26 18 1010
70 29 1551
37 22 62
41 18 92
37 7 1847
19 4 116
34 17 2998
5 49 326
23 69 229
62 12 1813
4 54 151
67 66 3535
4 60 656
39 55 1264
60 22 3859
6 32 4
48 4 934
18 24 469
62 51 62
63 11 1791
58 38 13
39 57 94
7 67 78
56 1 19
50 44 1445
49 64 3439
61 28 273
17 14 20
15 53 54
40 67 145
25 62 164
59 23 121
64 25 2
3 10 5
36 14 250
1 62 1303
58 17 124
38 25 47
29 61 1354
68 41 3086
10 19 1246
56 54 553
70 12 220
51 64 838
59 57 486
35 12 1140
44 45 296
34 62 23
26 64 1727
32 9 7
41 20 467
61 24 39
55 53 846
69 43 40
57 4 12
62 60 79
37 1 129
59 15 3539
24 44 34
61 41 4
52 52 79
54 31 2
19 48 338
22 24 1017
70 55 92
60 67 41
57 70 139
3 18 227
10 43 25
64 10 37
10 70 3053
61 43 134
17 43 4
9 56 89
22 24 182
53 30 112
48 37 124
33 66 737
65 54 2595
13 63 385
32 29 2117
36 5 125
26 4 22
69 32 864
14 59 4
31 53 1353
70 34 714
42 9 113
57 65 23
25 52 21
63 52 23
26 49 16
4 10 77
31 29 69
13 16 15
10 16 863
54 29 53
60 41 357
3 3 120
31 36 3479
33 43 1941
57 55 75
66 51 20
61 13 186
7 4 16
44 18 153
53 26 515
10 44 44
44 2 1625
63 46 640
55 63 11
67 56 398
14 37 489
60 53 123
1 1 78
42 17 1775
55 46 246
39 66 35
17 5 765
60 29 92
63 2 70
49 39 446
16 60 2598
10 8 224
47 3 3
63 19 130
34 52 198
17 57 49
49 59 53
59 46 3876
11 50 3589
23 48 75
46 44 23
2 34 187
9 47 381
3 70 21
12 46 1046
40 54 35
3 34 15
33 45 62
44 54 723
56 46 16
6 46 870
1 61 110
56 27 13
15 47 147
13 36 695
34 7 1801
32 48 3058
15 28 11
25 11 37
18 3 2436
37 15 1768
53 41 297
69 28 41
34 59 38
16 20 9
22 31 44
30 3 354
12 24 70
16 67 137
3 7 112
30 26 754
31 1 387
62 51 236
53 38 615
45 19 31
38 24 181
36 4 1200
8 47 1690
45 10 89
12 6 16
52 9 3798
19 36 2851
33 50 137
68 8 2758
44 13 50
31 12 5
29 15 253
20 41 322
40 1 71
63 5 33
49 11 938
63 17 236
14 16 1974
30 62 1153
15 14 30
34 36 140
47 62 488
38 43 13
47 53 932
68 4 1328
15 1 2713
11 52 163
41 7 432
50 3 117
56 17 242
29 59 925
39 19 266
43 5 373
64 23 98
55 12 35
1 38 224
63 24 93
66 13 397
57 40 281
39 44 119
23 62 64
52 41 569
59 56 792
29 68 147
59 16 419
5 48 254
32 35 117
25 67 84
38 70 1056
27 63 3064
70 61 3323
60 8 0
25 38 1111
70 16 79
28 50 2261
12 64 400
3 52 275
41 31 27
54 25 503
46 50 684
32 43 35
28 60 105
57 35 175
33 70 1679
35 25 3
35 19 186
2 21 19
22 56 25
36 45 299
30 8 1122
57 6 478
15 49 74
33 49 106
3 57 692
32 68 29
69 67 73
45 65 0
17 33 60
42 13 22
15 57 177
40 19 860
36 9 45
7 41 1085
49 51 240
63 57 55
16 58 312
54 19 70
28 8 899
10 13 445
62 44 13
62 24 47
66 38 108
52 55 595
44 43 312
8 27 925
21 56 35
6 53 27
32 8 114
6 64 1915
69 52 260
66 37 116
28 25 634
66 6 11
3 15 215
37 41 63
23 44 503
51 45 1508
55 63 145
8 17 0
6 47 162
10 47 224
31 24 151
43 34 29
34 4 136
7 56 110
37 52 386
61 10 31
17 34 11
57 27 747
37 36 3778
18 36 3762
69 53 55
33 38 494
46 22 125
51 15 1510
22 26 3734
29 2 432
13 41 187
5 26 394
32 63 68
62 30 2825
33 40 3795
28 25 3320
38 31 72
26 16 393
42 44 169
16 29 98
6 52 1813
19 40 201
64 7 335
27 67 1349
60 40 411
3 70 7
36 10 340
32 52 4045
49 46 288
68 50 15
6 46 101
11 12 484
20 39 211
20 12 28
9 51 92
61 7 167
66 68 31
29 20 56
4 13 216
12 18 150
6 55 18
36 58 67
61 1 248
61 65 37
31 43 20
50 70 696
4 51 137
15 67 40
45 43 137
17 8 458
20 19 51
58 37 760
40 55 500
20 10 530
63 40 503
19 23 863
43 58 47
65 26 992
34 47 757
13 40 704
46 22 49
26 33 1438
52 11 326
39 18 55
50 9 50
32 34 21
2 51 31
41 4 14
43 35 37
33 6 57
18 47 2221
22 48 166
63 3 882
1 62 115
8 19 89
53 51 2008
62 29 1654
48 43 266
46 10 1651
67 23 17
19 45 74
26 6 199
4 63 84
56 63 860
53 38 0
67 66 45
55 30 484
33 9 56
34 59 55
2 54 3138
64 4 12
61 14 477
2 19 827
56 68 53
11 66 31
20 67 81
7 19 236
3 6 7
62 56 201
67 45 784
70 62 349
47 55 56
11 40 76
40 48 159
7 54 48
57 26 2034
62 47 1
15 55 24
36 50 232
39 30 34
34 49 53
28 17 15
19 30 40
40 54 82
17 8 2272
31 67 3
45 28 1855
61 42 37
16 27 3782
9 39 49
38 41 333
9 51 183
67 23 1083
55 21 49
67 52 27
8 42 59
58 1 1454
50 67 60
25 9 198
26 5 429
12 42 1807
27 27 23
23 55 288
48 18 136
44 51 12
61 7 272
69 17 396
19 7 416
14 6 61
6 14 2
6 49 80
53 28 1784
47 40 3633
13 7 2388
35 41 238
65 63 63
52 56 72
2 24 37
27 29 27
24 50 78
13 22 56
48 63 1307
39 48 115
11 52 111
15 54 117
27 70 948
35 26 61
39 1 172
40 29 100
25 14 2640
35 36 46
10 58 54
54 8 441
59 14 2
10 26 407
69 65 1406
19 61 331
68 43 1510
37 61 87
35 13 491
34 67 17
21 29 534
25 28 24
24 66 846
45 61 52
6 40 1237
67 10 476
53 13 415
37 4 1855
27 11 88
58 40 23
45 51 0
16 38 16
52 50 86
30 36 11
55 38 1725
63 64 204
9 14 716
45 69 53
68 29 0
31 59 2874
24 29 1281
29 66 94
64 55 3235
66 66 463
2 3 1637
9 2 53
11 43 23
64 41 455
23 6 11
50 17 1390
40 29 609
26 14 40
50 45 67
53 54 1544
12 62 127
42 53 49
20 36 93
32 40 995
40 23 120
69 33 52
9 19 87
52 20 69
36 13 563
31 56 246
41 10 1805
40 18 1678
38 24 27
9 67 147
64 32 1255
49 21 438
24 15 46
2 19 198
68 51 78
34 34 990
2 43 60
43 43 501
69 55 449
20 35 120
58 59 36
38 38 1604
19 42 54
6 34 3187
9 52 39
64 48 545
22 9 11
33 23 1603
2 51 53
20 3 179
18 30 137
52 18 71
12 64 218
30 45 864
9 26 82
61 43 30
6 32 1004
49 2 37
62 3 2255
22 10 1379
5 40 984
24 4 161
60 16 4019
10 9 58
51 14 4
43 12 405
64 42 214
67 67 2571
42 59 128
16 16 31
5 14 59
56 21 1385
30 26 56
21 40 3986
55 62 598
55 38 229
18 1 11
40 53 432
22 6 500
63 56 114
53 43 169
39 11 33
8 15 960
34 34 769
46 53 71
23 41 91
29 12 35
9 35 63
35 34 59
42 4 71
59 63 43
25 9 956
41 24 237
56 28 1146
53 11 842
60 17 752
51 28 501
14 21 44
16 10 148
8 17 244
53 43 61
19 31 558
26 49 286
20 56 84
64 3 51
1 55 10
49 16 14
63 67 132
30 41 30
23 17 1
37 66 51
49 18 121
35 31 421
3 45 473
56 16 971
32 7 392
14 8 0
47 53 87
14 66 926
13 3 55
29 69 182
1 19 43
39 31 495
1 15 47
57 26 202
4 62 212
41 3 205
2 60 106
10 28 250
7 22 1013
35 22 73
33 70 574
68 46 0
2 18 947
20 26 52
25 25 109
56 66 3913
26 4 1636
68 65 758
34 19 2972
22 53 290
47 11 46
13 60 251
6 47 23
43 30 589
70 43 7
26 37 237
43 64 1761
11 11 22
18 66 697
2 27 97
8 64 1764
66 20 1567
37 2 78
59 47 1817
26 67 786
29 28 32
62 51 116
5 30 12
5 22 826
30 43 144
49 15 401
30 8 3
37 34 327
46 2 41
45 65 817
41 26 196
3 58 446
31 58 4045
68 62 184
32 29 3809
49 31 40
34 42 792
52 64 30
22 60 254
24 15 1776
49 38 3025
28 58 1195
4 39 0
24 69 244
14 25 195
49 65 264
34 30 410
46 9 948
63 62 2176
27 11 32
34 61 225
69 32 383
10 39 457
33 63 3534
27 20 2374
64 40 55
15 8 905
59 22 647
5 33 141
10 19 358
27 55 538
40 24 750
63 30 99
18 38 3168
40 7 1016
12 60 16
19 70 263
38 34 99
18 34 3896
16 38 4
9 31 139
9 43 1810
34 15 1764
58 33 38
25 64 107
26 53 489
68 5 48
51 10 183
26 25 3315
69 16 825
47 37 65
26 29 140
69 14 100
8 68 33
27 18 8
58 10 40
46 25 5
23 27 62
68 10 1561
23 22 322
48 43 15
43 70 0
67 69 726
48 55 715
65 46 404
57 25 501
18 49 260
45 58 7
17 26 195
28 21 795
27 8 108
16 33 250
18 31 113
7 13 967
25 42 124
19 41 43
13 11 1080
55 53 50
26 6 1
49 21 237
40 51 864
48 22 267
15 52 115
40 62 101
5 3 3061
42 38 125
6 62 11
18 59 95
17 67 285
43 21 33
55 57 31
54 57 20
33 52 44
26 43 17
70 42 184
14 37 80
31 29 144
20 40 788
42 51 67
45 60 1067
48 44 642
20 19 225
47 28 980
53 17 63
61 19 595
69 63 302
41 41 20
33 2 7
50 18 26
37 14 1332
29 4 70
51 65 167
48 30 1949
34 3 58
12 50 1
15 44 72
69 13 9
18 25 887
30 41 22
6 7 74
36 28 3417
69 51 47
22 18 114
26 6 138
2 31 192
57 23 934
48 12 51
2 45 6
67 59 130
3 4 24
14 36 344
30 3 501
5 42 163
43 48 56
43 9 20
35 43 72
69 16 845
41 70 50
66 62 16
23 33 26
67 5 275
45 37 182
6 27 2338
53 52 0
38 13 3350
43 3 198
61 30 784
56 7 977
35 1 66
45 50 96
67 27 12
63 49 264
43 19 33
18 17 90
40 22 2972
29 34 94
32 66 54
18 41 117
51 11 117
47 24 87
55 1 894
35 52 491
12 2 471
14 47 122
36 50 172
64 51 247
62 2 211
26 51 2545
28 63 281
17 4 2188
49 8 1117
51 13 2219
64 47 828
53 66 274
24 61 254
20 61 17
59 22 364
59 57 70
55 57 121
15 42 18
57 32 234
17 7 28
27 23 2352
30 40 213
5 1 1416
58 28 310
30 41 127
22 4 15
66 65 127
40 69 42
43 1 385
45 52 797
24 33 553
42 65 123
63 54 135
48 51 25
68 33 432
44 57 1907
54 16 300
38 53 41
13 45 3223
5 29 18
29 9 1003
58 15 23
20 28 72
70 40 104
66 19 3223
63 57 2263
59 3 61
69 16 677
27 65 1
14 3 19
9 57 49
1 4 40
6 19 2022
53 51 344
24 7 33
44 43 11
26 52 1192
15 28 121
33 64 237
61 19 18
53 18 1014
37 63 385
31 43 526
69 63 475
9 47 21
31 63 174
36 27 3877
10 69 3877
55 6 55
8 33 1149
41 50 883
40 63 113
35 60 1524
64 11 126
4 42 9
11 70 202
9 26 798
15 58 18
70 30 27
62 28 51
12 21 257
21 28 287
24 20 126
47 57 105
14 2 6
39 70 564
59 57 268
15 70 631
40 49 6
42 56 127
27 6 288
30 41 53
28 36 815
4 3 41
32 43 1816
35 36 62
8 64 2370
42 26 1700
24 66 1096
18 70 21
57 9 94
43 70 95
47 28 180
14 50 3642
22 30 207
67 70 824
34 28 26
3 26 10
2 10 11
23 41 2
40 33 3408
55 65 428
57 64 345
35 43 415
54 42 228
6 25 4011
64 11 1248
70 19 437
38 39 124
70 7 822
61 38 13
18 21 65
43 23 11
25 66 485
17 42 177
23 27 1242
17 52 207
2 8 58
61 37 23
25 43 841
5 60 221
47 39 1857
56 44 2995
57 32 4
36 68 1032
50 15 366
43 3 108
62 43 118
36 28 1006
26 40 69
1 52 46
22 3 950
16 55 203
2 29 60
41 70 200
64 45 176
49 21 162
5 29 1368
65 8 304
44 66 3479
62 10 55
13 22 50
52 51 116
69 25 124
66 64 47
44 53 992
9 4 418
11 47 5
61 45 1290
33 3 2310
48 34 28
67 17 61
61 30 1171
7 44 421
25 18 3689
30 2 31
24 58 301
24 15 696
65 44 540
34 28 84
50 37 232
60 21 136
48 11 1710
27 6 941
14 8 105
36 68 304
57 32 209
30 9 338
7 43 40
20 13 114
50 5 50
44 61 49
19 3 123
20 8 437
28 28 232
21 38 20
26 36 5
12 24 1259
1 37 49
29 64 12
54 56 360
60 27 118
51 19 40
6 62 356
2 16 708
64 15 154
20 11 48
68 42 241
49 31 167
7 67 1135
41 57 53
50 48 377
48 18 131
44 69 3159
12 21 3162
48 4 981
7 16 2731
24 18 173
17 53 15
14 67 13
14 27 296
9 64 187
13 24 300
34 43 34
49 12 23
39 39 1796
5 64 38
50 6 183
63 2 19
61 56 28
4 32 184
69 56 124
52 53 3655
49 33 1859
62 8 69
22 45 2892
17 9 44
21 33 121
45 13 235
24 16 136
60 61 293
41 14 477
65 64 33
25 26 246
25 69 949
50 53 606
39 50 122
3 70 111
27 45 297
34 21 1250
43 68 244
3 49 60
34 57 170
23 50 14
12 51 20
51 38 51
37 57 3462
1 40 1176
53 17 467
65 37 403
46 15 3442
45 5 663
70 9 1297
21 6 158
9 45 75
59 38 724
45 14 80
42 40 23
46 51 3271
21 28 179
21 57 176
50 55 14
49 23 110
35 54 14
58 64 107
48 14 102
38 62 508
42 55 28
22 59 58
17 55 408
61 62 1425
10 70 15
21 39 127
40 57 581
32 23 142
41 70 36
56 8 744
64 56 48
68 3 330
55 68 229
2 28 89
22 24 110
1 45 47
2 31 28
66 43 59
50 3 440
18 39 516
64 11 205
28 56 3001
69 8 35
38 49 41
41 57 37
68 52 218
43 49 386
32 23 13
40 49 1190
14 7 468
3 27 3
20 23 70
39 60 2043
12 47 67
60 70 2221
10 49 82
10 17 77
34 37 118
31 4 1181
56 62 199
10 46 31
50 18 89
23 23 558
62 43 135
12 18 58
10 22 50
4 49 77
32 24 2988
22 40 718
27 56 40
11 26 1642
29 39 16
61 2 185
40 38 128
32 10 20
25 28 200
40 17 1704
9 20 368
9 6 2266
29 1 49
37 66 930
4 5 798
62 55 1832
44 56 205
28 29 1755
21 4 3
4 45 20
27 68 2577
28 26 93
15 69 957
54 19 17
32 64 450
23 33 42
13 55 3127
39 29 51
13 68 2220
44 34 3211
65 41 197
33 1 271
22 64 381
32 12 497
49 43 3047
66 9 13
69 11 564
17 10 145
23 37 65
21 38 46
67 1 44
51 53 3252
11 10 1242
45 22 154
51 67 856
17 70 58
38 31 64
37 6 842
14 32 54
26 32 1759
48 54 29
44 6 471
18 25 123
1 70 80
43 18 2331
33 28 92
5 33 815
13 63 158
2 46 396
27 15 591
2 8 1015
38 37 1029
21 60 111
43 9 754
9 28 220
2 25 49
48 44 1493
36 64 496
20 28 655
37 6 457
44 23 296
9 37 155
56 35 801
40 50 4
52 5 122
49 40 60
37 55 226
31 12 37
60 51 2
43 37 251
2 8 114
49 18 777
66 34 48
45 1 114
52 56 114
18 51 336
8 27 930
44 70 52
32 41 216
27 5 71
21 67 198
65 12 45
51 12 101
46 54 69
4 43 117
6 38 9
1 28 434
36 12 459
18 58 114
23 26 657
40 25 489
18 9 733
59 29 745
17 56 1407
61 58 40
9 22 2736
34 10 1069
46 51 9
52 56 2022
37 47 105
14 9 945
48 3 95
42 46 123
11 10 1440
32 63 55
9 44 57
7 5 1146
60 24 28
18 55 45
63 33 46
56 37 212
18 64 42
44 38 273
55 63 366
43 14 71
55 31 845
34 34 377
18 53 299
56 34 2861
54 50 42
69 28 102
13 54 100
9 19 558
65 7 0
59 3 1517
28 58 386
38 58 135
23 64 24
1 60 283
48 49 81
58 59 1939
15 17 92
54 26 15
43 11 17
6 47 3564
70 29 1
6 27 1522
48 5 398
47 26 156
53 21 40
1 22 1337
69 64 898
27 62 32
36 19 77
48 7 936
47 18 1743
22 63 723
67 61 231
47 18 3
15 53 270
24 46 198
4 44 109
61 30 136
29 35 121
16 62 236
44 41 43
55 51 1003
67 9 69
57 47 231
10 29 122
40 34 56
8 3 3742
44 1 1432
42 23 2032
27 35 94
58 60 201
39 22 383
48 6 43
41 23 1568
20 30 56
8 58 36
50 13 55
47 67 182
60 46 1177
54 21 1138
7 62 3
56 27 138
6 58 163
70 59 104
22 44 79
44 23 3706
28 57 122
9 44 255
42 40 6
20 57 890
9 43 47
16 23 370
17 49 18
44 30 214
52 56 37
63 29 353
11 55 371
54 19 15
66 35 242
45 48 488
55 54 1184
46 51 63
11 26 1675
28 47 269
66 8 61
34 32 1
39 39 30
3 36 47
66 30 299
18 33 30
44 66 104
62 8 4
30 3 44
47 63 2244
12 32 66
30 70 371
13 39 3486
14 55 2609
39 49 771
64 47 36
30 50 493
41 21 232
7 31 403
36 51 42
69 49 178
9 6 22
24 59 123
57 2 670
17 11 49
61 55 96
25 7 28
29 38 61
55 45 600
39 3 187
68 3 407
3 57 192
14 68 876
37 13 77
39 11 365
40 55 44
43 58 187
23 12 265
19 23 18
67 43 1
23 34 949
58 29 3342
22 8 125
35 23 91
63 66 366
62 69 566
58 66 265
12 6 862
55 36 566
38 24 107
46 53 392
24 62 99
41 44 1099
46 36 4052
49 4 3694
32 28 502
17 35 9
39 44 466
53 21 2710
5 38 760
66 1 1405
59 43 5
40 64 89
53 7 2034
65 64 147
25 70 28
32 6 118
38 12 769
68 1 29
46 59 46
53 15 56
56 62 421
69 11 119
70 27 4073
51 5 1958
38 5 914
53 13 265
17 1 3200
53 53 1332
70 46 31
21 44 37
4 30 62
15 57 1349
59 60 15
54 29 3314
48 29 49
16 4 508
1 9 50
38 59 3408
66 4 644
42 66 746
23 44 447
58 3 223
13 64 12
33 47 153
59 29 210
68 37 59
21 70 48
55 49 654
59 37 3
39 30 1813
54 42 24
6 29 27
17 25 3113
57 18 444
70 67 45
66 47 954
1 43 58
64 59 3750
14 22 1622
15 49 9
55 23 19
54 22 239
22 9 29
16 39 10
17 29 5
20 40 88
27 33 330
52 21 30
55 65 2041
24 5 95
63 35 148
23 28 509
68 14 787
18 63 103
51 29 1110
55 7 407
54 13 3450
45 44 32
4 5 73
39 61 2005
28 61 20
26 20 32
23 38 2
54 63 923
60 3 1982
14 4 35
33 6 368
62 47 2059
56 9 749
38 44 1399
50 19 5
31 46 214
3 46 16
56 27 1734
29 20 26
10 43 426
19 39 882
68 21 1732
7 25 165
15 6 189
70 61 24
46 70 24
62 45 72
55 57 45
66 35 1256
33 21 80
68 11 1937
9 38 1008
50 40 3600
34 57 464
50 50 1212
66 9 30
21 27 50
46 32 34
63 32 1397
35 44 227
16 40 70
54 27 1686
10 12 105
22 35 93
25 20 34
61 25 320
43 55 20
47 49 7
45 40 96
59 28 791
21 31 37
52 60 30
17 9 279
41 46 3649
20 47 73
37 17 356
15 57 399
33 49 400
17 11 1186
46 21 214
13 59 723
15 58 366
24 36 330
33 2 21
22 23 27
63 61 0
34 51 89
3 66 357
66 62 58
59 19 68
49 11 29
55 66 687
23 66 22
11 17 4000
35 36 785
50 51 8
2 44 93
24 56 21
6 19 1213
59 11 7
37 51 215
54 6 29
26 29 19
4 7 207
30 38 27
48 67 383
3 61 180
32 6 1552
65 62 27
63 27 776
8 55 1
61 9 262
36 41 343
40 45 105
20 53 755
7 54 1308
56 61 430
57 25 1014
30 60 30
59 60 401
28 6 862
29 66 457
7 52 262
46 46 54
40 22 268
26 50 27
62 4 214
14 12 960
6 34 1690
58 46 40
27 40 248
70 28 555
16 64 58
58 16 124
21 49 75
31 3 91
19 52 2233
54 7 52
67 63 9
47 44 757
24 63 1328
24 66 1864
54 22 189
37 69 1329
64 45 35
55 31 421
19 62 104
67 66 439
20 53 4040
12 68 1708
11 54 644
24 10 902
10 66 155
26 69 62
25 44 1895
34 30 18
46 19 2634
36 3 546
19 14 36
56 40 157
64 49 52
27 67 2048
41 2 252
62 1 843
21 16 62
65 37 3684
18 41 741
6 22 735
3 8 222
58 50 60
39 64 122
47 22 247
34 8 1401
62 56 172
38 44 1467
38 33 185
63 30 759
38 52 847
28 60 1880
25 62 2328
36 39 167
50 70 35
62 11 3968
17 67 404
4 8 2605
52 60 277
6 1 13
23 22 539
43 50 89
48 38 2022
39 50 93
7 55 83
49 25 37
50 27 55
37 54 90
26 37 2792
70 59 168
47 29 100
42 15 3771
33 36 16
56 43 69
29 37 3379
28 4 19
69 35 2706
68 63 398
40 13 121
1 23 961
5 34 1722
15 21 22
41 51 46
46 13 87
51 11 98
34 33 4
3 65 200
19 58 562
51 69 27
58 30 24
19 54 191
40 56 916
26 37 997
58 70 307
15 57 3999
38 66 3093
13 44 767
24 25 19
60 26 940
42 1 444
8 27 1607
59 45 509
22 16 7
55 61 1474
24 45 53
62 20 3618
51 54 186
69 66 1944
58 34 396
12 46 24
40 70 9
67 22 24
38 50 45
68 36 60
50 11 12
43 47 818
67 43 746
38 66 0
29 32 92
6 23 4
24 13 95
37 4 1007
57 25 1534
16 57 26
14 50 42
29 69 1479
57 33 1458
2 19 610
6 52 1242
8 25 1127
40 26 3271
47 46 3
53 18 1428
60 35 59
53 70 1331
60 8 558
68 61 154
64 33 70
9 51 40
7 11 277
64 27 176
10 54 282
29 27 393
32 67 76
68 21 949
53 22 2017
24 61 48
59 3 833
56 56 18
63 53 70
37 60 198
10 60 394
31 2 1073
59 69 842
48 61 2301
49 56 486
48 51 853
32 16 146
22 25 410
59 46 115
25 39 232
32 36 407
60 25 52
55 35 668
11 21 449
7 21 180
3 56 892
58 69 1237
12 35 26
70 42 42
11 9 62
50 8 13
34 23 416
42 53 164
3 30 42
51 39 813
8 61 156
39 10 410
2 10 536
66 10 436
26 42 50
25 27 192
18 32 64
48 57 443
58 62 53
7 59 68
70 4 1022
65 12 382
11 40 352
9 42 1916
25 24 74
2 56 442
49 69 42
58 69 393
61 67 276
40 32 308
29 13 2671
44 56 1644
47 25 9
56 50 47
26 57 37
55 66 198
68 51 59
18 68 1685
7 60 14
57 55 7
22 66 399
2 48 111
69 56 564
15 65 372
28 35 295
18 1 59
66 68 1532
63 55 1058
21 63 979
19 24 111
2 48 172
13 48 988
3 17 25
31 32 870
13 20 440
46 63 1084
29 44 68
25 36 401
63 63 322
7 24 662
64 66 265
10 41 100
9 29 146
68 44 62
31 53 3074
18 18 539
38 35 452
42 10 50
24 1 297
2 24 38
16 68 1024
70 38 105
58 22 147
50 43 630
61 65 196
51 51 622
7 28 933
30 32 2853
6 5 503
43 62 304
55 39 2
9 45 113
55 29 454
25 50 3911
40 49 3195
39 51 136
63 47 1133
47 15 42
32 40 255
28 28 2579
37 20 133
14 58 462
65 25 1962
54 44 63
59 18 17
66 5 30
9 51 3158
63 65 18
19 7 3772
15 2 49
17 39 648
29 7 1019
66 36 10
11 60 2033
23 52 881
7 4 2405
63 58 943
9 4 963
36 47 151
28 28 93
22 69 456
53 7 54
22 12 146
18 64 183
25 37 33
19 16 34
20 2 151
42 28 45
65 18 32
41 57 324
4 70 366
10 58 315
3 59 198
10 55 466
34 65 1174
64 21 635
43 44 1638
29 2 698
36 49 62
42 59 1898
9 32 3047
46 64 452
40 22 361
56 47 114
64 28 563
45 37 95
44 52 977
13 50 1061
7 42 67
4 40 150
51 55 275
3 44 107
42 57 1
2 62 48
48 2 194
31 43 54
28 11 8
11 49 77
36 25 21
56 24 2037
31 49 104
36 34 61
25 34 4006
50 32 120
4 64 1181
27 34 604
7 63 282
53 54 1023
61 17 307
67 5 108
36 8 35
23 46 493
58 43 196
21 26 8
3 62 38
40 40 477
53 64 12
26 9 1789
42 28 705
65 52 6
51 47 91
2 8 56
24 21 29
57 45 62
59 42 247
65 41 255
35 28 434
30 27 3
19 32 22
3 54 35
27 36 206
19 69 947
28 40 1
65 36 383
11 70 1179
50 44 1050
45 25 5
24 37 100
19 2 25
58 16 948
33 49 1007
45 32 1331
40 45 101
70 59 4074
46 8 2666
33 26 1497
48 67 171
54 61 10
41 11 1634
13 20 162
52 29 158
67 59 2000
67 39 412
59 26 51
27 47 4050
7 11 125
50 15 842
56 45 2463
5 16 449
49 62 118
60 8 10
16 64 220
62 58 3444
17 29 198
32 11 223
64 61 329
59 52 247
54 53 113
20 18 88
58 44 45
6 11 693
63 18 3
37 52 31
10 15 42
35 30 0
45 55 599
38 33 81
16 44 37
15 69 11
23 29 440
68 40 36
16 14 44
54 45 119
38 15 27
22 38 53
70 68 184
64 56 52
38 49 107
11 11 16
47 18 50
12 44 26
26 8 49
40 54 1864
32 37 10
21 52 502
31 70 883
42 53 15
29 10 313
35 15 58
31 23 235
35 63 14
42 60 62
47 16 180
27 30 181
45 57 11
37 69 1231
51 1 2020
41 4 3956
8 57 52
62 24 478
18 21 1228
16 16 371
58 13 244
12 31 12
60 42 33
8 38 72
59 9 55
19 48 2970
33 37 1973
7 30 13
38 24 119
20 6 42
5 50 193
33 41 408
12 38 69
1 25 546
43 5 472
38 50 105
6 8 53
60 15 680
7 59 743
15 27 20
20 60 846
24 49 88
41 13 1153
56 64 25
53 21 715
28 42 307
15 9 205
22 26 768
33 60 632
17 48 1822
60 24 23
21 49 739
53 40 139
46 62 157
12 45 122
11 41 36
14 49 248
18 65 1000
68 41 422
41 38 32
70 16 176
48 58 42
59 32 229
18 2 1497
5 31 237
53 33 234
69 58 3698
49 62 17
5 52 25
61 6 9
2 60 13
43 70 657
27 57 449
62 3 1554
28 42 32
7 23 60
52 31 1988
66 47 9
38 56 259
52 22 3437
44 48 490
28 23 3509
11 48 36
27 65 16
37 44 1217
10 58 151
41 28 1881
14 64 39
68 44 58
30 68 580
56 1 429
51 10 3997
11 2 3319
14 5 303
52 33 54
38 70 258
58 46 48
46 36 82
55 63 29
31 36 466
67 35 539
14 47 2585
15 28 1
18 3 2
63 7 513
5 56 414
60 34 115
19 65 65
28 47 486
30 65 366
30 24 3732
66 34 40
53 44 13
51 43 1886
4 25 1358
62 18 44
36 17 161
18 17 3
44 5 40
29 67 966
51 57 232
62 48 178
19 36 62
62 6 5
28 9 14
42 14 106
9 44 56
46 53 3579
43 55 2559
47 63 628
61 69 401
51 58 732
52 35 1095
33 61 29
50 66 270
65 22 483
44 43 427
51 54 51
48 68 60
6 45 177
32 59 4
51 68 114
11 49 3119
31 64 103
12 40 63
1 19 477
16 29 1100
60 42 544
63 18 619
39 12 347
47 2 154
40 10 445
45 22 3196
41 43 207
61 22 50
50 5 344
30 7 29
26 7 50
42 12 114
39 66 506
34 67 28
56 57 105
32 2 335
35 14 35
15 1 17
40 15 121
48 37 1906
20 66 1719
35 63 114
55 28 47
26 22 108
38 11 47
26 47 126
35 25 925
10 23 158
3 11 61
67 28 506
62 5 831
65 24 600
20 37 159
42 1 21
20 25 206
42 32 2734
5 43 32
59 48 13
36 69 2028
14 35 2572
62 29 1535
6 51 973
20 34 15
27 11 59
25 42 579
68 18 76
44 14 29
34 49 3336
70 6 28
67 54 593
69 54 18
60 15 101
20 38 5
3 57 67
63 13 1195
70 54 1024
5 5 1609
66 18 3328
36 36 385
14 40 62
64 2 84
1 33 412
11 46 43
7 7 122
36 4 189
61 11 65
54 54 444
40 43 1333
30 26 5
43 9 945
70 35 29
44 58 433
33 7 600
2 37 65
58 26 174
37 58 134
50 25 43
3 22 461
28 22 173
7 34 410
33 60 1195
58 63 762
41 13 326
61 34 46
63 53 18
52 29 10
32 69 1720
3 70 98
22 65 128
65 40 9
8 58 3
47 14 1428
63 30 48
3 14 635
8 3 51
58 29 39
38 22 83
48 22 969
64 17 853
53 26 38
43 68 44
52 69 22
52 11 219
61 5 315
25 17 366
63 32 6
16 70 2121
41 6 0
58 13 2041
66 56 687
46 27 72
33 67 83
69 5 574
48 43 50
51 57 373
31 49 2237
65 30 2137
25 38 363
1 44 841
56 67 43
18 65 303
62 49 83
49 64 383
17 60 756
61 49 642
4 13 361
9 25 696
5 15 789
5 60 468
2 26 58
48 4 196
7 48 269
12 18 412
13 2 160
70 55 639
30 62 149
51 55 838
51 59 59
2 24 18
5 12 464
38 54 450
5 49 417
14 10 86
30 3 225
23 69 33
19 16 5
6 27 1896
23 6 62
8 60 2758
34 60 3259
7 28 142
56 45 126
54 14 155
38 18 729
29 26 94
8 31 57
58 17 89
45 29 391
51 43 53
5 68 11
4 3 259
55 70 1012
14 22 38
30 14 313
54 22 26
22 17 192
25 22 1475
23 8 3222
37 61 1609
18 40 99
24 36 22
19 58 82
3 32 16
8 29 324
64 61 137
5 60 2581
22 48 455
40 2 10
53 25 192
38 24 1834
44 63 1363
36 64 109
41 9 186
68 54 39
40 56 176
28 59 209
17 58 188
47 7 420
62 11 161
17 61 0
6 66 772
69 57 2
31 9 51
1 5 3616
10 18 49
54 32 81
37 59 39
4 29 167
45 19 7
54 37 564
35 33 437
56 64 12
42 53 900
26 68 6
18 42 590
12 56 26
41 7 44
34 4 55
38 7 156
59 62 188
21 6 2043
15 70 36
50 62 598
5 23 499
37 52 1395
32 48 1557
11 62 27
59 8 5
