70 5000
^^^^^^^^^^^^
64 30 2569
12 4 1022
50 62 1080
41 34 3788
61 33 2198
64 15 3817
34 41 522
5 35 3760
24 66 2526
6 25 3527
42 34 3715
6 11 3120
29 46 1419
53 34 2364
23 60 471
61 13 3879
30 45 1241
24 41 391
57 69 3196
22 10 2558
53 35 506
54 34 3296
36 43 1855
60 30 3686
41 5 2088
50 22 853
9 4 3451
3 40 793
62 34 2608
38 38 3546
39 69 3362
9 50 195
61 11 385
17 17 3645
69 32 1630
10 15 3835
48 12 367
33 33 3645
62 53 740
6 48 2384
29 46 3445
7 43 702
7 9 2433
25 15 3494
26 66 163
60 19 3637
11 49 1354
40 28 4022
47 17 1354
61 11 1525
64 31 2850
66 47 540
43 38 728
49 23 2871
46 51 1523
10 65 1174
63 51 828
49 11 43
29 35 3385
20 49 2893
42 27 2600
70 7 1068
38 67 4057
47 12 4012
22 15 2022
13 41 1692
37 7 2980
32 3 2537
43 4 1083
2 60 421
41 32 178
17 1 1689
68 5 3286
47 40 3293
19 21 2197
59 3 1809
67 63 2901
3 48 1371
51 24 3903
14 32 3168
5 62 1699
29 58 3975
58 56 3402
37 26 1689
19 10 2401
3 41 1895
66 9 299
5 9 621
51 53 3783
67 58 1541
61 64 39
69 61 2336
31 69 1977
8 62 183
41 65 628
55 32 3604
70 45 2333
56 63 3145
56 11 1571
35 15 3053
57 56 36
62 20 53
17 51 3227
61 28 777
10 52 583
49 12 3666
32 48 410
19 33 3265
41 17 3849
12 20 1016
53 22 3480
31 8 3164
7 11 3957
65 33 1406
43 8 119
61 3 604
2 11 3466
2 23 771
25 49 4051
63 17 870
5 30 3210
59 11 3541
49 68 1979
22 45 3653
36 43 1881
70 47 3253
28 36 1428
66 49 1158
67 28 235
61 39 340
50 36 3301
65 52 3357
66 12 2320
41 61 1795
39 40 3524
37 27 3904
12 57 3140
59 35 2534
70 35 3493
29 35 1186
13 42 3652
56 26 1387
57 44 352
45 6 1828
55 47 1030
27 37 638
36 2 3359
9 34 500
70 59 2353
24 31 1956
66 18 196
29 60 1061
65 19 207
70 33 3107
52 9 3339
17 45 3664
57 36 3240
4 36 2146
69 7 3581
70 16 2177
36 15 263
54 25 871
28 15 2089
30 66 1493
52 37 263
34 6 1706
9 60 784
29 59 2839
48 68 2148
54 22 1928
56 1 233
64 51 2767
12 68 1437
30 26 1896
26 3 3845
19 56 4046
53 47 732
64 12 520
22 38 1854
31 70 2648
42 52 762
35 48 3851
5 43 2873
10 61 3532
22 69 671
23 2 1373
3 13 2293
3 68 2873
14 58 3060
21 33 300
35 25 124
64 68 695
47 36 597
51 57 1293
35 47 3313
24 12 1542
68 58 1416
1 51 1489
56 43 3401
35 45 3626
58 16 304
53 68 2499
65 70 2349
32 54 3814
70 68 3890
8 8 624
10 36 91
43 52 2879
58 51 1841
70 54 1230
60 1 562
47 48 1659
36 58 2834
24 59 268
3 45 844
8 13 548
5 5 1555
33 65 2064
44 50 208
58 2 2468
52 37 3174
38 5 4004
33 64 486
63 59 1328
34 15 2892
54 29 1912
40 67 522
66 11 3577
54 39 1294
34 44 3392
54 30 2593
67 9 433
10 61 792
42 24 1179
17 19 755
45 48 3768
55 20 2982
8 17 1610
13 60 20
56 60 1806
59 57 1533
63 30 1421
55 46 2692
21 8 3772
15 13 863
17 1 1269
26 45 715
47 29 3116
28 16 61
67 54 760
26 41 1697
64 43 176
26 22 3309
61 63 3977
7 19 2907
45 6 3943
44 30 3072
15 52 3976
36 13 329
50 1 1947
59 41 526
53 60 2020
65 1 94
53 64 1124
40 42 1769
27 16 1620
12 26 1289
3 30 2569
12 8 4036
1 49 44
59 44 3138
2 14 3147
19 58 2725
69 36 3713
50 24 1160
52 13 2335
9 39 1449
10 37 2658
21 56 1016
30 37 1360
15 55 1579
30 28 2029
16 6 4080
4 8 960
17 54 1970
41 44 3841
65 15 2953
62 58 735
47 28 675
2 70 3076
50 13 383
16 8 616
23 31 595
11 27 3883
18 50 3141
12 17 2119
62 41 1691
53 69 3868
24 5 2598
61 64 1209
43 60 2187
56 27 947
44 51 3389
61 4 478
10 1 3453
40 41 3134
39 39 895
44 18 3509
69 66 208
54 55 1315
25 10 882
35 45 2735
38 30 2792
42 2 409
29 48 2080
56 60 3722
66 29 3905
10 47 3493
19 7 3095
45 19 3815
69 45 67
18 28 2861
12 48 3563
16 21 2435
27 66 3581
55 20 695
2 20 1327
34 36 3636
51 63 1130
8 53 2678
57 35 3204
62 4 3355
42 7 2879
54 56 1917
61 52 1285
29 64 3749
66 31 2261
62 15 3821
53 13 669
54 48 3737
35 36 3559
30 50 192
1 55 2494
57 25 3144
54 43 951
8 52 2919
30 12 1747
10 65 1167
19 3 601
6 9 3008
46 59 3083
33 55 1387
13 37 3417
29 18 1465
22 49 4090
29 37 709
58 51 3274
60 50 2489
48 54 830
10 19 1466
27 28 2991
49 50 848
44 65 3982
47 19 180
3 5 2031
13 15 1058
11 28 3480
36 35 4084
50 9 3458
33 42 3572
37 11 2706
15 46 2819
70 68 1407
17 9 1701
36 34 3099
25 40 992
51 68 3168
23 70 169
27 26 3286
67 58 816
53 57 2841
41 53 1905
18 29 3561
11 59 3557
42 29 2052
34 64 1706
35 27 1541
40 52 3661
29 8 2329
5 15 298
20 53 274
12 23 705
26 32 3303
70 9 3838
18 60 1868
9 68 2769
45 23 2444
67 51 1140
13 22 1468
25 23 2553
29 14 1646
56 15 2615
70 8 2390
4 53 29
19 43 1967
25 17 635
4 44 3609
21 17 938
7 17 1764
9 55 1732
37 3 538
49 51 877
15 3 901
11 39 1170
30 43 3902
6 31 2486
7 32 335
46 70 3261
38 38 335
48 44 2499
19 63 1602
61 3 1947
1 12 2043
68 67 1294
32 14 3555
56 19 3868
31 68 1802
46 68 3904
22 61 120
9 68 483
30 32 2122
17 43 2810
33 23 3830
53 63 3706
67 26 3395
11 70 2225
28 66 3002
33 48 3532
46 5 1895
4 66 505
63 33 559
61 69 2722
43 24 361
3 20 1957
31 3 1563
57 35 3189
14 58 3929
47 9 1633
61 2 3288
52 38 4036
9 19 1987
49 29 2913
25 66 2061
17 70 3599
9 43 2780
43 11 800
1 17 3679
67 57 2795
69 39 1469
10 18 648
6 58 267
59 61 3499
21 69 1929
16 40 3062
25 12 273
67 64 856
16 45 2613
45 41 739
45 19 2736
43 33 2057
19 40 1362
67 59 562
13 63 2886
8 28 1020
41 11 2328
17 6 574
6 30 185
67 6 419
22 47 900
29 7 1130
42 3 4019
9 14 1105
58 57 4041
33 49 1298
34 18 3697
4 27 2181
18 70 71
59 11 2513
7 28 3628
9 60 2687
69 67 1127
56 64 2433
69 6 265
36 67 411
64 40 3915
1 5 2406
15 12 2162
3 16 1280
51 70 3707
33 52 3623
11 24 231
35 57 2945
42 1 3339
19 3 2373
56 39 1667
38 35 1439
30 64 2459
8 9 985
39 21 3785
66 26 3513
49 29 1116
35 60 2382
69 64 1004
8 63 466
33 54 2448
23 20 2681
66 52 1787
5 7 1206
1 7 536
7 43 601
66 63 3859
8 41 1356
59 53 3008
21 41 986
53 25 1027
61 61 3269
5 11 620
4 43 1624
16 14 567
35 47 1399
32 55 1993
61 23 4010
51 30 3728
13 21 3082
50 67 2035
41 33 517
3 65 3214
51 5 2057
13 15 3414
27 10 1065
13 33 1622
20 12 2997
60 1 751
70 15 160
49 15 4065
18 7 2237
36 8 1856
7 2 2901
38 69 1498
56 38 2572
12 23 126
37 1 3792
19 63 2010
8 15 3227
23 10 700
10 27 1596
23 11 3144
27 27 2630
56 1 1771
43 46 3910
70 23 2938
8 62 1287
60 11 2168
24 69 3389
21 8 3217
69 37 3695
62 69 3388
70 6 1189
48 33 3898
41 6 1490
67 62 2406
62 38 1078
61 57 3716
68 59 545
68 11 956
32 61 1453
36 24 2558
8 59 995
46 42 2911
21 69 2437
42 29 2833
47 53 3818
64 54 2153
22 53 2397
42 61 921
61 62 3010
65 29 3664
45 58 2354
53 33 477
11 20 152
41 15 1694
68 21 3348
42 63 3496
67 65 274
19 49 144
10 2 2007
34 21 3813
63 55 915
43 13 498
56 35 1411
10 34 1834
44 31 3312
22 18 1503
1 62 559
17 69 2592
64 58 3499
27 41 2723
5 14 3431
58 57 1148
48 36 3479
12 20 862
18 70 2863
28 52 2468
60 6 2343
16 40 1987
9 59 3556
16 39 4020
22 11 1466
17 65 1107
37 66 1649
69 29 3825
55 44 3505
10 68 3802
8 45 485
63 22 1196
58 6 3988
16 36 179
12 5 3458
14 30 963
36 47 2899
6 9 3070
10 5 1217
29 3 3964
18 27 1467
46 46 3924
8 48 2633
31 69 2587
33 53 1978
45 44 3823
17 31 623
2 5 2184
24 45 2924
49 68 3633
58 14 1991
16 30 2218
29 51 2209
3 36 1224
26 21 1864
3 2 3968
32 4 192
58 12 2177
67 45 820
12 38 27
48 7 340
29 65 258
22 22 1810
49 15 1290
63 36 856
58 70 3952
26 70 76
48 31 2510
69 35 3635
22 56 669
34 14 2901
62 18 2436
66 40 1050
17 42 81
6 68 1771
36 50 1999
37 46 1651
66 56 21
21 54 306
11 28 3554
65 26 2775
10 63 700
46 68 1398
34 24 3667
58 56 1540
30 57 3880
19 60 3715
49 27 3258
9 54 2685
51 28 1059
12 49 2003
41 23 33
14 41 3791
70 49 3275
57 15 4016
1 54 241
63 27 1662
44 58 1680
60 48 3259
2 28 2103
17 11 1247
69 1 2426
51 45 2190
64 10 2021
35 3 1148
32 41 2301
12 60 1906
37 40 48
65 33 857
32 48 2635
34 50 3824
40 2 2565
39 55 1122
53 28 2632
20 16 559
60 38 1607
30 64 470
39 9 654
33 23 2750
69 15 1119
4 53 876
44 29 744
9 21 3479
40 7 1970
38 70 3961
27 62 653
1 18 66
43 48 1441
54 51 1448
69 20 3814
15 15 3957
22 63 73
9 34 3576
59 36 1677
58 45 3897
63 37 2258
48 7 2253
16 3 1916
49 13 3021
1 50 3613
27 11 3680
29 8 1411
69 62 12
20 32 2926
25 32 3133
41 40 4033
5 29 3096
41 2 3814
68 55 761
67 28 2085
26 14 3850
30 2 3300
18 35 3462
38 63 2474
1 61 3210
9 14 2500
13 3 1884
6 65 3536
53 48 1965
54 27 863
38 45 3439
6 21 3345
64 33 878
49 41 1195
43 38 3285
60 5 1530
50 31 3129
3 28 2496
50 61 2143
14 37 3374
48 68 505
11 26 2303
49 51 1984
51 58 1724
31 39 3818
64 53 3138
49 64 3174
65 21 728
33 32 830
43 59 2222
51 52 3582
17 18 109
24 54 911
16 55 2375
49 27 900
70 45 2949
10 53 2028
32 26 2415
33 48 961
67 65 3426
17 3 685
42 70 1065
21 7 618
53 66 1547
29 60 1812
62 36 140
3 57 1578
40 60 4043
70 46 3740
26 22 157
28 20 1263
43 47 813
21 44 2064
23 16 1547
46 61 109
23 48 845
66 63 23
25 8 3091
63 27 150
20 43 997
63 61 3154
8 30 1107
52 47 1360
32 53 1393
52 10 645
60 55 2926
25 58 1208
23 8 463
4 53 116
49 20 2225
8 54 2987
12 5 3115
59 15 1026
63 60 200
67 64 1166
13 35 1889
28 41 2774
40 60 3676
19 22 2686
36 20 2573
15 34 3263
12 64 4089
8 57 3534
19 6 2765
11 61 3208
42 12 1746
40 39 2288
3 10 2433
60 41 2599
68 28 1934
54 8 1418
22 63 17
20 47 961
16 57 984
43 62 90
39 62 455
52 62 2386
6 14 690
24 19 326
15 48 2910
57 41 1974
31 11 897
11 39 49
45 17 2034
41 36 2167
34 33 97
15 15 1539
20 15 3178
52 57 371
40 48 1729
18 29 2719
17 23 573
36 60 2229
16 42 2503
36 19 1936
67 16 1749
69 50 2986
42 35 334
62 12 4008
39 8 594
53 38 729
56 9 366
26 54 3614
37 3 995
54 41 2409
35 41 3192
20 54 3160
47 69 736
53 38 2928
62 11 1758
25 48 1645
46 15 1180
26 33 1601
56 55 3392
38 25 563
31 67 3036
51 45 1121
34 43 3945
58 43 3494
45 14 3548
15 63 3829
46 16 684
67 67 1430
9 42 2066
58 20 467
45 64 3225
65 7 2664
60 68 3829
3 53 2834
32 40 1393
19 51 331
49 10 133
41 63 2661
41 50 2459
27 10 1605
49 6 961
6 53 2979
35 42 2421
32 38 3614
60 33 270
65 59 683
45 46 281
18 60 3480
3 60 3419
14 55 521
39 67 3516
26 52 3652
12 12 2882
25 52 3703
2 4 3298
44 52 2222
2 38 1269
58 65 3833
20 63 3524
62 25 3333
25 47 3447
13 30 3384
30 35 2843
54 65 1043
9 38 759
41 53 358
44 39 1028
59 19 1019
45 3 2744
67 38 1463
10 15 1733
38 3 2037
14 28 786
11 42 3717
43 20 50
7 17 1675
66 36 3065
2 38 2451
14 15 1281
13 24 641
11 20 2497
58 12 722
40 63 2950
46 21 2270
56 30 3904
38 38 2359
2 62 698
12 8 1315
29 15 51
67 5 1296
13 69 1943
52 63 3107
60 21 3668
63 57 1278
14 3 1107
50 58 2753
59 41 1533
23 64 3121
54 31 380
64 9 3498
48 55 2054
14 28 2989
13 33 2997
11 6 1515
18 63 314
32 43 3649
40 46 1942
1 45 3420
55 68 961
17 10 1341
7 56 325
63 50 731
15 24 3879
19 10 3120
14 65 2651
27 2 341
30 64 2954
48 55 2836
34 39 2610
22 29 1320
35 60 2258
33 10 1821
36 10 3918
63 40 859
45 68 3940
30 43 2524
66 39 2397
34 29 504
12 45 2613
69 20 3970
12 38 65
64 23 313
31 63 630
1 64 2933
33 47 3201
30 43 4009
9 57 3175
47 48 3786
64 26 114
54 19 722
38 18 2362
9 1 458
56 46 951
60 59 1135
61 39 2039
49 29 2549
45 62 2996
66 18 2860
47 27 1642
30 69 1530
35 58 1015
9 53 1064
68 20 1835
69 2 319
65 55 1141
66 9 3503
35 51 2986
52 16 3940
36 46 2364
68 14 527
32 42 1084
26 10 1507
42 44 4081
35 60 2587
13 48 2328
8 33 3497
45 38 3420
41 26 3407
46 21 947
61 70 3372
52 21 3786
19 35 1408
10 38 2978
11 58 373
64 64 4080
28 32 1877
43 17 1554
16 40 1502
46 20 3871
30 27 3163
6 34 3299
23 42 3508
62 52 1692
58 18 3929
63 18 34
44 61 2169
12 44 2900
34 44 2677
52 70 3902
22 56 3973
26 32 903
56 66 3199
59 69 66
12 33 470
27 21 2051
34 67 3246
16 45 1235
12 31 1821
50 57 742
33 45 3876
60 15 3917
51 26 432
25 44 740
34 48 997
69 45 2268
14 25 948
55 20 1236
6 30 1764
22 55 2148
16 8 960
65 6 1925
2 4 1687
28 2 1622
33 27 782
55 20 3727
27 59 304
70 60 1890
50 26 2468
4 47 2993
70 37 2323
23 5 2724
37 42 2824
60 64 677
37 18 657
66 53 2213
36 44 723
63 15 3530
6 43 3860
7 70 2694
28 48 3924
32 60 703
3 48 3098
7 64 1057
25 28 2076
56 43 3378
44 34 816
48 67 2036
38 50 1201
31 50 176
45 57 3777
35 10 3004
61 39 553
53 30 327
60 49 3538
42 15 669
15 59 695
38 35 770
8 32 1015
3 4 1459
41 48 2746
43 38 1924
61 3 3322
6 14 3904
18 17 3717
48 40 695
68 37 3689
34 56 1598
6 64 710
1 38 1229
45 50 2555
19 12 2276
5 13 3153
16 3 1741
15 6 530
39 1 414
49 59 51
7 18 1179
2 24 2382
41 53 890
47 46 3306
33 40 197
63 18 2927
34 26 1996
32 42 3195
14 5 2195
8 27 1563
59 34 2708
3 61 2933
4 54 1824
35 69 1040
26 10 3955
46 16 3774
45 25 3160
26 37 393
49 31 32
10 13 2647
31 25 2070
62 67 839
4 15 1266
52 31 2472
45 25 1670
27 17 3421
10 15 267
45 69 1860
65 8 2980
13 31 3035
48 26 283
17 49 166
50 70 1245
41 54 1697
18 9 3771
54 11 134
65 26 1919
58 61 2116
44 50 1442
56 14 3980
6 61 1258
20 60 3541
64 23 3247
35 63 3211
14 67 369
14 44 2983
65 51 24
18 34 94
36 39 1739
28 20 3321
26 13 3178
1 15 3971
5 70 3389
62 4 228
33 29 2966
19 7 4051
12 30 510
57 28 255
25 7 1038
7 37 2652
30 6 2879
69 31 2885
59 47 339
18 20 3299
2 56 3427
54 8 666
23 11 942
67 53 2443
28 59 3632
59 12 3642
23 33 2735
8 34 2095
63 5 2326
59 67 3577
67 5 513
51 9 3061
42 57 3166
63 30 1162
55 29 595
56 6 2685
40 61 3075
13 46 3862
69 7 1878
67 63 3890
59 25 2820
54 25 471
38 2 2955
56 20 1124
35 55 3224
70 24 1173
62 32 1941
68 41 3686
60 39 932
31 64 3682
24 57 613
25 24 2509
41 53 1404
43 65 1790
50 29 2428
36 9 371
69 55 1462
30 52 17
38 17 3466
16 46 2724
56 65 2205
9 30 958
26 58 1583
46 27 1602
13 1 850
17 51 2488
3 18 2122
20 25 4024
18 46 3345
5 35 962
64 41 2724
10 9 1596
30 8 1758
48 17 3732
41 61 4038
32 67 3645
47 49 2215
13 20 2520
58 60 2604
36 54 2616
27 45 1867
69 55 293
45 18 3674
70 22 3022
63 61 865
53 51 3540
2 22 268
19 3 798
52 45 1431
15 2 809
13 9 2180
3 24 3297
36 23 272
49 25 3443
69 61 348
49 43 3212
23 46 911
37 17 2690
7 43 1067
24 15 3953
11 19 685
21 38 2544
57 37 105
2 53 2267
60 62 4064
54 12 1152
43 25 2931
34 57 1582
35 69 1238
7 49 2460
42 57 3681
37 35 3642
28 10 1560
53 52 2615
66 6 610
67 8 3934
47 68 2128
67 37 2148
19 45 467
34 25 1248
20 9 3249
37 43 3858
28 5 841
28 65 3626
9 9 1993
64 47 2218
16 29 2892
34 38 2335
2 67 3451
60 55 2845
69 17 1912
58 19 993
59 38 11
39 68 3392
35 50 3192
31 40 71
50 58 1294
38 8 222
7 68 3159
32 2 839
46 32 1368
30 69 1145
18 12 1112
63 24 3018
6 65 362
26 65 3520
13 2 570
47 45 2696
41 6 123
64 27 1074
10 8 144
58 23 3003
16 47 3021
66 53 3405
64 7 77
65 37 3585
18 57 2264
46 62 3488
40 51 3599
57 69 1888
4 56 2899
12 22 909
21 42 3193
47 1 1912
14 38 291
22 56 1683
8 50 3261
60 44 3361
24 49 1166
2 33 120
41 3 3395
67 54 3072
50 67 3899
4 8 610
53 44 1407
18 19 2410
65 26 1491
34 25 3145
6 43 3550
32 41 3155
15 3 2061
57 26 2383
53 45 902
54 10 442
30 16 175
65 21 3678
55 26 2408
48 62 2242
50 29 936
28 25 469
8 44 3420
13 18 1732
5 2 943
68 18 2931
22 30 1406
51 66 2788
19 12 3594
12 68 2624
37 62 2899
53 38 3855
51 51 181
57 37 2890
21 39 2152
17 6 397
69 25 4051
15 28 2420
9 33 1816
8 63 2705
10 53 2519
65 63 1418
38 65 3914
7 46 696
1 3 3406
48 55 1941
19 16 2127
70 25 3855
38 19 1642
43 49 1589
63 28 3582
31 15 3674
51 12 1601
27 4 181
59 36 3571
57 43 39
6 69 3676
69 69 1086
38 38 3423
35 35 1570
8 8 3825
23 26 628
4 70 2281
67 13 3606
4 60 2189
61 63 1192
42 13 1907
33 9 289
49 63 3872
68 64 3391
16 58 2755
20 21 5
29 12 1323
40 7 253
58 7 1037
44 60 3871
45 51 534
36 24 389
64 36 2926
53 1 1288
27 69 1805
35 8 454
42 20 2614
28 38 967
40 5 1924
24 38 3203
47 50 2114
44 63 2255
47 23 3088
13 32 2809
39 61 2721
14 27 887
68 49 404
57 63 1292
12 13 3137
38 69 2305
26 9 723
11 5 1918
8 27 2354
59 39 1736
60 52 3647
22 63 2274
35 17 539
67 40 2705
16 42 2809
38 55 3432
70 39 1671
13 60 1807
56 22 307
11 66 632
1 11 2442
39 19 1241
3 29 3192
66 17 1874
2 24 2734
60 38 2518
29 4 984
35 46 795
32 50 3543
70 20 2844
55 30 3635
30 7 919
1 16 3451
2 29 3946
35 45 1876
65 26 1271
30 58 2414
17 68 1406
51 24 751
66 27 2878
58 59 910
47 26 1620
29 14 3824
48 14 963
19 11 3996
26 16 1990
37 68 1431
48 69 878
42 23 1103
4 16 2259
70 19 3844
31 3 1712
53 5 1679
33 33 2344
43 10 3262
56 54 2277
30 29 3232
36 70 2198
18 30 2241
40 47 2990
54 66 3842
49 20 3528
25 7 4038
58 17 1880
31 68 2607
21 15 1291
36 46 2889
49 34 679
17 62 1653
70 28 1468
68 1 97
66 70 2001
55 49 3467
44 19 3369
19 7 2006
18 39 1989
54 30 372
39 16 4017
5 49 2194
21 51 3522
67 46 3969
36 26 3619
65 19 638
57 42 638
31 10 2962
47 1 3542
13 62 536
7 55 3134
4 1 1043
63 22 910
62 44 3711
60 35 1961
47 1 1079
8 31 3735
37 50 2221
49 53 988
65 31 2145
54 68 267
52 64 710
40 60 1561
22 24 2395
9 67 3744
59 10 3555
11 65 289
7 40 840
27 35 481
44 3 1292
22 12 2594
41 52 1423
15 69 2779
33 43 1438
55 53 2014
50 70 2637
70 26 2701
61 47 3917
25 36 1339
22 67 2892
34 39 3072
12 56 730
2 31 2696
60 14 3921
68 31 1755
14 59 3157
61 48 2685
57 66 397
65 36 85
12 40 1768
28 18 2809
45 24 1140
70 31 3605
40 7 3591
12 36 1513
44 1 3580
26 62 1915
17 67 608
23 51 1664
11 31 1330
36 19 1611
24 68 861
22 20 2527
18 56 3247
65 9 950
13 18 2724
36 62 3691
21 65 615
64 2 3704
57 56 2453
51 4 2310
69 4 3265
20 54 505
41 68 904
17 23 2895
14 45 241
6 14 1310
63 6 3753
53 2 1962
15 2 1414
31 50 1227
56 23 858
54 58 1897
24 35 2539
64 68 3291
58 4 2710
49 36 711
38 26 267
25 66 1971
16 39 1821
16 13 2454
3 19 3998
23 42 2247
67 38 2692
56 46 279
42 50 3916
27 47 851
63 67 639
23 54 476
39 63 2255
54 44 1458
37 61 1147
11 47 1361
53 6 1970
70 33 2214
24 28 910
48 63 392
33 1 3588
38 5 1225
51 2 1435
43 27 2658
51 68 1293
21 57 1245
22 26 797
24 62 3373
49 50 216
55 38 2979
33 31 277
14 30 3495
52 1 1306
56 48 3694
40 14 3563
70 68 2259
13 38 1354
30 43 3845
68 17 623
8 25 1362
57 33 2538
31 34 1011
26 31 3646
13 49 346
44 4 124
65 52 1301
4 28 3797
23 63 3718
11 10 3995
3 6 1735
52 49 1947
6 41 3866
35 38 1619
12 62 1460
41 40 2848
46 26 4001
58 52 2820
45 32 456
7 52 3606
33 28 48
65 64 703
3 34 1973
65 69 1089
4 63 3341
42 14 1287
31 39 1008
8 30 1758
25 18 3760
70 51 898
30 37 1087
46 17 1364
22 52 689
55 5 3300
18 68 1762
24 30 2539
15 13 2515
13 46 323
39 64 2556
64 33 104
23 70 1743
5 1 2932
7 42 2567
69 16 1744
26 8 2453
53 55 3493
10 12 1943
67 26 324
12 17 2577
41 69 1307
33 43 2838
51 16 56
55 9 63
45 59 3072
17 1 32
66 19 1536
23 65 888
12 58 1922
50 5 1755
21 53 3452
20 24 2381
7 3 583
69 59 632
1 35 1928
47 8 2742
67 63 1095
9 41 2261
53 7 352
53 9 620
69 69 3857
3 56 3055
14 55 729
65 60 1100
45 3 3326
59 51 1613
48 6 1094
4 27 3560
59 22 3191
11 46 3177
18 51 2987
39 59 3507
29 41 429
30 52 2849
16 13 2538
59 26 2779
58 46 1935
53 29 2147
48 35 2842
27 16 2526
64 70 633
56 1 624
49 28 3567
55 3 511
27 27 3032
43 43 375
5 43 4030
63 11 463
37 20 3225
26 36 1230
58 42 3990
70 23 3706
66 56 116
11 70 3098
42 51 999
57 2 1117
56 31 3717
30 17 1723
33 2 3069
30 64 581
59 34 2329
11 18 323
57 57 2526
52 53 1834
6 15 1689
51 9 4059
22 69 666
54 30 4049
60 67 2135
11 8 2823
36 53 2547
63 34 539
64 55 3737
59 24 2531
42 13 822
40 44 455
47 53 1382
55 3 3464
13 33 1591
13 53 42
14 39 3566
45 68 484
42 60 567
54 60 554
45 24 2058
47 61 2038
18 39 1588
11 32 2615
32 31 3458
58 30 692
52 58 1691
59 70 3577
2 45 2740
6 9 425
35 33 199
44 28 2241
33 32 683
59 55 433
12 58 2836
20 43 2038
24 55 2598
6 56 2072
2 36 3041
44 32 3975
28 12 764
53 18 3232
29 39 2775
14 34 217
60 55 3401
52 10 2183
42 37 3763
29 25 1080
54 8 3902
45 50 1828
45 7 3097
7 45 2254
60 31 1837
2 47 3195
67 3 3646
36 47 866
64 49 2732
50 52 1677
2 62 983
7 35 3603
8 15 2759
35 26 115
57 35 1539
17 40 343
69 47 3001
55 49 387
18 19 2547
7 47 2957
3 10 1788
42 24 981
34 48 147
34 69 3827
49 49 1228
1 35 1411
70 8 3722
57 53 222
66 15 3848
36 61 3264
50 36 1186
57 23 940
8 24 955
48 62 2357
1 1 3398
56 35 1922
31 9 1203
44 39 545
44 63 469
9 15 3046
23 54 3998
23 61 3742
27 44 3041
23 68 2692
60 26 911
68 63 3258
17 8 1647
10 20 2440
41 33 705
50 17 2261
65 43 2738
21 7 3979
57 50 2430
49 54 2386
69 31 2915
40 68 485
58 26 1529
19 44 1538
10 8 795
10 24 80
33 64 2367
17 59 1045
7 33 3107
5 52 209
33 37 1011
5 57 3992
56 8 2850
9 8 84
2 65 1084
29 6 3945
47 7 502
18 24 3691
15 8 1078
2 23 284
49 23 3256
40 27 4061
56 39 2268
22 27 282
24 24 2879
38 28 1147
64 5 280
28 66 2887
37 38 3679
30 9 1541
10 67 1029
28 8 1540
70 70 3684
12 68 173
56 48 1815
1 31 2114
8 19 3919
37 18 550
48 27 2109
29 17 2179
30 17 3470
44 48 2717
26 22 4082
56 47 329
54 59 3312
52 53 1474
55 26 2740
47 65 3309
62 54 2834
29 40 1723
66 68 756
59 70 1753
67 17 2181
34 8 3203
66 68 1807
49 60 3491
52 47 3165
11 53 1716
28 28 2951
44 52 2312
2 37 3370
24 16 2899
7 70 2261
17 56 2882
54 7 3997
22 64 1555
44 60 1707
67 52 2276
26 32 1363
63 43 2797
56 67 760
34 65 4001
49 24 3698
17 41 3833
1 14 2978
26 50 2626
3 61 482
66 70 1096
39 8 3841
45 36 448
16 61 1738
25 37 44
11 21 3547
45 9 907
1 68 775
3 26 1344
5 49 1895
41 48 1137
48 18 712
26 48 808
32 1 3966
18 63 360
18 40 875
17 60 4065
33 22 2896
51 8 1182
36 44 2862
65 60 115
52 24 2731
30 63 3685
70 38 2574
45 10 3657
60 69 395
55 30 2705
52 69 29
24 21 201
17 5 415
59 70 2490
27 8 1742
34 68 1418
14 10 2580
6 55 3849
11 15 3953
40 24 1350
14 62 2209
64 47 819
57 58 1146
49 10 4063
48 41 1034
11 18 679
53 68 1314
16 16 3867
48 58 1286
51 5 2604
58 62 2633
18 63 387
34 34 1702
9 27 980
60 10 1693
25 24 2640
26 5 623
66 15 1543
53 12 373
48 66 2300
6 30 125
67 35 3982
40 60 3990
46 49 2527
29 16 3076
16 27 1372
37 42 2416
68 24 3437
53 27 2657
57 44 499
63 57 1785
47 63 3978
5 62 2860
11 12 3905
36 7 340
48 59 2186
2 15 2165
5 60 1332
68 25 2203
2 18 2548
15 58 498
39 41 3941
42 69 2390
35 22 497
9 49 237
62 17 2958
20 9 2824
11 13 1686
44 50 1397
55 45 815
28 36 871
47 17 4095
8 48 1563
9 64 907
51 7 224
25 64 324
11 2 3442
11 50 2273
45 30 3834
4 47 1648
48 5 3091
26 10 4095
62 53 385
55 14 3367
31 38 888
58 10 1399
43 3 1611
45 28 1875
60 2 3435
17 57 1227
11 20 2180
52 29 606
34 10 3921
9 43 2989
39 29 3890
23 46 881
37 36 943
62 70 1863
39 14 2640
9 4 1701
41 68 2879
22 51 372
59 69 1200
29 24 2004
69 12 2920
36 9 1871
44 13 1817
41 19 1373
7 66 341
20 30 1529
42 36 1985
12 69 786
64 32 757
10 34 139
21 11 752
65 17 3750
8 7 1238
20 18 2414
16 13 2596
58 44 1390
13 13 3939
24 9 3591
42 22 1897
7 41 1387
55 21 2064
13 58 373
5 44 1740
7 39 502
3 37 395
40 7 154
53 68 2488
28 14 2952
33 50 2828
40 42 1735
15 19 3738
55 12 2456
30 3 2472
52 28 2878
59 24 928
49 46 1171
23 63 2358
70 30 1909
2 65 3817
44 58 3510
3 17 1125
24 24 2851
1 17 2755
57 64 3790
54 69 1952
49 6 101
23 4 3815
41 25 2368
64 17 929
70 52 694
22 3 603
26 53 426
25 2 3175
42 21 3774
22 20 3999
49 40 863
67 27 579
39 42 380
33 11 2277
33 45 483
41 13 1922
50 14 4017
64 46 2566
27 12 294
66 34 672
21 54 1983
23 28 1006
13 15 1522
48 13 374
1 31 303
12 35 1029
5 22 654
27 50 3725
46 18 1163
53 32 207
26 62 700
31 33 503
43 29 1373
36 28 2785
64 35 1953
3 44 2131
63 2 243
52 41 1846
40 55 1439
10 54 3073
2 5 1091
16 6 797
10 36 1383
30 10 2242
38 69 377
26 42 2601
67 59 688
60 33 4064
24 26 3186
55 28 2272
20 52 2615
4 24 1643
24 54 3024
59 45 2204
53 33 695
10 19 3783
43 9 653
22 26 142
46 36 870
55 40 646
17 20 3767
68 39 894
68 17 3333
45 51 3069
26 9 3507
46 1 66
32 33 426
22 14 3911
34 70 2778
51 37 1103
56 62 874
46 1 435
9 32 812
5 49 631
12 33 3945
39 41 3161
2 67 1440
43 6 3106
20 17 817
29 52 2081
50 70 424
65 25 3487
28 2 1417
44 32 2185
9 17 2083
6 47 4037
62 36 752
41 43 40
18 34 3920
13 7 1546
47 26 750
68 43 2977
3 2 2678
62 6 1175
31 49 139
42 24 1918
67 67 3427
64 33 752
33 28 1025
58 61 1967
23 54 1221
44 42 2280
37 44 321
42 63 2281
56 31 1363
12 21 3878
42 58 1411
3 57 3498
21 23 2775
17 53 3675
16 31 490
7 56 1424
64 64 2298
58 53 3702
17 62 2793
29 5 2570
26 17 502
54 25 24
38 46 1546
16 59 3781
42 51 715
49 44 2897
22 10 1182
61 41 3613
47 47 1873
2 53 2517
25 3 616
32 65 3765
54 31 2433
65 57 2802
42 14 350
11 8 615
47 57 984
57 46 3041
33 13 2703
42 63 3171
51 63 978
61 33 1277
26 53 3594
11 57 1538
52 57 2134
45 44 3641
39 22 14
46 28 3951
50 57 3154
44 56 2536
31 23 1510
32 30 2533
54 39 3534
5 44 477
14 65 3051
4 4 3471
66 2 1339
56 51 1635
26 58 3998
33 27 23
40 14 1250
21 53 1630
41 23 2291
57 11 2617
51 5 3621
70 7 369
41 22 308
21 44 3018
35 2 1314
40 67 3714
27 26 896
25 35 3426
62 49 98
38 64 95
34 40 3101
10 13 2525
8 33 1732
48 66 3795
4 31 3477
13 47 792
38 69 1087
20 59 2130
9 23 188
46 60 804
66 33 3059
35 51 3993
20 18 2562
32 27 1616
45 26 2089
62 33 3294
16 67 1631
46 50 3414
64 1 3010
67 16 2108
68 60 113
3 17 3331
35 8 2235
7 5 2369
24 19 1833
41 66 1095
39 45 2166
56 15 766
49 16 3457
15 60 3382
60 2 3795
34 24 501
67 8 786
58 28 1902
70 41 1701
1 31 3929
36 9 2100
57 19 3423
11 61 1205
35 45 2091
31 51 3900
37 61 3432
6 34 2123
52 26 1872
40 34 3503
47 31 2614
5 17 3134
15 30 2264
37 29 2643
67 47 593
26 54 484
54 41 2133
18 61 1724
1 23 2826
60 22 497
51 7 2508
58 61 3618
61 28 3571
27 2 1223
27 33 1660
63 33 2540
39 48 2210
30 47 4084
33 1 695
16 16 2611
51 32 1586
41 44 1082
27 58 3680
44 56 2073
66 8 3591
26 23 647
69 50 1137
70 18 3081
70 50 2036
29 41 1445
20 65 1271
29 45 1529
53 30 3682
14 45 2099
8 18 900
25 62 1375
56 27 3260
20 23 2175
56 58 2251
56 32 2903
5 53 3666
34 37 467
44 56 277
46 20 3810
49 4 1589
25 44 2907
67 35 2914
49 41 1359
4 10 3407
6 4 4054
70 66 2707
15 15 1552
34 65 3904
67 26 1677
58 30 2008
58 18 856
51 50 3490
52 51 3257
49 37 224
28 4 3485
41 28 3060
3 45 181
59 36 3787
44 69 521
2 17 694
14 52 1948
57 64 220
46 39 2497
44 2 2952
61 56 2716
62 48 3563
61 42 930
4 38 1084
46 39 3573
13 24 2680
14 6 3390
47 46 3163
31 27 1618
37 1 1324
15 53 2884
61 22 3558
16 13 2866
44 24 259
44 36 2453
22 55 2609
45 49 2403
54 13 24
66 2 244
21 58 113
55 20 1236
25 30 3660
24 59 3200
59 31 3206
4 68 3727
38 22 674
48 39 2604
26 64 273
17 29 1608
19 6 879
57 52 1646
7 19 2281
7 67 476
58 4 2722
25 52 2646
26 35 962
46 50 593
61 5 3521
18 54 3408
11 33 928
22 56 489
41 60 632
64 4 2820
20 64 1702
59 23 1986
22 60 666
46 1 780
19 53 2482
7 32 1003
15 29 3754
23 37 2193
48 10 2203
51 17 3662
38 28 3078
32 22 3029
33 65 2054
56 1 245
1 16 3150
45 70 2049
54 27 2905
47 20 144
29 58 333
14 65 3150
70 30 3074
61 14 3820
24 4 3743
44 7 3214
26 62 118
12 43 2770
52 45 3492
48 56 583
58 70 2304
69 24 2274
13 17 1154
13 58 1761
56 69 1212
8 52 621
17 62 1160
31 62 816
40 32 1214
22 60 470
51 61 860
40 35 2004
46 7 3939
56 10 3763
16 19 1883
47 4 2304
19 34 1546
29 43 583
50 50 1842
56 27 2383
34 40 2627
29 28 238
38 69 2469
9 35 2695
66 30 476
51 41 1330
59 24 1779
64 11 2672
23 24 2704
23 6 3547
50 36 1889
63 39 4021
35 36 2905
50 21 3797
7 47 3002
9 11 338
40 8 2718
19 47 70
48 21 3721
50 14 355
29 69 1261
51 46 40
38 56 1321
64 64 362
24 48 2450
67 23 1226
10 3 1133
30 68 2983
16 41 129
23 64 3222
23 66 3938
11 62 1983
50 43 3742
24 45 2325
20 26 604
26 67 2126
50 46 1677
21 58 498
29 14 3119
58 66 956
33 7 2538
21 18 2267
40 32 1249
58 10 3822
46 36 3283
37 25 2751
4 9 2383
25 25 3605
67 16 2235
1 37 351
16 19 612
30 40 3006
33 39 3945
58 6 4009
25 48 1685
51 50 2550
57 24 3208
35 41 2036
5 64 1822
52 62 3627
35 6 900
29 27 3612
18 34 2241
61 11 1041
12 31 3238
59 22 1517
16 40 633
64 50 1467
38 48 151
54 66 1605
7 29 2678
35 2 249
53 59 2320
27 53 2310
5 46 3838
47 23 1952
3 42 3262
23 6 143
44 31 3828
50 11 2426
50 24 3467
51 31 3729
24 9 501
17 60 1881
35 53 1108
7 44 862
53 6 1875
6 41 1199
13 43 1513
12 32 1398
57 41 1760
68 49 2309
1 67 2381
30 57 2471
10 7 2714
14 8 1886
33 70 2019
39 40 3744
33 26 3660
57 66 271
28 21 1590
4 22 3298
38 48 2314
69 39 1725
17 18 3366
3 57 2049
28 50 702
54 6 1432
48 70 2671
28 52 2746
53 21 3531
14 34 819
58 36 634
58 11 842
41 68 830
5 32 2949
38 24 2672
59 24 2848
16 31 3309
59 52 979
56 12 2708
70 40 2632
66 65 1162
2 57 4015
47 53 1592
27 43 2774
42 60 3527
42 29 3312
56 4 3585
34 42 3555
11 38 1740
32 26 2240
1 19 554
38 51 1520
1 41 3055
46 4 3309
19 63 1230
50 52 3178
22 10 2184
59 20 3832
32 46 3492
14 60 998
24 15 3440
43 68 3486
9 57 2539
45 18 28
23 67 2114
12 37 770
63 37 743
47 36 1984
38 19 3170
70 24 124
12 51 1179
70 69 2488
8 60 3760
43 7 986
34 19 3121
38 58 305
28 24 1306
6 47 1464
43 48 1203
33 18 1966
41 34 1787
70 2 2408
54 42 2575
46 33 2732
19 26 2329
24 7 721
27 38 3178
49 18 3055
54 19 568
52 70 2040
9 14 774
11 49 710
37 68 3600
64 53 4095
12 1 2411
40 58 1064
14 6 3752
59 34 3498
18 22 3894
51 4 3739
35 62 3997
30 26 3620
20 52 2123
62 31 3825
50 47 3151
25 12 852
67 42 3512
60 37 3476
43 5 383
66 4 2610
24 22 3618
60 35 2910
56 52 450
16 33 2645
14 47 3826
18 48 91
42 9 1400
13 63 2905
56 49 3982
19 2 3234
44 26 2567
69 11 3780
37 39 43
11 55 1306
15 64 1036
45 7 2878
57 5 613
42 34 2864
69 11 1628
34 47 1257
37 48 2739
24 62 252
25 23 1968
7 11 2535
67 30 3804
29 26 435
5 4 71
5 62 3122
35 3 3614
26 65 3858
64 38 2962
66 33 1220
28 17 2625
47 7 2300
69 11 2401
9 43 1820
45 47 1547
9 36 1570
57 24 2228
35 26 3709
3 19 1565
29 36 3646
51 9 164
47 31 3322
15 15 56
40 11 3915
59 41 2116
34 17 2311
51 57 2403
68 68 897
64 64 1932
15 56 1902
42 63 2967
1 20 3133
38 37 3081
67 55 2608
64 43 1988
22 2 3716
7 13 2082
33 22 2195
65 9 1935
18 28 3886
29 62 1493
50 25 2965
63 45 3201
14 7 3278
36 19 400
9 4 1348
49 49 4016
6 53 1908
62 44 3461
14 26 3249
16 34 103
42 28 2926
9 32 2531
55 39 3757
64 61 1768
4 31 2318
43 51 251
48 12 1792
10 46 3360
64 29 1984
67 14 936
48 34 3876
3 50 1664
41 22 2608
23 42 3911
41 66 2950
65 58 32
63 34 2736
7 37 2350
37 4 949
21 18 3370
14 40 2294
44 10 777
52 41 3766
34 24 1853
65 50 781
45 44 3651
40 58 1691
17 14 2343
69 34 856
32 63 1968
18 7 805
10 10 1512
23 19 1884
33 57 1067
39 8 3910
22 13 205
8 10 3816
20 38 4085
34 64 1729
35 41 2126
57 58 229
65 20 1162
19 20 3409
55 21 3261
70 15 760
62 66 2265
32 47 3279
67 15 2902
53 19 282
11 27 3303
49 68 2321
21 44 2290
43 17 639
17 67 2808
7 24 3198
34 10 3399
70 3 4015
14 23 1985
70 27 326
41 32 139
29 17 1834
60 26 1765
47 42 1682
6 40 2265
63 5 1932
64 37 1459
22 45 2741
45 66 11
57 5 3015
27 6 2958
44 34 1587
12 15 3306
19 48 3735
52 66 864
63 6 1013
18 13 3704
9 16 2921
56 24 4078
55 3 3418
7 70 708
12 69 771
43 12 2612
4 46 2091
36 69 1283
16 67 1247
58 35 1820
23 47 3315
59 66 1017
38 58 2963
5 2 3537
28 37 1976
15 51 1663
33 69 466
33 57 3277
63 70 3334
49 16 3557
68 68 893
27 57 2731
17 53 3432
38 50 1079
24 63 3331
3 5 2566
50 11 2849
22 6 3546
7 61 829
62 55 277
56 28 1579
67 21 1492
49 66 2345
46 58 952
16 29 2896
16 64 3537
33 2 1440
11 19 2542
33 24 1337
56 1 2799
53 40 3439
47 10 3135
67 8 1671
36 54 551
23 54 1642
61 13 963
60 20 1641
35 61 3086
34 10 2974
22 36 3051
31 25 2129
5 62 3135
48 28 1125
31 56 1353
63 25 3017
46 42 889
26 30 1861
19 20 2973
19 65 1437
34 42 4084
52 67 3732
26 39 323
10 58 3177
6 59 2643
48 20 344
61 29 2476
67 35 1579
57 33 66
9 9 1126
63 35 2313
40 37 3666
26 42 1421
37 66 218
11 62 734
29 11 2480
28 42 932
2 25 1325
55 41 739
37 3 1477
25 44 677
64 10 953
50 9 1516
48 9 3746
7 50 1836
38 63 767
1 48 1118
22 19 1106
61 24 2176
54 55 3870
24 54 3882
6 32 1189
32 32 595
4 39 1189
35 22 3155
51 28 1283
70 21 20
56 53 968
56 1 1230
66 56 1693
66 52 3131
58 64 1227
62 12 1307
33 55 1547
15 53 3431
66 46 3492
47 20 1278
32 21 1655
59 42 3821
19 16 2982
44 3 4043
11 49 4006
2 48 2012
14 22 3461
13 52 3212
68 43 2146
42 37 870
47 41 2804
61 38 3407
30 62 1704
58 6 701
45 26 3376
24 31 260
7 62 3520
62 9 2035
19 5 3424
1 32 3970
23 16 3886
5 55 683
44 64 1325
10 61 3585
8 60 2035
27 14 104
4 42 2295
1 24 2621
47 19 55
10 23 164
27 15 639
47 45 1369
55 13 1504
43 16 658
17 41 3387
66 14 412
32 6 1703
70 12 2213
42 58 2784
40 55 1668
5 36 3441
67 68 3633
32 38 2416
21 28 1163
15 12 2094
62 20 3432
64 37 1596
46 13 3900
4 54 2155
26 63 715
34 59 3832
67 28 731
13 6 2826
57 43 2042
39 65 3491
32 11 3130
43 68 219
47 68 3853
57 63 2816
62 26 1756
52 29 1229
15 49 475
34 26 3824
41 20 569
60 30 413
24 46 734
39 62 2554
53 45 578
65 37 2046
5 23 796
34 9 1239
19 37 1751
62 15 1061
5 6 3101
27 32 39
62 3 3881
5 16 1505
24 63 2336
46 33 2200
19 18 2962
15 10 2515
52 33 1930
61 30 3023
42 45 3559
35 47 2530
46 45 1088
24 11 3550
36 64 849
14 19 3517
30 17 3641
48 25 2048
40 34 1169
56 9 2204
48 47 1101
70 3 3408
38 52 749
10 4 1103
10 29 3830
57 64 1888
63 54 2938
15 47 2845
19 68 1615
37 66 817
34 41 2230
70 28 2758
11 18 1196
1 68 2143
38 24 3607
62 57 1282
5 34 2669
11 51 1474
16 54 933
70 43 3335
12 23 4039
22 58 860
48 54 2372
38 1 715
49 60 2050
33 8 1750
25 45 812
4 69 321
28 9 3173
47 30 836
52 1 2296
44 52 1284
23 36 3061
61 42 3451
29 39 1400
30 17 1412
21 30 2988
2 24 1302
3 55 3962
51 52 3895
42 54 911
8 54 249
64 40 953
42 39 2027
6 67 2357
13 38 843
65 69 2452
46 6 3705
10 19 3693
52 5 2442
9 65 2533
61 17 2021
6 1 1018
43 16 1333
34 30 2592
7 31 519
12 43 2163
60 44 2106
3 39 1099
6 45 1805
41 37 1822
12 11 612
67 24 3886
66 10 3540
12 39 2252
44 68 3484
45 25 2641
3 52 571
35 33 2314
2 44 1428
47 51 3776
36 59 1112
7 4 2374
1 69 471
62 31 1816
1 33 2544
64 35 73
23 69 3115
58 15 106
40 5 2427
67 60 4012
7 38 1351
26 22 2500
3 63 3953
23 21 3385
56 25 4065
26 22 3316
11 45 2151
49 11 1595
59 30 3042
63 8 2757
42 51 1723
39 15 2815
11 55 680
48 18 3667
36 58 1935
47 52 686
6 40 2332
57 8 2010
35 37 2689
2 57 3651
15 16 1348
22 38 2221
24 14 1621
13 27 3922
54 34 1029
52 12 1791
23 18 2075
20 25 2741
37 6 2395
50 34 755
17 2 629
53 70 951
31 41 223
17 23 978
4 52 3838
45 60 4025
61 25 3973
41 7 912
24 46 586
59 30 2054
4 21 3947
5 12 1500
34 36 213
12 46 1023
33 38 3509
57 18 3998
44 57 3185
52 34 1368
2 34 3791
69 70 3994
66 47 3981
14 45 911
60 54 2315
2 27 2506
26 41 2105
9 33 1663
23 15 0
40 20 3466
21 28 1598
33 62 1727
8 35 36
44 35 3531
52 14 3387
21 44 2260
17 42 1678
2 9 677
70 59 3900
21 59 2433
45 55 278
16 25 2691
16 16 2670
60 23 3788
24 51 3387
48 67 3867
23 5 2208
35 9 1352
18 45 2798
42 2 1408
63 27 4031
57 70 1384
39 28 2450
45 28 2397
57 51 725
16 28 566
61 50 2548
42 67 1874
46 52 1606
36 20 2884
8 63 2878
69 16 3412
70 33 2485
23 53 505
35 69 2835
11 44 1800
18 27 1900
1 32 3697
65 39 612
25 6 398
37 64 86
42 11 1185
20 6 3850
13 69 3434
65 41 295
25 30 2948
56 34 1570
44 23 122
17 36 3601
65 55 2280
35 60 2299
38 43 1099
11 52 3790
28 49 1201
19 33 2711
52 58 3135
7 14 1638
66 45 2222
57 61 2211
13 40 1192
17 43 2601
2 44 2867
8 40 1677
40 66 2140
42 58 3059
30 49 1427
61 10 2348
29 12 1188
54 34 2864
66 57 555
5 52 2740
62 69 270
66 61 3326
47 43 2463
16 20 2503
25 12 2838
8 44 1347
56 33 535
35 10 2455
61 37 2209
39 47 312
30 6 1589
19 67 278
42 13 2515
10 48 2962
41 16 3816
54 25 499
16 52 313
48 6 3397
63 24 316
43 27 321
63 65 3797
38 39 3109
21 47 3693
9 44 2924
68 9 1358
63 18 2770
12 56 34
35 2 2682
49 8 918
11 16 1315
53 42 3886
6 47 2440
65 61 2435
65 6 3801
15 38 1335
58 56 2845
63 69 3163
68 68 1218
48 8 62
23 33 3539
12 8 180
25 59 1334
50 67 1527
40 30 226
57 13 1672
56 48 708
46 59 2069
32 65 1987
36 69 2744
64 64 3632
19 34 2825
10 14 2655
42 17 3647
36 11 796
45 48 2595
54 22 1941
33 38 2280
10 21 1110
39 26 148
42 4 881
1 42 2252
61 1 1858
11 56 3725
62 62 198
3 43 1963
6 54 2566
55 20 2363
41 7 3319
32 59 2417
1 44 248
3 23 103
44 39 431
64 70 1800
29 51 1092
36 28 3467
28 68 1537
7 45 1846
25 47 3397
1 29 4016
11 4 1678
56 25 1480
64 54 3983
65 47 3378
44 48 2900
20 70 2675
11 11 4080
30 10 543
45 28 1997
44 51 316
60 18 3325
36 36 4019
19 2 3500
57 33 1892
16 50 2957
61 55 1003
45 25 1004
57 43 1832
20 33 322
4 53 2273
40 29 1912
26 16 1737
53 61 2501
23 10 3753
19 14 2434
22 41 1937
14 39 3225
35 44 1245
70 1 816
20 42 3730
12 57 2355
59 47 3360
39 28 3499
67 30 2833
31 42 99
13 23 1504
49 53 108
27 8 1679
10 12 2997
67 27 3933
47 33 947
22 22 2187
18 51 165
70 70 1219
19 37 3858
64 64 2468
24 14 2336
16 56 112
61 20 2427
69 40 779
2 64 45
66 22 3134
25 43 213
24 41 1832
54 1 40
3 57 2591
66 47 3648
20 51 3740
42 35 3823
46 3 924
6 11 1235
67 26 286
5 22 2514
6 38 1700
8 10 2808
57 67 2451
6 19 311
12 27 1876
47 17 506
21 7 1667
65 17 3951
43 5 701
9 13 173
59 46 1149
17 55 3617
67 16 159
33 60 1203
17 25 1770
11 54 2494
46 5 464
50 7 1454
22 68 2151
32 49 1609
63 68 82
21 40 132
46 4 1330
62 24 34
50 67 832
46 58 228
46 53 1093
24 60 1129
23 17 1295
16 30 3237
17 51 1069
44 1 3886
31 70 2801
24 67 3513
65 20 1141
69 8 2225
14 33 855
60 70 1583
19 56 2207
30 30 3722
49 14 2514
67 46 2647
58 31 3647
47 40 2276
46 68 2558
25 22 1913
37 39 2964
69 27 2265
12 21 295
28 6 1598
61 30 2936
28 6 3580
3 49 936
52 25 621
15 24 3737
27 59 3452
30 60 302
35 28 2164
16 49 1294
15 67 501
26 23 2554
70 54 1285
1 56 3381
9 6 2046
70 31 2922
58 41 2525
46 33 3169
62 55 3925
12 70 607
26 45 1300
16 40 331
4 47 1783
38 25 1824
28 23 194
25 61 2929
36 44 720
64 14 2832
37 7 2157
16 21 3101
22 34 2501
38 68 2648
49 30 446
62 9 826
49 69 768
14 33 2058
17 49 2441
46 39 1436
30 28 252
27 21 406
8 52 3437
38 42 367
6 62 267
6 23 2909
22 62 423
60 26 175
47 46 828
6 19 2384
53 52 2357
46 5 1671
41 43 3165
66 62 3039
44 27 2578
55 54 286
29 53 3585
70 50 2094
68 32 3280
1 54 3885
43 8 3188
49 43 475
1 63 1259
12 63 3976
48 50 3421
56 14 2702
9 43 1744
59 56 2691
19 9 1511
20 57 3941
46 51 537
45 18 896
36 66 3675
17 18 797
26 6 3353
48 52 3584
21 19 2553
29 59 3057
47 42 1334
53 44 3952
49 7 2930
41 66 2484
60 18 3322
60 70 2756
39 58 1467
19 44 2642
12 63 3858
70 19 3390
49 48 3916
32 13 46
30 60 1100
3 17 1970
33 33 2017
2 13 1241
29 63 1288
41 58 3027
22 63 2023
25 36 2064
11 16 657
26 4 1389
58 51 464
1 40 1231
24 14 3717
44 38 1080
8 5 491
6 9 2754
24 42 1036
59 56 4070
55 46 1511
1 9 2844
50 54 1409
51 26 3104
12 62 1633
10 25 901
37 14 389
25 11 1956
68 29 1495
36 57 3119
34 32 2099
48 16 3822
10 3 1441
20 52 3334
2 55 3246
1 70 3797
41 63 3453
51 5 3285
29 60 1035
60 13 866
51 17 640
11 60 588
4 57 2140
62 3 1892
53 17 1337
60 12 929
33 21 2527
49 62 2219
68 53 2145
4 69 1863
33 51 859
3 66 3727
65 42 2748
4 37 1655
33 65 1820
13 12 85
39 43 3572
26 29 3946
20 37 678
59 36 3508
62 62 749
54 3 2689
56 8 2115
2 23 3807
69 34 1645
51 70 2632
1 26 213
48 56 2964
2 6 1606
38 50 1896
48 21 2319
6 4 1678
33 45 1361
47 39 3335
56 30 2561
9 56 1850
10 18 1843
47 43 36
26 21 2023
38 52 350
43 10 2541
51 2 721
7 31 2407
29 28 1759
63 42 301
69 62 4034
46 15 119
43 37 2462
16 56 2894
50 24 2957
49 4 313
34 48 1331
35 16 671
68 50 1715
13 58 3182
27 50 1153
48 56 3408
6 15 409
50 52 2507
41 11 1695
19 68 2316
3 53 2409
46 30 2171
70 14 69
32 46 3073
57 57 2132
18 66 1577
2 69 1579
32 14 3002
53 67 1668
63 51 2610
38 12 1870
69 44 2037
18 62 4011
30 31 1153
34 6 3525
46 67 3003
35 9 1809
25 27 1259
57 53 3009
33 45 1695
6 51 4071
63 19 3972
8 7 1999
38 21 2363
66 50 1052
33 65 3121
7 51 2471
37 29 236
53 16 2115
11 35 2046
55 69 3378
1 19 3295
60 4 4052
18 48 1342
37 47 3351
1 43 2605
10 49 3194
66 55 2676
68 36 2032
65 56 1900
50 65 3243
45 25 580
28 70 4032
30 40 645
62 55 1609
24 48 3627
25 58 1980
31 48 1772
26 33 2026
47 21 14
19 44 806
63 15 1723
41 63 2260
8 55 2676
55 59 692
48 67 3756
27 25 978
23 53 358
68 46 2662
20 46 3881
50 50 2147
59 43 1678
36 10 3585
70 9 3190
66 69 2039
29 56 2238
35 32 1667
6 26 116
20 34 2490
29 23 709
10 46 1957
10 20 2968
69 53 708
48 48 2703
67 39 1382
32 24 3750
18 22 686
25 8 1246
55 16 885
24 51 2226
22 50 2212
32 25 3544
48 59 1741
4 38 3951
45 61 3665
39 36 1575
4 55 805
26 61 1022
20 60 278
67 14 138
39 68 3443
9 54 193
10 56 620
70 45 1856
16 25 1930
37 62 3466
14 25 979
57 4 3468
58 12 94
54 45 897
22 11 234
13 44 3236
5 51 2841
27 31 3226
39 48 342
38 65 3457
32 40 483
8 39 262
52 37 3930
15 32 1060
45 39 3535
36 1 3233
17 9 3245
42 41 3640
60 60 1052
11 45 382
5 43 220
66 24 3572
7 26 1007
70 70 2820
36 39 3468
61 6 3548
44 33 624
42 33 64
32 1 1450
35 39 1042
25 19 208
43 28 2971
15 19 1157
21 11 1067
45 54 2095
45 53 863
14 68 3427
3 33 1975
7 8 2952
51 32 2924
47 65 3509
6 35 656
41 36 2239
7 42 3483
33 3 2923
67 48 3771
34 38 2870
39 17 2743
42 57 2424
57 55 912
70 63 702
43 47 2942
21 67 373
33 68 1862
43 15 3477
26 40 2823
66 38 892
69 54 2598
63 23 2523
17 19 598
38 44 1337
21 43 8
2 23 4089
45 19 3749
66 52 2000
6 22 2444
56 58 808
38 29 3503
34 25 1944
4 19 1916
4 63 986
66 6 1185
18 48 1347
61 7 3059
62 43 2600
35 15 3883
54 69 357
57 53 131
40 52 984
7 13 2883
47 5 1219
23 66 1386
65 2 2767
62 17 2473
39 49 875
42 28 468
45 65 2212
54 37 907
53 42 2823
7 48 2054
68 65 3844
12 57 3859
14 67 1840
2 27 805
17 2 1445
69 40 3051
25 32 3271
26 19 1335
69 34 1704
34 70 2041
66 19 55
2 32 3661
26 70 170
11 50 1124
10 53 233
25 19 1300
22 36 1363
42 59 3542
44 28 3117
55 55 3032
65 35 2146
12 67 667
65 55 1264
33 38 3684
8 45 3957
65 5 3635
29 64 2800
5 46 1509
6 43 283
29 38 2193
40 24 3140
58 30 3872
3 42 3518
19 22 3886
34 42 1746
66 35 2679
46 19 3096
49 27 3207
3 26 962
33 26 1074
36 57 1093
24 1 1975
29 43 3134
31 47 2391
60 66 3902
56 51 3696
57 12 1859
29 65 3869
14 7 2615
43 27 2478
3 26 893
4 58 497
8 37 1794
43 68 723
26 10 112
30 38 3341
67 4 1082
58 16 3980
32 45 529
22 12 983
28 17 493
63 69 3843
18 69 614
58 38 1622
53 31 1335
20 38 66
55 27 2629
6 3 865
33 50 1978
3 41 4039
30 45 2041
58 46 1282
31 37 466
56 61 3681
65 42 1253
52 38 2742
65 60 671
6 11 550
31 21 400
54 63 919
14 27 1359
68 49 3476
31 27 2047
41 5 3752
52 70 2966
60 29 2507
3 14 3087
53 31 2286
33 45 120
27 8 2996
31 43 3357
25 9 3591
14 7 1698
13 64 2789
10 55 2951
22 49 1470
24 60 2439
58 43 1763
7 37 3131
57 48 3249
24 24 999
67 69 1121
54 22 339
61 30 3241
26 66 1657
53 18 3327
21 28 3330
25 49 3336
35 12 84
12 70 3537
17 23 4045
25 61 3607
15 58 1250
29 58 1988
56 15 3169
28 46 3358
61 70 391
17 54 2870
3 12 1216
6 48 2639
58 14 2567
41 61 261
13 68 3803
47 13 4001
33 41 1511
9 22 3077
70 43 2853
11 46 2637
15 36 2038
47 37 1763
61 42 108
41 2 3318
40 40 432
29 25 59
41 9 189
53 68 40
53 23 402
60 45 2128
32 41 512
3 67 2029
63 35 2699
61 49 1717
16 31 511
40 30 600
23 18 3067
48 70 3860
41 70 1042
70 29 472
44 17 641
35 4 2961
64 53 2055
48 12 254
28 41 3829
43 34 1955
25 49 3638
11 51 3096
28 29 2811
34 40 2560
35 68 1500
49 32 706
19 60 4065
46 15 4015
64 40 3146
31 48 489
5 64 646
31 68 2933
64 42 3632
9 14 2778
34 8 1001
10 68 3708
57 22 702
27 44 1822
39 52 1623
63 39 2378
32 38 2460
13 26 3326
5 35 3332
58 2 1383
27 67 1124
57 40 3375
54 40 270
15 52 53
30 39 2016
49 6 1635
68 16 722
50 1 1417
22 7 3400
17 10 913
21 15 1112
1 29 2324
57 9 2802
11 44 2406
6 57 2293
11 27 1728
29 26 2053
38 15 1612
64 26 712
29 44 2198
17 8 1652
31 48 1372
63 62 1460
46 28 233
42 67 895
31 22 2321
51 32 185
69 57 3676
39 14 1224
65 11 2158
8 3 2015
25 37 1747
45 33 1474
2 35 645
2 70 3588
2 60 2931
36 68 307
31 54 3488
32 64 1914
19 70 487
15 3 3054
57 15 892
54 5 924
29 32 3599
33 65 506
2 35 2183
50 70 2820
42 61 1609
63 49 145
50 36 3140
2 50 3157
46 68 127
15 48 773
32 61 3427
35 12 3091
4 38 2116
46 68 2423
52 29 2493
40 61 168
16 32 2781
63 33 356
15 7 1489
68 37 3830
4 51 1065
55 30 64
11 34 2140
8 51 2904
70 28 3611
23 68 2297
10 16 2169
19 36 293
44 7 2113
69 37 3591
66 35 737
36 56 1291
40 20 1369
35 43 1047
20 61 2677
6 26 1095
25 2 3186
63 26 613
32 28 1102
28 29 2997
41 1 2444
55 67 1816
49 40 1360
68 36 38
8 28 2271
6 62 1000
65 25 3649
59 46 3713
19 14 1094
63 17 3781
58 64 3055
11 18 588
5 59 377
56 37 3247
12 56 2026
12 14 3610
23 60 2510
42 2 3008
12 16 366
37 33 3537
8 1 2430
27 60 2766
22 15 2880
42 3 1494
25 37 3792
13 40 10
21 22 1919
46 67 3817
58 41 473
65 29 2638
41 58 1209
47 12 1374
67 19 2804
33 37 3335
29 26 94
13 51 2884
61 56 1688
50 24 983
25 10 245
41 51 132
53 7 4051
44 64 912
23 24 3633
46 35 197
62 8 184
61 26 1829
64 44 3714
46 28 1458
35 34 2000
55 22 942
57 62 1041
27 31 2415
54 9 1241
12 47 3720
37 34 2048
46 3 3171
8 67 3565
6 63 2375
48 12 2714
59 32 21
9 14 3793
12 29 3385
28 15 3491
1 3 3055
15 8 2991
52 70 2602
29 36 974
45 50 815
8 19 2413
28 49 3090
43 55 2224
5 41 1796
23 27 3741
58 64 3760
36 42 991
10 54 1985
30 51 1235
70 7 3529
11 28 3936
21 32 1895
49 28 592
37 41 1986
70 28 3630
15 31 937
58 7 865
26 21 1526
34 4 3120
39 28 1771
42 57 3495
34 11 3102
32 26 1554
45 60 2598
23 7 349
64 48 2714
64 54 1480
43 19 1398
10 37 2795
36 60 1642
32 30 1264
15 36 1041
49 23 3316
40 34 3935
19 37 2682
12 69 2397
61 50 1392
1 62 1631
11 30 3971
19 19 3081
2 48 4051
55 19 3742
11 65 3060
22 55 420
34 24 293
33 66 3325
62 64 686
39 49 3652
23 39 2339
24 70 3576
1 40 2459
2 38 3198
39 21 2268
49 4 904
62 28 2950
47 55 3297
8 45 783
9 33 2037
37 23 1655
13 49 3340
40 7 98
39 16 202
29 23 579
4 52 3352
64 48 1395
27 45 1039
13 65 2223
69 14 1322
15 3 220
5 40 3598
50 1 2201
5 54 3569
56 41 47
69 28 3342
20 1 571
50 42 2903
39 9 2256
33 61 3450
22 31 967
7 54 1761
12 31 2670
37 69 1355
16 23 1188
55 43 2991
18 28 949
40 1 1170
37 7 1332
10 22 1595
13 23 396
20 70 4093
50 60 3729
32 37 1807
1 40 3723
26 52 1000
68 28 3264
39 59 38
8 5 3397
13 5 2608
50 8 2310
65 56 2282
37 8 3279
50 67 3321
2 44 1271
16 29 3308
29 19 2866
17 24 3734
1 50 3129
22 48 3804
51 30 3306
38 2 2796
42 46 1175
40 36 3018
10 66 229
54 42 2640
67 44 3645
40 4 3763
28 65 2181
34 54 1900
26 23 3718
67 67 1502
14 57 1708
42 49 1623
60 40 3512
61 26 1207
31 43 3135
16 19 3206
37 37 3144
15 36 2231
20 36 3334
67 18 947
23 52 3968
24 24 2864
42 57 2103
2 53 90
3 18 2997
27 68 2907
23 6 1932
16 32 1504
39 51 2873
65 33 3197
39 11 2466
62 23 1202
46 45 1336
15 17 2849
57 13 3888
25 53 2805
20 16 1803
26 62 3073
57 4 2588
51 61 1435
47 56 2131
23 7 1224
36 68 3205
9 25 3291
44 11 69
69 5 3371
22 68 2667
13 59 967
21 17 2858
38 39 4075
65 28 3154
18 61 3605
44 4 1259
7 22 1536
54 14 2446
54 55 1213
2 19 1755
42 67 1792
65 56 877
27 56 2448
68 34 446
69 9 1360
26 14 3022
3 2 3146
34 14 2279
51 24 2149
29 61 3540
13 25 1889
48 42 1576
56 13 2034
36 64 3016
35 67 3981
46 68 3668
3 50 626
65 11 82
16 53 1737
30 64 277
36 41 2539
19 68 2018
49 48 2471
17 40 1382
60 2 1700
42 3 635
12 48 3739
49 57 792
37 56 176
38 19 3501
35 26 877
30 4 2663
13 63 1495
70 55 1493
9 20 2642
7 35 652
26 9 3356
16 14 1415
8 2 2270
52 67 4019
29 25 2508
8 60 3023
50 63 1766
57 60 1924
48 42 3644
20 51 201
63 57 733
36 63 1360
68 6 1377
35 43 1915
50 38 3417
1 70 891
52 15 1013
54 47 2749
19 4 3988
58 63 751
46 26 1820
68 34 1345
33 38 2840
49 65 32
3 69 3405
41 30 3886
23 6 1374
25 68 2763
43 26 530
63 50 579
45 50 2745
70 38 3363
15 70 322
11 56 691
4 2 1624
47 57 2282
31 44 201
29 6 47
24 31 2538
7 43 3095
35 51 1082
62 13 2513
23 40 1468
58 42 1527
57 45 935
42 50 904
58 38 3307
27 2 3503
68 43 3875
56 47 2719
49 42 1414
30 6 528
52 19 3871
48 5 3087
8 69 2901
3 48 3896
47 31 722
56 6 4036
14 66 2728
49 32 2778
7 51 3734
63 12 3278
64 1 830
70 43 811
34 35 1363
59 42 243
59 70 3718
25 53 3565
24 37 1016
62 14 2640
56 6 976
39 42 3439
10 42 2529
49 39 2080
42 12 1759
20 29 423
3 25 1250
58 10 2092
9 52 3209
48 53 2316
45 22 3786
18 50 2809
60 16 2094
61 15 2535
32 21 3641
32 14 1541
43 66 2795
2 29 2327
51 3 3216
55 32 3211
65 28 750
60 25 3624
57 16 3905
32 58 1936
24 18 2113
60 49 2633
49 8 2907
67 68 718
51 52 93
5 26 2750
70 38 2700
61 15 1211
68 26 1015
20 14 2560
10 38 2787
35 54 663
61 60 162
63 29 2466
42 65 1113
59 1 2869
33 30 2521
17 69 1936
61 22 3574
17 30 2996
62 65 2434
14 38 3496
70 28 2352
10 56 1934
4 20 4032
55 30 3285
6 68 862
19 43 3353
69 29 2704
61 68 1793
46 24 2066
56 9 2164
39 50 2724
41 26 2672
61 37 312
43 11 1697
3 8 1140
42 7 2664
33 26 109
50 57 2018
26 45 1918
67 40 1877
1 70 1755
18 28 3743
35 14 1464
68 55 1419
42 5 3311
40 21 4070
1 4 468
47 52 678
61 25 2338
6 16 3954
12 41 2193
10 21 685
43 13 294
43 45 1716
59 26 669
22 6 3101
9 34 637
58 62 2278
36 10 1516
24 65 1041
26 45 2244
40 36 1896
44 47 232
23 14 220
66 59 3669
65 64 1844
11 25 2719
59 60 445
69 20 867
55 13 2705
12 34 1837
46 3 2289
48 54 25
20 24 403
57 64 1265
17 1 1187
13 52 1088
16 5 602
33 17 3514
37 59 2065
63 10 1852
46 57 1267
42 51 2627
42 20 964
68 6 3646
6 47 928
54 59 170
32 33 3941
36 1 500
26 20 2008
69 44 3003
60 37 2806
53 25 2817
20 24 1187
19 60 2980
50 36 2721
51 20 475
10 6 3869
1 37 1243
51 32 524
33 50 1399
39 36 554
15 11 1088
46 49 1658
50 29 1359
24 60 2810
38 8 3209
69 40 3339
53 67 3678
66 2 385
39 68 1112
62 60 1912
43 11 565
14 51 3309
27 7 2126
47 19 698
18 27 2959
70 58 3683
21 24 756
39 42 15
15 48 2901
58 25 3606
43 51 1366
48 64 2905
58 26 2781
51 47 1947
11 44 645
38 70 552
21 68 2196
40 7 3537
40 13 1334
50 32 1828
44 63 2619
47 37 1538
60 62 2338
64 68 3592
5 6 7
40 7 1018
26 18 3974
32 27 1321
43 18 2216
2 58 2724
30 1 2682
26 8 1141
20 16 1489
46 38 912
15 20 520
28 1 1755
38 35 973
12 34 3894
19 43 1091
44 49 648
12 21 1527
3 62 3520
47 8 1611
2 31 1966
10 52 2343
45 14 726
57 59 3117
43 66 3847
7 37 3075
25 27 3705
39 58 2668
26 11 3747
25 8 2438
66 6 409
5 10 2320
39 58 813
42 29 903
57 24 258
64 63 182
27 3 1849
9 28 501
9 18 3295
44 68 743
59 26 112
53 32 3939
59 62 2932
14 59 1184
37 46 2877
35 34 3858
8 61 4
70 59 1072
69 23 3695
12 36 1074
59 49 3274
15 51 1571
67 32 1559
4 21 1340
25 55 815
58 53 4
65 10 3109
37 16 1584
63 11 3075
18 56 3960
5 3 1799
10 53 2786
21 68 3889
50 25 1723
33 1 2572
5 19 304
23 10 2648
47 30 96
7 53 2568
2 2 2835
51 58 295
1 52 1761
50 2 3513
23 6 3899
52 42 3173
15 36 1720
24 70 2853
15 13 601
14 54 1621
38 57 1412
16 65 3856
61 19 1241
42 9 1058
65 27 2091
63 7 1678
65 44 1965
34 32 79
28 50 2008
23 36 3808
58 26 2642
1 52 3933
6 69 263
26 46 2164
42 12 2816
38 22 152
69 39 3582
24 21 2749
14 10 2725
30 33 3988
19 59 673
42 12 3697
42 64 3302
18 61 1781
16 63 3833
50 21 10
56 6 1685
11 37 4003
17 70 3079
9 65 2062
20 32 622
4 67 3851
21 14 3064
53 31 1807
5 18 3337
38 27 663
4 30 2137
11 17 772
5 12 183
53 35 1228
7 23 168
37 12 3831
59 41 2075
34 55 3153
37 27 1469
66 61 616
20 37 731
47 70 3575
18 20 4019
45 24 17
56 30 2947
12 42 498
16 37 2367
66 6 3003
49 6 1153
7 35 1063
11 28 1056
16 13 1259
61 44 916
61 9 1163
21 22 3964
22 44 3841
22 27 2102
5 62 141
38 4 1656
19 59 3532
23 65 332
31 41 2527
47 33 120
69 37 33
63 13 2345
10 11 1912
53 33 2994
37 62 3076
44 27 75
51 3 1821
5 50 3687
24 29 67
52 60 1911
9 70 2593
47 15 3219
63 12 1872
34 49 37
20 65 1392
47 63 1339
48 46 2217
13 15 3740
28 58 1405
9 38 2311
57 57 2066
70 22 1510
30 10 2065
68 70 3357
22 38 89
43 4 994
23 45 1756
47 24 408
11 57 1755
42 40 2272
3 2 3948
56 70 3937
17 67 2774
56 54 400
10 47 2857
3 57 3099
55 59 897
68 61 2100
44 28 1935
51 6 1253
67 38 1690
49 14 3191
10 44 2435
65 64 1732
41 68 2025
11 43 2201
31 21 3097
24 66 1981
21 22 2162
33 31 4001
60 11 3975
47 10 2681
20 56 2089
1 16 3566
52 50 678
19 20 3058
67 52 3779
55 26 315
33 40 1190
29 27 1097
60 17 298
5 39 2017
26 39 2011
42 21 2732
68 14 1745
28 25 447
42 32 3418
24 60 2012
49 2 1854
3 54 959
10 50 1029
5 70 2765
48 63 1497
55 43 310
44 9 982
18 15 3995
24 21 3688
51 57 3673
47 30 2977
46 8 2089
62 47 2969
20 49 3777
30 6 674
10 53 3170
22 58 3328
17 55 81
19 46 2154
69 18 92
50 42 2082
41 66 1452
10 8 3112
68 59 904
16 5 3575
67 66 1958
23 49 1273
2 8 2082
49 36 3500
27 40 385
43 58 644
7 51 2358
24 24 570
34 61 3462
27 52 1834
7 26 1567
15 56 1827
24 64 2623
22 38 366
36 8 2404
65 15 3234
63 23 3286
34 3 1094
1 67 2105
48 24 2407
56 67 1390
31 21 2138
46 33 486
67 3 2854
6 50 1015
16 50 1553
18 54 2890
46 60 2399
23 55 1887
45 40 3117
51 38 2080
34 10 3198
27 48 1570
59 11 18
4 11 186
55 53 2583
50 53 3778
54 14 521
21 22 1682
67 55 812
43 24 3140
69 26 1003
22 7 3176
20 61 883
15 60 1887
1 3 2020
16 38 3607
21 58 3327
35 24 1312
67 40 697
62 6 3681
12 28 3
6 1 1527
22 47 1814
60 15 3180
69 49 360
62 41 3146
48 59 2900
13 31 553
58 26 642
64 12 3838
40 12 3624
24 50 578
19 9 3261
21 50 1645
62 3 1211
46 55 3793
22 54 1383
10 10 4016
61 13 3969
19 20 2170
26 9 3211
63 35 696
31 46 1483
45 46 3529
46 13 909
7 57 3187
55 17 551
50 29 188
12 33 1512
31 58 260
51 49 1842
8 62 4087
11 70 3726
56 60 1148
13 49 1368
8 14 2964
21 28 1723
5 47 721
52 59 2803
50 13 3393
5 59 1399
57 40 2118
6 60 1232
17 19 144
32 40 1490
1 19 1634
46 55 1828
31 50 1384
22 68 707
26 16 3771
44 67 2466
65 22 109
36 4 802
10 52 210
52 21 1129
29 65 549
4 23 1739
16 16 1637
8 15 3180
55 62 1798
7 68 1153
21 53 599
41 44 3942
31 20 2012
29 30 1654
65 54 910
55 59 1590
37 28 2271
48 25 3780
63 62 720
50 9 4024
49 59 718
17 68 2947
48 27 597
18 19 1128
51 17 2773
60 45 343
25 41 842
44 53 3476
27 56 1434
37 8 1544
14 1 1676
2 69 450
45 58 2946
12 38 3375
36 48 2972
44 52 3689
21 51 121
49 66 3862
5 16 2051
59 43 3005
38 25 2416
27 8 1918
46 19 108
63 35 4085
47 39 884
1 56 3972
32 38 2990
26 10 3388
8 32 2741
53 54 1451
22 17 3534
31 5 644
57 61 791
47 36 138
11 8 3814
7 32 975
20 65 3715
62 31 3600
54 30 600
65 32 793
17 2 473
33 57 2571
62 70 280
20 54 2598
65 64 3692
51 32 365
69 31 3016
60 67 2273
29 4 1419
28 66 3905
21 3 2987
18 12 853
28 1 2611
37 54 3182
22 22 1530
12 66 3181
40 55 4050
68 38 2735
20 24 2865
52 17 325
67 4 2766
23 1 827
45 60 3930
7 20 228
16 1 3395
66 47 3427
17 51 2252
63 36 3999
52 56 3825
14 20 1314
53 18 3
55 67 677
57 53 1264
17 58 3128
40 42 2642
36 30 3917
8 17 3243
56 21 1710
12 59 1958
46 70 3631
4 28 2290
33 27 1148
53 23 1746
39 17 2081
31 32 2163
4 55 1984
58 1 2658
13 70 1787
42 16 764
48 20 3292
20 65 2728
11 63 2501
42 39 1528
17 19 3013
52 39 547
31 43 2546
4 4 2515
52 64 922
