70 5000
^^^^^^^^^^^^
9 61 392
58 61 0
5 34 1
58 63 1
27 44 657
21 12 953
8 56 119
18 9 1
19 19 1462
4 47 698
26 18 43
12 58 25
6 10 14
33 61 12
13 23 1581
48 23 217
59 43 301
8 33 12
41 52 18
13 52 254
27 15 955
32 5 717
5 31 214
20 5 336
15 67 39
35 63 1148
21 53 0
58 7 907
58 7 1
1 20 121
64 27 48
45 46 235
63 38 31
20 10 31
1 19 446
24 17 1
65 63 1838
53 65 2809
9 18 0
41 16 62
11 36 61
24 26 64
18 1 57
9 50 25
62 34 63
60 70 1
14 45 30
7 53 74
38 21 1
26 66 2
52 47 56
16 48 821
55 22 2
64 68 1370
1 27 189
58 40 34
39 65 8
62 21 0
4 57 8
49 67 12
60 11 1722
57 66 594
68 55 87
56 54 401
40 37 1676
1 18 2
55 42 41
48 43 2493
43 60 356
17 18 29
11 44 390
43 4 0
48 8 1
37 21 0
7 62 2678
9 17 1
16 28 4
65 3 183
37 45 4083
62 55 26
11 30 22
53 63 11
31 60 909
50 15 119
14 63 177
53 21 3
33 41 1705
32 27 217
30 55 199
46 56 1925
38 43 2
43 53 6
14 29 31
51 39 20
62 49 20
46 53 551
8 39 2
64 33 6
59 34 3
50 54 1629
65 45 117
53 3 1
31 61 3932
24 19 14
68 40 46
67 57 44
59 3 1
21 7 53
22 22 1
6 63 5
2 48 60
30 41 1
48 60 6
7 70 392
37 1 146
70 9 3
42 35 230
21 9 13
54 20 30
67 51 15
11 62 175
8 35 24
68 54 1
29 27 31
28 55 22
22 12 1
52 16 1
50 7 11
5 20 796
57 70 901
22 47 125
37 49 25
12 69 3856
3 58 19
37 34 81
67 29 0
18 46 1
45 19 56
25 50 26
11 59 1023
63 14 93
35 5 17
59 27 281
21 55 121
64 3 416
55 70 117
20 30 722
68 27 194
24 50 7
8 42 1
14 68 31
53 24 3
47 48 173
42 67 7
6 10 14
43 57 1310
17 63 40
68 13 293
31 37 1
56 33 135
34 13 280
10 10 126
18 7 1497
33 49 0
42 23 1
13 14 2
56 59 395
64 28 15
57 53 550
35 64 732
58 67 11
44 14 2596
43 52 1568
23 40 247
8 58 2
46 44 2
37 64 1
48 8 3493
19 41 7
23 49 30
40 68 201
32 35 63
11 65 14
18 57 1
69 34 444
18 58 240
30 41 0
57 60 109
41 47 1
15 40 11
18 21 143
22 35 112
56 27 80
52 31 23
60 50 428
50 26 191
6 52 0
50 32 1
53 25 15
35 50 3
30 39 77
25 13 221
27 58 99
59 54 390
8 18 19
10 34 89
45 15 2395
30 26 764
43 42 49
44 55 227
23 45 3105
18 44 2
69 30 124
38 30 3
7 70 0
35 23 1
39 40 3508
37 55 36
30 62 0
54 5 16
69 23 55
4 60 2
12 61 1
9 24 788
57 27 13
20 38 7
60 5 6
56 47 1252
28 58 2
24 27 712
51 2 2
63 16 1303
16 17 7
45 14 1519
12 40 0
54 35 230
12 51 96
12 15 40
14 7 478
61 66 1
5 47 1
2 64 2
48 7 233
8 4 1
51 68 8
53 30 857
3 8 12
31 48 20
36 5 1
26 23 596
66 47 11
48 70 1083
24 21 118
5 34 3
16 62 7
43 28 55
17 33 2
18 6 2227
27 21 22
12 12 1
48 59 232
68 56 3108
22 52 3
20 11 1013
8 63 46
39 15 3
22 26 214
23 35 0
24 30 1
10 20 34
16 43 0
53 23 9
65 25 2
53 10 4
11 14 229
54 26 12
40 43 368
36 38 2
63 44 1490
11 68 469
40 57 1987
21 4 23
68 34 10
52 56 250
22 70 15
62 11 2533
27 21 1
9 29 202
6 38 83
51 69 2
32 11 5
36 20 10
6 60 4
9 62 740
41 45 12
70 15 7
67 18 15
22 34 2
37 68 2248
36 48 22
24 40 321
54 31 1699
23 55 0
29 48 85
49 57 1
31 58 7
3 69 1172
66 56 9
47 57 1
45 8 10
37 20 0
9 46 0
36 24 55
69 13 39
55 35 0
67 64 14
56 68 2587
27 5 223
35 40 92
40 45 208
32 39 44
37 13 21
56 55 2
53 27 29
13 18 1
40 2 3
52 65 370
59 49 36
45 45 9
11 46 14
40 47 5
2 53 1341
61 54 89
21 60 296
13 61 1
64 30 4
39 10 1
42 60 2
53 61 0
10 13 264
20 37 1
16 22 340
45 16 3520
33 43 0
64 22 402
69 22 9
14 12 2
32 48 275
59 7 259
53 37 1183
26 53 6
2 21 310
69 53 1114
51 29 254
29 26 2
59 35 1
8 6 6
56 7 505
43 4 2
46 57 2
15 2 0
21 30 5
6 11 1
21 29 418
69 50 14
3 26 0
45 54 443
54 55 1
1 63 8
41 14 210
34 70 1858
69 65 1
31 32 3
34 57 198
33 61 37
1 43 224
6 30 115
21 6 12
1 57 9
50 34 255
42 64 413
69 59 99
2 59 1337
45 6 507
42 16 2
58 38 0
18 30 184
45 61 178
24 2 651
65 23 8
28 36 57
48 3 20
17 54 13
11 58 2
60 69 6
5 67 117
29 14 376
32 29 1161
55 39 550
1 26 12
5 36 6
69 51 0
38 40 15
24 58 0
33 40 0
52 39 21
20 17 51
12 51 3
55 18 2
62 34 0
29 7 7
35 5 2
28 11 108
67 45 0
62 21 143
40 60 45
49 14 1
57 40 85
6 7 78
62 14 1222
44 3 475
35 40 430
17 63 0
44 68 184
54 34 6
32 14 6
29 26 474
55 40 1178
58 70 0
62 60 3451
21 70 2149
17 1 16
47 59 0
24 50 1971
39 51 51
68 65 122
49 58 1730
5 42 703
48 44 470
38 36 0
50 48 3
66 46 506
17 20 230
62 41 760
33 27 355
24 15 8
54 9 1
29 18 149
53 69 33
4 16 627
32 28 14
30 70 2533
38 63 2650
6 67 243
20 13 685
39 5 25
42 48 1
28 20 5
61 18 24
9 9 4
40 69 110
67 37 0
4 27 1281
64 42 35
29 12 6
35 23 3
5 9 271
24 33 3057
69 18 59
45 52 7
42 51 59
27 27 3503
60 69 0
3 49 785
57 27 115
18 66 233
5 9 166
67 50 31
14 47 7
38 12 1
30 58 14
53 42 0
53 51 48
67 2 3
12 61 861
18 63 1
33 15 10
65 52 288
38 32 186
50 60 0
15 65 83
58 30 507
57 2 0
42 27 1
55 70 23
25 55 1
46 47 291
21 45 5
63 27 6
43 27 163
25 69 1
50 46 63
5 43 1728
29 39 58
1 43 1
32 56 1
69 7 906
10 57 859
63 41 14
21 11 2
41 15 1
15 30 75
50 56 173
43 19 183
51 30 1899
11 56 1
25 28 750
24 67 21
40 62 3
1 2 21
62 10 4
42 5 0
38 35 453
1 12 17
25 36 0
64 2 2493
65 47 1
44 68 29
27 13 2
19 47 26
67 2 1828
63 62 13
48 36 1
21 5 1
39 30 152
39 24 307
65 30 127
29 61 0
24 10 9
17 25 443
12 28 34
59 50 3723
68 45 2
52 20 47
25 42 3
13 64 19
62 10 0
28 58 8
40 22 9
66 17 4
67 10 64
68 3 2
3 34 2844
69 38 0
23 6 355
37 35 176
42 21 2
69 67 37
21 67 42
70 5 6
65 25 5
32 30 179
27 18 46
5 12 324
41 26 2903
22 57 1
11 35 1345
18 63 0
41 29 174
40 35 54
19 65 45
65 49 3640
23 36 63
25 12 1
62 69 894
65 13 4
22 46 161
68 45 122
20 8 3261
21 2 30
68 18 1935
60 2 2253
38 2 390
44 4 868
66 51 34
62 37 6
58 38 0
7 62 1900
46 40 14
29 6 1
16 21 31
66 63 263
32 16 116
30 44 482
21 53 3
7 29 1651
68 57 215
54 31 3
28 24 1
44 17 18
36 37 2
20 25 87
51 52 40
25 55 3107
12 19 2908
29 3 942
3 13 91
54 67 43
23 52 3
14 53 16
15 57 22
62 6 284
42 35 36
43 58 2137
47 18 10
70 34 3794
44 57 8
36 2 40
65 22 5
20 18 251
11 42 1
60 9 103
2 54 11
18 23 3
20 25 25
54 47 109
55 21 0
14 13 3
20 7 516
40 20 251
37 12 70
47 41 0
38 39 86
28 22 16
50 63 596
1 4 6
19 1 10
37 7 3633
65 64 15
8 23 1099
31 52 255
54 27 9
17 3 8
34 70 0
11 52 2
18 16 1
5 45 26
66 35 30
23 42 641
62 22 478
3 40 21
56 36 719
31 7 238
67 17 4
33 64 1909
35 39 0
41 38 267
51 12 20
10 32 0
51 43 152
19 23 0
61 43 1
18 38 88
29 11 2420
68 32 205
32 69 3
23 38 507
62 56 5
25 48 65
37 49 104
50 15 474
56 58 156
52 15 2380
34 5 10
17 38 295
64 64 40
37 67 10
48 43 0
22 34 1443
38 26 15
2 4 0
20 51 7
38 54 43
12 39 1706
35 67 3
17 1 55
21 23 94
16 2 33
32 60 50
58 33 13
54 12 155
60 50 1
47 13 13
54 5 77
45 53 7
69 60 6
15 23 30
34 67 0
60 27 0
6 64 1
42 54 245
59 6 1212
18 11 1
18 43 7
24 34 1303
59 37 36
18 33 2524
25 48 0
29 55 142
6 61 2
39 20 362
33 62 78
40 2 83
54 52 1575
44 3 82
56 27 646
3 25 348
30 46 13
17 44 34
8 44 176
37 64 15
36 69 65
43 26 0
32 17 121
61 2 20
38 63 0
53 62 1
3 20 33
52 67 1494
41 5 1
68 55 1
61 35 953
50 65 1
18 41 422
61 29 672
22 28 350
40 38 23
51 54 1355
3 18 76
23 9 1
33 11 79
63 27 23
66 35 17
12 40 231
42 18 196
64 70 5
32 4 5
41 22 2629
18 29 2
6 31 1
22 63 349
23 53 84
60 61 1067
41 28 0
6 43 1
9 29 2838
52 58 307
30 44 1166
43 18 0
27 49 2
34 42 42
38 5 4
5 52 3
53 54 0
70 68 7
10 14 2
49 58 10
58 8 7
69 64 0
4 24 1
3 43 10
66 33 660
55 6 8
46 10 61
20 38 292
44 41 0
13 15 2
52 62 3
34 48 1767
2 31 1
46 42 45
69 24 7
6 18 17
15 23 2
8 29 0
21 22 38
25 5 17
43 22 4
44 69 1
23 69 834
64 68 1
20 58 5
4 67 45
12 51 2
68 48 137
57 44 0
22 55 1
6 36 23
8 34 1402
22 5 3
55 16 13
47 33 11
53 43 11
31 68 31
28 30 211
6 47 5
16 6 96
12 3 0
32 39 1861
13 66 2
61 56 59
66 1 28
61 53 37
6 69 0
69 50 385
39 69 236
33 18 129
19 20 12
62 40 1639
28 39 45
4 36 1237
65 43 0
54 36 208
61 49 4
30 31 6
12 41 8
64 63 0
48 48 362
60 43 9
13 4 2740
6 1 2
63 40 94
13 19 236
47 32 282
67 9 51
61 36 3
69 57 25
34 21 13
24 33 1002
67 56 13
22 51 2114
47 56 2
23 8 839
35 28 687
52 20 3
68 62 27
59 23 0
59 68 59
8 65 136
67 43 64
43 18 237
30 43 948
43 17 59
10 25 1419
55 15 252
24 13 2
62 59 2035
43 15 3
24 45 26
56 33 0
64 3 0
2 5 21
43 10 244
43 67 2
24 51 76
61 32 140
61 44 1
63 63 86
41 7 16
12 34 2578
39 54 249
49 17 8
8 23 599
18 14 7
58 1 2
40 64 2
30 65 1
13 40 398
46 52 828
47 21 71
7 59 656
66 52 0
39 41 1
54 12 3939
27 27 256
4 33 7
36 3 7
41 12 3
61 53 20
55 67 2
14 47 453
32 13 210
13 27 1829
53 14 47
21 26 1
9 46 38
39 67 91
12 35 1554
52 66 9
7 61 441
15 3 19
6 49 1849
66 5 416
50 27 27
54 21 5
53 70 2032
11 14 1551
38 58 111
21 25 470
3 4 43
7 69 1251
34 45 1074
66 42 4
64 66 225
70 12 35
12 63 20
45 61 177
40 15 488
53 58 1646
13 28 17
65 7 446
58 43 0
63 27 14
49 21 3
15 69 2281
47 4 0
49 13 461
36 70 52
8 55 4
47 60 1959
48 7 3
22 54 131
25 54 679
36 30 1735
33 49 408
57 45 44
27 14 1195
15 51 47
15 30 3
20 16 216
36 63 222
20 70 1
51 19 2193
15 9 1453
14 14 485
22 31 26
47 41 1
62 59 5
16 29 564
68 16 1580
39 47 13
67 25 2
48 6 50
36 33 1
52 38 4
5 45 12
24 57 974
31 47 17
37 45 1
17 63 496
59 17 204
24 34 25
67 50 11
67 9 173
52 30 276
17 29 3
1 63 662
16 55 34
65 5 3758
57 48 33
2 34 77
29 11 12
17 25 1
64 51 40
30 49 4
49 29 122
39 11 11
33 1 26
60 26 30
20 30 172
25 8 0
15 51 32
52 22 2885
13 45 13
28 26 1741
3 5 3
63 25 58
50 37 2
27 39 28
61 25 1458
58 15 15
67 43 2
7 16 647
46 58 314
30 70 88
42 56 3
5 10 42
57 25 15
2 11 249
45 27 44
30 62 15
26 39 0
31 55 1334
17 10 0
30 32 14
42 63 111
67 51 2517
46 16 3
48 7 1
42 2 6
35 44 4
10 59 2
62 22 16
22 43 79
39 40 1
65 27 2
17 61 120
21 70 39
25 8 214
47 40 26
54 31 13
29 17 0
31 5 29
44 50 243
39 20 184
44 36 37
19 22 11
37 5 10
55 7 551
65 32 230
56 57 22
47 63 1687
68 14 1796
55 63 4
59 48 315
17 43 51
23 29 0
59 45 8
26 38 6
25 35 12
67 4 205
41 56 1
41 16 1500
15 42 106
36 32 422
55 3 39
45 52 3
6 67 240
58 23 419
60 50 0
55 43 451
1 37 412
10 5 2
38 18 141
57 7 1119
2 9 100
51 23 0
70 28 744
11 42 6
23 67 7
19 58 31
5 70 28
33 66 47
14 37 4
21 11 93
2 52 0
40 51 73
65 23 0
4 28 0
22 54 0
18 13 32
70 52 3
38 16 10
28 15 1676
10 1 63
54 15 4
62 9 39
40 32 1821
60 3 6
7 22 174
47 2 118
13 60 219
58 66 3
68 32 4
38 59 20
54 22 221
8 69 904
27 8 0
43 64 96
42 53 603
2 8 1
35 27 27
1 38 1
17 25 13
52 6 403
49 27 15
18 57 2
15 27 1767
5 24 188
25 6 68
70 24 2495
28 8 49
38 37 124
48 15 38
57 20 21
64 65 387
34 2 199
16 25 228
41 31 28
63 19 433
41 28 1
29 64 69
58 1 896
10 58 23
69 24 2168
65 8 6
31 40 14
60 36 0
6 38 125
58 17 14
25 16 51
28 21 161
33 1 4
28 63 1586
22 46 3
12 52 175
68 6 210
45 47 2
13 48 63
66 27 6
2 25 0
37 17 27
69 66 5
63 29 1
54 24 127
67 27 987
49 15 29
53 67 507
22 18 0
21 46 31
52 21 3
43 6 1
37 57 654
48 1 88
32 19 214
60 69 9
47 12 0
66 62 15
50 50 50
59 56 1162
42 42 7
46 27 4
8 50 396
9 31 1742
16 15 346
56 20 0
24 70 1125
64 38 4
7 52 1
50 44 4
23 34 2107
26 41 366
47 22 4
35 69 83
48 51 6
13 53 0
33 46 884
36 51 3
30 28 97
39 34 52
20 19 1
32 43 13
13 67 964
29 29 208
38 52 1
38 39 869
8 2 11
42 41 1
46 9 26
42 31 1984
50 23 9
65 55 25
70 13 3
24 4 109
52 56 856
7 19 0
55 10 3
63 64 1
28 41 6
60 39 462
56 4 113
45 2 250
69 45 0
11 52 49
22 6 75
32 51 362
62 45 992
43 49 384
54 10 22
20 57 10
44 5 651
35 18 23
7 56 191
11 65 55
66 40 1644
30 35 3
3 1 0
48 49 7
10 46 3732
30 20 61
67 50 33
69 13 88
20 52 1981
52 13 2
34 69 19
35 20 12
57 62 2831
14 51 63
50 25 820
5 59 0
42 4 0
27 46 17
61 35 84
49 5 6
8 69 2
33 30 16
3 66 3
41 2 531
41 27 57
23 39 334
42 35 1
60 67 6
34 54 16
13 51 87
32 14 102
38 65 5
5 68 72
57 11 2776
3 61 1201
17 51 360
53 60 3831
40 3 2531
25 14 935
36 39 116
64 38 5
45 44 15
13 62 99
3 47 7
62 21 54
56 47 120
20 46 19
44 2 3
4 53 3
9 51 1050
24 37 1
63 51 42
57 39 78
32 14 163
24 56 208
48 38 6
5 49 313
32 62 4
23 36 70
22 23 3479
47 6 62
70 5 243
8 44 0
43 45 999
5 24 353
34 59 1942
44 36 4
51 67 2
22 15 433
48 47 3
55 39 11
14 29 4003
22 34 116
67 56 28
22 34 310
4 55 2736
57 3 4
29 6 95
62 16 1
31 14 9
13 34 45
40 9 182
12 3 102
11 4 51
23 16 3
53 20 17
13 10 193
47 12 11
23 29 16
28 18 445
8 57 5
63 50 1
8 33 1
28 24 48
62 22 0
25 27 1
30 65 61
42 59 0
7 14 5
54 25 3
8 4 1
45 40 113
60 41 15
63 45 5
70 67 101
13 59 1
25 15 54
60 49 195
57 13 0
63 21 14
23 20 1
45 40 1
36 33 231
36 26 124
15 25 0
3 43 35
53 65 45
35 48 332
62 52 53
5 50 0
28 8 9
13 17 53
54 46 1873
11 27 4
68 50 13
6 68 11
12 56 879
23 50 506
10 53 84
47 48 3
67 14 14
8 45 183
24 54 0
14 10 1
20 48 1
55 37 1
23 12 13
27 60 7
6 60 121
42 57 6
54 13 0
51 36 45
48 4 316
28 31 5
32 11 1546
56 5 3234
23 50 2
7 27 1
15 40 171
49 17 49
64 56 0
2 22 848
41 15 57
58 34 486
37 24 10
57 62 55
60 47 122
70 52 5
41 32 249
69 59 0
17 53 643
5 54 1727
16 3 52
34 32 3
37 3 93
63 65 21
22 55 6
63 13 2
24 6 162
23 43 4
6 36 8
37 62 167
36 9 778
14 50 11
39 5 38
14 39 351
25 58 397
20 8 3790
25 68 11
29 45 37
25 58 59
30 13 126
35 41 1008
67 60 1167
2 6 0
1 36 1914
34 12 0
18 37 2
57 11 1
46 59 493
6 15 5
63 24 0
11 31 1
46 57 0
8 59 2
60 17 1
9 34 1
69 52 0
44 51 149
49 40 0
7 17 5
49 16 1929
30 34 6
69 53 356
24 64 460
58 6 260
12 2 15
26 38 166
35 65 2
55 15 15
54 23 101
29 41 3
58 4 10
63 69 265
47 24 0
48 6 13
59 27 3068
20 45 121
13 52 291
50 27 283
11 63 23
70 7 36
12 42 75
47 32 447
58 57 124
19 40 59
70 68 1
7 2 287
46 8 3
25 65 7
22 62 302
38 24 1962
65 16 5
13 4 11
12 36 8
21 17 58
1 24 213
7 2 78
48 31 21
60 51 1
20 60 958
25 55 2
58 5 126
54 8 728
48 36 231
40 9 6
19 61 3
34 41 6
17 24 250
56 50 7
19 36 31
26 33 3
39 51 3
28 29 10
10 58 120
38 32 10
12 59 2
57 26 281
9 10 18
4 59 892
52 8 2
45 69 3
20 35 3
53 54 0
61 41 4081
22 46 4
61 26 26
63 61 19
39 38 53
13 37 173
54 7 7
37 35 360
51 34 5
11 31 1
45 53 105
12 32 74
5 4 11
52 54 6
46 31 63
53 43 843
67 46 219
6 22 44
21 53 7
14 61 2
3 2 7
18 54 29
47 63 18
30 57 276
43 2 3199
54 49 458
20 62 299
61 20 426
63 44 13
69 21 1
57 47 243
46 66 188
47 67 8
58 28 10
58 62 17
16 27 206
37 11 2260
63 1 275
10 9 371
1 67 0
14 62 7
11 43 16
5 44 827
69 37 6
67 6 0
63 30 35
61 65 33
57 31 817
17 17 3
68 44 78
68 66 60
21 14 30
61 51 920
65 49 384
51 31 11
70 38 10
34 16 237
54 67 2509
25 5 276
2 53 136
14 9 2126
2 8 2
8 24 216
61 16 318
45 66 0
23 55 11
67 36 794
40 9 159
16 19 3652
30 3 103
32 13 312
65 9 1143
64 19 3
1 46 1
41 49 1999
31 4 19
46 65 31
5 49 7
22 59 0
9 19 3
61 43 1
33 37 30
8 14 1
62 9 1036
27 66 16
44 61 13
29 7 2689
24 51 79
64 60 8
44 36 0
13 52 1
59 18 11
63 9 3
63 48 85
26 16 89
2 3 7
38 39 63
54 36 1670
13 43 2
6 11 5
35 19 6
44 33 9
40 17 203
8 41 0
56 52 0
65 48 1
17 61 14
46 65 3
47 32 0
8 66 2
64 37 413
9 3 0
19 30 1473
22 13 118
45 4 169
8 43 2905
64 35 1
24 28 2
23 56 3
53 19 3
15 5 1
58 6 2412
16 23 29
29 26 16
38 2 5
53 59 22
47 32 3
13 18 3726
7 35 1561
52 31 1
44 22 3
27 2 1241
67 61 7
11 36 7
2 32 406
49 50 50
45 2 1537
65 47 267
34 39 0
48 39 37
67 12 4
54 51 130
3 63 55
48 30 0
33 61 6
64 63 59
64 70 1787
1 25 16
58 51 443
39 42 438
38 30 12
7 25 5
23 61 1188
12 49 0
17 19 100
8 51 568
4 61 3970
26 23 20
50 63 170
5 8 68
30 6 3
5 20 1250
19 24 397
33 30 4
43 18 16
27 28 806
31 11 114
55 2 369
69 14 1
46 54 720
64 64 13
70 31 6
68 23 2
1 52 4
56 1 18
9 48 1
10 56 231
48 15 107
66 40 89
70 26 143
27 15 423
24 66 2
47 39 9
37 54 32
28 28 804
19 68 7
29 66 0
58 31 1196
23 5 445
60 44 511
60 46 15
59 48 772
40 54 18
25 40 22
21 70 2132
67 23 425
58 28 159
69 5 2
18 5 24
32 9 57
55 17 29
12 32 0
55 34 0
67 14 2031
16 30 1723
33 36 95
6 60 7
45 50 0
2 1 90
10 38 343
41 41 4
65 38 5
49 63 733
27 9 4
34 63 66
68 51 34
7 60 1006
45 51 0
40 56 2
27 17 2
24 29 1
3 38 1150
2 50 24
18 33 275
18 31 1
39 26 1301
40 61 45
49 20 120
23 52 7
31 40 63
65 63 0
24 45 1423
60 18 17
37 27 3
9 26 14
12 18 12
5 52 1371
68 65 28
38 64 488
13 44 1
52 67 579
30 2 0
67 18 6
15 47 1
65 21 21
38 52 980
41 59 5
41 69 4
52 68 5
38 23 4051
16 21 32
18 38 96
39 49 5
44 43 0
28 59 1987
36 55 371
18 30 78
23 15 57
14 42 192
4 58 2
24 39 9
20 56 151
49 17 7
67 37 1
46 16 2623
13 7 60
26 55 20
21 45 479
37 37 1893
4 11 1
2 33 441
28 42 1
47 47 55
4 41 438
28 15 1
10 48 824
57 19 213
38 20 4
42 30 0
68 14 14
18 52 443
35 65 0
38 29 148
46 26 1568
43 37 0
20 10 105
34 16 119
40 45 3
15 45 1577
48 50 133
46 7 3
13 48 34
30 48 123
20 27 2150
38 38 206
27 21 18
47 33 938
18 34 3
4 2 200
31 2 0
9 43 20
21 41 4
70 51 201
55 45 360
63 18 114
29 27 1
63 58 114
58 37 127
40 50 0
15 33 70
68 7 3080
53 17 1189
15 63 0
35 11 0
8 43 384
1 68 0
2 1 4
62 4 100
55 11 2
11 5 181
19 20 15
18 62 0
41 18 471
45 66 41
2 31 251
23 10 3833
33 1 11
52 47 47
44 59 614
8 68 47
31 37 1
12 40 1
27 54 2
27 25 462
53 31 3825
45 67 24
55 38 3628
18 61 350
61 68 1
34 28 2
4 69 201
64 68 79
34 7 42
23 62 1872
68 8 647
15 47 3
32 20 1
13 5 628
31 15 1415
54 30 0
38 8 376
54 33 6
6 33 6
42 33 2
44 4 616
54 56 1955
4 33 3174
31 59 17
3 8 0
6 8 239
43 44 9
10 36 8
4 36 758
11 17 15
45 6 0
8 6 90
29 41 1
40 41 12
17 35 17
7 56 200
37 64 5
14 2 51
49 69 103
56 67 251
32 47 136
11 51 1926
1 6 4
20 50 2
17 53 18
11 13 4
57 42 3
48 27 520
40 7 110
63 69 46
15 31 3426
22 57 177
31 7 0
54 30 11
59 70 0
70 38 8
3 22 28
43 58 14
27 12 309
56 47 0
26 3 871
61 28 6
60 50 43
8 16 22
34 70 474
13 15 354
8 7 321
64 6 11
61 70 63
16 30 3
27 32 1
6 19 1
5 64 955
63 45 359
10 64 8
66 47 5
38 35 22
48 46 7
34 44 40
9 15 1
14 10 6
44 36 1
23 32 551
56 22 254
55 70 564
38 61 510
29 32 1
59 62 35
26 49 493
1 64 63
8 28 5
32 53 26
5 11 130
62 46 2
47 19 1271
25 28 5
15 24 862
22 55 28
27 63 8
6 20 1
3 26 2
7 70 113
34 36 1
18 68 67
8 13 51
51 15 109
56 39 1
54 29 145
14 49 1672
7 51 4
56 59 0
25 68 2372
65 54 395
27 8 1
61 69 2
28 62 7
62 6 48
34 4 183
53 19 1021
28 21 1
46 14 8
11 13 0
23 49 1155
30 9 353
45 4 13
17 41 54
26 31 3
46 21 2
21 34 21
25 36 123
26 33 1
20 20 6
36 62 6
58 38 0
59 25 1
46 3 3945
46 18 2456
23 47 11
46 3 128
51 26 5
18 10 180
34 13 2
56 61 387
3 33 24
53 31 893
33 26 25
15 45 366
69 48 14
21 52 1060
54 59 169
22 36 31
8 37 57
19 18 1134
42 7 2269
9 19 14
19 57 101
35 35 6
53 18 0
24 39 6
19 17 211
23 48 125
18 9 6
39 2 24
49 24 1
20 61 1
45 39 213
49 28 37
21 60 251
36 19 335
57 69 165
35 49 12
46 41 3440
31 40 121
50 12 7
57 43 951
19 12 9
64 21 27
56 12 591
53 68 214
48 43 859
42 37 82
69 64 5
50 65 7
34 39 1876
39 44 272
2 13 101
59 66 1
53 21 1
37 57 1769
25 70 83
23 26 16
30 38 14
13 10 260
62 14 5
13 54 2
33 10 10
36 37 63
27 26 1
15 6 404
28 53 1366
60 38 172
60 12 314
40 46 1
60 28 11
43 45 122
12 57 644
4 50 1003
10 37 234
44 30 4
37 49 6
14 19 32
36 43 13
55 47 122
25 60 75
11 66 4
56 52 4
43 2 538
67 42 5
18 61 1070
68 36 1203
17 13 0
51 25 2
48 44 23
63 19 163
26 66 17
54 52 3
29 58 3
34 21 358
21 22 1
15 33 3756
54 3 11
26 63 19
56 62 35
29 9 103
11 60 7
48 34 637
15 33 15
59 21 1
49 28 45
23 37 53
59 7 1
20 1 13
42 5 3932
17 53 23
58 45 2
45 29 1115
1 39 0
3 24 151
33 14 87
10 12 45
19 62 13
5 66 323
25 61 15
12 60 51
21 6 26
43 27 819
44 54 430
38 19 7
54 62 1293
68 70 7
60 14 1638
60 50 0
62 13 291
38 62 6
68 54 1517
10 37 69
19 62 134
3 20 302
37 12 2616
1 60 125
57 53 2
54 34 2124
10 63 1
60 45 3591
62 17 24
23 12 5
51 59 37
66 55 1794
3 56 498
67 47 1
2 60 20
21 12 108
13 66 2
3 33 9
16 20 10
61 61 1546
64 3 185
12 54 5
23 46 1
36 34 5
26 40 0
20 68 1
63 53 1
60 22 69
60 48 251
30 4 0
28 4 76
53 27 472
53 14 0
34 44 9
55 39 391
17 24 153
38 41 96
1 24 45
23 2 1
38 30 7
19 41 133
19 37 0
59 43 65
14 35 694
25 39 43
43 14 24
4 52 61
65 12 507
41 8 15
20 24 11
49 33 1
39 34 77
13 23 1
46 26 1
36 24 143
28 37 30
28 17 0
68 12 0
18 1 505
45 62 59
35 60 349
10 38 59
62 1 1755
3 32 7
42 45 1
69 66 123
23 30 76
38 1 2
63 35 61
15 63 15
13 22 0
22 62 56
1 40 2329
42 60 4
40 30 30
9 18 18
49 39 653
59 20 3382
58 8 11
67 30 7
34 14 196
5 35 177
7 45 7
21 2 42
62 6 7
5 35 0
70 28 1
67 44 12
55 41 0
55 4 16
30 22 528
48 21 0
23 53 830
26 29 1028
45 59 6
48 62 362
58 26 6
55 44 171
53 35 5
37 57 1
2 65 31
8 10 2
66 5 243
30 15 5
60 39 3961
45 51 18
32 26 4
58 56 97
1 70 1596
56 6 1007
44 48 0
35 36 93
1 33 914
5 1 7
17 40 296
24 62 0
17 13 267
15 53 1
11 16 3
11 11 0
53 51 104
37 38 49
53 41 23
43 70 1
18 17 32
4 37 226
44 18 523
34 48 3
51 54 378
46 55 121
8 60 265
58 11 6
22 23 2
21 20 0
68 39 0
24 10 150
62 2 1552
54 22 1
62 51 787
2 55 15
21 7 49
6 58 187
3 58 8
67 22 2
68 43 77
65 18 58
1 18 242
44 34 1
46 4 329
65 61 1
63 17 2
41 39 614
67 10 11
26 11 1619
1 60 0
42 6 419
31 55 30
39 24 36
51 4 1
19 8 61
20 27 2
52 17 2
18 29 1789
5 25 1
61 62 249
6 54 206
6 54 110
4 27 3
11 28 3018
41 31 5
54 65 1220
41 12 2
50 58 6
42 22 26
27 26 10
36 17 1744
70 52 1
61 51 446
67 53 3
5 9 230
31 62 3
7 40 218
24 56 1
11 47 1023
28 52 21
11 65 434
33 4 3
53 39 496
68 3 1527
39 65 205
63 2 2
50 18 245
55 38 12
32 25 2
69 1 59
14 40 7
48 5 8
36 20 4
41 69 25
23 34 284
27 60 152
48 64 127
9 27 2
61 49 2
37 59 228
50 64 738
9 43 120
67 30 3
2 29 208
49 4 0
63 4 2
11 33 957
51 7 102
38 34 27
46 32 1
7 47 82
70 12 60
16 20 1570
20 38 109
54 37 27
57 57 418
62 51 7
12 62 33
14 29 56
25 51 2
58 64 2
50 45 2774
69 35 65
50 60 7
65 5 25
21 7 9
5 36 0
63 44 62
42 29 11
29 13 2
45 8 1
63 56 14
56 56 27
5 41 247
47 61 97
26 38 335
31 61 1428
29 11 0
36 67 546
6 64 7
49 41 100
38 54 0
35 53 1
29 26 405
26 34 29
6 49 215
43 44 46
32 65 30
22 23 315
52 45 7
8 42 1
69 44 1322
9 66 324
31 51 1
50 20 58
18 32 101
18 70 3
70 5 190
37 57 4
34 8 0
19 32 4022
67 49 67
8 4 0
15 69 0
10 70 131
16 14 0
34 64 2
34 36 20
33 40 97
8 51 17
1 58 4
23 10 1411
13 5 0
6 57 841
41 68 1842
39 2 1
54 16 94
24 50 14
9 40 41
11 67 1953
25 17 0
61 15 476
7 58 6
13 26 115
65 39 3
10 61 11
38 68 372
44 42 1452
68 15 402
52 55 1
12 55 29
62 46 0
58 45 82
11 32 421
9 67 0
38 58 6
32 18 2
2 14 23
56 58 606
41 45 3
39 35 496
51 12 203
64 26 6
70 52 9
70 4 665
29 23 2967
57 58 292
19 62 1737
64 33 239
41 43 1
2 47 1
64 21 1
12 50 121
44 19 0
7 61 3720
20 27 30
18 23 26
32 8 182
15 24 3
18 21 60
40 27 1
6 4 66
21 4 25
7 14 1
10 70 2926
31 4 388
39 16 345
56 34 3
36 37 438
36 26 685
60 35 3
7 40 15
57 28 334
57 55 53
59 8 123
53 65 1
1 35 2520
66 58 27
9 27 14
41 45 162
18 65 9
19 62 137
62 25 6
64 16 15
58 63 41
68 25 251
3 14 12
53 57 1
70 67 54
70 22 12
31 49 209
65 21 130
23 55 7
23 27 2083
53 17 497
31 27 1782
14 66 2
30 38 0
68 2 825
54 15 6
33 17 5
9 21 1
39 53 181
56 66 29
62 3 0
7 69 487
10 20 363
56 69 3
28 10 3
4 65 1
4 27 1
35 52 15
7 61 862
56 25 0
62 23 3523
16 22 5
61 60 57
59 40 22
54 50 2
68 30 19
63 59 369
22 55 1
50 31 0
47 39 62
54 23 1
65 8 1
42 48 14
22 16 31
55 18 22
18 70 5
37 67 42
11 4 9
26 45 997
36 15 397
48 54 123
62 69 1677
36 54 19
57 58 17
68 64 7
57 38 1
58 58 53
69 18 3413
61 15 7
11 2 63
39 63 83
11 50 0
67 4 2
27 15 26
25 33 11
29 70 111
69 40 1
70 28 11
24 53 28
39 69 45
55 5 640
67 65 140
21 56 886
63 24 22
2 29 298
24 52 1196
25 5 3
37 67 5
52 53 15
34 9 813
40 9 2
24 67 6
33 65 28
15 35 42
42 19 1700
47 47 42
19 70 9
32 19 13
61 52 10
58 67 3
22 55 51
48 52 2541
32 46 4
16 67 94
35 31 855
26 69 248
26 41 572
27 41 839
54 7 32
25 29 38
43 12 1016
52 37 2141
67 14 504
65 21 966
64 11 5
35 53 2968
25 11 38
16 39 106
43 1 124
14 13 3
67 39 76
38 39 247
1 26 1061
64 45 28
32 34 1
51 63 668
49 39 3
62 33 80
36 56 68
26 61 2
38 67 443
53 24 4
61 13 2
36 65 216
26 10 0
30 5 148
11 66 0
27 59 3
24 23 489
40 5 1103
32 69 749
7 69 111
60 56 0
10 42 6
27 32 3647
31 64 0
41 48 6
3 30 180
28 56 35
37 41 37
69 56 68
49 20 1826
60 14 25
55 55 123
10 18 1913
49 21 370
56 16 14
37 45 150
39 28 52
34 38 1015
20 59 1436
62 18 415
54 44 15
7 69 952
61 50 23
21 17 1255
15 13 0
28 50 26
48 21 0
26 21 15
6 65 0
57 27 1062
38 26 1
30 51 591
59 28 2692
21 45 3415
4 45 3
23 5 86
6 67 59
58 26 0
40 7 0
32 38 3859
43 54 117
5 12 79
13 6 9
44 52 0
39 4 1720
17 70 170
42 55 57
43 32 0
9 42 59
65 50 5
16 39 7
39 6 7
15 22 424
37 25 110
5 69 0
20 42 197
60 69 492
46 55 0
3 54 10
47 47 2024
17 12 88
40 58 107
40 14 2
50 1 15
57 65 3
52 24 3558
24 11 6
45 17 401
54 24 28
3 69 2143
46 54 28
5 8 468
14 14 8
19 20 3009
41 35 109
68 19 53
52 15 5
2 4 41
14 59 5
19 49 32
3 35 0
9 9 22
33 21 36
36 58 45
70 60 1
30 46 2
65 27 58
38 54 171
13 35 1614
63 33 7
63 60 14
19 17 1005
54 13 2763
30 31 238
34 3 81
69 51 2
28 20 1812
5 12 904
57 42 876
41 2 3
56 47 97
30 52 0
49 38 16
6 42 1
38 49 79
62 52 0
47 12 3875
49 65 0
61 38 2005
54 57 2
26 16 193
51 20 198
12 50 1
28 52 1
58 66 1
15 23 0
16 51 4
70 28 0
47 42 3
18 61 498
8 55 192
9 39 95
61 5 53
40 61 1214
63 63 15
68 64 329
67 13 0
29 65 7
32 39 0
50 15 3
53 35 770
69 67 12
15 30 1593
68 10 3949
55 9 1
58 34 321
32 14 0
51 61 7
57 51 0
23 16 1
36 41 17
56 69 40
38 64 14
36 45 1
26 7 1118
51 54 861
19 62 72
11 68 5
34 61 508
11 68 14
43 38 201
41 7 4
22 42 24
3 55 157
13 58 2
45 69 176
5 48 14
50 34 47
32 43 31
44 29 0
60 5 79
54 31 168
16 4 7
9 54 41
59 45 2019
46 63 87
38 41 186
11 70 123
24 42 381
52 54 47
62 6 3
69 21 1886
8 39 13
17 62 389
45 61 52
21 57 1771
63 66 0
69 26 181
69 63 25
31 37 4016
1 59 134
21 51 1381
64 61 141
4 27 1
58 57 107
1 65 69
48 44 784
42 12 302
69 39 1
69 70 28
8 9 15
67 27 2
22 59 499
44 4 2
22 36 24
25 25 670
36 55 114
19 4 1
40 50 2832
40 22 6
9 41 5
57 22 1
24 29 750
36 57 3
16 57 308
44 48 1
36 44 2
13 55 0
4 34 6
43 47 4
19 11 31
62 4 8
62 31 8
51 5 21
52 40 47
39 29 43
42 49 19
18 47 1
1 19 10
23 1 1
53 6 404
39 66 2019
24 36 1140
41 3 1
25 16 45
1 54 26
41 1 1
17 32 163
63 28 114
20 48 6
14 19 3468
64 68 1
42 17 0
40 3 662
66 7 19
30 6 117
31 15 1795
69 45 1081
15 28 0
18 34 7
63 47 100
68 11 1958
8 32 1
34 61 257
30 24 655
59 14 125
61 21 7
46 13 1474
8 66 433
45 67 4
58 7 104
37 26 11
3 12 347
52 11 46
3 70 27
46 69 49
49 46 4
60 42 3
27 43 0
26 3 43
14 16 4
54 41 0
37 45 92
53 30 13
17 32 35
38 57 0
39 12 1
48 39 41
35 49 106
62 48 209
5 52 7
54 61 357
17 28 31
24 66 1226
50 34 1837
14 13 2
57 34 701
40 37 345
53 23 540
19 37 11
46 42 872
41 31 8
28 10 2
43 51 479
56 25 1
33 49 2
19 26 6
49 8 103
24 41 2953
68 28 221
12 33 52
41 17 28
6 62 3268
21 39 184
39 44 10
19 36 2
58 3 2682
25 19 24
47 29 1
1 33 412
36 6 35
20 10 11
59 25 0
70 21 2
30 22 984
50 19 107
26 17 1
27 29 0
28 59 148
60 25 3
41 44 1
52 65 0
31 4 192
29 5 0
47 15 2
47 47 0
5 65 31
42 67 14
63 34 263
64 40 1
12 30 0
54 3 54
37 16 2255
5 46 12
46 8 74
51 67 1
58 11 62
27 2 20
25 27 1008
38 46 5
16 43 19
61 47 60
52 60 3582
31 53 867
68 57 197
53 30 982
53 26 126
6 15 101
56 8 334
14 37 1618
35 9 3
47 53 0
22 14 1
18 34 193
49 11 0
6 33 83
31 38 0
23 20 10
58 44 2
61 47 1
5 16 18
24 7 1036
17 21 3610
50 6 693
68 49 388
66 59 2
61 69 1
57 44 14
13 32 189
16 48 0
5 65 1271
9 31 2
47 46 42
48 17 128
4 37 3
57 70 1
38 57 1042
33 21 75
3 16 679
15 62 766
33 53 192
5 17 0
7 31 427
39 59 69
42 12 5
50 5 62
23 14 59
19 65 0
27 10 1669
18 32 8
23 45 3
66 25 9
62 19 0
63 43 1969
52 38 31
57 27 3
38 61 501
65 27 0
68 34 1753
66 28 0
52 30 3
67 18 0
6 6 57
68 40 98
35 18 2
6 3 408
60 13 3
2 62 1
44 15 2676
55 58 3214
57 50 21
13 57 30
11 13 95
58 25 3917
19 15 6
60 6 1196
48 32 8
39 54 48
1 33 102
41 67 18
7 47 1060
58 63 1884
52 9 2
29 54 179
8 31 9
31 63 26
15 50 3270
44 20 235
22 14 3
53 40 0
35 20 50
50 6 1670
37 61 78
9 32 1999
53 40 0
62 14 1681
10 37 2
56 52 0
52 47 1
57 3 206
59 16 62
45 12 24
5 9 20
53 8 0
3 19 3603
17 19 120
43 66 0
9 15 7
4 61 115
37 43 3
21 15 1
33 51 998
55 28 2375
51 11 75
67 41 26
16 8 3
70 68 0
49 28 268
33 16 220
7 34 12
29 3 418
58 62 0
29 48 1016
67 11 472
60 11 1
26 1 2
9 50 47
34 46 80
23 53 6
2 21 247
54 12 2460
15 70 0
55 16 2
13 63 24
62 21 2
49 66 903
44 18 0
51 27 75
46 5 22
27 28 136
69 62 0
63 51 3
10 2 0
67 1 3
54 51 2
2 62 3880
54 4 199
40 3 36
8 58 9
64 61 3
31 34 52
34 14 126
56 70 572
15 44 1
20 6 507
53 27 644
28 33 110
46 13 176
28 23 1
38 34 3036
35 51 618
14 66 3
23 22 7
44 5 446
36 9 189
30 7 1
68 19 1
16 27 20
27 22 386
39 13 192
51 29 4078
28 14 1
13 28 7
50 29 0
56 38 1
29 44 0
49 34 579
21 62 192
24 33 0
6 14 14
25 43 431
19 69 1
32 57 1188
16 55 367
65 50 25
60 62 8
44 1 167
62 11 23
32 39 821
55 52 67
10 2 0
8 29 3
63 35 20
11 56 141
12 6 71
13 51 419
60 31 180
14 65 193
16 8 1
25 65 293
25 22 1275
48 18 342
21 55 19
62 1 0
48 60 70
59 24 2
5 46 77
6 6 2
15 25 1
66 27 29
37 43 10
27 4 100
17 56 7
30 13 28
67 70 102
29 39 59
15 29 1
1 39 28
56 49 1210
30 7 1
19 65 0
38 19 203
52 60 9
53 7 928
23 53 1005
40 30 242
14 68 28
41 32 4
49 46 17
6 10 1
2 60 1
29 3 18
42 27 0
65 37 4035
15 16 33
15 12 1431
5 1 0
2 65 2
30 13 1009
60 53 994
43 43 15
34 64 3351
7 37 7
31 45 0
57 17 331
44 44 5
5 31 11
11 11 0
18 18 5
54 14 67
68 58 37
45 4 26
60 23 1
15 37 1
24 47 777
11 12 0
12 63 1
59 53 20
33 35 82
64 29 1
43 19 19
21 56 12
25 36 1251
26 8 15
32 70 3
61 56 13
6 34 749
65 12 3
35 48 1067
66 16 0
26 9 396
66 43 2203
70 64 601
49 39 17
7 58 1
52 24 285
34 52 111
46 19 92
7 10 94
10 43 1
7 11 3
9 16 614
37 4 631
59 53 180
31 20 88
24 12 1821
39 16 1181
34 43 119
49 28 3
31 3 76
4 10 17
30 37 30
47 28 15
48 10 3
43 55 7
53 64 2
27 36 1
33 33 0
30 31 0
4 11 230
9 8 6
9 54 11
13 62 1286
16 69 52
3 55 52
24 19 475
53 44 32
42 58 377
33 54 280
51 43 407
60 30 4
33 29 236
43 15 104
28 54 93
6 33 3000
37 42 1
24 15 10
27 15 0
64 7 1705
45 10 118
56 8 497
19 70 26
9 50 1460
22 41 505
24 33 30
63 59 1
65 25 29
49 22 183
11 24 926
68 30 73
21 29 453
38 16 1
61 11 319
20 36 1604
28 21 4
15 69 3
21 48 40
61 64 190
2 28 4
35 49 347
57 15 16
63 52 0
26 70 174
58 9 2
27 8 3
8 16 0
8 18 3
32 53 4
2 34 8
31 33 23
41 3 7
5 51 122
19 39 94
40 15 27
49 8 394
61 8 30
18 29 1884
7 36 240
17 20 203
11 37 257
48 39 1
10 14 508
70 25 1089
28 23 0
18 34 0
52 13 9
61 55 59
58 25 0
19 21 18
54 28 27
27 61 454
34 20 0
62 17 96
38 37 10
51 49 466
22 59 24
13 39 4
51 47 3068
63 30 1496
50 4 118
70 37 0
63 20 0
54 60 3
67 26 27
57 70 372
15 49 0
45 47 7
39 55 269
65 66 1545
70 18 55
35 55 0
57 28 1
47 9 232
61 2 1991
23 21 32
22 17 15
55 26 76
40 45 46
34 37 460
2 1 80
31 12 682
17 12 34
18 9 7
9 63 3246
64 55 2105
32 22 17
29 1 472
3 70 3349
31 57 68
16 54 561
54 9 0
25 34 39
52 25 15
30 61 3
30 18 631
1 21 1
59 59 1265
8 5 12
25 39 1863
54 38 67
32 26 305
38 44 0
21 13 487
3 25 0
16 21 9
24 60 26
56 50 17
23 2 0
51 1 336
4 12 217
70 55 1
42 65 23
48 2 9
58 21 7
43 9 27
58 21 86
13 55 0
68 60 10
33 62 412
1 47 0
54 25 13
47 57 122
60 67 53
2 23 27
32 35 5
26 57 3542
42 66 1772
65 62 179
33 41 0
37 54 92
29 34 7
58 61 6
65 14 195
54 24 12
70 49 44
44 64 43
38 4 2
11 49 0
14 57 6
28 7 41
39 27 32
68 58 3886
17 47 1371
57 39 8
2 20 373
18 28 489
44 46 3
42 54 45
42 69 110
42 63 1
68 5 0
54 14 739
68 5 5
50 40 114
45 10 0
6 22 468
57 69 3973
43 14 115
39 64 1
9 17 2
68 45 93
17 12 626
52 1 255
21 51 11
58 14 247
41 67 822
69 38 98
49 5 316
9 20 1
19 53 31
68 2 385
53 2 1346
38 4 63
28 58 39
57 35 352
44 18 1
42 6 0
49 23 75
46 28 427
2 10 973
4 65 0
54 64 50
24 48 0
20 36 3202
70 62 258
63 25 363
17 21 28
61 9 3812
50 67 3
3 11 0
42 60 1002
52 2 0
56 14 4
47 9 2894
50 50 0
6 65 13
19 7 1643
48 36 0
9 36 0
61 42 1
40 12 248
50 4 0
18 59 104
28 56 27
46 50 73
62 46 2840
17 17 0
38 58 0
8 69 217
70 14 5
59 32 1656
24 54 3522
6 33 2524
63 40 2
68 52 187
60 6 17
57 3 68
30 67 4
4 58 117
21 25 65
10 13 15
70 55 79
22 60 7
37 11 91
24 57 0
20 15 4023
39 3 3770
50 7 27
40 58 2935
5 61 3
24 29 2
67 9 98
2 22 10
4 19 15
34 47 8
64 23 226
19 35 1
50 16 0
67 5 3053
54 43 2
39 38 23
21 51 52
27 31 1
29 69 18
52 47 0
62 57 4
65 29 890
24 64 221
41 2 0
47 39 455
43 45 117
29 53 1
62 41 377
63 13 6
26 17 420
32 23 15
9 14 29
58 8 14
44 59 6
30 1 1
31 38 1067
63 41 2849
22 49 3
68 10 797
68 63 2286
66 66 731
67 54 1
59 42 821
26 24 1
29 32 308
13 32 17
63 50 2266
61 67 1959
27 55 57
13 13 0
43 68 31
1 28 209
19 28 3
69 15 117
25 67 0
24 31 1265
33 14 1
54 38 6
52 37 459
56 70 7
62 29 3
7 43 3486
59 64 0
43 7 0
69 55 1350
28 39 464
58 17 3350
57 8 81
55 28 1985
59 56 13
52 24 185
45 22 712
42 16 24
4 43 992
25 62 825
45 36 7
34 3 3
37 4 116
60 38 178
32 41 0
51 42 340
48 56 2
60 68 4
64 38 6
11 11 8
47 54 7
31 24 482
10 35 2
18 32 191
15 1 784
2 35 206
5 13 306
43 2 185
4 35 247
34 18 64
10 25 1
46 13 0
32 50 3
12 59 7
3 7 1643
16 69 773
15 32 1344
59 61 64
70 7 127
32 4 865
30 33 3238
4 27 3749
29 68 14
57 11 23
51 43 93
13 14 12
33 57 3
62 46 11
35 61 6
22 15 1
48 29 1834
1 28 1536
27 15 88
31 47 52
51 67 16
70 12 1
33 16 38
62 7 379
55 62 48
4 21 19
15 17 358
41 50 606
44 14 32
42 20 0
15 32 12
4 35 437
4 59 14
60 18 1
32 8 7
54 67 8
43 29 3
68 28 19
3 45 128
4 30 56
41 55 1343
59 19 1
23 67 18
51 29 0
7 66 1
69 8 0
59 2 34
1 38 71
48 14 1
61 70 16
56 9 1507
53 52 1161
70 12 702
8 46 5
8 65 1258
46 50 9
70 13 200
66 23 0
9 4 16
18 38 4
24 35 55
21 22 88
16 25 4075
44 68 335
30 53 21
12 45 663
9 37 0
49 69 912
70 49 87
9 1 123
60 13 9
56 54 7
35 53 2283
58 47 13
60 65 2
11 40 9
39 58 241
66 1 0
10 68 178
40 16 1044
3 37 2
35 3 111
7 20 12
28 50 2679
52 3 0
36 24 19
24 25 44
21 12 5
32 52 45
10 35 835
44 27 1
56 2 0
55 31 3
63 44 125
49 43 23
60 30 2
51 30 11
64 48 58
62 47 0
62 21 5
49 17 6
24 61 1912
22 19 848
62 53 3471
65 2 1284
4 53 1047
17 1 13
11 15 31
28 21 0
11 3 15
28 46 97
57 64 0
33 10 7
59 6 5
30 35 2
22 64 163
29 63 84
11 9 3
12 25 0
11 57 55
17 31 10
65 57 3
47 25 689
36 52 754
65 40 10
29 11 1
33 48 3959
66 6 2
1 66 882
62 58 7
23 31 12
30 50 1556
64 43 1657
41 21 89
60 3 114
46 28 41
26 8 6
62 70 28
24 69 70
58 43 65
43 50 287
8 16 1
14 7 1
6 49 97
5 39 8
54 52 537
35 30 163
53 11 0
14 53 9
2 54 5
17 9 6
18 1 1830
5 4 65
46 1 3
1 62 0
31 50 3759
5 1 1
51 49 17
11 13 2
30 13 16
67 29 2
56 40 43
11 23 4
49 17 9
61 69 18
30 10 234
54 3 1
30 32 14
58 41 25
24 69 118
29 2 5
58 62 448
69 9 1037
31 8 0
65 37 2
18 5 0
3 27 106
21 68 1
60 17 46
67 41 90
30 63 100
61 6 1
22 9 2086
8 61 10
61 45 7
23 58 162
15 25 27
44 32 1
61 26 1
4 42 2
40 1 9
22 54 6
32 19 1
36 43 197
2 15 30
13 28 1
28 25 9
54 19 7
1 11 0
35 43 60
63 23 17
29 44 4
8 13 1418
66 46 19
12 15 703
4 48 413
34 40 9
35 44 0
57 58 0
58 10 1795
32 52 5
70 27 1023
8 1 1
70 2 252
30 9 12
42 3 1
15 66 858
19 46 531
32 67 414
20 14 60
33 5 0
8 50 2
70 52 0
44 45 13
33 16 48
70 40 14
26 33 7
8 38 3
1 23 36
22 51 40
30 39 107
9 60 29
59 21 1179
51 42 186
37 66 7
33 28 2
32 33 2
1 39 606
22 38 18
33 4 6
55 64 33
56 32 3
54 18 3
16 68 27
28 34 221
23 14 1
59 43 30
39 7 6
24 70 92
14 19 1694
42 6 25
66 49 6
54 28 1
5 14 7
30 64 0
48 8 890
57 57 482
14 63 3525
16 39 67
41 37 326
65 13 1
52 68 5
21 41 1988
57 55 1
29 33 72
26 9 459
54 9 16
59 68 12
60 41 7
49 46 26
8 43 230
14 64 111
70 42 6
39 13 0
42 5 2
69 69 55
37 40 1470
52 35 1
51 10 56
38 69 7
11 2 0
35 37 9
19 39 732
2 42 5
62 45 7
34 27 0
61 42 1
25 41 1313
67 66 1
4 19 15
37 41 2807
55 4 2206
53 56 165
6 45 47
68 47 2625
69 17 2
4 9 192
65 20 1206
62 3 243
9 39 258
67 63 3297
15 5 2
65 68 190
61 43 8
14 61 121
7 32 4
39 6 0
26 63 31
7 40 476
55 22 0
18 18 5
54 7 126
40 14 30
46 11 789
8 35 27
59 20 502
45 25 61
5 23 0
68 5 0
32 29 1
3 7 205
54 63 1
19 12 4
61 35 1757
3 40 1
4 59 1
13 24 1568
61 32 83
11 16 19
10 69 1
68 66 1
52 70 679
57 37 38
14 2 81
36 65 205
56 30 12
19 42 1440
38 19 1
19 14 223
39 65 40
42 67 2
24 17 6
53 54 3
70 32 1
45 43 61
26 68 243
11 19 3
33 19 3
29 36 1697
70 58 3
8 37 13
41 33 461
63 28 3
66 31 933
69 17 38
67 28 6
23 59 7
33 17 82
31 4 470
20 4 88
58 21 3
31 46 47
35 29 200
49 16 419
38 37 893
42 3 1018
61 19 41
36 65 0
42 60 161
30 25 96
36 53 76
65 56 1276
9 19 12
20 15 1
46 29 15
5 20 0
65 15 26
69 39 2382
27 49 677
61 17 1
10 59 738
70 16 57
45 50 1791
11 31 4
26 49 40
5 1 9
7 56 2641
26 5 1266
50 25 1
43 35 5
25 32 10
68 58 1
50 60 208
53 12 7
47 13 1
19 55 82
28 41 331
26 58 2
39 21 16
6 50 3
18 1 254
29 43 23
26 45 1028
26 66 12
68 41 1731
48 70 3
57 50 1
13 46 19
43 8 12
4 54 151
9 54 1997
11 14 1
68 62 936
10 7 47
65 13 26
17 33 3040
61 51 3
67 29 436
12 41 1
48 26 28
46 20 24
11 11 913
30 29 504
16 66 2
37 20 3
49 51 352
7 24 3159
70 46 0
56 20 9
38 32 874
16 30 0
58 22 9
19 44 382
26 34 227
46 28 1639
2 59 1
30 39 0
29 4 60
10 6 1436
62 47 0
29 57 347
42 52 638
2 55 19
59 13 567
37 34 20
10 15 210
7 47 3591
25 12 0
39 51 49
32 19 0
55 12 13
25 42 2
40 44 3339
43 32 71
23 44 5
59 2 3326
2 53 120
53 38 1
28 67 25
62 37 2630
31 57 34
23 63 678
9 6 11
34 18 0
44 34 613
53 19 1
4 51 61
20 3 1260
24 1 3
7 44 0
61 27 1270
39 27 26
3 61 194
14 62 93
21 37 1953
4 42 1
67 45 1
40 27 7
39 58 0
68 21 6
54 25 0
26 33 319
51 47 3
21 26 13
17 11 0
13 50 1952
60 56 7
24 58 1
39 30 6
7 36 3
41 32 79
55 22 68
27 30 1
37 39 28
43 62 28
49 42 0
31 46 230
5 49 29
53 36 4
61 61 10
26 69 1380
13 64 69
27 39 21
53 63 71
3 35 1
64 49 0
45 30 2
34 7 679
60 30 35
12 41 52
19 29 356
21 64 192
29 36 1328
53 37 7
1 70 363
2 18 888
14 31 8
36 34 0
1 65 21
36 53 261
50 62 42
48 44 12
56 56 1817
39 52 0
8 53 20
59 69 2
58 6 3
16 17 86
12 62 1374
29 1 2314
7 43 51
21 4 21
6 2 1829
60 59 0
60 5 285
15 43 28
45 50 2974
36 10 4
63 61 8
40 60 1018
67 37 7
37 67 274
70 64 1
9 64 1
9 3 65
38 59 3
32 50 67
63 53 224
31 23 195
3 25 13
68 68 5
22 35 292
28 65 0
26 45 881
11 14 462
37 58 465
33 62 1
37 54 2
32 22 3688
10 22 0
47 21 181
24 49 6
41 45 7
14 64 1738
36 27 1881
24 27 1012
7 4 0
15 26 0
33 19 32
57 26 902
19 53 216
35 40 3513
12 47 144
35 3 1
65 49 302
46 18 2949
36 36 57
38 51 1370
28 54 0
64 44 3
19 59 3
63 66 0
16 61 1945
63 34 6
13 64 540
63 54 23
60 50 464
38 1 0
5 30 3
69 11 110
10 32 2
23 48 999
41 49 27
5 63 42
69 23 15
60 16 1
2 69 80
25 23 621
39 42 152
64 19 655
4 22 5
48 31 0
53 64 41
17 37 0
66 56 51
33 36 10
33 21 60
32 39 45
62 34 24
15 6 6
2 47 1080
29 67 7
65 31 65
19 14 218
41 63 2
47 50 5
42 66 67
53 65 1
7 70 48
18 43 3
67 58 0
15 61 4
16 56 152
24 22 111
51 61 0
9 16 81
14 27 32
9 65 1
13 66 7
18 54 827
44 16 2
37 33 1
30 8 744
52 36 133
4 15 1590
19 15 2
51 55 6
25 49 1
42 64 1
43 30 491
41 39 227
52 14 0
63 42 8
62 64 6
25 42 0
14 63 752
63 14 0
69 2 3
12 46 5
48 11 3
42 40 129
33 9 393
62 26 27
29 12 189
31 60 2
10 27 1
39 19 2
3 56 7
43 1 51
34 7 27
34 13 3
8 64 1
12 26 7
29 12 49
18 55 60
48 1 3
49 2 16
37 4 845
11 43 22
63 36 125
64 25 2
36 60 4
65 7 23
66 32 7
47 18 3113
48 70 186
43 32 117
65 45 6
48 44 677
70 57 779
17 2 10
43 28 0
26 25 2
6 14 0
49 12 3
20 37 4
67 7 7
19 64 0
18 5 113
57 5 16
8 33 977
51 49 81
66 31 8
28 26 3
41 60 200
4 57 747
39 64 65
6 51 1
15 3 450
11 33 1
32 55 193
45 26 1030
37 4 119
45 37 0
34 12 42
50 59 904
27 59 45
43 50 5
58 63 0
6 21 46
15 63 11
32 30 79
7 28 45
59 48 229
39 52 7
39 44 15
15 16 76
35 26 368
54 25 186
12 13 3
28 2 2
5 1 3005
47 37 1471
56 42 60
6 70 0
26 66 1836
64 34 178
28 68 3
67 23 3
52 40 904
70 57 834
50 38 1334
27 41 9
61 66 156
51 3 1370
14 40 12
16 17 52
63 52 914
61 36 26
28 42 21
63 8 1222
5 2 2
33 6 24
67 58 387
1 15 11
17 46 1021
53 11 84
17 70 6
54 61 174
70 59 99
44 32 948
14 16 38
48 8 179
61 64 11
34 19 3
40 50 12
14 9 2
39 25 0
18 43 625
10 35 577
46 35 355
57 33 6
34 41 61
3 44 0
45 6 451
22 27 3
50 32 1
18 29 12
21 33 10
67 50 1
58 21 57
8 2 1780
22 2 1
58 31 3
46 24 1344
23 26 2
43 51 64
30 36 39
70 36 3898
46 9 0
70 29 469
2 62 59
64 8 10
37 67 955
52 43 0
47 56 1646
26 29 830
65 2 3744
44 46 3451
67 6 326
12 8 3
10 22 1312
60 5 122
70 41 96
35 62 425
29 34 2099
70 28 93
57 38 3
60 53 0
47 27 368
31 11 93
50 63 2281
32 28 8
27 62 3
30 35 92
31 36 511
32 12 75
54 9 184
8 48 1
52 68 2
2 64 877
61 49 3
38 21 1
24 5 1
68 34 1
65 31 0
21 51 307
52 22 0
66 12 7
19 11 32
47 44 22
68 70 377
17 36 0
66 12 114
24 29 350
1 49 21
58 51 11
47 69 136
39 70 2672
41 51 102
40 64 28
67 15 2
12 13 0
38 11 0
50 8 3471
57 12 991
56 52 0
7 64 21
47 30 23
3 32 76
64 34 22
11 58 691
43 7 9
46 23 2
58 53 89
61 51 27
66 45 0
15 58 0
59 52 952
9 49 0
14 30 30
38 7 0
31 44 1
11 52 706
10 27 124
41 15 5
47 17 0
10 34 965
40 49 2
17 68 37
59 25 0
57 19 1933
2 41 134
35 50 145
47 17 3
58 41 1
28 65 482
38 17 16
31 44 6
43 42 1200
12 2 10
63 9 77
70 34 363
34 48 209
46 30 14
20 46 952
11 22 1383
67 70 3179
51 2 1
69 70 2
40 15 966
11 19 242
47 18 23
12 10 84
9 48 9
56 51 4
15 49 161
58 62 0
5 42 201
35 27 51
13 44 352
66 60 361
48 5 29
13 25 48
41 23 3
24 36 0
60 69 228
15 59 0
22 30 0
34 69 14
17 29 317
61 22 0
19 1 70
63 61 28
50 39 42
64 26 23
68 7 299
6 13 288
53 8 73
4 68 4
2 22 399
38 32 544
44 43 128
48 26 5
66 43 2
13 59 18
68 22 0
13 33 122
46 4 2
57 69 1133
63 30 1
30 16 648
37 30 0
19 23 67
3 40 124
42 44 731
20 47 449
61 67 5
36 21 0
29 64 363
22 29 1728
32 17 978
58 33 173
58 69 1
28 60 2150
34 31 9
65 2 0
27 56 3
27 52 2
21 15 1
42 67 48
46 41 1006
27 49 10
11 20 89
63 69 13
54 25 1
36 33 191
70 28 201
53 18 5
34 6 7
62 54 106
33 42 57
10 46 2
35 14 1636
23 21 68
7 30 136
63 40 2
11 7 112
50 15 49
43 1 324
24 12 1
60 64 3
11 68 55
46 49 383
47 70 2
25 56 3845
16 10 36
37 51 13
39 9 282
66 44 31
52 55 12
48 22 2
9 36 16
32 21 92
33 1 1369
49 55 12
29 32 8
66 60 30
40 58 22
50 60 1
18 44 14
35 44 2
39 38 8
7 22 236
1 53 13
57 67 3
9 43 28
52 37 167
32 41 72
5 27 1
61 38 1
41 20 197
52 21 5
31 37 2959
10 23 3147
25 10 230
34 40 7
63 24 0
42 2 351
38 32 310
6 29 290
31 54 166
53 20 480
40 59 511
60 28 1583
2 57 7
4 61 14
51 68 1
45 5 4
8 30 15
19 7 2
45 68 79
61 23 4038
55 20 111
53 1 17
55 60 4
22 8 231
45 67 36
29 42 307
63 13 799
10 68 461
50 66 11
13 23 78
10 43 1
3 37 6
30 65 1329
13 6 279
16 46 11
61 21 2567
59 36 55
58 12 113
35 13 838
25 39 22
47 1 7
1 2 13
31 35 6
21 70 722
12 16 3
55 9 16
43 49 23
29 2 2
40 29 150
68 34 19
29 29 1353
2 46 5
4 47 0
55 54 669
27 35 0
1 26 29
68 45 38
38 17 1
64 63 445
66 21 3
66 36 3149
49 28 399
26 23 2
41 27 252
46 57 57
64 56 30
2 26 2863
57 32 17
57 48 59
58 12 66
66 39 4
19 9 1
50 64 122
63 3 253
58 17 15
10 60 123
61 25 6
51 10 291
12 24 45
68 61 1
18 69 5
16 19 3
9 14 76
23 54 1714
44 15 298
48 55 0
65 40 5
67 60 2140
16 20 916
32 39 2170
22 20 26
48 62 19
19 56 287
26 10 61
12 64 4
41 36 0
24 3 92
60 37 3888
31 42 5
34 58 42
29 36 111
20 63 1607
43 43 1
3 63 3
9 55 61
58 9 760
12 44 392
32 35 99
46 33 113
40 34 9
28 56 0
59 24 1
14 67 299
28 27 912
16 51 3
6 47 1
24 52 2
62 58 40
28 3 0
47 52 3320
5 67 0
28 18 1538
1 45 939
43 51 1
15 23 4
25 22 20
1 34 1
57 19 196
28 51 0
6 45 1191
68 36 1674
9 32 425
36 25 710
5 31 1
59 3 3
33 51 112
18 2 3
43 7 13
56 8 8
13 9 1743
59 67 48
46 32 48
56 5 45
38 36 926
44 63 3
22 58 0
64 36 124
37 24 171
55 19 0
64 52 1599
39 70 24
26 38 1
54 12 8
42 43 5
48 25 0
54 48 415
7 43 15
17 8 4
63 12 2
13 48 442
2 37 8
52 41 8
52 11 18
38 50 0
48 34 10
67 32 1338
17 32 39
7 31 14
58 55 3
43 13 649
8 44 2
14 25 2515
49 57 732
52 61 3
9 51 377
21 2 1
34 67 18
34 25 172
21 34 14
47 56 0
67 7 0
32 28 14
21 18 23
12 66 133
68 27 7
69 58 99
31 12 3
4 40 264
48 12 492
62 65 3255
37 15 15
13 5 5
14 12 2
19 3 202
15 67 0
51 2 2
54 6 0
30 12 95
49 46 6
9 42 872
39 17 175
48 39 138
31 1 0
13 67 572
40 56 7
41 61 189
53 2 1
58 18 93
55 46 0
46 11 87
56 65 717
13 44 0
59 34 5
44 68 19
19 17 1007
32 14 3
48 34 41
47 28 2006
52 64 838
31 61 154
35 21 33
41 32 1
42 44 7
8 50 111
53 51 86
32 22 32
14 69 0
47 64 3
29 7 5
52 69 2
22 30 1
53 38 4
66 63 1054
7 11 2
40 43 47
23 38 1704
34 66 292
41 47 206
13 39 29
46 60 59
41 40 1
63 69 2
65 42 4
61 32 22
42 11 505
53 44 43
2 62 0
69 53 0
43 32 11
54 31 4
57 33 42
13 23 176
9 59 22
62 55 20
11 29 67
21 35 3950
53 65 0
66 19 206
32 53 9
49 24 22
67 27 357
49 60 2
27 29 3
29 3 14
33 15 17
36 42 27
54 2 502
54 35 0
32 9 41
21 38 15
40 62 3
9 50 218
57 18 81
1 48 9
20 34 1870
3 7 0
6 49 902
34 32 5
63 68 1938
44 56 13
9 56 6
69 54 110
41 20 486
11 5 7
27 44 0
7 42 7
12 48 407
62 2 27
16 49 476
51 68 820
70 45 14
9 16 1
19 37 754
64 46 1
28 48 4
2 49 166
56 30 0
43 46 0
58 69 20
46 44 0
61 54 24
4 21 1
46 39 4
4 46 20
18 57 1
49 61 348
60 9 838
57 45 2704
9 25 1092
14 43 1
63 35 516
20 52 7
42 23 85
60 14 1
8 62 0
53 4 1
45 46 102
32 20 88
13 39 1377
14 18 23
35 53 28
51 23 19
9 67 0
15 8 34
14 18 141
56 26 792
30 2 38
9 23 82
29 48 2332
40 34 1
12 3 3
27 35 73
24 31 1248
31 62 840
56 57 168
63 66 231
24 39 907
35 66 270
44 10 2
14 46 24
34 3 1551
19 20 21
3 35 3
12 8 171
61 50 3
38 38 3
48 24 3
4 8 0
69 68 1
5 45 4
52 3 2004
11 5 37
23 69 55
23 36 133
52 54 14
50 33 6
38 68 494
52 57 8
17 39 614
4 19 1230
4 69 65
17 49 67
55 57 3509
59 38 158
37 12 5
30 21 5
21 2 0
35 29 18
2 49 667
60 43 0
33 37 13
10 7 122
9 3 56
11 29 880
59 2 5
5 34 136
49 58 3
62 53 997
19 50 536
7 16 0
55 14 8
17 13 1
33 70 3
9 48 1
19 20 340
38 56 1
9 57 15
52 45 2458
63 53 47
45 24 1
19 65 11
55 42 68
40 9 74
6 13 2
41 68 2
40 12 104
29 63 18
44 20 3
46 25 4012
19 60 0
48 70 1
27 28 2
47 30 26
22 9 88
24 66 3
42 14 2
8 47 0
12 66 1
16 15 0
35 42 0
69 59 30
25 58 1
21 15 12
30 11 5
37 61 42
22 8 118
19 59 13
55 34 3
24 1 16
15 55 138
21 57 0
65 55 8
5 66 126
67 15 8
26 30 0
39 63 1343
60 19 1
38 33 285
48 22 2
51 40 76
68 28 9
33 18 14
7 52 1395
57 41 3839
37 5 130
36 68 3
5 6 1416
59 68 1743
50 58 0
13 63 0
60 66 2
3 56 11
43 33 1424
64 67 31
1 47 938
5 7 6
47 66 21
24 68 29
63 36 215
65 40 4
1 39 3
24 64 98
38 12 122
30 57 5
12 38 995
55 2 268
64 63 5
59 58 56
44 5 5
8 10 10
4 3 220
55 22 167
27 61 3
66 43 1019
16 22 272
64 65 0
5 25 0
10 43 20
10 54 2
40 24 1
19 13 2971
31 38 36
68 29 1010
69 6 86
67 64 100
51 31 7
37 58 1540
43 57 13
46 18 1
52 16 6
21 56 1
3 61 317
62 7 9
51 8 108
