70 5000
^^^^^^^^^^^^
3 57 4
55 28 69
50 30 6
21 32 69
24 41 66
29 33 70
28 46 68
24 67 65
33 64 70
6 32 67
4 33 66
23 45 65
30 33 70
50 38 3
64 3 2
55 23 65
16 29 3
1 4 0
38 59 65
69 70 4
70 51 66
8 30 70
14 67 4
25 53 1
15 56 70
57 7 65
14 49 69
68 1 70
33 43 5
30 56 7
24 47 68
34 44 4
54 16 3
53 32 66
58 50 66
6 17 5
42 57 4
46 59 2
60 1 71
48 61 3
1 63 6
47 6 70
65 64 3
21 21 2
30 64 64
22 43 0
14 6 5
68 3 1
60 63 68
61 42 4
46 2 2
56 12 3
42 55 2
16 23 0
34 11 5
38 69 71
30 22 71
37 40 0
11 45 1
67 23 71
23 66 71
1 63 70
44 7 7
70 25 65
29 66 67
15 39 0
29 10 2
53 49 7
38 52 70
23 28 7
22 47 64
38 62 64
24 5 68
29 11 70
20 12 4
56 38 2
30 32 3
54 1 2
45 24 67
5 8 64
57 56 68
18 42 66
13 43 0
19 13 71
8 66 71
18 7 2
19 61 71
7 66 2
15 51 3
22 35 1
9 49 71
3 52 4
39 58 65
28 65 70
45 14 69
51 66 68
7 62 7
67 6 5
57 65 3
66 35 66
38 8 64
46 70 0
16 7 66
34 25 68
13 9 69
57 68 6
17 32 7
17 57 7
12 59 1
1 25 1
67 8 0
46 18 7
59 18 1
34 19 6
18 60 70
65 61 5
7 48 5
28 33 5
2 70 65
47 49 5
39 9 2
61 66 1
16 14 64
51 11 5
66 32 66
54 32 69
69 2 3
1 67 3
52 25 66
56 11 2
49 48 4
4 60 70
60 50 65
19 12 69
17 34 71
10 30 3
1 42 64
34 58 2
55 54 5
64 1 3
34 7 1
12 16 71
16 56 67
56 54 1
2 21 1
58 22 0
48 26 65
69 31 1
7 61 4
69 26 3
15 55 67
32 23 64
2 33 1
7 40 64
43 54 2
53 37 0
26 58 5
64 54 0
36 35 71
65 12 7
48 22 2
48 44 70
32 50 71
55 67 65
37 70 0
33 31 64
46 70 5
35 66 66
44 44 2
11 66 5
45 6 70
26 2 1
47 50 70
10 47 68
70 4 71
26 29 6
1 3 4
30 46 6
54 8 70
36 22 67
23 18 7
29 28 6
44 16 2
70 68 69
45 52 0
23 7 67
2 31 6
33 48 4
8 64 69
9 35 5
63 34 4
56 37 7
29 18 2
63 34 6
29 67 5
26 66 64
58 45 66
3 17 3
68 3 0
50 60 69
28 11 2
46 22 7
55 24 7
13 37 67
5 50 67
44 60 5
17 69 6
21 38 3
20 24 0
32 57 66
66 9 65
10 46 65
52 36 69
18 59 7
10 48 4
40 63 71
44 35 2
8 37 3
50 63 64
47 30 5
60 66 1
50 21 3
62 52 71
49 41 7
27 15 0
2 68 4
6 14 66
20 4 7
26 56 4
55 56 70
40 43 64
69 43 1
54 22 3
48 48 5
8 33 71
53 24 7
50 26 3
59 60 6
10 50 64
3 46 4
38 48 67
22 7 2
44 53 5
62 56 5
64 7 4
45 12 7
33 38 70
41 7 67
20 3 65
47 47 6
32 12 3
11 52 7
41 30 3
63 20 1
24 19 70
27 30 65
41 61 64
41 26 69
30 45 2
10 11 66
68 58 71
29 13 4
32 10 64
28 15 4
54 40 2
67 50 2
46 60 70
57 49 66
11 67 0
67 1 3
27 36 64
67 48 68
35 54 3
16 58 6
57 63 67
30 24 69
58 23 6
12 1 64
17 3 66
13 54 2
3 53 5
36 24 3
5 16 4
36 9 2
34 7 2
61 8 67
58 51 65
35 2 67
37 61 69
63 16 64
67 20 7
28 24 3
27 5 0
58 2 66
60 47 6
32 4 2
35 6 0
61 4 64
68 46 2
67 57 69
30 57 64
69 30 3
60 21 5
19 14 71
30 5 65
22 30 2
51 65 4
67 10 4
10 16 68
53 42 3
27 36 67
4 56 1
61 58 68
8 31 64
51 4 66
16 57 71
43 30 65
21 12 7
7 31 1
25 66 2
17 19 3
47 26 6
57 13 69
45 12 7
4 51 2
8 69 67
5 62 2
40 49 0
34 56 3
6 63 7
11 30 0
31 23 71
52 59 0
1 62 2
54 20 66
28 52 69
68 51 4
5 68 6
61 57 0
29 50 0
13 48 2
50 32 70
39 69 2
17 55 2
25 69 0
47 36 2
41 19 5
32 23 2
63 20 68
47 56 65
3 35 5
66 1 70
52 16 0
18 55 67
26 57 67
24 17 2
45 50 2
68 2 6
68 52 4
14 39 5
36 10 64
49 19 2
35 32 71
35 43 7
66 41 70
44 12 5
68 66 67
53 32 5
42 55 65
46 65 6
64 24 3
65 13 67
55 48 2
5 37 1
4 39 69
63 20 3
6 51 70
6 47 67
12 44 7
24 70 70
54 37 65
21 22 3
57 32 70
54 62 68
30 70 65
42 61 67
18 28 3
8 29 5
49 44 3
63 19 0
36 27 2
59 2 2
30 28 7
12 29 3
67 26 4
2 9 7
21 44 2
27 70 3
19 48 2
31 11 4
45 15 66
62 25 2
33 24 4
34 56 65
37 66 5
70 39 65
26 55 5
18 32 65
2 34 5
19 53 4
30 9 64
14 22 68
15 51 1
32 39 67
68 6 67
41 10 2
17 35 67
12 70 0
57 62 3
64 49 69
49 33 66
26 52 2
15 42 66
9 47 0
51 41 7
17 51 0
44 6 5
1 68 71
8 42 7
50 22 7
9 41 67
52 2 2
61 44 69
47 53 5
36 17 69
61 7 4
35 15 71
2 14 66
23 28 6
34 26 2
28 42 7
2 50 5
22 51 66
4 50 1
2 37 7
62 56 7
69 8 71
65 28 68
15 11 3
59 55 3
59 17 69
8 34 4
25 50 6
17 3 3
54 7 5
33 24 1
62 45 2
23 18 5
25 21 4
28 68 67
67 19 3
70 14 6
54 59 1
32 47 2
40 15 69
24 26 0
38 5 5
62 32 65
34 29 4
57 52 0
24 21 7
7 20 2
15 63 0
13 34 6
12 27 66
14 13 2
32 59 1
61 36 4
2 12 6
40 22 3
58 16 2
30 7 67
27 62 2
30 14 5
39 56 64
51 55 68
37 38 64
27 43 5
51 5 7
1 28 71
70 56 66
4 22 70
48 57 71
29 67 3
46 28 66
45 43 2
44 4 65
53 68 66
60 21 66
25 27 7
49 64 64
12 32 3
51 7 7
65 59 1
22 3 1
24 43 71
11 56 6
69 31 68
12 37 5
41 21 64
38 8 1
35 64 68
19 7 71
59 6 0
55 12 6
9 2 71
46 60 68
28 25 5
9 36 7
39 55 70
31 46 67
69 17 6
40 16 70
28 9 3
15 24 3
57 68 5
45 49 5
31 59 68
70 42 3
2 12 1
69 6 68
65 21 2
64 70 3
27 63 68
50 54 67
44 8 3
25 70 64
8 22 1
29 8 67
2 61 70
39 22 2
24 53 71
48 64 1
37 25 1
69 31 69
52 63 7
38 42 69
14 1 71
48 31 64
61 12 1
6 53 4
57 58 3
19 55 6
6 4 5
30 60 0
28 12 67
38 56 7
44 56 64
26 20 4
25 62 6
19 36 70
21 15 0
56 10 7
10 24 3
61 41 70
27 9 6
37 39 65
20 41 7
2 17 67
33 24 4
31 64 6
39 54 6
60 8 1
30 61 2
36 50 2
53 53 66
58 45 1
59 46 7
18 49 67
43 55 64
19 23 0
57 32 2
9 55 7
19 12 65
47 29 64
9 48 64
17 43 66
34 48 65
46 47 4
36 22 7
57 58 67
60 63 2
9 47 2
13 31 1
69 39 4
27 19 65
61 17 67
15 61 71
2 42 65
55 20 69
50 66 2
56 33 3
69 63 0
33 29 5
51 43 71
56 55 1
17 32 70
15 57 64
13 45 2
54 66 5
70 2 1
52 64 66
35 55 2
61 53 3
60 7 64
29 53 64
3 66 3
4 3 2
21 7 5
17 4 69
70 31 5
9 36 71
56 7 71
35 58 70
29 44 67
56 20 64
7 49 5
49 24 70
42 11 7
44 55 68
42 49 5
61 39 4
18 32 67
48 51 71
12 5 3
3 29 7
38 53 66
19 51 3
60 30 3
46 44 1
13 10 6
26 14 65
55 3 1
56 48 66
48 18 1
25 70 65
49 65 7
45 4 65
17 22 3
69 3 68
35 49 69
35 44 3
27 37 64
50 8 6
42 29 2
47 55 3
59 61 0
15 44 68
17 21 4
26 55 65
41 54 65
25 3 4
19 46 2
21 70 7
38 46 0
52 65 69
29 10 3
44 49 65
46 40 7
13 45 65
29 5 1
52 12 2
30 17 69
9 38 5
36 59 7
33 2 69
33 70 6
48 45 7
47 45 64
63 60 70
43 51 6
5 13 4
36 62 4
68 30 4
10 31 6
57 47 7
14 61 5
60 33 66
64 8 70
37 62 4
7 48 69
44 28 66
63 7 71
4 63 2
48 37 1
47 8 70
32 13 5
67 4 64
42 68 64
64 16 68
67 36 5
43 69 66
1 6 69
25 58 70
19 29 2
65 26 68
36 53 0
57 49 65
15 55 3
44 39 70
58 58 2
55 50 7
60 51 67
19 36 6
8 9 1
64 19 2
6 63 6
38 38 4
55 10 7
55 69 1
37 17 3
13 15 6
12 25 70
69 6 3
7 66 71
45 60 4
33 34 4
64 27 2
32 29 6
5 57 69
12 24 69
16 57 68
35 70 3
40 31 5
53 2 2
23 51 71
47 39 66
7 24 66
63 52 64
47 39 3
37 5 65
13 53 1
64 64 64
2 1 4
27 63 5
2 40 71
29 9 2
31 31 64
53 9 4
22 39 66
59 3 1
45 22 2
35 1 0
51 34 69
20 33 0
58 31 68
1 67 7
41 41 70
10 32 7
17 6 6
5 65 64
47 10 70
5 66 64
28 9 0
44 9 7
31 21 65
58 5 70
53 44 4
41 47 67
69 13 0
11 21 5
4 41 5
17 41 69
40 43 7
68 41 71
16 14 68
34 56 2
61 40 7
32 17 6
37 20 3
9 11 67
62 19 64
22 69 67
21 4 69
42 62 68
63 28 66
65 37 7
63 43 68
41 57 3
27 6 7
45 57 0
60 22 3
18 16 6
4 5 7
54 59 7
41 36 0
33 20 7
39 9 3
42 30 69
49 66 68
57 58 68
55 48 0
27 57 65
19 37 0
18 57 70
24 35 67
14 37 0
32 56 70
22 52 4
69 22 0
31 55 1
41 58 7
17 3 66
55 41 0
52 26 65
50 59 70
9 64 1
22 51 6
1 52 68
20 56 3
64 44 64
56 16 70
42 23 68
64 18 70
46 2 7
63 58 64
64 66 1
9 42 4
52 37 0
44 36 71
45 15 7
53 3 68
17 50 64
19 12 3
50 69 69
42 17 69
12 23 67
23 38 4
52 32 5
42 30 5
23 14 67
41 10 64
16 11 69
25 53 3
12 9 64
46 37 66
53 46 64
66 37 1
44 5 4
28 10 65
36 56 70
29 12 67
48 26 2
24 48 2
35 68 2
18 8 69
40 55 70
64 64 69
50 54 0
27 24 7
28 57 6
45 26 4
14 16 7
62 64 65
58 22 2
61 2 5
39 10 67
21 7 5
38 8 65
5 5 0
18 2 6
59 19 6
58 24 70
50 4 65
45 53 1
11 54 68
9 15 2
39 38 0
64 1 2
41 69 7
19 40 0
5 15 7
60 34 65
13 32 68
26 65 4
40 42 6
40 42 1
13 62 65
7 10 70
14 20 0
13 50 4
36 67 0
27 11 69
7 6 3
65 51 68
6 13 6
20 60 4
40 49 0
1 35 7
34 34 7
36 13 0
66 69 6
22 15 70
32 44 5
58 30 71
62 15 66
60 24 2
51 27 7
31 28 68
23 33 65
35 12 1
63 58 3
40 46 3
48 65 6
33 65 4
16 49 5
31 41 64
40 57 7
41 16 2
18 7 6
12 18 2
54 50 1
12 11 66
42 8 64
33 10 3
33 62 6
23 67 7
40 22 7
5 36 68
20 28 69
10 6 67
60 44 4
2 52 67
58 55 68
55 51 68
67 27 0
41 27 67
70 17 0
35 48 0
40 6 2
38 1 5
38 70 65
35 31 70
43 47 66
67 38 64
52 28 0
48 52 64
17 2 68
32 21 65
17 37 6
53 68 67
47 24 69
59 23 71
60 18 68
37 67 2
9 47 0
16 37 69
15 3 65
48 16 7
25 8 69
25 25 7
49 69 64
4 61 5
37 57 3
63 40 67
9 50 67
64 47 64
33 4 64
13 68 5
40 61 6
40 25 70
51 64 5
17 7 64
34 47 71
12 9 0
53 19 64
10 62 71
69 32 1
31 7 2
52 57 1
31 35 70
46 51 66
36 50 65
9 54 64
67 37 70
23 20 2
59 39 2
18 51 69
39 26 4
17 62 1
53 48 7
65 27 65
55 45 68
12 6 68
43 16 64
8 43 67
5 38 6
22 65 68
56 61 1
48 23 5
35 5 5
37 42 71
9 55 1
62 41 3
8 6 4
52 54 64
25 36 69
20 36 1
61 49 68
61 35 6
52 57 2
5 41 7
40 35 1
13 22 67
38 50 2
61 30 70
51 41 64
53 37 3
47 6 0
35 32 2
60 4 71
45 47 70
25 48 1
55 30 5
41 11 6
43 38 6
48 7 2
39 17 66
35 61 3
10 26 0
45 59 7
4 57 0
44 20 6
20 1 1
25 60 68
63 15 66
44 43 6
22 63 7
20 3 64
63 68 0
31 59 5
21 26 1
43 36 7
7 23 69
62 60 1
46 59 65
37 58 3
44 31 1
2 2 64
17 45 67
9 15 65
68 16 1
7 27 0
7 45 0
32 17 4
21 64 67
46 48 71
44 14 68
38 52 70
38 70 64
1 60 71
13 18 6
45 2 2
57 59 0
26 56 5
53 65 5
62 15 68
30 12 66
60 31 70
45 7 7
23 64 5
48 58 4
4 14 68
52 28 2
18 69 0
45 52 4
33 57 5
65 14 4
26 54 2
60 1 69
66 29 5
29 66 67
2 23 64
19 49 65
34 1 6
59 39 66
38 29 2
66 63 64
8 69 64
21 16 69
40 14 5
43 59 69
3 35 7
65 37 4
18 27 64
40 66 7
18 67 1
40 2 66
62 64 1
35 50 7
27 58 6
22 8 67
35 7 65
13 34 1
46 59 1
67 55 70
13 41 65
29 62 0
55 61 6
49 33 66
67 6 71
40 55 5
51 34 1
51 21 7
35 31 67
26 49 68
22 61 2
49 38 64
26 60 68
10 54 4
16 67 1
30 22 69
63 64 65
43 33 4
55 16 3
32 58 3
38 7 65
36 66 6
38 57 7
70 42 0
8 33 64
32 40 0
15 41 64
2 29 66
16 34 70
1 27 6
30 29 66
32 19 6
27 26 69
31 68 3
37 64 5
49 58 64
50 21 1
32 45 69
17 50 7
32 30 0
15 62 70
66 7 68
20 32 67
22 69 67
11 58 4
52 11 64
37 4 0
42 1 69
7 46 64
66 70 5
47 52 65
16 43 3
18 1 68
1 11 70
18 31 71
30 28 3
16 68 64
17 45 7
30 35 65
43 36 2
33 56 0
8 31 4
52 70 66
32 22 71
28 6 2
48 7 5
26 29 2
30 46 2
30 21 2
14 50 66
29 11 68
22 29 1
58 18 7
1 48 1
55 65 1
70 69 68
5 30 6
45 34 5
28 52 68
18 4 5
43 34 3
63 39 64
2 52 3
13 27 5
47 19 6
28 67 6
69 41 6
23 38 4
33 3 71
60 31 6
22 34 6
68 17 4
24 64 6
31 10 6
29 19 3
20 41 6
33 47 70
43 70 69
42 58 6
38 17 2
20 28 6
33 54 0
69 26 65
1 47 70
60 28 0
2 19 5
18 25 65
54 25 66
25 52 3
52 36 3
63 14 5
23 8 70
18 2 6
3 61 68
15 45 64
10 68 1
53 18 7
34 10 0
24 1 7
61 5 70
70 44 66
33 1 4
17 32 71
58 45 6
66 16 71
53 59 64
61 20 68
9 56 67
33 56 68
70 20 68
54 2 1
69 12 71
46 19 1
59 48 64
41 43 2
25 34 5
27 40 3
26 36 4
68 67 1
18 67 69
10 5 1
49 37 68
34 25 71
1 31 71
17 34 65
25 60 2
43 44 4
11 45 68
13 3 5
20 10 65
54 19 65
23 60 69
5 42 65
44 51 0
62 50 2
48 18 4
42 2 2
65 34 0
41 39 65
10 3 6
5 69 64
61 69 70
36 66 71
37 32 4
31 1 64
66 19 66
11 28 6
39 44 6
44 10 5
65 49 67
17 46 3
48 56 5
9 62 4
47 54 68
60 6 68
36 60 4
21 70 68
18 43 6
21 62 3
60 36 70
60 55 69
34 40 4
53 9 68
51 27 1
37 67 66
15 59 1
28 41 0
36 1 0
24 56 71
55 10 66
62 3 69
60 63 7
18 65 67
61 32 68
66 8 0
5 22 6
32 26 1
37 19 69
25 34 65
60 39 3
13 42 5
8 44 2
28 19 0
1 21 4
52 45 4
64 21 7
62 12 70
58 55 6
10 9 4
52 57 6
4 64 1
19 53 3
51 66 64
70 13 5
19 15 5
70 31 5
6 33 3
6 34 1
26 27 71
21 13 3
39 6 65
23 38 7
36 66 69
35 27 70
66 57 3
2 9 6
37 69 0
33 56 71
23 1 69
15 48 65
16 67 0
34 53 66
49 18 6
23 64 3
16 32 1
57 8 7
19 39 71
6 45 66
21 23 71
17 40 66
1 19 67
44 24 2
2 1 70
51 30 66
18 26 66
69 34 67
30 55 65
32 58 68
41 59 5
59 31 69
19 8 2
51 17 65
60 35 66
29 9 66
39 7 68
1 10 68
68 68 5
9 14 70
11 54 67
1 39 65
11 21 3
32 13 70
8 4 68
68 30 5
57 15 0
6 59 71
43 52 64
53 35 70
16 45 4
59 37 64
69 45 6
10 49 2
21 45 4
40 12 2
44 64 0
15 32 67
13 34 70
3 10 7
8 55 68
31 16 4
39 63 1
43 29 3
18 47 70
41 31 5
63 13 4
69 69 0
58 63 65
35 42 70
69 10 5
18 70 67
57 28 2
28 35 67
14 22 71
53 42 65
25 64 68
21 34 5
5 20 67
37 70 64
31 5 1
1 31 64
24 18 68
67 49 1
60 64 3
15 38 0
3 38 7
44 70 69
4 25 6
19 38 64
32 37 7
5 29 67
57 53 0
2 8 71
43 63 0
54 3 5
36 64 64
60 34 71
7 38 7
63 16 71
67 43 64
31 29 68
57 29 3
37 30 1
50 49 6
69 4 7
20 55 69
49 63 3
25 55 65
24 1 67
8 45 7
14 3 71
7 2 66
36 7 68
27 30 7
18 56 2
67 21 0
62 17 1
44 41 3
4 30 3
40 61 0
69 38 66
66 20 68
58 34 71
2 69 5
62 8 3
35 23 1
28 62 3
51 47 7
10 51 66
18 5 0
67 5 70
22 46 2
2 8 64
22 25 7
45 41 2
31 23 6
15 70 1
26 29 2
47 70 67
32 65 5
2 53 2
31 47 69
42 62 2
41 51 7
25 15 0
51 1 7
9 31 2
57 63 6
62 10 70
13 28 70
31 66 5
46 31 6
40 1 4
68 33 68
45 24 66
51 54 67
19 66 4
56 25 4
49 69 65
65 29 4
50 50 69
52 36 7
47 60 0
20 17 3
5 37 68
64 42 1
6 62 3
4 11 70
2 41 70
42 44 65
59 70 70
31 46 1
35 52 0
68 48 7
22 9 2
53 41 4
54 61 6
22 32 1
35 35 1
58 29 71
18 58 2
3 7 67
60 38 71
40 49 70
23 33 65
68 33 65
13 48 69
45 29 5
49 57 5
46 61 3
31 40 6
24 34 7
43 63 5
2 27 6
8 47 3
54 46 68
59 12 68
68 52 69
60 69 71
60 28 4
53 68 68
23 5 3
29 67 6
17 61 71
36 44 65
38 28 1
63 40 71
48 54 0
47 18 64
6 31 65
22 11 4
68 4 2
53 10 2
13 40 5
64 7 1
27 66 66
9 2 6
25 34 2
50 24 64
23 3 67
58 68 4
33 61 3
59 61 67
53 65 2
49 26 71
28 30 2
61 13 66
24 19 7
39 31 6
37 6 4
48 16 66
64 24 67
54 1 7
23 2 3
43 32 2
53 36 7
13 25 5
13 55 3
30 15 64
61 45 1
12 69 0
31 19 2
64 13 6
23 6 0
19 24 2
70 66 1
6 52 71
16 31 6
68 23 5
46 12 4
64 50 67
1 47 4
17 31 5
67 53 5
67 54 66
21 24 66
46 38 7
70 24 2
7 68 1
5 12 7
62 10 5
48 14 4
20 65 0
53 21 66
45 48 0
29 8 66
56 33 69
39 70 66
21 36 71
5 8 71
38 47 70
52 63 1
55 70 5
61 9 2
14 61 2
54 69 5
69 17 4
13 33 71
60 52 5
64 52 64
27 25 69
67 69 6
9 22 70
25 40 1
64 31 70
69 56 70
6 51 68
41 66 71
19 1 65
2 11 3
17 16 1
37 10 3
65 21 7
33 66 7
19 52 3
70 25 68
68 11 1
37 46 69
22 27 1
57 38 67
58 13 70
69 48 4
63 10 2
48 12 5
42 39 6
56 45 66
7 69 70
46 33 4
40 14 3
49 70 6
67 25 6
51 28 0
20 25 68
51 67 68
11 65 4
29 54 68
39 14 6
54 29 7
4 23 0
50 40 0
31 8 6
51 22 71
51 22 71
21 8 66
24 70 66
5 28 64
43 7 6
47 50 2
11 69 5
5 28 70
2 64 2
56 49 69
44 4 0
43 41 0
12 56 71
51 62 6
52 69 67
24 42 1
29 38 69
70 69 4
38 55 0
68 12 7
7 54 0
26 9 3
53 64 70
12 64 4
36 29 0
61 18 69
67 60 67
39 56 2
45 13 70
14 59 71
63 54 1
7 58 3
48 25 7
45 19 67
50 59 3
16 28 69
34 24 68
44 8 71
63 43 7
40 36 5
15 5 68
27 48 3
18 22 65
34 62 7
40 14 69
24 28 6
1 48 1
50 27 67
19 8 6
63 48 7
12 19 3
50 1 5
33 9 70
70 46 3
11 9 6
65 20 6
60 52 67
53 29 70
45 35 7
69 4 0
14 65 3
66 5 65
51 3 67
44 63 4
27 68 3
28 46 0
29 7 0
67 51 3
55 35 71
65 61 5
5 4 4
34 7 68
11 12 65
26 19 0
28 59 1
43 57 5
65 63 67
65 19 6
55 10 67
52 60 70
25 25 1
23 54 67
62 55 67
19 65 7
9 43 1
19 14 5
45 35 65
48 38 0
5 47 67
18 22 5
27 2 65
61 54 68
23 37 2
55 17 1
17 63 2
60 38 6
44 2 7
36 12 1
27 25 7
49 28 69
41 27 0
31 31 1
4 24 71
42 16 4
17 32 68
56 32 6
1 12 65
39 61 66
43 52 7
19 27 66
69 60 3
31 60 71
33 64 6
42 57 65
62 26 1
8 61 4
62 33 2
50 14 1
53 35 69
47 43 2
48 31 64
69 56 71
33 22 70
14 12 68
61 1 67
13 17 71
48 36 66
8 37 1
8 41 65
50 3 7
47 29 2
34 20 68
31 49 7
51 47 67
56 7 0
59 57 70
14 15 5
48 55 0
40 55 7
9 55 7
40 58 71
55 37 4
50 64 3
27 29 5
59 22 0
63 28 69
26 59 4
64 52 0
56 5 3
37 44 4
59 50 4
67 21 3
17 17 69
41 63 65
28 58 3
5 5 69
67 48 68
56 29 3
28 31 66
25 19 3
65 48 68
14 40 70
59 57 70
44 59 5
9 27 6
66 35 3
63 61 4
39 35 6
49 7 5
25 54 70
42 17 4
5 28 3
33 44 70
69 55 1
48 10 70
41 25 5
45 17 0
24 8 1
58 54 5
35 65 68
4 58 70
9 56 7
56 3 6
65 3 2
69 13 5
15 22 2
47 68 2
17 65 65
1 19 65
67 52 0
25 65 1
17 61 2
60 8 66
38 63 6
67 43 0
24 9 7
8 23 1
61 37 65
4 2 4
26 51 7
64 30 2
23 36 3
55 60 69
43 43 7
15 48 1
69 45 4
2 68 71
44 40 1
58 37 1
50 9 0
42 13 4
57 55 71
1 20 2
48 60 70
66 67 0
37 35 2
45 70 67
1 43 64
70 58 7
31 20 66
21 8 7
14 57 3
50 50 2
64 17 7
5 35 3
46 61 5
26 11 5
67 12 6
48 19 7
13 21 1
46 59 6
60 9 68
43 7 69
15 64 0
6 32 65
7 28 5
22 56 2
15 65 0
37 27 2
68 7 4
38 7 70
10 27 70
5 18 70
66 33 68
59 53 70
18 21 5
56 67 1
63 12 5
41 4 71
2 26 2
26 54 69
68 54 64
30 5 7
34 69 3
16 45 6
36 50 1
12 10 2
5 66 2
36 36 70
25 39 1
20 63 64
19 45 5
3 37 6
16 25 7
18 12 3
70 4 65
43 68 70
62 46 2
44 46 4
49 2 71
39 66 3
9 66 71
61 47 5
6 10 5
69 32 7
39 64 0
51 13 69
43 51 0
37 34 3
47 63 7
48 35 4
33 41 69
68 24 2
32 33 4
10 64 4
53 50 7
20 56 67
28 15 1
68 24 71
6 57 1
37 51 4
17 5 6
19 65 3
24 64 66
1 18 68
24 66 66
32 47 7
25 65 1
57 70 1
19 22 64
5 22 67
5 67 3
4 51 3
24 29 7
8 4 6
5 45 64
35 21 5
25 22 68
49 3 67
29 40 7
51 52 69
9 49 0
65 5 69
24 48 0
49 63 1
28 7 70
66 1 3
62 9 1
22 29 7
23 36 71
49 41 64
51 9 4
66 21 67
39 55 1
28 59 6
14 18 2
31 32 70
28 30 3
21 51 4
25 23 65
44 59 71
33 6 1
21 8 2
69 69 0
58 63 4
43 39 71
14 67 1
38 50 5
54 63 70
56 24 64
43 60 70
28 31 4
58 44 7
4 9 69
66 38 5
39 68 2
34 66 1
45 15 0
63 35 71
5 4 7
11 8 6
10 29 68
2 16 0
56 16 3
29 30 64
16 2 69
68 10 64
62 16 6
20 4 68
52 22 7
65 18 3
61 14 2
15 25 70
63 25 66
69 14 71
44 22 6
56 2 1
22 16 69
8 30 71
44 15 3
58 45 6
69 69 69
48 62 67
5 41 2
3 43 68
28 2 71
11 34 2
66 62 0
54 17 67
45 42 70
14 42 2
44 50 71
27 13 69
20 56 66
8 52 2
3 57 6
63 14 1
54 54 6
4 22 7
59 13 66
66 19 64
69 15 67
19 55 2
9 31 1
10 40 2
34 24 0
11 61 71
15 15 4
4 51 66
4 36 5
12 37 4
1 68 70
51 59 64
57 3 3
61 46 0
43 52 64
26 4 67
45 59 6
17 5 67
66 9 69
28 20 70
52 59 66
5 48 2
57 2 7
44 33 5
63 38 64
28 65 64
13 12 6
62 17 0
52 19 69
66 70 64
27 22 66
9 27 68
63 34 7
55 62 6
57 59 1
20 44 6
17 62 0
42 26 71
69 62 70
5 22 4
3 23 70
68 52 2
27 58 70
48 39 69
5 8 64
21 4 64
60 14 4
45 61 5
32 34 5
63 47 68
62 6 69
60 64 64
41 62 5
26 19 7
33 42 0
56 16 0
38 8 0
62 37 4
12 70 71
67 38 2
9 56 1
60 61 64
42 59 5
1 66 4
31 57 7
12 37 6
12 58 3
41 51 69
57 33 4
21 14 68
8 9 6
66 45 65
39 43 70
59 28 64
41 32 65
38 32 1
63 13 64
33 36 68
3 43 68
30 26 0
25 54 0
52 61 67
38 35 69
49 18 65
59 36 5
32 43 67
11 44 64
12 33 7
51 43 2
26 15 64
55 17 2
17 23 64
36 34 67
38 33 4
22 65 70
46 17 67
18 2 0
40 43 5
31 51 4
37 41 70
35 7 67
36 40 2
60 50 65
57 6 66
4 69 3
35 35 70
12 58 65
40 41 71
70 35 70
63 70 71
57 65 4
32 68 6
63 50 7
26 51 65
45 38 3
58 26 68
33 8 67
35 24 4
7 48 71
8 25 3
26 44 0
59 61 7
6 61 0
28 10 69
68 55 5
8 12 65
2 16 5
44 15 4
15 3 2
28 41 7
59 57 2
1 50 65
51 45 68
65 20 64
34 63 3
22 66 69
67 7 4
54 37 6
45 3 1
68 4 1
61 2 67
38 52 1
12 5 2
46 13 67
20 17 64
45 32 4
69 58 1
30 22 1
5 2 6
53 6 68
43 38 7
68 68 68
36 26 3
32 47 1
40 35 4
33 49 7
30 47 7
36 45 65
66 47 3
34 49 2
35 20 1
13 61 3
57 54 6
26 66 6
22 25 3
40 54 7
20 28 68
55 36 4
32 1 2
3 52 7
47 14 7
51 70 65
9 64 1
25 27 71
28 11 3
23 21 0
25 65 6
55 55 6
59 56 71
54 19 65
52 40 0
51 29 3
34 32 0
12 47 64
3 56 71
18 38 64
69 40 3
36 5 7
7 44 7
24 4 0
56 44 0
62 66 5
11 61 7
10 42 71
11 33 2
39 55 5
14 53 0
1 15 69
17 67 0
55 13 69
45 65 66
8 32 6
70 44 5
31 70 67
27 60 5
8 45 70
62 51 2
37 48 2
22 66 66
7 38 6
15 27 69
69 32 1
59 32 4
22 68 7
29 17 0
68 23 4
44 35 70
35 56 5
70 5 4
38 37 70
55 58 2
7 4 69
60 21 67
59 23 1
20 1 4
17 5 2
65 9 7
21 18 4
13 59 7
58 43 70
68 8 0
23 17 2
27 63 2
18 15 67
8 38 3
19 52 5
26 23 4
9 5 4
51 62 2
58 28 5
23 11 7
55 39 5
22 63 3
53 64 4
33 29 2
42 64 7
26 18 71
22 30 66
1 26 68
25 39 71
43 40 4
47 1 69
54 36 69
60 4 65
17 21 5
13 14 3
66 32 5
33 8 70
39 66 2
42 45 6
44 55 3
10 7 6
12 4 2
28 17 67
7 2 7
63 30 64
21 46 65
30 36 3
10 40 0
51 56 66
32 4 5
62 10 66
43 57 2
38 6 71
38 17 5
56 26 65
14 36 66
35 50 68
11 2 1
24 20 1
25 10 6
64 18 1
47 66 6
23 11 7
59 13 69
47 33 3
14 33 1
23 25 68
42 18 6
35 10 6
48 19 7
43 37 3
56 26 4
60 16 64
51 36 6
51 7 66
51 8 67
68 31 69
43 52 2
44 61 67
14 18 5
8 18 3
51 63 67
45 13 3
4 11 2
1 63 7
38 41 67
61 48 5
5 41 69
36 28 67
27 48 3
56 10 69
1 12 1
13 24 6
25 23 6
62 64 66
30 10 5
61 34 71
51 38 6
11 55 6
54 48 6
67 45 1
2 37 67
12 69 0
9 10 68
41 50 66
32 2 65
34 24 69
59 13 69
47 45 64
34 67 68
2 22 65
1 14 65
48 12 69
37 20 3
24 46 71
42 13 6
67 23 71
52 69 7
23 38 7
10 32 67
57 22 0
33 3 6
10 20 1
20 40 5
68 36 67
20 44 3
31 3 6
66 36 65
10 20 69
2 34 68
15 21 3
7 39 0
35 67 2
40 69 0
18 44 7
51 67 70
30 60 4
7 18 71
23 41 7
67 24 2
5 28 3
15 32 6
24 8 69
64 51 68
31 54 69
69 69 3
11 1 4
44 34 4
37 67 69
53 11 68
11 61 6
27 8 70
14 70 3
55 39 70
43 56 71
20 2 64
37 26 7
27 26 7
47 62 64
46 11 7
4 12 3
28 14 64
1 63 65
1 61 67
21 34 7
55 56 6
14 11 67
48 12 66
8 43 6
65 3 64
61 65 0
43 34 3
44 65 1
67 29 0
10 32 0
49 3 7
59 64 64
2 59 64
24 15 7
50 3 7
69 34 68
40 1 2
32 11 6
11 4 71
3 2 67
32 30 65
36 31 67
33 32 3
24 22 4
55 19 2
5 19 6
41 23 66
13 2 69
30 56 68
7 6 64
50 17 4
45 13 66
39 32 70
6 4 67
44 42 64
62 14 67
32 5 66
14 26 1
60 2 3
15 20 71
69 69 6
70 67 69
1 25 68
47 18 68
3 23 3
37 69 68
65 5 71
64 34 65
14 60 67
10 58 0
43 39 65
43 12 4
62 39 5
42 2 0
6 21 2
62 14 3
42 69 68
48 37 7
34 37 0
57 15 70
2 8 4
37 49 71
24 70 66
61 25 69
55 65 7
39 29 70
25 17 3
4 67 5
70 36 4
28 46 68
5 4 0
35 30 66
11 34 0
25 62 5
14 30 66
29 2 1
13 34 67
3 11 67
26 26 69
26 34 4
4 62 4
67 64 7
16 33 65
35 32 6
31 60 3
16 18 7
3 35 6
15 20 64
64 14 1
37 22 4
10 49 70
9 30 3
47 54 67
15 43 6
27 15 7
48 19 6
19 48 67
24 49 64
32 13 6
35 15 3
24 57 2
69 39 64
69 21 3
61 41 70
61 11 2
49 62 3
38 29 7
7 40 70
39 68 5
53 53 0
58 33 70
56 67 65
1 28 4
15 69 69
34 39 64
32 65 69
27 36 4
60 23 71
51 12 67
33 53 65
24 26 6
9 69 2
44 17 64
12 43 7
36 22 69
1 64 66
41 20 65
64 24 4
1 69 69
53 63 0
34 51 66
49 36 1
62 26 1
19 27 1
42 21 68
24 40 71
34 3 68
41 57 1
53 63 65
53 35 64
64 70 0
49 57 65
9 41 64
25 51 2
62 64 4
36 45 5
11 41 5
25 62 3
15 41 67
16 40 66
63 59 65
61 42 2
7 68 70
11 16 5
7 64 66
12 49 69
69 68 68
39 22 64
19 16 3
16 28 5
38 48 5
64 26 67
1 12 2
2 56 4
27 43 65
68 70 0
31 4 65
31 45 71
67 47 65
54 11 67
15 37 7
20 54 66
46 16 4
7 64 66
37 8 5
10 49 66
46 43 65
56 1 2
16 51 68
24 3 3
24 33 7
52 37 6
21 19 64
34 56 66
67 38 71
22 68 71
58 68 7
59 21 2
28 50 3
34 57 65
34 34 0
51 68 0
54 65 0
37 1 70
52 57 64
41 57 67
17 20 1
38 38 2
10 61 1
58 13 69
5 69 65
36 47 3
70 4 67
27 27 7
4 9 66
1 8 64
66 42 3
68 12 71
67 50 71
37 48 64
52 55 6
13 47 1
4 64 4
60 44 67
66 70 66
14 63 7
19 58 70
30 23 6
4 57 4
18 13 68
30 48 7
51 34 69
23 67 71
42 8 7
52 40 2
22 36 0
26 9 66
62 36 66
25 66 66
3 38 0
19 52 71
53 70 70
30 60 0
23 29 65
3 26 2
25 68 3
19 28 1
67 13 67
66 25 2
45 40 71
37 62 70
39 23 3
40 23 2
57 28 66
50 33 69
13 51 2
47 27 3
39 26 0
17 3 2
19 2 1
55 3 69
1 45 0
53 17 1
31 17 1
21 68 7
48 31 69
36 47 5
68 65 6
35 52 7
57 7 7
54 44 0
23 67 64
68 9 67
41 12 6
66 58 7
27 3 2
41 65 64
41 12 6
41 10 69
32 24 4
52 8 71
55 17 2
20 66 6
5 33 3
48 17 67
11 4 7
29 42 6
67 14 4
12 23 70
46 66 5
29 21 2
29 12 6
2 5 0
29 46 6
42 60 70
24 60 70
53 33 70
19 49 2
54 28 7
39 67 6
55 29 6
8 39 4
40 66 1
35 26 4
51 11 7
56 57 5
2 32 7
36 25 3
56 18 5
59 61 67
37 36 0
50 22 64
20 61 6
65 15 7
35 44 70
18 65 71
28 25 65
58 68 3
54 9 4
33 55 67
26 4 70
39 54 71
61 25 71
44 34 4
31 4 69
8 48 0
45 60 0
36 42 71
70 59 6
49 70 66
13 50 6
26 56 5
27 5 1
40 43 3
62 68 7
35 55 7
66 34 7
36 35 7
42 15 5
3 9 7
41 38 68
7 20 3
16 45 4
63 15 66
41 20 71
37 18 64
20 42 0
60 33 1
44 64 66
7 43 5
29 60 67
13 35 3
50 53 1
8 12 64
66 31 68
9 61 1
37 7 0
52 44 64
33 5 6
34 15 7
21 36 5
4 40 6
59 43 0
26 47 3
8 16 5
32 16 68
49 53 2
31 31 4
57 14 6
40 6 7
51 2 3
67 15 66
56 62 3
19 44 3
36 30 69
13 50 65
58 1 0
43 63 5
64 53 3
14 69 69
66 64 66
7 15 68
1 8 64
48 14 6
41 45 1
62 68 1
10 63 69
14 36 64
41 67 0
61 36 2
66 24 2
17 45 1
14 32 3
48 26 2
45 35 64
35 59 6
62 8 7
10 30 7
43 3 2
40 51 64
70 51 6
38 57 70
41 3 1
68 41 3
27 5 67
41 50 70
58 5 2
15 3 70
31 7 1
51 63 70
35 28 67
37 16 0
17 28 0
54 51 71
46 56 3
48 67 5
56 8 1
44 46 66
67 6 2
41 18 0
52 10 67
18 40 70
51 30 2
29 58 0
3 36 7
10 67 0
48 48 65
39 9 4
7 23 2
70 11 68
35 1 0
8 10 69
50 42 66
32 52 68
65 44 0
49 50 69
19 42 4
5 24 0
39 2 3
60 41 6
26 59 5
34 12 6
20 49 70
8 23 2
58 51 71
50 38 69
56 11 70
17 10 67
41 64 5
26 32 1
14 50 3
49 32 69
42 2 67
33 6 3
46 22 2
8 15 4
66 7 7
28 46 2
46 4 3
29 25 67
60 14 5
18 59 4
38 60 4
54 16 1
35 52 7
33 28 3
64 43 66
50 39 69
53 39 5
65 15 64
39 65 71
48 50 65
6 22 71
13 20 3
2 43 7
5 22 5
42 38 71
44 38 65
54 7 71
3 25 2
12 60 66
40 25 2
68 22 4
70 7 5
42 42 0
46 2 5
50 69 0
49 29 6
41 54 1
68 4 4
40 40 70
52 6 66
1 15 3
47 48 2
21 17 69
18 43 3
33 6 67
51 41 2
39 53 6
34 68 2
20 35 3
29 34 67
32 17 71
41 24 6
36 34 6
59 1 68
69 50 64
53 62 0
25 58 67
24 9 64
1 29 2
45 61 1
48 2 1
64 67 70
20 65 2
43 43 4
22 20 5
13 52 66
62 31 71
28 22 4
3 8 65
52 27 2
7 56 67
38 51 0
46 7 3
10 61 4
44 38 7
48 14 7
6 21 69
30 46 5
39 31 3
16 56 4
61 65 69
42 29 0
36 46 7
33 19 68
67 49 1
45 37 68
60 66 6
46 26 3
5 15 65
67 21 5
29 70 64
51 9 6
69 49 0
7 46 5
64 22 70
49 2 68
48 66 2
42 58 67
37 9 5
15 14 5
64 64 67
13 20 64
46 9 6
15 64 5
19 35 4
9 51 4
6 18 68
35 5 4
22 58 3
32 49 2
48 22 6
30 68 3
31 53 70
40 3 68
8 35 5
17 48 70
11 15 66
28 14 64
54 67 1
13 7 71
8 43 6
18 45 67
27 47 69
16 38 64
60 65 2
40 26 65
34 16 1
12 46 66
7 46 0
37 69 64
46 34 71
3 1 71
46 68 4
4 39 1
55 44 6
65 4 65
35 50 2
7 66 69
10 32 5
56 57 0
54 10 6
12 17 64
40 32 66
29 68 66
47 15 68
69 46 5
7 52 4
41 1 70
42 67 0
11 11 6
44 17 5
9 64 69
48 43 6
53 7 7
25 68 0
65 39 71
22 67 7
30 26 3
32 69 6
45 57 6
49 65 2
48 52 69
55 53 3
38 36 7
42 15 68
24 26 68
24 54 71
11 21 1
46 33 6
9 31 4
16 68 3
45 53 2
53 37 65
18 64 4
34 5 65
4 55 65
32 53 66
42 38 71
49 57 5
11 45 5
31 40 1
70 23 64
51 65 71
27 11 1
61 56 71
10 13 3
56 64 6
43 39 64
10 25 4
9 64 67
63 28 4
58 19 71
64 7 66
23 25 69
37 6 3
6 17 65
6 41 0
45 70 3
21 33 67
67 23 2
39 56 2
12 6 2
43 8 70
14 18 3
41 5 0
23 70 5
35 15 4
44 63 2
43 48 65
7 35 5
35 32 66
45 55 67
26 2 7
69 58 3
44 38 66
49 9 2
21 45 2
46 51 68
42 27 70
46 41 4
18 26 70
4 62 70
22 25 65
54 40 64
16 21 6
49 56 69
64 53 6
10 43 4
18 58 1
61 16 0
66 68 68
21 1 64
1 58 3
31 31 65
7 6 64
32 3 2
25 58 67
25 35 69
36 28 5
40 51 7
38 31 4
39 9 5
42 23 66
57 7 66
57 2 5
40 61 70
52 17 2
22 49 5
55 43 4
5 52 64
33 2 64
54 14 4
64 35 6
56 35 7
27 9 0
25 57 67
63 70 71
30 43 0
26 69 7
20 54 65
16 37 6
60 57 5
43 10 6
14 28 68
66 57 7
20 52 66
36 13 2
4 38 68
50 20 1
44 65 68
8 25 66
49 3 65
49 66 5
2 51 6
57 61 6
16 56 3
55 28 6
29 45 7
58 52 2
43 48 71
17 9 2
70 21 2
53 2 71
20 29 5
54 34 7
34 3 67
57 11 4
44 62 4
52 48 7
53 60 7
66 8 66
15 31 7
69 1 5
5 57 68
23 36 1
28 24 1
12 48 4
58 23 5
29 49 4
10 38 1
11 1 71
13 33 71
68 10 5
56 40 4
30 48 1
65 2 70
33 56 1
26 15 3
33 10 2
57 64 64
45 18 5
28 4 1
8 60 3
68 10 2
40 31 7
25 66 70
32 18 69
42 30 7
49 2 64
36 15 64
23 59 0
18 15 4
68 53 4
29 48 6
25 37 7
47 15 0
57 14 2
66 31 6
67 65 65
8 60 6
36 61 67
38 17 68
37 37 6
30 29 70
17 18 5
6 25 6
66 30 2
64 44 67
6 68 2
47 37 2
41 62 4
44 57 2
7 70 68
64 4 6
4 6 64
50 65 68
65 48 66
4 4 67
58 21 71
23 44 2
66 26 64
61 63 2
22 32 66
6 45 71
32 64 68
2 13 1
64 20 5
22 43 7
45 30 69
11 48 66
63 21 71
20 64 1
2 28 1
53 53 6
26 57 69
11 33 3
46 52 0
19 39 4
59 62 5
17 17 1
9 24 65
14 32 0
47 59 64
38 30 6
23 15 1
55 8 3
57 58 67
40 17 70
23 37 64
70 8 68
23 64 1
3 67 68
26 53 71
56 13 69
4 45 6
25 43 67
70 24 4
35 49 66
32 32 5
23 10 7
63 54 2
9 40 71
58 61 69
43 60 69
65 13 66
34 28 4
61 4 65
66 16 2
41 37 2
1 15 71
41 66 1
61 8 65
13 53 67
3 15 69
10 69 70
55 68 71
31 1 64
69 31 3
34 43 7
7 62 4
35 42 1
50 18 65
25 24 4
57 17 7
12 5 6
22 25 6
19 49 5
36 7 70
7 57 5
10 21 68
39 25 3
32 57 1
16 62 67
40 52 70
64 59 6
31 68 69
60 41 3
33 68 70
38 59 70
46 22 0
49 15 68
31 37 4
26 53 4
52 40 67
50 40 1
50 18 64
5 5 0
12 39 1
44 61 0
45 42 6
63 51 4
28 29 65
66 2 70
30 64 67
52 60 68
35 15 71
55 3 3
12 47 64
56 13 6
63 15 0
56 33 7
30 65 71
64 70 0
18 57 3
19 34 70
17 35 69
32 24 5
61 7 3
39 16 68
32 5 64
31 53 67
21 70 68
12 42 5
53 60 68
29 19 5
67 30 69
25 58 3
65 67 64
12 8 4
3 68 66
15 62 3
48 52 3
65 52 6
26 52 7
16 37 3
12 43 64
10 50 64
43 46 68
47 68 1
63 21 67
12 46 5
35 33 1
57 58 3
27 27 66
25 27 5
67 50 0
2 58 66
28 2 64
33 4 1
46 57 66
53 35 68
56 35 0
22 63 67
22 41 67
11 34 2
57 25 2
32 32 0
39 39 6
34 13 0
64 25 71
2 37 6
59 57 3
4 55 6
27 31 2
65 58 0
36 25 1
28 70 6
44 7 7
37 62 65
6 55 6
6 7 67
6 51 1
17 30 68
3 58 68
8 12 3
39 15 2
41 55 71
53 9 5
32 60 1
6 7 64
22 20 4
27 44 68
37 25 66
23 27 2
44 56 1
1 60 3
1 43 7
13 28 7
45 10 3
8 46 5
66 33 5
42 7 4
15 49 66
6 19 69
11 55 0
55 2 69
70 2 65
59 63 1
54 46 70
56 13 69
54 43 64
32 33 0
26 67 4
9 51 67
44 21 7
61 70 66
42 34 70
28 13 70
37 41 1
56 26 70
26 53 67
8 3 2
23 38 1
27 41 3
64 58 6
49 36 70
61 14 4
60 17 67
41 31 67
56 8 7
70 31 6
15 66 7
12 55 68
69 49 3
57 44 68
46 57 64
65 19 69
57 46 66
22 54 4
51 70 0
58 52 70
5 21 0
44 56 64
63 56 67
49 22 71
19 59 5
32 54 70
8 51 7
6 56 66
55 33 0
41 64 69
54 65 4
51 7 2
24 61 7
43 60 0
29 29 66
33 24 69
58 22 6
25 51 6
41 26 70
26 48 6
3 5 7
70 25 71
62 31 68
48 52 0
50 28 71
34 49 4
43 59 2
24 68 65
42 21 65
23 33 67
22 33 64
22 65 3
70 35 71
5 16 71
47 64 4
17 7 6
6 7 68
19 29 71
10 68 5
53 32 4
54 11 68
65 70 65
52 12 68
65 48 4
45 2 0
4 29 65
62 49 0
29 16 69
26 60 4
5 24 5
47 51 7
9 53 67
48 53 65
52 16 65
57 49 0
9 32 3
3 61 69
29 55 6
16 64 4
59 16 3
26 10 5
22 22 6
16 52 3
8 18 5
65 18 67
65 41 65
50 69 6
3 59 6
27 2 6
55 52 67
9 39 0
1 5 5
10 51 7
44 33 69
42 44 70
63 42 1
68 69 67
64 5 67
26 26 70
13 46 7
31 21 2
69 43 5
49 25 68
39 36 1
60 59 70
48 36 71
40 64 70
56 4 5
60 18 0
53 16 71
25 25 5
51 7 2
38 22 3
26 6 64
4 48 2
60 28 5
42 33 5
1 26 3
47 34 6
6 37 5
31 14 5
52 27 64
36 24 0
12 40 4
34 70 7
61 19 5
61 32 5
66 46 6
53 56 69
67 18 1
21 28 71
18 22 2
32 64 1
30 4 67
70 67 6
20 64 2
33 9 3
56 54 64
6 69 65
43 27 65
68 39 4
4 37 69
50 8 4
33 29 5
8 54 64
39 37 71
9 22 65
32 13 64
61 70 3
59 61 6
53 34 70
62 30 0
37 8 2
5 4 6
39 67 5
2 14 67
22 8 0
69 34 7
67 63 68
24 52 5
10 61 65
52 47 4
7 9 4
16 27 6
49 55 71
5 60 3
9 33 1
50 1 65
49 9 5
46 31 71
15 4 65
65 43 5
62 46 1
39 50 0
61 11 69
30 51 65
70 7 5
55 8 0
29 56 66
42 52 67
4 17 5
4 54 71
44 67 2
65 57 3
17 49 3
10 50 0
35 46 64
3 22 6
2 24 1
36 66 67
25 59 67
26 70 0
29 22 1
50 67 3
65 17 64
34 12 0
10 9 6
17 39 6
36 5 6
5 56 67
68 7 66
9 36 66
14 46 5
31 41 69
66 58 7
20 39 0
8 58 70
8 59 67
44 57 3
49 67 6
51 13 69
37 17 68
37 65 6
21 10 6
48 3 2
8 7 5
44 59 69
68 44 7
26 63 0
15 22 65
55 62 68
31 24 6
44 5 68
69 31 69
57 70 6
9 29 2
66 48 4
31 45 6
37 20 0
38 39 71
25 14 65
1 22 2
4 18 7
13 33 7
46 16 71
18 62 65
3 55 1
57 12 67
3 42 69
70 36 68
49 37 5
52 65 4
57 1 71
31 38 7
3 24 71
52 7 68
19 57 4
17 41 67
61 6 1
9 59 0
2 2 67
21 15 0
46 41 7
14 60 67
53 47 0
59 48 7
23 28 2
22 19 5
70 48 69
7 52 66
26 45 6
40 62 7
30 61 3
24 58 68
61 60 66
26 30 6
45 62 70
29 60 69
16 58 71
4 53 68
14 3 4
18 3 65
58 53 3
3 5 1
10 51 5
28 63 69
48 44 3
37 9 1
16 19 70
22 58 70
15 7 7
57 57 66
53 24 2
60 23 66
8 8 7
62 66 7
64 54 66
50 6 0
4 31 69
34 64 6
64 29 68
68 36 67
49 5 3
9 11 6
13 45 1
21 19 71
49 30 1
18 33 70
42 51 64
48 24 71
31 9 5
34 53 0
43 21 3
45 40 0
53 9 3
15 63 4
11 43 64
56 61 70
34 42 2
12 2 69
42 9 70
3 13 0
4 13 68
45 3 3
27 6 71
7 6 0
31 63 7
13 7 3
30 2 5
21 20 3
43 28 4
51 48 1
45 58 1
27 3 5
5 56 67
20 36 4
70 51 0
54 16 70
9 57 64
3 30 67
1 48 66
66 24 66
35 66 71
18 3 3
57 46 64
67 39 0
42 8 65
54 37 0
64 11 66
8 3 7
24 36 65
56 46 1
7 44 6
54 3 67
11 39 4
34 28 71
43 27 70
24 20 7
39 67 7
57 54 0
37 46 67
22 47 69
34 16 0
54 58 71
1 20 6
26 6 65
62 39 69
7 21 71
27 28 65
15 36 5
38 49 1
3 61 64
47 49 4
32 55 64
56 23 67
53 15 2
8 32 70
47 1 66
8 21 1
2 29 66
11 15 6
34 16 1
69 6 0
37 30 6
21 23 2
38 30 7
42 54 7
48 58 67
57 65 70
11 20 7
38 64 6
38 57 6
37 58 64
10 34 3
18 18 3
29 70 1
62 49 68
49 4 71
28 7 4
10 48 64
32 61 2
35 13 4
36 44 0
37 25 70
22 17 4
70 52 0
36 36 1
22 40 3
8 26 71
55 61 0
42 42 3
37 17 2
17 69 67
31 35 4
18 70 5
68 1 6
43 47 5
22 52 6
57 64 6
66 2 64
59 12 66
27 48 67
47 35 5
69 54 0
26 34 5
2 67 65
39 16 70
5 62 67
9 12 6
15 63 64
50 48 68
16 15 64
28 27 6
39 7 64
61 21 4
68 59 67
30 35 0
59 33 0
33 13 64
35 16 1
67 23 69
37 38 71
48 14 65
63 58 69
10 44 3
59 1 7
41 68 7
62 43 69
61 32 71
60 15 71
24 59 1
9 62 69
49 11 68
50 61 69
64 59 64
54 3 69
59 23 5
55 35 5
13 22 4
39 50 6
31 30 4
51 29 66
7 24 67
32 64 64
12 33 71
13 28 0
29 18 69
33 34 3
30 33 66
32 54 67
45 2 1
40 32 65
22 56 7
55 56 6
21 29 6
49 51 0
10 4 4
25 55 66
56 64 64
12 32 64
61 31 7
25 47 2
23 26 2
1 15 0
21 8 4
9 23 65
37 65 1
65 51 5
60 3 68
54 1 70
62 70 7
52 6 3
4 56 5
62 59 69
43 66 66
39 53 1
49 31 69
43 66 69
30 19 71
28 2 3
55 34 1
16 20 0
62 43 7
6 48 71
3 32 7
21 52 7
43 33 67
60 23 66
64 9 6
70 59 7
63 6 2
3 25 69
2 65 65
62 39 5
68 34 6
10 46 1
61 17 68
1 59 7
64 56 69
43 59 69
44 46 64
9 49 69
38 28 68
15 7 0
32 54 4
67 17 67
24 29 1
11 31 4
25 50 69
21 29 6
29 14 65
22 30 64
43 60 64
11 13 7
61 40 67
68 54 3
20 47 3
16 27 7
4 62 70
3 53 3
11 14 2
63 35 7
24 48 5
5 70 1
43 32 64
24 35 4
1 55 68
33 11 65
58 17 7
45 19 6
17 15 69
68 68 1
6 9 2
54 69 3
41 3 6
56 46 71
39 9 65
52 32 5
14 1 7
32 30 67
6 32 2
58 51 4
1 31 7
36 39 5
36 38 67
8 66 6
67 59 6
42 13 68
57 63 3
70 30 68
46 30 2
39 13 2
58 67 65
2 35 7
15 19 64
43 63 4
49 48 65
32 16 5
21 55 0
8 50 0
32 50 70
47 36 6
56 27 5
30 25 1
6 53 6
38 29 68
40 27 2
38 49 6
49 23 67
47 25 1
43 22 0
49 62 65
42 23 69
70 5 5
34 34 2
29 2 4
64 19 71
11 25 3
19 22 71
28 50 7
18 35 2
32 6 4
47 39 4
43 23 4
35 18 6
70 57 0
70 70 2
33 16 70
37 64 0
12 48 71
6 3 64
16 24 5
10 40 71
49 32 6
31 21 67
59 40 5
44 29 66
64 45 65
65 2 67
15 2 7
40 15 7
34 57 3
12 41 0
27 31 70
66 55 2
33 2 71
57 34 69
59 27 71
19 55 68
62 40 67
51 60 65
58 18 1
47 21 4
26 4 6
35 17 5
15 6 0
69 54 70
49 3 1
4 36 1
4 1 2
35 35 6
54 69 69
18 46 66
29 66 69
28 53 67
22 37 71
36 46 6
66 14 65
49 20 6
2 70 66
52 69 3
46 17 66
15 53 70
12 13 3
22 32 68
31 63 65
9 44 69
43 4 66
27 64 2
64 67 69
20 32 67
45 32 7
18 24 3
9 4 5
55 58 70
32 29 69
52 46 4
70 27 70
58 42 0
60 10 67
15 68 5
40 10 68
28 53 7
63 11 67
40 9 6
6 58 7
1 50 71
34 66 70
49 18 0
22 42 67
65 13 65
64 36 65
26 29 69
66 10 0
1 70 5
11 11 65
28 56 1
33 17 2
51 39 1
45 68 6
13 21 6
3 60 5
20 39 69
47 32 2
45 21 5
2 23 70
70 36 0
69 24 3
54 23 1
34 38 7
10 67 6
55 51 70
46 62 71
42 45 71
14 46 68
49 10 67
10 29 4
47 61 69
41 16 65
36 68 66
39 4 1
37 26 65
44 61 0
9 29 2
63 50 69
55 66 64
38 5 2
37 60 0
70 21 64
21 61 5
22 7 64
59 26 71
58 20 7
54 4 0
70 35 7
42 62 4
44 54 4
41 54 0
1 31 68
8 47 6
52 21 71
65 55 68
5 17 4
23 32 66
37 62 3
10 14 2
49 8 1
26 70 6
66 48 68
67 62 4
22 34 4
41 23 0
44 65 68
49 31 2
57 20 64
29 37 69
19 31 71
1 12 3
8 49 70
17 42 2
27 3 71
61 11 66
8 14 64
58 43 69
13 10 1
56 58 65
14 61 6
47 50 2
69 8 68
11 63 3
41 36 7
23 54 1
58 9 7
10 42 7
10 47 0
56 21 66
18 1 6
38 22 67
54 55 64
54 13 64
41 70 65
33 20 0
28 16 65
45 11 7
58 28 69
68 55 1
22 42 3
37 57 2
39 17 71
55 12 67
47 47 0
31 53 6
60 44 6
14 4 65
68 8 65
54 68 70
60 67 3
54 58 64
12 10 4
69 11 3
44 9 68
18 65 70
44 68 6
18 34 0
15 1 2
40 34 65
21 41 71
19 53 7
48 61 66
66 37 7
70 37 68
50 69 4
64 40 69
35 61 70
41 62 68
29 49 69
50 19 7
31 48 6
38 49 66
37 68 6
16 54 64
19 21 64
36 41 70
42 69 70
11 46 2
59 48 68
57 18 3
18 35 70
22 27 67
48 5 69
23 15 71
65 43 67
2 4 0
66 3 0
29 11 70
37 7 7
25 37 7
11 29 66
9 61 67
29 18 64
52 4 65
31 8 1
31 53 70
57 49 67
59 68 66
30 4 5
24 44 2
9 50 69
22 63 7
22 39 6
26 66 65
3 54 7
14 51 65
35 42 66
18 17 5
38 5 0
23 67 69
63 70 70
25 25 69
32 49 71
63 19 2
42 61 66
53 46 5
21 61 3
67 51 3
35 49 1
47 12 69
12 41 67
4 56 3
34 28 67
51 26 1
6 5 70
14 53 1
31 38 4
58 54 1
70 40 6
59 27 5
48 27 71
50 7 2
47 58 65
30 17 64
49 29 70
19 33 3
5 53 6
14 53 70
34 40 3
62 62 71
32 70 7
23 68 6
34 32 64
64 3 69
33 23 5
56 36 0
49 51 7
19 16 69
34 41 70
21 15 6
59 13 64
28 8 1
27 34 68
14 7 1
31 67 69
15 40 6
35 11 0
9 54 70
20 5 69
6 55 3
2 50 2
47 41 70
56 27 7
36 5 5
34 5 0
18 52 65
30 25 64
45 59 65
24 64 65
42 66 69
3 66 68
11 61 65
26 5 67
40 50 2
5 16 4
26 31 3
60 6 3
40 11 6
38 22 66
8 18 70
21 36 66
43 21 6
45 64 6
38 23 5
17 41 5
10 13 67
26 2 4
12 13 7
6 13 3
9 16 0
37 31 7
50 9 66
46 55 69
1 24 69
14 59 4
25 23 67
49 60 1
43 28 67
54 59 67
6 63 1
57 48 68
7 20 4
70 32 1
67 7 70
7 33 0
26 28 2
62 28 6
62 13 7
63 8 0
49 51 5
8 9 2
44 19 66
18 40 65
34 28 64
3 36 2
4 67 7
59 29 65
8 14 3
31 44 6
26 7 70
45 34 4
13 64 6
9 4 69
8 67 66
33 36 1
7 57 1
23 26 66
9 34 0
22 44 3
3 9 3
1 14 0
51 9 71
3 58 65
24 54 5
60 13 2
1 10 64
52 16 67
38 30 3
6 56 7
38 35 2
44 23 4
32 32 68
61 1 69
29 27 65
30 25 6
69 50 7
39 63 1
4 36 66
9 14 1
32 33 69
18 62 0
19 17 70
33 2 2
60 29 3
57 68 2
61 50 67
20 50 69
26 48 64
26 27 64
15 37 2
35 31 4
25 50 4
1 15 2
22 6 5
34 19 4
32 64 66
4 27 6
23 68 68
70 37 3
6 52 71
9 19 68
9 17 0
68 16 4
14 1 64
19 53 7
20 36 69
37 29 65
12 21 64
21 46 67
32 27 1
59 17 66
46 67 6
14 19 70
45 9 5
41 50 3
68 60 0
13 12 66
24 57 64
61 50 0
38 64 4
57 44 1
2 14 0
48 64 5
13 39 64
58 45 70
44 11 7
14 37 6
20 29 5
8 21 70
49 40 6
52 10 68
22 19 66
3 10 7
19 17 3
15 20 0
60 13 65
42 69 4
46 35 69
57 56 7
23 26 64
5 51 2
4 16 71
41 6 71
16 1 66
63 25 0
61 68 0
40 22 66
68 6 64
59 63 69
7 17 71
9 20 0
67 36 69
50 53 7
19 66 7
20 1 7
32 40 69
64 66 67
36 15 0
42 67 66
61 4 4
40 29 64
45 63 4
10 8 3
60 41 0
46 66 3
13 52 7
60 62 3
29 1 4
18 6 4
36 5 5
70 53 71
32 28 0
11 38 3
54 48 1
32 15 66
70 31 3
25 32 64
12 49 65
5 29 64
10 37 68
57 48 2
26 54 6
45 59 0
50 19 71
45 17 67
6 42 69
66 52 3
10 18 3
70 3 7
63 13 3
54 24 7
13 58 5
3 28 7
53 24 1
57 39 69
61 22 7
26 56 64
31 2 3
25 48 5
67 26 64
57 56 7
24 62 3
53 53 4
40 56 0
11 39 68
12 1 70
66 27 6
55 2 65
70 26 65
29 31 69
45 13 5
36 56 4
42 10 66
48 6 64
66 16 7
40 6 71
10 45 7
61 36 4
4 68 69
20 40 3
55 70 66
16 36 64
63 31 5
27 5 65
27 6 7
65 23 3
8 37 2
57 63 5
5 29 69
4 55 65
15 16 5
16 68 65
12 23 6
31 60 0
26 19 1
48 4 64
39 19 64
58 33 1
19 8 6
26 10 69
38 31 3
43 61 4
11 54 65
50 30 67
17 56 5
8 53 64
44 21 2
47 39 67
15 4 69
50 63 69
49 19 64
26 64 66
18 45 69
17 60 71
27 58 64
50 16 68
37 34 1
1 64 2
5 22 0
3 7 70
67 63 4
31 44 4
6 16 70
32 62 64
23 50 65
62 31 68
46 45 66
19 46 7
8 46 71
49 22 66
40 37 3
57 61 68
70 64 64
66 53 3
2 53 0
45 13 67
64 22 71
52 68 69
53 66 7
54 35 71
34 56 7
50 7 3
6 36 3
36 53 71
59 20 4
60 24 7
48 12 65
32 13 69
70 30 2
67 40 71
51 55 66
16 25 3
11 35 1
3 33 3
58 11 2
33 12 68
52 9 6
25 38 69
4 44 68
14 39 67
69 51 2
36 23 70
66 19 2
50 24 6
50 62 65
34 41 2
39 41 0
5 27 0
18 3 67
27 5 5
2 47 5
38 65 65
31 63 67
34 27 2
62 48 5
34 32 71
30 16 67
32 19 5
32 38 69
25 41 65
63 43 5
52 32 6
4 11 3
32 43 66
69 6 5
25 34 65
52 61 2
11 36 1
53 5 0
1 63 71
54 27 65
46 42 66
9 13 7
39 59 64
58 3 1
48 3 71
55 29 6
37 11 2
4 47 5
67 59 7
39 9 2
6 51 70
11 69 68
9 17 64
53 15 70
22 48 1
44 28 66
2 24 70
3 68 1
63 57 67
13 42 64
41 33 66
2 40 7
64 6 7
47 5 3
42 11 69
13 62 68
56 16 6
37 23 1
42 23 70
48 66 3
52 34 0
65 54 65
28 52 69
57 6 5
51 43 6
18 8 66
36 35 2
19 30 70
15 27 5
41 37 70
2 4 65
11 70 71
44 5 5
65 59 1
64 64 0
14 30 0
68 11 2
18 45 65
27 8 1
3 28 7
42 34 67
31 11 2
39 59 68
31 52 68
70 35 70
39 37 1
15 68 3
65 70 2
54 18 2
17 69 65
23 7 5
59 14 1
34 45 65
66 21 70
13 58 7
3 34 2
13 24 1
70 49 66
8 12 70
2 4 64
9 23 0
54 10 6
53 6 69
57 53 64
26 31 2
38 55 4
50 33 2
39 23 71
53 59 5
68 36 70
40 38 6
52 59 2
16 4 66
13 9 65
43 14 7
19 24 3
54 42 4
40 33 71
43 56 70
22 42 5
39 59 3
54 27 3
12 47 0
37 17 5
14 14 6
53 55 3
48 66 1
65 38 1
20 67 6
41 36 4
24 15 7
61 65 67
41 57 68
27 11 1
5 17 2
61 31 5
30 60 1
2 67 1
38 47 5
56 66 70
47 54 2
32 27 69
23 58 67
34 53 7
69 54 5
16 23 65
69 24 3
45 24 3
12 55 4
49 40 3
41 57 3
32 50 7
22 4 0
10 29 2
54 45 64
8 9 6
45 62 7
62 65 66
12 21 4
61 68 4
37 60 0
59 10 71
42 65 4
9 63 3
69 20 7
12 59 71
45 42 5
21 9 70
44 26 6
64 14 1
37 61 0
63 57 67
68 46 70
61 30 7
52 11 0
15 15 70
26 61 5
9 41 64
36 37 68
11 17 3
62 59 71
44 4 65
10 54 4
19 11 65
26 66 0
13 55 1
24 30 5
46 69 6
48 64 0
54 65 71
2 34 4
66 23 6
26 58 3
62 48 64
50 64 64
41 53 0
40 5 0
58 47 68
4 11 6
30 3 7
43 60 5
64 70 64
14 4 1
63 53 71
10 68 66
70 25 7
56 6 2
40 15 7
28 60 65
14 30 4
62 69 4
42 26 4
40 3 66
20 69 3
34 6 5
10 22 64
12 41 5
1 25 3
16 53 6
17 45 3
14 12 64
30 5 69
32 70 66
51 52 0
46 52 0
23 31 0
61 25 65
16 24 66
3 9 64
13 30 3
23 62 69
12 56 69
19 53 4
36 35 7
62 15 69
47 18 5
13 64 7
45 25 69
59 6 64
17 56 67
4 36 2
20 48 64
29 66 6
42 28 0
47 63 71
64 27 65
43 51 65
14 18 71
27 42 1
17 32 68
18 6 71
35 67 66
48 36 0
21 8 6
9 8 5
35 32 1
54 51 6
10 58 0
61 7 2
40 1 0
61 65 64
62 31 1
51 6 1
30 59 4
68 20 0
49 48 70
2 10 2
27 39 3
49 16 68
35 20 1
70 33 6
33 62 7
66 43 64
54 46 5
2 38 2
10 68 1
50 45 65
60 69 68
10 42 2
66 6 71
3 45 68
3 20 3
8 49 70
20 67 68
18 33 3
23 45 71
67 32 7
69 12 6
6 31 2
18 11 3
53 9 3
40 59 65
13 47 2
23 28 70
18 61 2
37 1 7
38 11 1
21 19 6
28 12 2
19 47 3
61 13 70
47 20 4
13 58 6
47 2 6
13 70 0
6 22 5
67 61 69
1 62 67
70 11 5
13 50 6
55 48 3
57 42 5
17 12 6
42 32 70
21 48 5
61 17 69
7 1 6
38 39 6
20 51 70
2 52 0
37 66 70
45 15 71
65 29 3
46 16 66
70 25 69
30 61 65
1 60 65
61 10 65
53 12 64
66 31 3
30 60 0
6 31 70
4 63 71
68 48 3
61 5 69
20 53 70
36 33 7
48 36 2
34 17 6
15 49 5
23 13 70
53 42 65
53 64 66
12 43 67
67 34 5
12 6 2
68 24 67
53 6 7
36 36 65
16 28 71
2 49 3
46 14 67
7 46 68
2 47 1
45 53 3
28 53 7
55 9 69
16 25 6
10 10 64
66 8 66
8 18 5
39 24 0
30 52 68
25 12 1
28 27 71
42 63 4
50 44 5
8 59 4
42 6 6
20 32 69
58 41 7
56 18 2
67 2 71
54 12 1
16 55 2
55 14 68
10 61 2
18 60 71
1 16 3
18 47 2
53 18 2
38 31 1
57 14 71
27 54 7
45 63 68
