1067427185
39974308
1013395314
92517059
34948556
954314749
1019304725
81852217
14309044
54130846
35792652
1034202845
93901788
1032937383
98299641
71419938
70902930
976383972
1031643060
1010313104
1006450452
28189852
86943269
46288302
998291304
83807081
1027308959
23261403
995953387
1000623412
42643947
37334884
65979213
1026258501
1001194497
11547401
1023935988
37039618
11883431
84622270
85549184
1060933953
110428862
1067548614
68749322
1020944756
39955978
87789387
81010650
97397992
1027406735
27859949
122247372
2699039
1038049048
70354183
100887684
29480944
980994053
126441641
77536225
1058849068
1045889893
95806709
54381766
41860671
50939814
97152949
3122639
1002117254
90670102
113557782
7848381
33771746
109057192
95794787
82693114
64849198
102315695
1025318908
1046344592
59625740
46971347
2383511
94004843
1073455409
53957966
62863617
131314646
46364171
48479010
1042429494
81950586
61120159
1009844596
981772705
5593209
87917768
64359881
60359809
1061815480
68885895
70477886
115592591
1004578022
1002151169
98927544
85960191
21070869
71155076
1047969726
961278413
31533904
2178782
64906417
18482581
84897453
35571501
78351483
58834037
75616312
24492626
1072787210
59179386
1181711
63657702
118095121
103605433
71734760
1061516879
58043124
1068112363
97216981
1025778531
96299756
65862435
1045425236
95162903
1020743488
10816469
70206745
62170055
44541317
27366907
1043611280
122632478
15599360
91961592
52439044
52281329
59617923
53361726
54346878
1020133781
77716914
8430505
43449887
13733846
59920306
1039496288
941492532
1050589591
41528942
71353882
64253401
957543339
2893848
945840357
89963413
64798192
95920159
952819748
79878696
1026129653
49848493
1018452167
99475865
972640528
46092493
987252721
25985440
988075958
1025283522
61530109
1020029551
1019141293
973913233
91858572
1047444483
1046492867
1049971451
1034346226
1013217754
41314262
1007615583
960511764
1032599997
1013473674
62332162
41755162
1006851488
106492425
997286654
13521757
1069463557
81904862
93529991
67862604
96327569
32369683
40233535
12822334
82985676
19227759
15748042
1012828100
36702048
77624103
1004441497
58878009
1005809945
43080833
99874512
983508120
984146288
1020083361
101135910
84968666
974159708
5921983
1011969518
1054704626
87410869
11716
99224542
92869263
3221704
72667215
131843313
113241363
962640668
40678359
951342517
77149978
83881144
114622415
1072153700
962303482
1013499106
44256227
34766733
53100288
90820897
1005607859
972531337
974920453
83153770
1002957592
42322241
1021124348
124021997
986157365
1021995533
984731094
19730523
1028317998
11572092
19979653
81746210
10871945
91214592
93031985
1045700893
65965987
26481001
987005688
988722863
100849821
59603795
1012043550
995397756
952100629
1014240547
1011351467
110457413
27965907
83692411
1022380516
91516399
105646931
58481393
99904234
54762178
92561648
996089099
32553628
120930441
1053374237
76630149
1013750568
40510171
67488909
1059225705
40350987
982594973
53364046
49048369
45208319
113266907
1033068359
1059121565
86992216
28188527
4863213
39874065
61211053
104689538
1012963999
33704142
977208934
26428789
56540121
996954938
1005380958
1015259367
962304840
998200931
1040108108
974085909
1008728915
70009596
994562080
9379410
69854204
112527084
26337427
92927044
33608863
72948955
78368655
132889463
56615861
6435783
98862623
1553040
942194363
1065280345
76453904
1046944164
55537835
8897623
37204753
87196725
957339588
38317297
63945375
1016184284
54146290
71963649
22737832
51485999
96672069
1030627477
49585545
974155104
1067178106
89126133
74602743
83045146
105511043
11432525
1023446424
61783875
1019958033
26639199
133793954
123576784
982136008
73654331
91639514
981839940
46444230
16653836
56547134
59350346
82326921
1040170010
61019505
66234193
81721587
961871572
984359749
45685823
22113818
953792909
948824512
996858644
23932865
987539569
49156592
13539698
72871431
66906271
991305818
51892594
82940790
1045920142
44445087
64279376
73011300
62964755
30289865
955321914
44772564
107608143
13238492
20512569
107331184
1027110293
90555476
4465642
1064430115
20593128
65369727
73895850
89645593
26090679
75385322
42054728
1033415422
1041088903
23154954
1020937367
54846165
56172700
66530294
127416163
955497582
992986760
1040870870
10651262
45958666
958502160
60316359
984528639
82424187
45062613
1028071568
1063249534
1027436286
54414280
31750569
51811013
1017708989
984546538
979283559
1004364426
43614981
34701862
987744376
59464159
984256506
1046437685
1027930188
96845556
1033481502
1041331961
41505575
1044538521
1055890194
1005585467
988927989
1018217908
983265160
35750886
1001356683
973521882
628581
757503
129614150
26933060
6354308
36197554
1040516706
4120236
53719949
89611121
91541487
1033430088
94645311
1071340663
976065380
54102981
51506583
1027724867
987403889
1058094603
65315451
59131195
69361806
993820131
956433742
64638190
1056598741
93616844
41079223
65648109
78394791
121117051
1036909973
947634702
26516979
73166554
100206357
46987928
91620015
52422214
133739193
128439886
1047076105
5669246
127427090
15841940
961839317
986016891
118407857
1007479988
988833742
1006199048
98330001
1046901072
1000917999
72977000
1024504608
1070836067
82368080
62093105
68933502
1059964327
5476383
1031453940
1021545174
998304779
1042003678
37863086
48903982
978459866
990497774
1022708429
5921310
1062961105
1025202565
73312006
38240576
123404914
38083817
1070543119
1023277212
7576729
89130930
1033723337
6753261
1025601120
980713980
63051387
985117671
54946586
954343199
961982133
75952550
94267121
125097121
973409512
38696222
80110352
28543292
90486349
35169110
51562731
16333373
73310000
63254836
58946875
122113985
986579475
1017611990
16086672
1025765480
105994457
84350262
35937522
79754627
990409804
1050632660
1030698280
90582269
1014367462
108929102
60529039
990782448
953608510
967902039
991449101
16685936
16106480
114376790
1061536865
1037428930
997098976
70425936
960962590
90374601
1024301929
131665467
113698276
60209270
51052700
10880193
1007664734
1068497205
997829686
62694546
62157265
6240327
1025625773
1019664173
984662265
1028765131
76191103
53547767
31640817
88659611
40018299
954663615
103511909
76507037
17378561
1021665102
89481511
1027862464
1022656797
978059232
96820873
1013385598
33358884
83324909
65391593
953709395
67091452
940709292
1060689390
65910899
1004800208
69148660
69555817
25102075
37889720
1021818408
89055131
80792448
74056175
38093180
1029366816
70857857
990691850
103705835
79712394
1040511507
94909365
128136705
108065054
1017325257
96723981
1046374885
12385685
57754476
32346832
5649068
12575630
74419489
985295525
101329238
9608064
1025078682
35161569
108834778
75541880
1008097033
944486193
82832203
9540909
125829737
19298529
41100444
1047065288
60045501
18643543
957291089
985708657
60399887
1037338977
1033641103
44069020
47737366
1028054312
996846052
79119563
973935557
87799148
83256189
1057479316
76458523
108181686
19189221
94182879
1047546269
88233854
13639699
40644554
75764001
27515969
63584418
971597507
54099484
80954631
110017695
2123614
57319431
1025451542
88115251
45357140
111683696
1066408055
44841510
1049807887
1067294558
60600451
79303917
101395782
116020656
53005818
1044084919
964083669
66795711
112036856
35074622
53356508
62054918
1032955488
939646799
75131102
1035848006
34567606
1073604084
1016899112
53641373
15091293
49504897
954367299
1008473983
1068941071
998314889
10072736
96975697
1060745046
100592137
112804393
98637127
112057996
1049654038
89527390
71660684
76511233
22685156
1048833730
122363608
64423264
977741922
76473759
1016590008
1049252914
41409694
1041212260
995583987
93776865
27854650
1013178862
112288227
66020480
72272636
77004545
968611649
44827750
43546240
1018718736
84689107
85197480
45507965
31601305
986967497
1029907870
1000633487
100191349
125766671
38518931
50629429
1035870336
1002463409
51549766
33813685
27550123
1066301378
53558902
15754852
115082986
70608708
80864679
73161416
53634631
37270695
70180681
67033911
36769794
73481743
34395885
56586158
75734780
1010540938
105740567
29651287
1037321046
1353808
6918596
38525413
24402381
123620103
970756718
1070904510
1019055156
92145086
1028039270
1041151439
1044175031
1016666263
1068035005
128174052
73038801
117093558
98816392
80477090
1024545120
1040427612
72145374
109841326
1020520196
23781734
65422873
76649819
940268187
69375077
100563872
92004864
71652241
1019745571
1027913336
90033517
44796209
56154118
95587643
973541851
1053087875
50597576
973363921
79204722
1021980045
975989218
1040641471
50537210
77837920
1058882193
946127580
975621797
954260740
23910361
1021707683
81553930
71113481
1002285912
1065497251
61090139
39628226
1014372225
1023672981
74641968
38849357
21253730
61830032
1003239882
1008871723
34507743
95944807
50954414
90758585
999092318
1008279701
1051483098
76676618
1044100068
1043365508
49656645
40772856
1055510934
87891014
972185571
38974876
125775426
1055597461
14892720
75709876
48642128
17508781
26335052
39835122
1049875458
35983683
28196509
41730869
948884255
1010841001
93930432
114294406
969224946
1013949297
41510009
67963782
74884905
1021038042
100167893
73417621
129072468
13399898
1071211804
93364244
15813980
50175650
69376025
71829871
1014528211
56602241
131470884
957108595
8569458
82613071
129015767
7860109
971726292
6325716
83705054
57478894
948429637
40571879
61994448
86276105
79000524
1072571734
23452118
83956712
49457315
963835444
97676375
29496064
991191923
67372829
59248110
1012176757
998788741
119858878
1029972356
38867559
114989795
1020276328
124941679
1027631575
81970957
35083
1031837626
77747830
1031993274
95537897
968958799
79945437
73965322
988409545
12036135
1019860974
132287590
133933506
990957511
965437860
113530587
968415262
42963636
4926367
27027237
960570636
94511312
92026948
1015089424
1021485473
68739603
38974137
1031678865
95213780
93555139
1030409010
970518525
6918458
10584057
65756942
60073798
969861515
1017766331
988577284
36254825
1003441105
1011992123
959855244
68663130
52840561
2038880
1006969627
87619782
960646694
14717330
1008723919
1027814195
85250320
1035270335
1030996781
40805297
49687662
16273677
81840815
996499887
976585021
47583689
107606280
100314853
952837109
43199600
123625417
126972441
25237227
61696669
79217767
125467575
1041286293
76659213
6003306
961362631
88290163
26924555
111467225
102840299
1022978861
1034145159
1061030416
22478299
973671560
62682028
51962681
94683423
960415386
70667169
1012491034
43882862
993970509
38646846
1026791034
33561571
68343671
95810987
87848877
93955712
126542090
129672647
48676489
1059491667
1006371438
1066779820
51072519
129324774
65584617
19463550
65638660
74683349
109294096
33843798
74940103
52003452
1033374865
96616885
991426457
47691155
582897
45173710
97256804
995720042
23018238
43313473
123481085
990586534
43924432
974958724
945583674
73819650
97489010
33749180
82283010
42306166
960310118
92880223
33384620
1038816033
70861746
94288925
996477541
100002929
1034142235
69895587
16285669
67157417
1040914257
973689805
86282296
83806938
1035907948
25883445
964377014
109835898
24475114
1007664302
60069613
1065479013
44221542
987334844
1028463642
8827772
1010889727
44044011
12675039
62651196
77756863
41592194
64512981
98985062
20302519
1027771973
63399633
59970165
996157548
1032273166
32371267
93066719
39480905
111488977
34551138
55878670
1054360322
77225330
13119130
59340092
128978846
30740963
977192099
1031306018
63619165
1063019519
940143021
27867871
97649845
66932647
1059389794
14294828
96989400
48182679
123121946
77904784
1020551445
1008314449
15016519
67996283
1024934804
105819401
1059297227
993607792
1065237305
93759587
76192077
959660125
85188079
134049893
1063408461
83924022
1030994234
107000714
1015053824
75614963
1066485896
68450295
51628129
77199646
1062870302
106946367
18617749
1029671055
49016307
1407776
950494050
38564375
1000300379
39176184
79157553
23409358
85780964
12948682
1030933842
1033186404
1000115196
110568265
19450100
1047458715
117587855
945810309
122562046
1067113715
1035744118
1024954871
127504462
45801558
1000921073
43135825
33592515
1061217753
975064404
12356607
39152958
49670567
40674998
90554156
974641783
1006729658
954892506
49864448
60370834
998828734
121501718
86641271
1020499741
58257269
43402046
79442893
977547946
132039364
1031188943
1050146295
17811979
1055700814
31613307
39020529
984942147
3939592
2516179
80579091
67761325
66715523
54458558
63839525
1007738281
37032288
109136480
985583922
984351098
17806844
1066049592
958973809
982707008
57512072
48324001
132402699
58983907
128558457
1034042581
46738551
94764438
51620737
2917712
1029320882
1047676570
1000361751
67623815
104939348
80060484
39626708
124627489
1053403156
1017591435
38956743
977981096
108414981
92562708
36723189
1051581800
50028623
112876152
981146745
78527548
1009297753
48821721
57288131
4073655
1070316691
1008950209
37532957
109976743
1017666166
978438986
88732723
42047269
33956243
86538554
943419366
29436989
1037820418
51949353
990759135
95852884
1066370972
59435913
971924128
3554503
1038136166
9224448
100358090
63545057
16421787
104746620
974669491
1072473815
1032922364
1450136
96812058
122242184
67278680
989059846
83105486
1012623550
84540583
1016441087
94467130
101194617
36214737
14553158
960607763
1066210671
1062148318
1003896028
52821993
21703327
941772269
1053968650
989289564
61197127
25067505
69112243
1073730161
47864164
5799497
9756287
979795154
42366045
15681516
86263823
1035433022
1000094531
63855898
1028800078
4755473
1023729536
128582657
126837436
5626451
23499171
1009001303
1065374892
1018470351
1018180154
131192026
33629318
1020123839
66583157
19610570
39233761
49687459
1031592170
27627701
8338467
53765745
41816208
958846395
58924069
946431629
56219332
1019417840
91720329
986257700
2244740
112264488
994297026
60915130
45491337
1037855434
38010255
979554633
95500577
1070082612
84630137
89045830
974222811
1061092370
47268094
6915072
74470285
25900116
1053925476
49126218
40391330
1018787660
58294921
1063335416
981934008
42028707
132482828
77193162
943765597
47747716
5247396
39741066
76269550
34271642
99773238
992169383
964783203
989798698
1021757303
995574362
88856861
1026539386
15488497
30564496
45533766
47689491
127153812
113161727
1034188111
982061414
17524476
99859275
996357082
85480933
116955546
58137339
97006798
1036015250
74826329
108530300
1048305280
1010632230
985484202
104659262
79208983
108928576
33850884
971847390
1047910717
77732760
112472361
72294564
33101568
993808612
94123932
961939501
1045032695
95684632
38138879
982146647
86783214
65358610
26013859
84792093
971834203
81532336
1021099801
24981100
42015173
958602213
33290285
1034847623
35465016
943369120
1014760819
13614724
85862170
86411193
132929653
1029258007
130597972
80512758
2614843
987117957
98220815
1073661502
21182923
36189326
1007784011
1037722283
111180352
994224429
134191506
44696179
999565630
16419612
130445189
58146306
967934562
982191583
1063365800
97282827
47807852
66672931
55289658
35034755
1002219367
1007719558
52980070
1002653668
77558345
101199538
75432362
995528889
95248243
81352210
989539482
62337619
91776912
112476
102840906
98687345
126907188
1046754776
30155498
1009025518
25838540
1053293604
1049794618
1019429054
1015419663
942048990
45685762
52549612
38475110
1013129328
130527385
976482426
81540589
100470361
75236187
955872038
116007058
84426791
18999367
28826633
1031041580
1161880
945587398
46275177
66532693
984929944
3253316
78459382
124580504
94145145
96829029
43276787
107409941
86391238
1027524215
1059300455
67514713
970683885
101793418
1024810670
118431246
963570177
1054393108
43735682
63414967
1001435241
1043017565
44792746
978185654
57337199
12726777
991270289
1060567679
97262188
987479319
1073637775
78160582
48508809
94958805
87596381
37222599
80698804
120239426
10808093
92736486
42250713
6398698
14351254
987930823
109434100
80824714
1040863031
1020037804
1067633608
25845276
41486436
57179860
1028600498
1063013656
1015902900
980781689
954754635
102501766
60010753
113845671
972710967
988881198
975727727
70684759
982922997
1017962302
38807154
40443436
118446701
1011996386
67641132
940175215
115717118
986057877
65237042
70455452
73690460
1020750808
11924975
1040583004
117010750
1013801148
63292475
1063566667
33679072
966801786
90195769
1067432932
69343582
31210139
56867155
1032604834
75127990
90463550
106962274
63883529
1071888836
1010787010
105282414
1015439208
23851468
64966801
1058106539
41401477
118739961
998664161
58162314
31099173
76566274
59980502
970288700
1068119583
34612196
1009216288
1008252371
1048551919
990651985
1033311530
123850756
88867000
43654753
31905067
62400629
78737127
77777204
972559064
73343086
125852384
78058493
991204055
89528778
1054157837
92285000
63591492
120063794
1019272459
998128560
1035052118
42067098
1030941121
108908113
1035630046
1009283383
1068016335
999565064
955674684
92744723
59569944
35846856
111687394
960483171
987869213
22135760
1013304946
128571787
1072015308
5532967
87806001
72778758
82440199
81377277
33894332
990519156
123052454
940747622
75160586
1045351299
33560064
90661117
971769775
65700410
1037698564
87662271
125347799
1066814348
120894641
1024715303
12826224
110201583
82023640
116032658
127137005
121520025
132986403
44371783
32294737
944667937
1017832111
956723792
109243849
1004980587
956336117
106470493
50218149
1018920355
73371286
19368745
1028700574
128815274
29451792
1002328903
2226795
999047079
126168190
971513918
36394635
58461335
52057124
123719308
126425215
974158092
94619536
992881529
977627590
1045997913
119239997
103898917
110457798
30645880
67624412
7065912
23855485
36328619
21316269
46095021
1058265398
82553784
999551030
33416736
57663271
1025044930
122246206
960807565
1018761783
120499526
106617155
20265435
1066300958
1032870191
1035620286
84554149
28914056
34595339
41301330
99151532
94208422
107728320
7404368
68319365
64274234
100530224
77823072
1032464250
51595214
1048216097
978957630
126111831
1010506188
67869407
81205254
1024563135
999084979
6554319
116582443
975750616
92545227
979077473
14032495
1019394596
967125989
42211279
62406848
108522722
950894137
7316975
76566003
23712526
64463401
30799447
81631939
100132867
129314954
10676457
16681898
108712132
1068126522
989522705
996825369
1008970776
93187181
29812629
85790625
1014868595
43383035
26185644
61618712
99942962
87990375
952685139
91831394
17754760
89341898
29458832
126456249
7753759
37541886
75723305
41846154
1018736871
13859724
64455065
27849405
969727250
997125118
1016785862
25804016
94807267
959131064
2451031
99627698
18478029
77841844
68808731
14961376
953190465
132159777
21694673
90419397
1041561073
983962307
94558509
1020553108
62658485
114033933
47876972
127528098
44643118
1018980704
90862742
95402546
959225801
1041067899
131231891
97246544
962636681
129030783
53916493
31609819
115314859
107410244
1024862663
26476168
986232742
50369093
114088545
1014280766
1023850844
94370698
95689141
87607079
79170501
45546134
1019408010
86185031
122940016
1065734642
955945711
22950313
41480874
982063303
982690401
46867866
114018513
70041031
1069855775
91748285
45827788
110842042
79143747
102363620
88857978
15201413
111335186
989044884
50607594
88934485
127101594
1042982581
79004518
7448676
30891392
95646998
997017050
1037718621
1001989965
997252819
917084
107949989
987692642
38910568
999758479
90212626
942638484
58504658
107789543
49603297
36950915
25630687
79756373
85238584
22782804
116784104
35829103
96380333
84816724
116105325
91137480
1030743441
998277103
81880309
97995808
1017106509
1052022195
4026232
1064896263
114626973
43903169
1018929140
123579455
982154029
27276942
43083016
1016365573
1039119715
979881145
1975231
108188734
988205334
963572545
101164860
91919727
116613850
1017352906
9909739
94548523
82045070
1073657167
121030771
12039905
1987960
65318461
51416711
61864593
1018691876
78590405
1038062661
118714124
89709199
569497
1010954688
3707844
1044297392
125808856
981285728
24068313
94974248
107559723
31455495
10910534
10763247
1027855891
958009902
52091988
60036637
100864926
122222227
116958400
127474616
85700762
1004196389
1024785976
1012524459
985087640
987437914
44086018
1010530263
123716864
1032523268
77404759
996513356
958330882
1002676771
1057804985
962882080
1072133883
83153671
117016054
971528174
103750958
17910968
960575198
1017587901
36066644
1040411501
11585018
1053914307
20634169
88925485
1068899476
112923596
78752513
1027920532
977523958
133170922
1036816060
25721464
35813036
123302194
131542642
39495835
996914329
1056684707
81466757
17583444
1047419124
1004667789
1012714010
22912366
56420713
994231218
128496467
55561685
69626684
1069581823
985865327
77798441
1019503514
89638155
57712338
1037376411
46193505
118741511
45305422
1014279331
115119770
22777395
99083312
18105272
1031488873
998576548
60461298
1045540333
42253088
89292792
10335068
23193405
90891276
87377338
45816058
8006876
1071250018
17063641
118035900
124635801
54813397
121353286
5789469
9544377
993888701
102441295
114736360
111284476
1050490488
952716748
954081359
1001483497
9436760
42405700
118981543
126172568
75589167
47418072
947629949
944240570
100692951
30520315
64015062
127696815
953223356
1029731112
22532638
31157192
85348477
1032538636
7209376
975234550
953763873
976925909
79636189
959712193
991160084
989736860
22158503
990443152
1009719714
133072022
1044412031
90189672
118949163
8351737
1067401596
1009517640
991938455
73987384
948246516
19038027
124824192
65032650
120869121
109693483
986008256
999671946
73094605
111272930
121000642
18619973
1029229705
47791891
99414376
15004122
114364833
19594463
89621779
1067048067
983851039
55790658
95149827
1038404392
47833133
1007243237
80970008
64069594
106385225
11780613
98926118
89379640
987770427
10489211
33019335
127282322
992167771
5274552
63731186
19633765
1049506161
49541405
68547594
115465747
962732785
125266458
126093116
1022716650
1001937557
964867088
963666770
1072858791
1051585941
953428561
996336841
986884266
1989668
1000027399
106080869
978492585
1043319310
120176594
1043339201
1037500253
62524943
946115401
61324280
131660689
97265579
53060374
48190512
1012770599
128761653
119993257
107181166
12182869
1059666776
11452284
59804077
1049190905
1044905638
32380123
119277124
86806467
39668211
1040542846
956096021
128508678
75432337
962212408
34601382
130223627
125312839
32287167
118230650
282439
51692929
15561034
55969022
132640480
125134186
50648464
77834606
28198764
1058048076
61372624
1034932308
59804625
30582197
1051979648
121394838
1066015249
92377688
77380239
95639248
76259013
1035699113
4993018
1033442152
55123661
25803403
56189731
961953989
29421576
67158153
27420194
125223961
1002231176
112133803
71539561
115014237
112781366
125656404
977783343
96102107
67963552
48593447
1068263880
964335537
86786868
974913490
124929084
61811038
97948829
78954644
84474539
1014477975
1029746649
12417496
74820384
29797438
973100793
942308062
37643207
96255987
26483587
946469506
956540591
77549357
90685360
78181227
17117328
36698756
92865251
983103086
101457605
969971527
131343869
1057583517
1017902169
77345186
943372093
82652138
1047159355
1057704725
1035352323
1021680475
41323106
119657013
93807208
28834116
17640254
1072691599
72755080
105256270
6343915
995531009
76196134
1042783219
1065061537
15518859
94371546
34269632
1002588119
1042757041
88910293
113233075
42818502
125829885
1035629009
106956072
37808605
120294783
123031857
969415998
981650073
2986978
11203466
1041188560
7058625
22292097
947539361
14701529
44934180
97298516
32366500
115886050
47070963
1009444425
69018143
999336435
1035348116
93694835
93160550
92714639
1064807558
76665647
30596209
1043765605
1053912845
36751602
65863718
59983708
98302833
78653429
1029837028
71677129
111406165
1061198114
132370358
997491554
970364383
1013816261
119785284
947615721
13721930
993850140
43154352
1033450686
987597978
1063373770
1026159354
1006739465
73685976
132754646
1018512476
120836536
980332368
1071049445
121608544
79607999
951592904
1032492835
99467452
997705507
8703150
128054775
42157233
110373125
1028874500
7065221
1020235633
100972254
69862640
34124725
992484735
1049751774
110562438
949913981
16848428
81396778
1033818663
113441912
25844649
130437306
70178302
70718472
100783333
1068446408
102773256
4369837
57453924
1029336319
85480204
974386296
68333674
20216194
18207097
74141808
119250525
98964387
41252677
1001465558
983806906
1054553770
29096848
1018226194
1028107947
98749293
1013051781
1057352650
62896973
987668790
997983166
130806436
1037373547
1003109481
972068115
1049820091
130113101
86681595
40393891
60774357
1004464507
96836573
97374807
116295919
993849228
45632716
50953650
48645145
1021702454
113294126
363643
109698704
1029394348
81205930
115642846
982967338
84920299
86426392
28695905
1047407638
99147700
31272252
996438352
6550583
81394895
130750117
47866918
54126254
1028520099
1438984
967010906
90299526
960728905
51525788
79114774
55583079
95103360
1058836074
91504154
959464926
40382968
71665473
61203142
956970920
70513049
96784982
95599664
99574793
65810419
65708576
113418361
94687177
35739137
975843094
86424797
55296319
36758193
88245614
804976
98231989
997721608
95734013
23908106
4342210
954233465
1018554535
1023048340
98549817
65053115
85422169
97806158
1035738679
118818508
88010326
1015124141
42772932
1057253576
63746787
944321516
61313757
1048170912
58879811
99801624
121163237
16424822
121624719
1047467048
1052469196
83258172
95110220
100524374
968655065
31849630
66573829
42386077
1008851791
958920218
82679583
18395746
107138996
1012076874
59804071
959185354
4352730
965181886
23745052
59264192
948716586
55090962
66586556
1030802945
17633472
119673075
90259902
67723226
113924035
38382944
1073505265
946050892
97120461
103399912
50710028
133927599
36040164
87258052
63808749
132781613
76507531
97118530
96489894
55255354
92986342
81374357
88142593
130029602
941274481
43649608
970877235
999177891
48924713
101064725
120301230
104322104
9995010
52676985
112643791
40285288
1014757929
1020051854
1010746232
1037596736
975652127
63862378
70811471
8640161
103876647
125415525
1033214083
1068178011
34483151
79896134
59685703
18318818
98235427
1072771618
126547748
81404496
18252060
57248267
48987579
2934426
1011562986
46520286
994954142
129071610
93442986
59532267
119402619
943519187
1013672190
18667404
1001097052
1021414777
67483425
1009782772
47509648
36604548
36728426
43547375
956063020
109471327
66534254
90607444
31723204
1022406874
990415737
104782711
104399644
65593739
991028787
1009821989
975671706
55828543
1041278522
1067881280
40989508
43398403
1020066522
988622078
37066624
75608
94151101
14646413
963199632
84065294
1029994151
106524201
1024011911
1024834930
979015588
63427702
1058278500
58863802
981528375
62852633
103215050
1053109959
37819041
67378397
75251732
967097526
84124427
122735667
114246475
37084767
110493726
963684451
98420131
1069622505
28148533
80452347
946405967
1053485783
988166173
1020907678
1061471752
113707041
38293697
83361686
682504
79341674
7618490
77669978
975589174
56490416
129566614
55252919
73751068
91989727
952493516
97457904
84784997
1034910360
948535347
1071585536
1002273757
65290092
1043867808
20655475
87911402
1025293458
41813046
23766235
2330148
58572299
75383446
109588729
1030741399
40656388
122422844
21240564
89027545
34860913
128867258
94481288
69114148
1033463344
1054880804
92716950
7046725
984403291
1004206077
76258029
29664160
128280043
79258725
1065334559
118079041
39184609
1012314949
100342864
1043798999
32824892
8676448
130905392
986532459
1046257521
114806756
967567824
83343293
83569772
952201094
953832164
951454916
94430273
1001102541
40054800
966868022
1058186739
104028156
1032752359
60701639
1054106289
133839305
17888722
16070432
49504056
131902510
3554820
1018961816
1068563366
110405186
52350325
1048867232
990941951
31270506
1029449930
103602342
19062309
997838875
44244311
100248177
23574684
75902144
44152997
69796975
133517668
1006363601
45839218
34833016
997768931
60436940
54719116
80396197
63794169
57682211
1046901422
47285318
123060759
992111406
35476113
966110839
8522525
1064802686
44373413
949505542
1032719766
89779441
1004426440
30310637
82828550
41955551
90073962
96255667
62050287
82036142
974823979
111850119
42407527
1013726696
993352369
1000265360
40738234
14123908
90656160
115741889
9020022
1060200081
989746778
1043407115
87963067
3278805
127664101
32511338
56726577
103620191
44264937
1035556357
25435158
989097181
79482540
119115811
106710975
40857315
38102402
982051675
65494988
74339849
74788131
114258262
73954587
1031059256
129349516
981141693
1002982083
103044820
955575973
66936796
14393154
15115716
75340753
3518646
70722502
7900518
128487530
124486311
12477780
66841418
1036118485
60864220
75657791
77166111
993671301
28524745
93321974
71812529
24698902
46853867
70523313
1017760662
89595473
971679349
93231600
7094378
122563749
118253177
1061507503
1063685840
1047538080
33698915
116042152
60052942
124849182
78260364
1041931315
132260864
86575309
90312822
25052786
81278077
956736651
1035500227
1043826272
127798862
10097815
1069091892
116876218
115301987
1066985304
130081261
8943160
121608008
1019679139
54608515
80384162
56885034
103632826
35214626
45208030
46508770
99531100
1025624405
1027450794
45658277
17955763
10667065
1005537251
1073499461
1044894093
111589549
53797045
39162539
88384062
1045500813
100557731
112382233
64687643
967851931
941638481
68410186
959834903
105699651
1021218696
121738906
87248471
36788703
99401290
32663032
1069897680
74542400
1020656285
61607653
1053084869
995975721
33897863
43180416
52389654
77439633
51627524
22016887
1010179666
978326786
4762106
1004706304
966841859
50376363
1069484135
133067301
1030141635
108234960
22981810
1013104024
1069508166
88435607
98116974
1065118347
97082283
17477783
57822698
101540649
1060753515
88174079
34336025
968595291
73326434
93096107
108864592
110184375
1003722151
17669732
79152970
23763564
976478229
1022103067
59072735
12437360
94253260
70625146
1056583157
57874565
119528447
69632144
1062572215
109993951
1022219192
43676095
1023040396
19129979
1066987893
86652016
124602839
62873069
130702270
88540278
992307678
92596720
1066238567
82067207
9610736
940661521
942785499
1051773335
99799888
1043191161
1065027496
992518575
5981295
76101050
992929745
62978166
978319250
45769084
58560259
976658825
134149803
996779465
1053887261
129280358
515188
1071426127
5567691
30359477
116911725
957214415
1031126497
61924326
951120942
22325264
108024160
119631833
988691704
42751508
114379650
70173390
99185534
29673429
81831281
20910489
1009375593
42964540
984196881
32942774
1025482981
6032582
1072846231
16364638
113824709
11574013
100262418
82250686
92550322
133419473
104667163
993655713
64589114
44750971
60009970
94570738
46874078
102841202
131497829
976124471
1068226470
48328580
956510064
128523621
22419145
130421456
57786473
56514583
101581882
76396553
995080786
999544510
113335012
67070111
995873098
26455292
77365598
52874536
1037633069
81630940
5488212
14998771
983509308
7455949
1025915031
15729722
14013906
82412406
69156246
42385599
1008584127
120069780
1030556276
15058817
123568250
1068200932
96791302
1021068164
955838540
67951340
2709476
1054720960
92547445
37257261
994536920
111838913
88929295
29049778
1010963686
1048467728
112397867
1069277089
983251380
111561373
85261050
959382676
110011318
1006114262
3866777
85611417
1034623338
568100
26724958
106819985
18826479
41587509
66745771
78132498
119699555
120556355
116431698
64535588
17302156
80529049
949633462
43284098
1669365
993744050
97084905
41288878
79539715
110084318
25816536
40860291
30391634
122219324
970276512
1052576377
16156797
1014327144
37200646
955356198
943844003
96829653
99203341
1019284768
1062242023
1028035279
133446475
1069124462
23498215
65747727
38957535
113029295
996707007
998158663
1018398289
89514768
17432192
5879604
944656189
65552923
1012495427
23999454
1031619332
97212945
96723691
45203916
42843203
114040783
106348775
981644450
124843398
1033901900
96546637
966975746
1029160422
956660611
49245533
1069371599
53095122
118313236
1020053887
45143522
92918669
983677772
27136104
1061241128
983684479
15859973
123062433
6432778
953261132
115968645
37304835
1018984505
72986143
1067029632
19120567
129361298
130325532
33089615
98534889
52644084
12843731
1019580212
30944636
108464828
1047323905
40409720
1070486772
35268510
980029316
949520114
79197514
1010426995
116982887
992992397
1006853656
127655617
80904633
17471764
128876437
947464193
103752487
977775579
1071943346
102015312
1022192008
12941096
995871776
95332796
113504127
14745715
49153654
29698763
80207037
63700930
96347293
80902784
1041397998
112285307
1000942616
947452828
128780662
1033591923
16687337
109866648
29545930
102244363
988255261
1025225458
79561245
1006264218
958502945
47709434
110751266
40258957
952418063
116894320
38973513
956192901
16356454
39677545
63255487
50041718
1060607999
15577495
1039974060
27535228
133275501
24133556
56317776
1042536072
128933529
78531990
32158651
129984625
974531048
15898973
947499981
111948705
1016842617
79633665
128441474
39377872
116401250
121851409
105506129
1065185683
68547849
11014953
1049750006
23429870
48380870
20341725
78330676
110969792
1021738915
71096274
111138221
83109673
984611386
1030980827
7922102
74045328
13316505
966396770
71917706
1042312597
94176389
1026823142
71963052
88196163
103053772
92546504
124142094
42654397
89478435
128190745
95194829
35242277
39705936
15186599
59639467
73307158
952507755
983522342
1008256486
1014265812
5042459
82663732
947245051
1067099717
133007414
1055198785
950219886
1041715810
994532920
1039183054
92903888
64031563
63363446
119799627
67513738
39444839
74136473
117302625
41966344
1062314392
1069935001
1036536245
102803317
92112522
1073121295
8375579
66956661
1019869391
117406234
1031510765
126747865
133569969
19111233
108196123
1011283464
41195151
967906148
1040627897
92368797
50786678
955227837
957304302
3974776
99907120
84385143
105494587
1034310936
1053855182
1056243681
1017723328
95711525
949079820
30709240
1072578563
1051949593
1035368429
117382484
1002934103
996206795
945866426
113377439
75824307
949117015
123848593
65955426
63195902
21123002
29408250
90280428
1003618909
1006062248
70706837
989895639
35220525
1014040520
971675563
971598167
12868808
1034856845
84929433
124903753
34599165
263348
1007648353
1067514878
977106138
1042094808
128712963
91809638
952188790
949584153
1009745429
940368386
987950384
1020198376
1055503155
967515852
77747577
1018383657
983571496
1052896386
1029751912
41664268
100831623
973025801
56985321
1056151105
1062750398
957779281
75530926
77116540
114676296
96884701
35170573
10688083
107572758
99065081
53338454
1003551938
40189790
50688809
70250404
109196624
1004342710
61510141
974215955
968339694
1029119964
71929107
1031042639
92952970
47440328
1037540945
69201472
37145206
971806060
83246969
971318601
977526347
1026382779
1048161211
1064054306
93865521
13858458
1036309910
68211798
94855151
131748360
123130036
1056010517
1043201134
26904450
961648607
37007305
124863105
84815098
1035261304
127665888
1037090072
117816259
1000848030
1038600772
1001487752
68340856
44403967
91609533
74650726
1018511282
73714082
46468886
97565399
65480264
117091241
2359761
1058351829
13545514
1018032764
1022013539
983701775
125793022
46743601
986650498
959956061
23916037
130175905
1048898327
77846241
1039377871
945817338
80877357
128539193
67549146
4895892
965354635
1025588150
13028673
113353132
132543939
33788067
28950253
1003371336
1031955898
1032651116
12446192
124551217
982899075
93147860
131486463
75256038
990134681
972082049
992133356
1015163036
68401517
1044575437
428184
16874886
53040202
99432452
79066494
993391953
87060226
71980784
44794433
3753404
34206204
117003278
1040088134
1045429684
35762361
1017586606
78666627
54505538
78929598
950278557
129799692
40187139
96558090
85484186
45492192
1013708770
119956601
1007527818
954552389
37919761
44168478
17847037
76208144
976926702
18398085
68767621
94030138
111124875
953352524
80519349
127151234
92951862
67998691
23614236
991536784
17539214
1007601005
19601394
34261437
1016796610
86453475
111810723
128997098
85447710
72558267
1001975684
68779132
3668181
1015974848
93712828
96563947
77013517
1072280887
55847780
110693220
96903359
22464660
72773157
42175650
17606518
129879868
6758269
1037398354
77300328
33063352
89656973
1018049300
50235545
563203
89795681
995683614
974377285
99692978
1072819150
1028996145
994080087
97735842
8037312
129196144
1066807843
1053273766
1029059581
121596792
991119375
27984682
115878726
89237746
42074596
38889763
984506668
7819868
1043020780
963345630
110524432
986263734
12680248
1028468887
21450935
1038522318
1021540090
134174650
70363476
99531954
976981361
122838341
106151801
50175418
131523154
13960531
1063104826
94233505
96650333
129193042
978668739
22541049
994097989
110277407
126527855
1040531602
125773843
1016886257
55925725
120046729
35805059
1012741575
952978609
951506584
94880154
1015111876
1014576227
994509783
111493401
979606895
74277056
86332314
128744162
994953048
77208792
1030382603
997905227
4975532
118963516
66502298
986968359
1024015308
1009121529
1021504282
123255748
79437173
111190512
996546499
86193758
113554592
80674131
126047768
101085629
979235555
122652262
113761378
947118095
7496635
112354686
990976761
1035719628
1034384319
92895546
11366841
1021006813
103964021
987704026
64729209
99295636
106331491
987170528
61171106
942664797
1064789957
1049616959
128524536
96315889
994765430
123201166
1050736333
123872771
27156096
51489482
1049666799
89107609
119132507
68055112
992546986
64856821
991128324
111451924
79902003
53272516
110573116
1022885150
120086848
58556384
13172334
73234501
70362501
52549246
951286419
990077681
101447250
50421042
94533271
132935502
41735622
37345025
1047906950
74042334
66569215
63045712
94402106
72361633
65369122
12737816
73360845
74528167
987585143
1044139366
1069586718
40528803
49479095
70943100
1040085688
975514913
96025895
991969609
42966375
1049304557
1015669311
29683674
109074872
71470074
40458832
82655086
35992363
63597883
76873364
72999535
22934899
1009269284
970569460
72338885
1034493078
1002392320
80217891
113064471
109902521
92321331
989260175
1037586550
1033887201
1023330028
123903656
27544554
939912064
984754844
88849737
60789731
84041572
979418690
78937239
52357011
31599256
103901925
943060865
6224683
37636240
1000853550
1025218809
35167430
19226023
59609347
1029469906
34095501
28940968
94938093
1059643266
69410533
119831732
110041694
20275803
1032387297
1014970096
1060245063
89909196
106199103
43491120
41091844
1004584677
1008400263
35399822
1008257282
67477270
87175597
1062046779
76577452
1031778434
1011990314
974958032
99442485
129694135
1073113224
971157968
1010778452
60701452
1053298341
1000993004
72952771
1030098055
1063881020
25701177
1029523002
1008270419
1057370489
1046946631
132858573
66455147
35867806
947026570
104124439
1043987077
67963827
1051007140
998113734
83729399
46073196
104093676
987077544
126970143
989637122
942180931
126121251
984809917
85291546
970567434
989613515
38586638
2767349
83849196
997700796
1027282078
52886980
6062275
34338855
976999982
1027821414
38764165
979669674
37822806
120847068
57836200
130723781
945658873
61566179
114065837
1001685456
124699968
78185357
80270797
4314352
984938303
1049670280
86891816
1024274001
121036774
1034649493
45234078
94837777
40543002
37245135
996490798
1040045185
1055810031
131264608
116970749
1034118381
53404703
1067188537
50987404
108897393
1017479428
53585554
131058329
68331627
1017851159
1051160317
1013829273
69720973
111721398
100179089
100338943
1040534979
38325343
104750757
93678517
987187624
1061167837
1041567588
127035371
28117558
19066797
1005514469
63714062
38028364
1021223747
953801495
79109007
8083682
76522006
947573384
93185337
1036400448
132221661
110508924
107176708
1032674855
979593380
95447677
1003140293
28127142
950465009
18481934
1017425377
1031466030
43624604
1011947717
830855
1002752227
60862975
93486012
30492197
1025077005
109224329
57882265
109098171
23225772
130975648
994713571
109467108
1036120892
19433008
100660871
39747435
960305330
113169415
5342267
942881426
963710884
119406629
127702564
59978555
106119841
32887570
80647737
113410497
54523421
1048449791
1068216119
1031847663
37079753
72972323
34833392
96588082
69577162
1032111426
1068988792
132351786
58880828
64521159
103753179
1036123172
1011680742
42179875
89011850
78891587
66583266
1003608171
97470832
80651394
68383951
45786341
98466761
1031546019
131425617
65813394
1008812998
12911012
1033576627
975261745
1066442644
994869589
133990283
105799250
105139336
88790301
104236597
38329416
1013147074
79435390
49831212
48345440
1072337340
54075082
98131648
65971257
19102288
122411470
18072336
39421659
994870571
57834836
62705066
44709337
942275192
94153694
1000198732
76537647
1039530153
127884655
941160517
1035920903
74346747
120030884
1020690481
1070625169
1018486693
93760182
946465647
1021074227
1009811194
29826883
965058043
955340660
51131172
76690886
86929671
1004478149
87068655
82293557
51664588
983902468
98602239
974188934
87449575
78091921
133695983
63250970
36669425
1015082728
103087605
27349363
947655834
67263699
126721044
69959995
118663284
104475940
93070201
17029516
119648485
101117751
91987410
117810700
58427057
16864094
107483424
110177699
43786165
92396917
1036076032
50468463
65435269
116554017
26682111
980758722
119013083
76134925
1021516261
114698391
1050317028
65664219
132413588
102791799
104230961
2455478
85652558
84354312
17708512
67967896
98398558
86453273
1045642917
73448884
38268230
39462386
72321959
54226630
1049968042
1023914328
47648189
1072848692
86926643
76795464
1034694483
1031080586
88433823
1020115794
101004266
105847065
968042900
974879691
52573189
87733868
93265043
120615985
102268225
128828147
968053628
1004981098
1016625424
18712378
1045776714
83333379
126243081
67573991
1031333907
1045258957
80744992
110156140
1062434252
112268528
133819058
122705018
1073372678
48310567
968493525
32805038
990770249
132096427
1018835964
992903499
1005429076
86284046
89772200
970027411
57173749
962056405
63910848
125697799
58864023
1018538222
116498489
58117279
59822808
1071989016
1017980730
1042526407
68823314
1000806434
1038855429
1061725327
13005484
93069365
15149322
33316773
941328464
3079395
71740820
1058936166
41063419
991894580
1072458518
34724021
43321827
27040888
996348470
84706184
970142069
967488812
74691025
33212095
69321549
71224006
104008818
985358011
46200795
1069896168
961509014
85204934
98280223
22079226
7859954
60776411
959971382
97048619
1003907541
951345499
2722645
1041539270
1026993928
1035238969
105941652
1020076084
1007566579
1049351699
950451541
100939105
70945638
95183206
70705124
23762612
91768601
56119415
79419373
96653527
994923849
83381865
92662458
1070163908
79851143
996383313
106236861
81954625
21235060
56950067
70143076
1056816601
998770505
44248162
1034626498
1057636160
93710883
961778527
133773565
91069290
984439250
98905109
109961040
54923165
69981560
81565277
50464648
40220041
72547606
98654042
75084112
942472531
68544916
17901260
948319913
6937170
1021198142
1032060009
1034315717
100480404
127036108
995217274
990151058
94733580
105058813
61692076
981592282
103721767
89562600
118746675
82937251
82470116
980415359
45187511
51573647
103605851
989369098
1020986415
58155340
85089048
1062405379
105806485
1063061520
126624293
56571860
133671655
119285827
76042357
96237589
23454746
72529459
118238061
1071223864
90651487
1024562101
57096557
79787024
978277739
112920299
19032632
111952992
1041696263
122706671
85232270
951133125
78444408
130308468
22087769
947807617
998281646
26493713
77416195
100784050
1030910730
52109933
1027806915
1018939494
72039788
96412218
34568777
41967562
31587508
1057579614
2520544
8824993
977064331
25632989
71996446
5086515
12896724
114013769
14665565
53637082
986306318
1024055701
960704984
1067877990
102683666
1040077016
118508436
129199034
52561652
95275798
84235024
42377854
1020098238
40671456
91596429
954479881
98569695
973992377
1039285988
74084118
1016906673
993558882
6709426
952418957
93148784
103379911
23226293
7894802
79980364
1046777442
25357411
1008208775
77427182
947267455
44959730
1064450710
92259217
17985096
124900665
83395884
98378989
116731012
71032868
975763015
968951101
63435144
31439320
97380586
1053798705
114105992
80893410
998728227
60935238
115667705
106401911
112115948
1024675421
33903580
7563891
952794006
1039151711
36630065
90565083
39309534
130352065
122227856
84621101
1032444021
122423115
984493867
958375065
989745719
51455213
126061985
1032681261
18046051
40094423
1020638778
1032793466
65476792
1027936772
1010534757
47873293
960042158
1071201990
1070056882
90376384
48085553
21380122
1011076786
96546914
63760815
29875178
96393900
1024724504
29243180
120966145
1062670551
132095898
71227426
970792687
1036609512
80881665
92887290
1071077600
1042941187
54213506
982333651
1049893406
982693592
1067150573
1059685752
104513946
997318696
96700657
30730980
83348454
7626537
995846623
64688162
92338025
13298228
96030629
1035709718
1044706483
978159608
955901997
1070598398
1006824037
78657117
45861759
1007700720
130248020
93672175
104682424
968468450
1007783821
70541978
28821123
81204221
1033003195
80663110
133862041
962282429
1071109651
71641140
95048797
87599466
1010279842
42364207
1061072322
66572707
117226292
1033489611
34681947
34934031
80763853
7267415
89376002
30135200
98564512
962611317
84592880
1045879106
1016676827
112415556
31167367
67420179
1035636244
93632458
1007012076
34810749
103015206
60631615
132679701
101239516
1007802978
115250224
130720589
1028044281
63360349
74646729
1071881052
81792250
988963785
129703850
41889972
1027313193
63081776
68948886
131727878
971624372
1059390754
1046831982
89884005
41901816
1024064414
94224861
83714344
19729940
99422987
1034677163
48726624
940907386
998967366
1014170964
44206765
108881562
34014213
989020515
112583727
82701194
116082673
1027706491
81279947
91520708
1046949037
71482206
77507139
1055466399
113164864
59378808
128954586
8719858
990817963
77189707
42487674
81863907
3865934
1001999189
23046325
41991007
1064620832
1070940474
956725651
987472120
70145054
117977028
955913201
21133979
950120619
11925478
944455309
94635789
129248698
9697139
75037992
132038502
82021859
91524931
92913934
76890076
1066722518
24872065
65102315
1068330667
14467227
1072940195
1022787793
1018216440
1027564018
1015535087
43993125
80773798
80391141
133945189
1038018818
128701301
26569078
1008304486
951437135
69748240
38269554
70012628
63674628
956297063
1058726820
125684988
29566364
997728185
74335820
58697640
56489208
1031938311
119346971
129236638
963414799
126149848
117021112
124316651
1011752621
42016673
89560250
4601423
54304490
75471859
114531593
956699506
43601301
53418007
98582056
1016392967
77626586
987921564
79001470
1010495640
74187668
955777559
23281643
1046452651
97799078
965205656
988185240
68967168
107515523
44378059
133961202
128927496
964712476
1059981411
57935398
74575218
85248945
54418778
21882485
24574283
1056437814
81377808
983225704
1029051238
51745944
122550393
983031215
1029969997
89323215
999154349
118277010
97024777
68736773
1062919180
108333849
8251006
58383328
45524931
1059582806
129160225
951555594
108468227
129148696
69346098
103883194
1000847567
38076086
22180950
988365781
97879334
97476925
60591547
1063472093
1024986453
50802855
960124222
69274013
1040332828
123907356
14712738
133760863
70826890
85471712
1045727147
1035571892
94841610
46162789
122603887
40489169
1057204873
31461837
1055588670
997853736
1005665140
48738565
994274865
39941921
71976312
2159240
104505114
52656292
109895991
128014702
71095560
100371698
1028124066
82232562
101621030
128632297
82036687
105482482
5039016
9222734
1045230823
96666579
1001063291
1012890849
102808212
1037676081
5045376
84261955
43731877
56766626
1027406094
126513431
1008277203
131784073
99681135
128344483
10258827
63998933
29240398
998113842
1036256470
976530646
105901992
62384598
105976802
96388982
1015255364
74943839
67969336
1060314343
1004176542
1008067459
130232997
963045953
16492906
959075752
117825306
83106514
106491563
46945601
53839879
1050927487
19719838
9496496
877202
1059691598
114327950
958681156
83167147
134184083
109455489
93203042
101848198
72426461
44325237
1012503766
115496664
68952854
78966914
1071410321
959919938
110217891
995026812
18196323
82564179
98038431
82522346
74144810
1063252246
132816987
62165752
11893169
54470252
14446034
13428422
27116087
1029302833
983639646
1051723537
37662657
81072182
1062469735
31002657
972845879
31923441
105756061
974568599
64801038
19644841
14049674
942431468
1056231382
4983662
985030860
105767029
1006907905
24656519
1034594050
117323837
80607126
79600418
101971229
1022931686
1021058120
52107608
969602111
84849357
104166882
74891568
84060207
993393430
120936106
253861
50613305
86484100
111814857
53290786
106304291
962484933
1004216213
16444737
1043411982
99293385
1039283102
949056107
956648970
964901626
1003640280
1003656673
982115980
83686113
1017244906
950762548
996886129
986966853
48507922
91576154
1483319
73487129
67112023
133072436
125106198
1065978506
957183086
13308143
1013910779
44995688
997651676
93736989
951146606
25930194
979137571
93808918
991055510
39481800
56236432
12275622
986258323
95856744
132088531
1036783909
1043083952
128495248
999006874
1017793763
107474780
78868425
1069084878
72291624
1070353872
1001085431
969415039
100540439
57430330
111174763
999750169
97970512
1067640871
130789103
84875302
1005050847
64419579
83388706
1044690850
1018881101
100648570
976425089
55098147
966813544
82275025
1014564225
1003011225
36388714
59495929
129772509
79243529
74794076
78332314
94664257
957575948
29816537
6261713
95834882
97998526
65244064
87176649
999582402
122606462
1009634149
107446782
89298402
1030890644
40887062
1022602549
7887941
87488133
978827524
966846359
81700866
101035641
56106707
99137230
74571757
944959744
950949767
74652056
72350576
91568182
82408798
964342000
27701452
1026552622
127185061
1041741422
32869445
93649852
106791213
25676136
33150519
122732133
80458351
72406718
1013485326
1006371161
1016035052
95397916
81704344
84333432
109346008
48536943
941080977
92058124
75168293
52994158
60323332
956152533
105859848
52730244
68518797
1042667505
35017499
24577946
1003400657
1035255988
99040851
47020909
76135934
1007802114
20834046
990917175
114386061
995673387
45784073
105943957
110818527
95267434
100059260
1029517307
9616202
125402465
994927432
984068449
5008439
953607925
46400394
43774409
52246456
47207403
115507171
1065198831
1003035323
54756465
1032123522
970727883
81245183
36185094
1070411084
16635625
63537100
77430800
81128061
100336397
130445571
84562343
52857853
1050343458
1820974
975755689
93681196
12454587
71309932
1069258039
1042504735
4214454
1056264346
28683455
36603368
52925637
91746344
86133118
1063978936
76709416
116610388
71911004
102262889
80175235
22803883
949091679
973469773
19909622
126770530
1058513228
103553318
1052283167
44474100
947790336
957631715
1063210514
9069173
955566827
1045222169
125886860
119876904
94687525
76956569
24500631
973229335
79890381
996406781
72789605
5526038
39778050
1063497793
1000480264
1033076174
60334008
1046525144
105323954
87448637
119161675
125408892
1052084293
121400842
61493653
44521636
72791188
14235437
35574906
1039568472
38118135
99848065
78750770
55067667
101465532
88197240
37837657
982179602
68201820
94262108
56622405
990369089
7122133
1004815631
1073300444
25241299
89545086
1040136489
2228838
1033354331
103290070
90240358
1003781919
82758785
71232214
114891662
944102567
105677606
82684697
970122629
112811903
71843690
999755792
972715323
122435262
53962447
1020059808
99390096
90223191
1015477583
14308056
34550333
976684250
1052124886
16127129
40779161
997748078
39316722
97549437
1032949526
79943000
1059928257
7008038
127010325
961221542
985469756
87149996
42463815
1049920144
1065399257
981830902
1053126577
96913301
119442316
955346498
133736492
121606560
53449433
965848881
90239871
53450999
1073513223
97692873
86982447
86107923
75212928
85333275
73166720
131137670
36319061
959767400
72672838
1033653887
82581489
94059925
1017536583
34159082
125965347
82130414
70319306
106317688
46722798
1003917452
1045426053
129400995
1019695691
37007973
62694149
954671972
95812094
47479043
66799920
1039636633
122954450
92263318
1012894469
78549285
51731470
48320610
88969323
67991528
125398493
133631211
8016377
117182374
128449692
106557456
78135667
96904034
1055648076
123646117
1013450512
992432407
944525011
128267682
952083609
36600157
74333732
989155267
21605025
1052490916
1070934649
990655936
1020584384
964082657
126873840
67264722
1044975591
89861168
49075175
110646282
96600211
82326857
110684139
1050321648
1028231467
997474143
67991373
1045470788
75338507
107813782
4077425
132487707
121352206
22296548
86376766
52443312
102615543
995166217
129447755
99025329
1007691971
943676959
46615041
942802591
944522387
978433963
994013286
995464039
114091605
42048203
5248473
19830932
73265751
1032179744
53471379
119049991
132028813
43022012
1054062785
1051183089
1065880393
12781016
55100786
1070851166
42543290
8119819
40937312
968880949
77676555
1012802402
74409642
61311873
130030959
999863985
52801851
74890846
1065022754
76139880
973672777
91724829
1005925396
68783208
1004464633
73035568
79140878
39963604
34003717
54609002
1064674324
106486897
18171071
121512586
34181430
14810839
1020069653
953529998
101972375
1044941506
949755876
20817682
1059440627
93577878
1051235084
979683157
978042987
102987522
42780429
62329235
124153190
64705327
59587002
1010357678
957187454
127913774
1491016
120003570
101216458
993951389
57780459
99344629
959153051
44788323
100215577
36806546
120161698
58208905
127207237
114159459
70648498
80486380
1022173104
128037503
52419355
20269919
128902467
1038254799
980512785
992669551
98189025
74539266
122887444
81969299
1066553244
100459353
109401520
1065718605
8701452
132085776
108112475
72583920
992151941
1010789737
973206590
101431257
959613782
122687006
1054065937
1066621814
1064234350
8648329
103534631
27349172
1049868507
99500253
23792944
974940529
7818971
1072918805
96015494
968603803
1068810650
123870076
104503725
124239974
946089348
966069559
18476248
99090326
46700572
36349539
71693521
951679957
65538195
48910733
109454927
1043431048
88960893
1013012534
69045158
36197683
79473735
1043834767
20332464
1057836513
84314084
83397101
1061956888
77043314
82938527
948201591
3756720
1053097906
35732159
21485734
58734588
73393160
78272771
93360080
981854858
945906635
60302991
95612579
85044795
1002679394
98316842
1025729191
1056284706
26672245
36404785
79289091
104515702
1066012115
112320706
38887054
107822658
999750673
97352893
80001314
968581610
1029485600
122175503
1013539837
1057149205
1000337232
52778244
100556475
104996324
73115118
75421819
1046046100
90002301
1008762069
957740522
1066468963
109942645
12540233
988019476
89237479
117382498
1038785545
40810487
113512385
42120896
8555971
1037553450
61467006
83581304
24622587
29495082
4110775
68003834
966264901
1044877427
53719362
22798558
35884507
58434679
1066870796
96611890
1072194674
1015809213
113918131
104022203
124616936
133300410
1051701285
99136490
71208979
69485991
70754954
41422322
50256704
58487234
23499309
115931425
68827468
68577193
27164681
14967021
968971535
91835803
120564755
86090209
128092334
23611990
75418001
1022011891
969652890
88417698
49817615
29981489
130975851
94007152
1023095143
1021642585
59692032
57184664
68350945
969830284
95729505
55655720
1066010223
101835522
1027328571
63543452
68869278
1017148006
3027116
113205804
106461204
982757676
979760529
42726553
91423451
125646889
68943729
73306574
72635212
944379263
78778908
52823637
1000356357
991636324
962500262
1031903398
86499861
1046305480
124793345
1046869502
982197393
1031866325
57913872
118977583
974011012
113258125
1029250132
53473707
120683497
12923300
41470497
87739998
960572843
27568411
1050925680
107824355
93862769
1021594407
996480416
71900808
1010409925
1070999142
115757326
20063187
57732792
99510679
1013008906
106239852
1023603617
1013687474
994102905
7122729
111950582
61385719
126745820
35007665
992930454
36111854
74109390
24361630
1070710466
11041108
58848890
23153725
1051636543
121141522
64553991
1006587726
1006806099
89478864
1065973276
961023381
78299781
90897707
85671077
59110264
991039120
963355345
1050308780
27058339
1041216080
1054352745
968133026
6531780
72941701
17765208
25966830
465875
133263951
986730177
71975563
996394369
79888707
125894393
132459991
12105331
128743932
1060975415
117833193
1022721947
1025357918
1031058410
28338766
94011245
1056990617
971628957
98910184
18921191
133481124
1019633327
57114502
81282502
997447961
110154704
78846775
36359079
84928259
34315130
1046928027
39526591
39471918
84960090
973109397
108221856
8362295
60373607
115499371
56322641
967205115
1026395361
112563483
64197331
50751456
1026405293
1046789486
34651656
109519736
958809284
46592592
118708580
1026718042
5966539
29137056
1014976430
92630048
84154879
89858115
51215909
39074246
129888262
8217507
99636365
973080043
118851261
55206829
131736238
949153859
79906164
960170369
35605652
1045114370
40050047
98752403
23018757
96017770
21785748
28009651
12380564
1047586632
971028992
1057185863
945381021
1056855892
1014449439
60181115
77844915
110204161
33231823
118096226
117494634
1026338050
63048859
84339803
85868016
1001737772
952169087
60451808
115296873
12985707
600147
79347832
99253657
88053489
93007742
1053953633
90204527
101498059
951577100
87563092
70227627
124518359
1007979045
87712209
33976687
23264186
59176740
993728955
1051614572
1004724131
1048689581
92643245
8962217
108514546
46254595
131841757
90442334
990969220
121636909
92596072
128340242
968876662
93612178
57103344
1010182096
42591604
6686226
43403577
66861848
1050154891
1028119583
40910930
117122788
95695286
978042438
54848792
990850507
76656106
962761829
78852986
34977057
982734398
20684503
1044585558
70675211
953422598
1027371835
1051381927
80027400
1061884188
1069712230
1071852630
1033716211
78245386
122831009
57972696
63512742
948807898
76189081
28450243
960340069
111769985
20177743
58153811
40867615
1037664793
1053017260
105874917
126835549
949531750
942515656
60684292
955142829
944483675
90708284
41021478
94851806
1041964335
992828879
981825293
123494833
134065496
992189039
86739449
134091771
24788491
1032567949
996233767
20460367
94034674
123804870
71688393
943306846
942097201
120277912
1056109497
128493744
24363017
1037524349
120962617
1046113651
978697345
37251080
66800550
940437762
1064755986
1065784732
53470800
1017805045
5256933
1019458765
118483043
1056084850
940202329
128460841
89075165
92383659
987090651
1057545245
1012723178
49743144
955315601
957343589
57192761
74834465
67637659
1044414337
973224840
1051604456
116296719
1070585512
60967990
70308524
1023192208
54432253
113458229
1071184775
58329045
118939501
85903365
129058019
9282618
67332283
1058420553
120890767
48190703
111856732
76059798
61532798
988262516
105828652
133421510
104836930
123694646
110879600
978755005
1022743877
984997591
1025300151
130015414
80104977
1053270581
84477357
43947306
94299600
58326091
42915520
109203031
56428149
1068613905
947456622
84602747
950639801
990784645
84803108
14520858
95056567
93733884
44435705
67215964
970339743
80516838
90356990
1049585150
51794642
42574534
994087024
1050881429
1018524516
88217621
976160304
124091196
124141267
1043740743
1028661213
971283950
966506815
59781963
106091514
91598246
57941475
35174798
68295571
1029934287
1068675752
1044584876
1010102263
81083488
104411130
1042061644
86090127
965679130
1038793944
120447213
77725446
55894982
114844591
71205586
117682776
1029688773
954725164
12865073
122923934
99309254
77799716
39968738
27397186
1030870737
1011339762
118823403
59208471
1002960185
118893289
41867926
93748763
18723715
66757140
1047046870
51518612
100045521
1065389728
1067085323
117101951
1003094275
1034573470
97057367
27392472
131256372
948660363
1007500992
85182693
132156997
73488135
114647252
65762890
89857473
93726048
134141498
25467184
963897469
2038046
70178529
97857345
122705731
997759053
970830165
102233290
1008620070
997392203
111138977
71050484
1004708778
36583881
58543627
128465192
134119344
76171350
1051250661
117757372
967469834
993070432
1021666462
995530050
7197907
989498906
78415104
89527720
1025983044
123444418
1051352393
60170725
19307995
28486200
113848124
15937306
103201197
98227295
952303117
39504947
128989833
84251425
128831129
954567810
1053922840
939821299
981737524
1007685192
96161620
955935822
88592703
9026805
83038323
109321665
39822106
79134389
32588604
86317835
6150746
86423693
102621920
21426658
85823088
101511818
73449757
108123443
1049095401
71729789
93477663
122557275
995244814
91377012
1042580949
1023450852
1050852283
96200501
989098475
47741477
127641169
1036910232
117068634
4342893
6624019
958569094
90279371
19042858
991042924
125557870
1006410757
24644379
1018836141
117592262
9383077
1003819165
34115555
86919624
1027568559
126542699
996792718
82736617
94326854
70321201
950891460
37000151
114998603
115991730
1060229425
33319187
77386933
1057207393
1049083358
1038053084
79499620
6481142
94272560
1054352378
4050649
1033819266
989348191
1010407132
127959341
56221262
1065071846
75308661
77389318
131437323
63393221
1071946234
62705379
988347876
989999072
125813006
955216944
100200170
118480484
959133515
951012936
132375965
50863942
98238404
61144915
1071782521
1050804921
70366914
73115581
79655558
53196862
1057644944
126280876
14556722
121694767
55584551
940629591
1004557887
65469868
131519201
64067091
121540648
96175105
43138446
1050060411
119087008
983316803
86995870
966264139
40727870
52780817
1060882603
93602295
129226699
966037234
81656921
955448305
1032787949
103539439
122350408
14952571
1013517935
91573647
99896076
116587503
83423294
91497298
17905253
40412979
1068826714
77446469
51563076
120205470
132032461
104193745
1026397045
981681689
82667358
1054935155
114035604
8543193
69429111
88469473
1047329353
97349885
1013142992
84498986
1045583875
1044866516
941833516
47144434
951625271
66191070
960715083
13907843
941465742
26393471
1070909937
98999920
41458784
969005197
1054691792
128808869
998027472
11640498
974983696
98289967
75441755
82625512
958226291
1063359158
1060109253
1002864292
85958548
89501259
6217454
55376643
126367103
1036662412
112495434
1043192340
70285318
25504881
75738723
124498544
966716094
1008868396
45337937
47620349
1069830530
973565847
26564330
1047658719
1007140947
76322566
76515830
1052206101
57189012
109772212
16331087
73218043
1048336122
37062013
49754827
1066365801
8976207
1050339453
102025668
31858810
1027503858
120960197
952263879
92027387
89987354
87328942
22815385
1047221514
1026603465
102169301
998921236
963815051
993773974
988145783
69832698
21348899
1022735356
88416678
6597084
1020581826
1069964428
941374748
121054415
24778207
121650428
996491700
63280904
122714636
996685802
120165616
80779371
9079129
68231441
75320602
6239513
10096431
51235287
132287978
94937439
24878088
130560699
97177427
11436227
111393304
127372262
33432404
1055608749
33406259
127637088
1059042659
81629257
88408199
70992654
940671431
109685392
42512989
1019048964
13145657
55080183
109537245
109202375
103650789
1054834312
127177587
74555488
997475635
970592391
34432171
77401198
49917521
1008935249
94417454
131262980
1067194646
1062787079
1045907827
33543584
104878929
127412678
1059757498
103140
1031975952
81046165
965562198
76535965
980925971
52246681
973731604
969185718
1026368379
89044261
1057278664
129324758
1047866817
118836738
52673578
34835970
939921772
4973613
1062770885
20281872
24374532
1014788643
951348037
16718119
65807837
943715847
1062060414
26030280
60882874
97106444
77005672
102587897
1065341658
1068392409
988638599
1051745622
966965925
53472846
1673531
79182899
89756922
51716902
1048353068
1024455747
42032956
65460765
134137585
982896563
1045374012
20048432
13802707
1060113299
1070016119
64368348
133123047
44745655
1036260375
4478667
100101237
1040109210
69706121
89416566
132759461
991291063
1050658372
2286854
63690817
27952503
39232761
64080312
17197807
988390777
1032259118
114528065
79637820
113145290
972748085
42142154
124864962
89849348
123647219
74574000
95925148
1021182725
1040413906
55497706
17992649
92726092
92615944
12209998
91160900
39450917
129432654
66706166
127649683
56822044
90410179
68786053
67743032
973706177
115977060
26525073
119452851
993433709
956346513
122487253
16675386
3613819
90740265
980161795
9228845
60085537
114706710
100234299
80979967
1059119404
89440709
18336126
106203415
50134987
989268558
115672392
24467489
122370890
953229451
956780283
53163006
15244764
14813496
997212498
48477202
106348271
108695178
95632732
971048155
117949788
967083825
96915948
102213850
119934361
1045079341
1025208785
77388513
1071371644
638497
72661538
121471716
1047005868
87026434
981200868
34812578
944946246
63470794
89844114
1068929289
970143468
41294078
31711908
114104241
69149555
83175989
46362673
81787937
10868802
1036176458
121605467
1031382780
102067584
1009331120
108980467
944848263
31564793
975775600
1019278216
986284944
1052947262
961133982
954742762
7964288
88429842
1023291926
127518293
65738956
966586288
114607595
8692001
89938082
94559650
67014013
975253781
1005503516
965690526
958730228
24530901
953775717
1071474964
39743384
1038823150
1016241811
111997418
69619026
67681077
982458070
26902040
1062671143
124910111
6129314
99700392
971637115
23627306
41215745
123589959
965623069
14987347
1053090746
109872431
973987722
1035986659
118291132
941327732
30418631
49547046
960199232
116719761
977400654
115318029
1030171348
132187530
132599764
78195751
993602696
98150678
62643872
957860608
1032058497
43829082
1021791154
26757839
3733065
1034891028
940567148
1000125946
1018269934
120828280
1039348670
59533044
975768135
947280830
954069529
949423040
75412969
1051813772
1039024942
1072026974
128419605
16018204
1054696835
1023436018
1052184759
986820202
131783993
120684359
67668871
76238247
941191405
61785128
102517871
32243400
87843399
11617304
1058304243
24096822
123852364
105250826
958616178
101677969
83157607
575488
72167506
67592440
100385234
68250709
994803537
109356255
6596229
1039135541
57323589
86812612
1037483926
114756465
1073085627
129107932
949121668
1028303368
979461184
126800762
42746054
1049373986
949938504
40133117
1036006482
74826900
132596801
84795779
987974371
987942152
15539231
59875225
985942175
956869688
1018598571
112001423
38723438
58145656
942418875
1058489124
134121274
96514764
1052990175
966958188
47132700
68729937
2491745
988284162
40604712
48129121
1000106445
45085167
123489089
3727030
76438896
986349151
64896237
71195884
1060762347
45945998
1056888347
76918799
33550901
62469293
123844699
106106963
94518517
132937105
994305132
25808361
81733116
128733426
109717963
106503940
1047696801
1012217725
77979607
1045195333
19360950
130987439
7829445
71329528
980154252
1810241
16721317
1007740534
107610626
59611753
47416536
38355837
113243704
1051209004
1873248
95194184
1047861517
100951229
81242721
1026082555
968429655
987996436
85448399
1015487890
14007209
2404538
26915621
124708438
34314180
1052304854
971935025
99801688
36087747
1048899379
17694298
68142514
942412969
21292938
1039629754
101165508
1059376379
1065509734
83558976
107186231
3955160
87896821
46529104
1071211409
60469219
69303860
1065796549
126361147
114628101
122421088
28925869
993012606
53718819
47868343
1014617614
95183441
30279886
45523451
997679418
1073185873
982805728
27471210
1038456210
99322020
90725268
79248846
9469537
74236370
74174304
68859563
1888657
79272830
16554099
77928576
80865226
36155092
49324881
1069217489
118401202
944044125
10134837
130748681
965180840
47999072
965379288
71597711
1062227928
7784062
82392691
7381188
990451314
19122973
970325576
956086921
950730692
93566463
1072147015
129827858
2453720
942836976
1061118199
1033509611
1025303491
57082891
958384050
1031255333
1041611122
53336021
1073735597
988857141
979751230
37056745
940555265
121919691
113020340
102122739
1034209242
58795732
102191469
107824672
75035942
96807241
963332263
960086874
129169019
55425872
58505216
59020374
7688851
119872004
120197136
108925263
55303383
995357302
55716229
6001484
965551576
1062432053
110475665
13226518
48107040
133290103
20398083
10422685
955053709
122336760
15754155
84590160
991962072
125888672
63569053
1063959270
121452163
1013101322
1047483601
130017977
42397306
1058101306
1049341819
1067587007
66091968
107108455
108434445
1057084229
125837871
1038447323
6448612
958055180
28240727
110098452
984364468
102320436
975744162
39527509
22205821
77144121
956399487
59297632
129223702
940748482
125749444
118370773
5675400
13278306
984674956
958457466
60396408
103796223
24311148
82538829
1024448833
973897120
92100979
944197879
82719921
96371229
22248024
84661197
74893806
1065261657
961464113
114772308
38232218
18360762
23171175
91169624
1018777047
80192344
95313218
1067549449
110748119
970716383
985559025
100769255
40220638
1026085068
117068117
971514435
111150
50430862
995341306
964705373
1041900774
125617708
1044105879
91317778
52777096
29585117
118446280
102741698
108883144
122877907
1003838499
38396855
10493112
967483596
71676795
23624024
14384712
74377141
89473368
57034263
32750468
9177214
16669667
1067229429
130799223
83577799
944776384
27566795
109274834
132637420
104042079
956060381
109890168
133558019
16988229
1047747872
994226240
1071281789
974168112
60306947
1022826907
87761160
1016001690
1061735267
69538288
54403142
106095555
1017537700
49127089
45120556
43605437
1037204844
68108505
1042447560
85478568
15728210
5262871
960734687
1019849170
97182402
16259613
92690710
59349452
120783569
1002956689
1015357768
103482184
1042982588
88275026
131110114
38753573
945296561
1046647246
100489823
69862880
1037827157
959730957
1055786955
113551527
61428042
132051903
1067269083
1053217451
127191223
1007057560
1043139648
1003718643
984826242
1071437472
958589616
91661839
73001155
1052144888
82384290
1020940797
90031981
92082442
1062761405
1030741806
112860175
115395005
33057666
84740423
1066187603
1046299407
112189577
1042130056
1031519599
106585378
1055900828
80176216
52070195
77228625
133067319
96876707
59150787
124626379
100847383
967444028
47871792
970956943
1070719977
30694662
85772384
37626494
1057465994
20602454
1050524727
132598541
1053982501
38236361
60767707
1051047680
16472989
1042718941
3433423
25236057
42268058
118605751
1042547385
113786688
965141036
102010898
990623302
1025625130
1072836764
1015021581
987356186
1039645712
58429401
969207254
62050207
113373681
115471141
21126065
2707382
1053973569
69570120
961045089
990893682
1006687099
1027947691
1000599258
1055540893
1056313406
944833721
7356483
47394310
48159562
1039724057
574765
959718412
57202128
124771082
76677014
132485621
5041985
974770986
1052466204
14082312
10920826
1020779598
68913585
6405262
26146638
83899345
40489148
1057291755
981148784
952354452
2088728
79629787
51745500
74272088
125477616
77465810
1024022052
32289654
11988054
93310056
91760140
29497304
957677154
5058767
992571039
85021886
1026936575
72935954
64172040
93064962
1034306862
57377491
32252527
955686502
22741897
116357545
106032393
1010935856
122326263
28707986
25432348
83591
101351120
1022749893
66939641
71542027
65044799
100263080
55631833
133922125
1070122803
127596619
5295703
115265039
103472199
1013296989
107243322
90664739
999498318
132229798
52085147
62463366
980215095
26482548
44862255
1070123973
92337903
133112362
76065786
87210807
949674239
112626396
67465535
1056171493
952486900
93265936
14012829
115862698
93544358
112175758
4837471
1018052232
22354665
1012414826
953240064
71509452
36301081
1033537036
97164369
24812190
67162436
30215534
82784521
1068915077
975525161
122115978
103215765
47145877
56036550
99685059
108910107
1831894
66798618
110043240
1040913771
53132064
18410121
988956666
104277541
1028502675
124217469
1013733088
49168570
88031203
123025071
126887417
106520375
101882178
953632263
966307888
1061613807
116493305
124296573
959354381
1003796870
1038143230
70390898
123976637
113848468
29346398
943281407
1023237047
48147743
971843351
43581428
34721777
21938471
1010876920
65550960
114024058
111094929
958119088
41762067
101147851
951033862
39078862
22991358
78641538
4108662
52882506
85816401
1030879969
85886758
60800897
125891644
113172807
974871604
19563531
1030149665
126718263
61912211
126286306
3272133
1029061363
1068862017
117603484
1062789572
106813644
954731132
75988110
1048330337
1013091851
34366916
21358424
113040065
1055638046
1016278252
1027779032
92348859
114981024
980295631
63180898
68551030
56031320
951294574
966877979
961469801
39140768
102300018
60417631
24921231
101640590
983106186
1009140939
948179124
127909009
977426896
1068228099
1013998756
117066031
1023511011
941916479
58178920
1042951884
64061364
98275371
119701138
950150913
1016170835
974386218
112726216
82682588
31983462
1037856744
91752771
3133800
2427554
75714629
1022570315
1053283221
991537312
107803293
1038709954
22940783
1003058267
954438150
1061061063
1053388628
44525595
1009051973
36817777
37075674
968648235
1011315793
1065888128
30237209
59496728
15537984
998867977
66551477
78626528
92777815
1065948850
1039158372
1069914230
33074728
100819133
100325606
952969197
1058794802
10545356
1072724727
39563494
3538653
55690074
126037693
108946622
11267633
975272882
81544496
118459941
130984592
10337318
1061402740
75936642
119602802
38406409
1056519155
59278718
22137119
1051244853
103425979
75663207
86980903
1065069656
97184328
974615117
72403153
94605751
27729680
133566910
16019453
37398908
942238931
57601426
1051877760
130150963
52125934
90018162
1030812270
45077738
1040277773
1020349971
91933817
87692421
103081967
104511873
1048177503
74006364
48594975
11922848
65479175
4639859
1045068259
100252145
98464279
1031906880
88178575
78657680
65543162
44377339
38040553
91257624
966283577
37913409
1027645775
29460706
36249108
1062121655
10043013
1034976429
1025772583
76700544
17900112
113107243
943059478
118385236
80184337
128082087
1061727431
1064769290
943964857
955607515
57165156
1027544431
948545335
1070226747
119530387
6155934
108615412
69733272
972171156
966603819
1022650796
1060512036
112712909
975879873
10535149
42909090
1022961125
940920594
93543883
69140290
1016677586
89381001
42030106
75625627
77638160
963715022
73734252
98162098
941266772
87375417
999125371
11883134
44713089
1020742126
1013936390
45898963
1052173181
64772509
88499836
1006717685
101209892
1008175267
115694488
118571812
979251421
31077104
1016552087
43674373
112757743
33729175
52257340
979947859
83397593
1055431989
131543416
30026256
1051820298
1071991945
1019781613
109604926
11565069
1061169796
74290947
954208649
1039923326
53396609
1069876635
1057940342
36407160
15414052
973442017
19592944
7778466
57844580
86809534
50792307
1009414988
68522226
20466294
1042629126
54716573
974414053
1010229623
117680712
92504065
8680651
1072003137
58820231
26147731
3571945
21118117
38942756
3511547
35322336
49577864
1057824756
969622122
86100854
89222131
14779308
89799014
69553211
42884907
109936696
964638049
18925861
1071290790
992726057
43675880
61174132
1042503034
133438978
1380007
85094666
34643440
63506387
10270930
11327967
960832320
132699539
1073481149
61132722
69056686
1052226292
115874815
95431496
228801
30709571
1028357053
107887115
1061301527
1070553080
997443462
98421322
1045185056
67145850
70189430
82301634
117733249
35809347
1073685602
960770600
104377784
1043662583
30314883
91221875
60784502
99309852
976430665
65175340
79102409
66856531
1041560605
32727816
114794781
979350312
130261932
27766507
1044590923
73331841
96100409
99248460
86288641
35342473
1059746288
1008084003
946356295
16044142
1062135868
1050221609
995737604
27080909
947820977
976494114
124516232
100493294
37534025
41069621
945693704
19188598
18507230
1023576948
1018402040
989792680
1033425254
37375882
940807724
1072931448
25456848
15871338
49560004
1072344766
1003574382
1064603735
953576012
954016595
35459200
67153481
952650565
110064609
1041395683
95749714
54599789
106593903
72325482
122157016
119390508
955093952
106967846
66118736
84527770
31994535
950933890
971949302
29390498
946956547
1039385836
955102394
8316063
29685914
1045371031
78769016
952919362
1006528512
116620422
126251691
87666567
972929006
122476892
957005400
56605177
1056073986
115768410
1055133771
124253864
15908387
85189175
967797114
33920540
955274382
23286137
965354509
1041919463
55276015
41119048
74605996
116944860
1035548303
50581867
102757635
945470358
1035516926
61922956
58190401
116706594
981485351
99157163
1000676641
63596150
87528009
46244260
72799273
101664411
133643058
967202863
1004416286
14761233
35121283
28568286
46596073
109019140
91852191
84914271
947363969
959269604
26015348
1030578107
127674906
68500349
43404217
990223825
1050179192
1039409553
90434921
6139861
74411829
42601019
106421139
1035692602
7866543
950688784
130259722
946717136
72396496
942780952
102651961
1002773366
90188496
71654630
1041244235
1026803036
86783079
74492224
108261608
75671740
24266658
131339135
93807844
78428349
1062801546
1045520207
117564377
70666964
118861820
1017142663
95397962
126344674
1067765616
1063899480
945569082
36617510
82987641
72246616
44373460
115490219
960064024
65270607
30981236
1012574023
101342254
1055241463
1061970818
986123191
109632360
134095746
90232904
97798912
971302809
51638332
96800210
4615891
991724095
52147740
81308351
44356086
939960455
24543926
983050156
103412972
107925232
1010398928
36290455
73863675
1020357812
1061490795
826850
98569552
129336578
97820549
1030121605
1012439503
61065451
47008549
50547349
1006342698
119608909
110295984
94263645
1026226019
72246868
104592805
1010712300
948060112
49286104
950116631
17677915
56838025
106581612
999199777
109342359
105342096
52258373
67276941
4130745
87688403
1005425674
1051681896
87993094
51031620
116579426
1047509378
1049029510
86166848
128871382
130250908
962386225
1010627540
253387
81649908
119929620
1028456412
92530835
48848304
66933733
26617077
98334007
956967891
125294629
76179001
942620426
1015077230
1042474973
119095516
1056350614
949655833
12139848
76975515
131661684
82149076
953998202
123035418
1072285336
1059754724
37911500
128945628
83155043
96765492
16530109
88431405
13098889
45975292
1028152462
115969870
108994343
948799382
1064944387
44168580
952327958
47840068
1004040501
54426682
115294969
122818861
982389299
1009380856
945397596
67196261
20148833
113028581
1027700262
92184562
102403992
91695001
104543187
101362183
87049764
1050121723
962054548
132175563
9703927
50769572
108696556
984630314
943792255
961527533
1903136
112812371
113708519
94128138
94303447
67090313
1058142075
91549851
981613324
86220056
65370794
131155698
7690891
89349302
122985546
1000556860
1052738188
27314485
1021328824
63674797
104649112
31303419
40533342
11507766
1062604572
1058450864
1028511854
22972297
4985637
58026764
1009254870
86705837
111188384
1032755806
957391162
939910930
948705656
77193315
9675389
1059892924
986227912
1014700997
12033638
121144886
69370131
8351673
1009545607
986309260
22074082
105297804
957282424
78140777
131789532
1039507789
126776016
132305471
946351614
16116477
11789579
100814847
21327239
1070136421
106774847
56100827
80530435
75403983
1040966270
51322692
956251486
12354416
1061625668
113540081
113064015
129924897
1007026434
16497961
51014060
85346941
90753991
981392236
81521082
1052488947
89228085
89938895
76164427
63947659
29094981
981017284
55766656
1057132972
6304109
26568880
2488692
1034585929
27113434
26232658
101959004
45427681
1060561400
1017096578
123485099
972059159
119114902
1044446066
11642430
968131906
1007059998
122474225
41709616
1028701814
1060243790
19349926
109318897
990855927
94285468
110181735
130953939
84006683
1042371237
1028582713
955465622
26790650
1028293830
1073167827
1894229
1072389729
66512772
10822805
117544252
972710881
27876316
950235294
34794348
10548377
1013742041
1034878306
38311321
7122128
73253993
1056338376
94963807
71479997
987171385
1012695691
123743470
1072820312
96504047
85778635
947098512
1036519513
1034767580
23360539
953225372
28259328
116691777
1071116223
114954065
948388220
56771780
39255744
125128664
999452985
74927769
46078352
953680806
953702954
1035473774
982128685
29908329
1024501382
107335098
62148289
43846263
1006513857
1038252257
974470213
1033550408
991634668
1071370356
114010680
115176520
1003134209
101039115
967755053
1011636347
997046017
949166404
59728869
57442639
990415403
1007675858
982967393
119844320
998257827
1029505573
75609806
73930474
73562523
1072092606
959416824
947936651
114443986
966482323
26082755
119067197
35125871
92378881
1057524085
45054293
2154487
1064244355
96391275
103753218
49057132
1060937741
8828801
85546948
975600925
118266568
1022888138
53953067
996452581
12868487
1047486531
87165012
70307011
28669213
81208953
1020824820
56438829
75585613
1070296911
104857303
965571150
122475977
116078243
30082071
11639778
989646683
92940795
98519457
1047802769
1073195388
116482512
87898803
6903387
7508906
21374944
73429042
1058540522
43410799
86376708
31924607
17464573
121241190
8692044
9350386
81990179
1031878106
42862409
115517188
25517735
82105439
1064931789
976122212
1042554373
971238085
1023555224
120145308
1053139645
1049595591
34670830
1034281894
86511371
4100488
78347552
109285110
81712655
118804488
1067757217
1020639211
1066718179
50643796
1069372465
26752052
112290087
1067348570
124126818
126446859
954022185
1045155059
1064114641
120536786
125136676
945589779
118076513
121152512
123624605
12745118
1048595503
126286664
54070507
15094436
939728439
101390909
15929685
952846612
79412987
32550776
44635142
1002569158
68130014
118096915
83538685
68634184
59360268
1785603
949432350
1047672378
1057975892
24482696
122789951
87450688
1049460627
1051269646
102596212
116426313
102727733
59892044
1011720376
21529626
118687928
3466315
92382049
121331477
1035995397
943936400
965310976
131800646
120179135
26599268
15242132
995383111
5862295
108539761
124915171
92575285
116186998
13997413
17563066
119438112
1227416
11616683
989892903
30826718
123152350
115682100
51388206
110425754
27083040
98645008
945459533
1052804105
29938562
120768300
111209746
941858843
97296671
113632289
123098358
3409272
95435415
81951875
977549704
55351617
81462223
72306587
25049464
96239945
61446914
129554603
119791067
99229231
980463807
5383005
36131866
122912315
1066118343
1001810003
1064554664
11867925
125986531
19959711
990534750
29970231
1001089064
999736099
84029653
122920358
950503151
77754677
1070338347
947477534
121627865
103582192
970775658
1039386383
1056104357
112861720
134165567
104975365
1071400272
1071704765
64547788
103003150
955131586
66689766
74887672
35161924
1039744161
1018923023
71672928
952423038
61524322
1058998509
57155377
1054523512
1010796483
16796729
113923949
944658978
1051466611
993877901
1301402
110449075
1025264020
970853268
32782913
28998993
78789570
121671793
43095341
127289327
1012836102
96658000
52865704
92163362
1011896179
5687451
100315251
100178419
1023110856
945049614
64740066
954531074
125086730
102465866
1057270030
122598092
99556981
967191422
10850804
64388991
96561208
422073
110168104
132056330
1010847392
128359788
103206066
27947441
124512314
89036996
38873181
1072659833
50355292
949984632
1041356252
108141315
1672451
397863
6989752
1070803009
102336621
1055946554
1000890022
82728023
82762819
941003348
942804756
82297702
62075758
14063113
100057878
111607058
1055067897
47791375
108321601
1072214100
5239346
951192340
10648674
1046871585
1021198806
8341026
34976304
986848817
9958613
1029293475
82887126
10109983
52225955
942500790
111223557
129266229
939889813
108148244
121177679
133677436
965928711
115122295
112751134
101366150
1055224293
65132510
30724979
996107392
129813440
81154692
13532791
125490466
11337534
961725612
1041445946
131893374
1003455854
76753921
971380250
109439873
16288170
7020216
17415390
959415080
5425966
35896891
52266502
113141554
1043787892
1059400213
1001760296
75446491
17541350
1070080226
98996914
31887316
6964734
69071844
1052819013
92837569
984356061
1072139366
55115041
117995445
38619567
51164613
1031530210
1059054227
129754144
103998908
17391238
78350616
1023906740
10164105
5558654
996064559
998933577
26685545
80883612
1042001700
132429236
994651513
76782520
1071659880
392570
8100019
1059006820
1069008692
65112753
1039253888
124593631
44418806
1069305621
970853332
1010714198
1066051620
954637306
100046263
940077320
84916654
12312332
49595292
103329723
4006048
107776117
957297882
22993464
1072842969
89656967
1007839367
111108870
1025441614
27952428
119018921
960700563
90194704
2316721
114721783
27577756
1036800039
122886040
944432485
88354705
83635654
49637913
956211589
1007146401
129883779
111047742
5545648
4975225
1060769690
111436961
959593999
1054625469
962007935
125701117
43544395
119485750
66641390
7050864
945964019
111873629
95147548
958253656
994803890
95499001
956551133
972953118
106154993
861568
1071561928
44455255
952926485
105448132
961198790
1024445562
41182100
346119
1068980639
82612652
113108497
32152052
1073661464
48875704
997998228
118234815
110561846
12466366
1067287047
122978291
113252688
88093190
29276130
131120515
948745101
81540424
75830995
951549813
122629978
1044765534
131546111
957979673
106201154
1056172402
119523667
1064113586
86584726
12654753
68484389
67438534
111042356
127119071
70376617
25719863
61087258
5857144
20152860
977965358
3915912
987573899
91931812
1061046075
93250675
74529537
1048026838
9148094
72786572
97050427
121875556
122554922
119717907
75254016
1002285280
82754004
952087685
1072081004
129570365
35695754
53128679
73391500
973184092
1008243490
1045263041
99001540
82773499
92152832
106601111
109621167
111317018
114020199
1058784813
83560814
21823308
997018572
109819095
1053783318
942928899
16621505
77801253
118647209
122310273
64028211
99647886
73251170
16608143
34962888
956727153
17603598
1064769144
113651018
98264331
117672194
35324091
1050110559
1065728596
100789914
33035932
22016895
1066471033
72426305
4529791
68708938
26586348
92455492
969822885
126625472
83292110
35642980
115668490
64967613
36429405
80770736
1013584477
22902977
956567577
48327316
1010273152
30931681
33974613
5276574
60379624
1056460505
953271792
1061752368
1015340620
109291072
957064527
1020427242
311802
116404329
75119669
1070113869
6937796
22631494
87021980
126802102
980989591
78929514
941346840
124896117
21736293
100793027
98378561
1052351598
99981433
1031063234
127981022
113599613
126822630
31900804
973207818
91757895
90408764
963943076
1045846329
948497116
87935282
43628856
971441106
971086556
107825353
64014265
118716681
1022538512
65411251
128753754
999471927
944602717
960425041
112596447
1041919730
90563755
81647233
125512921
29715711
957304642
1072837101
61670485
950079197
947102555
955724131
1049745410
97441826
53613169
11631187
1041106038
78460958
1061295172
111490863
106649363
1043617319
121818014
1071231019
943487815
1018355912
103833458
122808881
1069030379
132502987
129983452
67682606
86130782
21101955
9557934
1073188196
939607300
948015014
1064868473
1043109401
118473167
66421614
127736302
997587821
19306382
23984676
995315579
17990753
1057614026
1002499347
1064243171
105422762
974233614
1064023873
996563398
36042956
969282739
30690171
126841890
110453919
962339097
1066368533
112023384
1008972916
1007205056
14002777
117094479
128306326
105939320
128834118
133796991
942731090
29128437
80365830
978922891
63722872
1062894074
1073536014
89738113
22897058
1063209694
1033921556
986061670
124390911
1052415057
58026376
959638834
1013347571
40185780
953245073
1072121541
125648406
953943340
7473287
85700360
1032906264
11596236
98401166
1016552584
109274313
55945224
1016141080
1035610359
81555830
11878091
14597543
96086450
110202425
43644795
948531810
108094792
98633395
123862869
1003249243
8526173
29535284
65254799
101977275
1052988549
953041050
990204179
1013796520
19913980
7875949
1066434153
1063323677
27005346
118193223
110164058
1054077073
104393113
116408507
1047956568
4305969
1024089165
80083607
103454595
78056266
29621474
12971079
119745143
109078836
35169794
25971108
108693931
54970630
39232586
1068245695
9395713
1061308383
74757154
1019600257
1065987661
1067868261
112241393
953661876
133706495
1073673467
52550818
109705311
942833057
46914704
13459753
128129252
1071326811
119575633
78231412
14635288
1066620797
1018756877
1064521035
963524925
1038986
101389912
6437885
24363110
103384305
1020210643
70755704
91458456
993376127
970221598
947208764
51926947
104626484
84032788
7437963
32842976
20035656
61098445
29752756
34466813
123406474
106510568
108111667
1038736076
107729120
1048497068
961177063
29315684
112349511
1045567978
56843778
39497577
25099351
78022279
89589808
124478573
97903756
111261778
23323306
942877476
1067771477
1063679957
133189342
1010020674
948786477
52837390
79038550
32507206
8942333
114089515
127207412
132137559
1069652135
1015993862
120988400
89576251
954696405
53552089
118499449
954157282
965864249
10466328
1054485433
118697557
1066321356
1040002498
1056389243
939524131
949089622
1002624276
17751305
977421575
115248237
122603800
1014736499
38501773
1056794962
1059207013
6403764
11314395
945037422
101061087
66067548
85919937
77762531
114914106
106849084
29146988
105224662
11820451
133152025
30008044
17847711
1044047619
1050139583
110575250
17617016
1029104042
1024118385
114081796
118137202
1070641678
1040116779
87618837
29568789
132763046
998423214
44770158
106514095
114552394
961973707
80273105
8400465
1071916058
1044998284
118619762
999069226
127337092
994265514
17856167
9780272
104476680
116064264
100633291
107517418
74116964
12953034
126416457
104894228
1013178328
44547492
19029830
14470321
77721202
108685255
113564016
969614985
958037775
121451148
1015488590
128273093
106028657
126561589
128883680
125987211
122884938
1061909958
10163646
102537519
949638670
972662783
83744685
121758170
55550296
65255784
981599501
128733877
90439527
83952677
132227170
132150237
1044828950
31107967
1070659599
1073453415
76326498
5192662
46521464
118881165
1035684890
15080114
15640234
130165447
993986460
1052050214
102353687
940598255
26612695
118384441
6916135
973510003
96558826
950692995
93869508
92981910
45692039
968210932
1068144662
8361071
991580445
1073020514
1073488491
91039999
28830589
961263713
79308935
14480184
133347747
19475664
1007117463
29093447
93386689
1036499759
17480331
59123176
56380567
44925219
110501495
124083350
102340877
97769962
116660060
969276424
1014980782
49882282
40581939
36775388
119874198
7568198
948347859
1039837472
1026330158
27961785
30048654
992420806
949161722
22409555
31379977
1017153751
5380352
11664542
127623710
70877075
1035736053
1059041787
1041717774
89698906
1018722826
969779881
133805558
971527153
114079781
1029434947
118918805
38278284
952771481
960101135
89464347
60347635
2721957
29150943
24454802
119613995
1070270066
68270110
996655708
57364563
133991539
94845912
28313851
1051690783
1488268
49339045
29433007
131127453
999719469
37834784
940502669
956095191
127317182
73445075
1045844464
1072331423
10770661
975597734
31128078
114033201
130381826
1020016373
102293695
43148588
940643340
945503118
118077541
121367414
118283574
26274020
112000244
58198829
17437749
30188323
1031953082
109440353
82129324
58222110
1041815536
315754
1013826578
1054317771
111413746
997220895
964851760
959130749
130738720
5972839
955446960
9430243
1445545
68165760
88336077
37504134
947390220
988711856
123934958
1067792320
93830452
50520214
89697603
26796251
950637361
88873916
1032976150
1039318141
125184357
1072772959
951507797
972048201
1022428590
1031244460
117450749
1056385097
74036552
21660848
55836334
128728557
52020574
1046406382
52115651
110477999
1048379248
73392506
3579079
126308011
14160008
953342994
66966499
115248645
975750552
113795192
79484373
1062880212
112109683
1029549137
77652439
117849807
29308565
959713867
122524874
1063590444
962376042
119300343
109335158
1040532385
967381887
1063724907
947596703
85019648
1023398636
33445040
983365169
131655462
124301687
89550763
122551990
3226777
91856690
80211049
107325056
104021842
1031255960
108226697
123001699
68585931
1023414674
127281014
109960454
1054343319
1966616
1046358030
77822253
1016465509
20601280
116428264
132346823
86605638
119483977
966168394
1006717269
29857754
961688685
110561469
20519181
1019513889
998807048
939712654
20140116
51403009
108820350
1016681638
952417040
107514031
1062823064
967826048
132972384
24255877
960490352
85505349
66691072
116848280
946303277
86739534
124383985
36625852
30473450
129120011
1012126850
1060315520
81355084
101014871
101310982
958716301
940876519
14659225
966752427
79308145
945200125
1031368453
1028350300
121422909
132978915
64121795
113151768
116372188
977744885
128908293
102879405
9542263
35454199
14375045
75919912
985115526
119523740
38335783
123588131
44090357
108203650
1068844926
115627289
56083366
3696601
973977647
1010733517
106030059
36145615
66355402
1011947728
120629514
86917491
132686112
1050617361
2219014
6595034
3247651
131992483
116580800
110553378
1000811239
120230709
1066121966
2583626
976469183
93519691
129337496
973473580
1006580371
968249711
979937175
118549846
69102818
1041948548
118848565
41897730
1059547818
71492404
4341729
65985798
2901083
125017230
3412371
82429541
1035903600
940715407
1062335054
824128
45107707
969367377
77989318
51829759
943543772
13025515
999297191
1024845104
80634377
106558158
993682139
77262377
70402716
81608019
97433637
1027369622
68480823
120216952
118446901
31014260
86016488
108845658
123252588
12143085
970122219
122889153
956940705
984264820
1003558637
1540711
1043653895
1040424851
8424479
61955086
973727901
11941532
997726559
103403149
7082503
1063780270
1052317304
950184199
116722843
24761376
131474948
949550555
996994409
6291876
1024071083
76257477
1048713795
117628198
1006046659
128530199
84455677
130883400
945913628
22919254
1060378959
54778602
37790227
1073091557
1067174647
950294888
34082915
51359191
1061274026
30037983
52700888
75147321
29669370
1020563651
48862724
100735989
984007747
6442482
984998929
1066239457
80355594
105089022
8706273
73062128
105687763
24949118
955828704
30201789
49196024
945301845
33636445
3882290
954153199
50765555
50190202
1063483654
81514199
107101835
127229244
1715975
998870068
102960636
1061047962
61282885
997526676
1035130584
93162936
65915932
1031556454
956910757
95974959
1035743673
1034693152
1056899573
1066392181
55296588
941897868
1016163
77117259
81173616
81302551
9086220
19039485
71512559
1065722262
23380760
1067416001
957899845
1067250837
1019411071
1064052385
1014583130
16057148
1029125564
1056781611
26588130
1073283238
106508635
5704387
110665603
972164271
1061798149
1073006897
66091893
59364921
985376467
1048352622
1011963690
47398184
987137344
97321365
1034222769
79401260
130336258
31994626
90467707
79688693
943624869
1017679364
1030952894
91706137
30711667
96263727
1053611069
47621414
1039233589
71299958
1041765132
119896722
90245092
1039913918
114556794
1042133649
100223843
11114651
114744528
34296902
1054929304
85468483
81296617
46350876
997434033
1002607445
942045792
49203810
1003920155
104482576
1071314523
39295211
1030097038
12452746
75916377
973065306
56072111
79928840
103759444
98669564
67945110
56623689
52129124
941855464
92533812
1022069446
47652289
18709484
991007418
990968350
47162267
18332877
64627295
63080952
391050
1048250066
108852799
70362823
1003992081
82844288
91375070
939812713
28297980
974238387
985234531
70716557
7329969
35043202
980994189
95555954
93288500
20907955
963073804
1045954386
1066277511
52579910
1071495529
1072420604
6536465
26334424
112685935
981687386
3110573
23860339
960495309
128103008
1036644977
977851882
36140997
963748812
1054372807
114096676
57653716
88132010
100715112
85736790
1062419349
132386254
122393132
73125179
86607133
954349644
79515266
19804075
103780397
33042319
81844635
1006497281
117276362
86206580
107750677
52665376
982559889
126193822
10212438
101777263
944779751
58852992
38057
10005464
988315531
127475281
1065665258
49946684
47282297
77806963
942113362
1031210405
74670856
1029075903
99172620
91395603
30176155
948880221
101993883
73535072
82332532
82670230
1031473059
1029394284
35157175
1065871650
52166739
973344465
88063715
96967341
974616611
987222170
91808414
130945908
1907360
1037600973
1021269677
15309609
125071080
993348924
949163852
19461923
52768456
129171522
84539253
63589140
953251151
65023471
954522121
72610227
79000029
997452229
1006703739
996919488
995834248
1070403166
76091865
961080557
109747893
121684392
53542322
86974548
947449612
44993071
64108735
73979179
951921181
80107365
964866591
946156793
10752770
13155583
84144673
118976236
24894612
100989119
57893147
97852078
943480875
81881770
11106311
113974828
17151560
16658498
1059640153
963707781
7539029
23431416
41238908
34929692
1039933276
57441449
17303804
58183053
1000254795
1043753983
1037461854
80736381
950353507
126286631
1048855764
42616222
7004171
1055093944
114575358
133800294
974534117
1048271562
60533591
1047608837
987441055
993646159
1073221764
117589822
45760266
77337891
1073528787
54381328
73392161
56419439
99169307
19025268
94338079
941797105
1067017713
47795123
94722547
1071063944
946273485
111850863
44996736
994046707
59569831
131370197
31907182
1311708
127370648
12252963
973987025
983810730
1045897886
1044376674
117530594
17210921
112282852
111850960
36956424
1016914392
122409222
