941842913
76756424
984265872
91718581
46075887
83617387
100143500
61029346
1029115789
1072666963
125695997
109138178
25122426
74481547
7392266
1042520568
973853031
12969101
73891891
73600185
1073702433
1038100420
93881633
995390588
31169406
126128916
35152535
131551860
50231694
975673455
976894787
66159530
2664419
962891340
16731343
42220875
116438021
12808152
1065278874
16509625
58031448
964720656
2905766
31828285
1015398708
975152335
39486279
45950009
88859205
76365135
11327580
126233951
3517992
1010773548
81528870
994337454
1038646678
9439538
1054489910
34708428
40294570
30423286
109172650
81902720
118733420
15657276
963568215
49844028
89250349
128497846
1042234365
128938321
80592365
67971628
97568891
111838420
17659829
100449507
4850703
35346394
39940611
36740539
95452068
111789961
1008305207
39613077
3890629
980098405
109410631
97425100
55500457
65189288
106962986
22329768
89374696
54490806
1045109195
75394463
95788786
57814994
107361357
31797180
956638657
105921175
125299535
90480861
1021015867
34332443
39799931
130364956
1071923142
95138218
64702711
133387788
1005594658
1049861128
1054621784
110646868
99782878
9865109
53107489
79623976
113477197
943026719
93354284
112499297
17887594
125437361
1070594767
72322898
5751937
95805815
980962988
42194649
9055187
1016788674
110932362
77549127
953132249
971817189
972983859
130308161
3408362
29950501
35013991
72431392
1053278064
124529847
1054267010
981516605
53168609
1026482220
26052819
97853212
132890152
130888210
67529043
90141832
943062069
118626287
1011458098
39143152
64198460
949125966
95503521
44305507
1004872337
44661447
109885512
1022545054
128675219
1033341879
55818912
122922223
7593173
775867
71565727
958246372
96575704
978290515
7829181
1342423
10148105
957562284
16710539
1042741321
52588380
1048171779
70902646
101630904
13657032
974102839
1034345372
1024676139
975701547
97203601
1651836
53915085
1004930761
55545372
10697965
28151773
124518238
120675298
50950876
57553400
1046718355
1056509783
1069709890
48542900
989849529
130970614
27889152
1017477473
52326555
1058586365
104946252
131758239
16786528
942551723
23203320
44964384
26626094
109967651
14236059
13722718
989408649
1058959495
87673886
121957734
70928504
126943302
967115893
31934826
30192402
997008199
14956973
1011628356
43775956
91203218
51520815
1035653468
125607033
975022391
110635956
101478425
939670303
36947203
80575938
88670682
123341648
77733776
1009865846
70393779
994233824
482578
13140010
972447311
21320224
943833610
92066228
93901020
8823535
55876443
113963451
107335233
131151062
8479967
1061984791
123178758
71872036
129617904
85884030
109058616
88036435
48560504
49931475
126921366
19216376
990391955
1072606846
976288638
33269676
49373467
54287806
989103613
1064494160
74798954
13834182
943961302
961319721
992026712
14071582
62901526
16510726
69833720
88125192
103611606
20940911
21708050
1059004922
1031263739
87295248
963426731
981493556
85766809
111931082
121763729
38748641
56281303
1015966175
1045668760
944728010
983258466
1061477276
3254648
90001822
1020961797
12750779
39293496
112924526
826960
1052720676
97509397
31722912
94830438
120326232
1053082134
47327110
46780388
100728924
97069116
42993501
131700400
43380327
1023234465
965463302
962084339
94172987
75018622
131713315
954989251
43977718
49428578
1035728763
10108671
118997411
982071436
1048351900
133957584
104740662
120079745
22736471
127442101
1046660372
955800990
1067945974
46351808
1012991264
76302496
26605135
125319861
64072344
1033122202
41993396
113544406
31599690
126890561
124438376
980356134
14546343
114948270
50710307
40206797
100843739
100233905
100225273
128590836
10120692
20093231
126836449
74966264
108421190
1042721386
18452842
72509202
106329792
82046423
32678590
107255104
5616924
1065810527
7194426
45398475
969978386
132478643
67623189
1013003889
23127146
114871444
70689308
967710910
1008820462
1024740849
132216665
1051460484
984181904
84885089
65574238
10450819
46891787
92269683
9412635
98140319
12428234
117491124
1071835846
943051640
104736959
1011589983
120070591
972573221
22467163
114341650
46728564
968883565
31327032
77929917
43954912
43157247
981715695
1022128621
63960559
101718931
1065170558
969538844
98871208
82408958
1344782
1026262849
21964832
56607482
17361360
78816158
950977633
1014295878
68101653
131346056
33596732
58493823
91880126
110093816
98298173
1066206554
1060892265
123672064
1064072740
37561971
100003901
54035505
982449210
66011888
104447022
51258133
100830058
130961387
115759412
31609317
103567818
126725678
122511638
90361241
31995829
92462643
1051854849
133143202
1055916093
17682690
15099827
1053701081
23835678
89961333
117915871
8623731
78476720
44311713
117116057
115668968
81779950
1015007423
8306167
31116706
15918495
47370415
96399836
80614993
9830281
22918427
967479308
1008678865
62873696
36323697
81798096
996932475
1045359590
22724807
56624802
959110574
1003505791
85776665
16875218
123536749
46774949
102524538
64486647
4484739
974970575
93404300
113701406
1070504977
7732387
4426777
25771416
1018797331
971214750
97936786
1051616187
949688155
984228361
25240842
29549124
102087778
968572688
60668619
13946415
79908009
127385432
96556936
117797787
954515712
4592157
1035356700
34170109
1018554587
114947319
65890112
100296286
26999068
120025790
101391409
939539885
1014441531
37937607
108327728
113218054
14361903
20518652
58986297
125420118
1020261404
38617473
79266224
106986919
983671755
23422887
1013455535
77918943
1005892238
33450396
118907882
1049439775
1063436197
58531509
1073068744
32267884
944409758
78473284
33969212
965735320
1053323358
95450787
96852349
972174227
60859393
99695212
65236226
953622049
86084646
129282941
598870
1045784364
96888999
62427858
124425888
70171787
98683786
118037129
52016415
58024802
1039861391
120403076
17369769
62726574
66817426
18115727
61411592
91437955
114665865
954392148
25663064
18943919
976858279
88174295
20897271
1007703115
3683607
1047616845
972130554
115868928
103377791
1028954121
82962740
110243433
130512968
65859498
76230174
64626970
34151302
102615694
25081833
58040991
4257277
97293832
52675417
978898307
1048860123
23482571
1758056
939865894
1018106500
25704579
941816874
107262530
968753400
30843888
1069712658
68917758
75248517
6935508
27002563
946539128
946751390
51807619
38733330
1010500911
78790833
1009045425
1062971767
17295297
38801862
969756024
92285966
48104545
970555677
71484775
52740036
14047504
30706332
14193129
3220957
85326268
943357666
1018736657
1041475163
11229541
1018092337
982835836
34387790
131037303
77041972
989994568
100976765
15015711
112287738
89176780
1043423239
20624178
126908657
61924349
39590507
57787507
110426525
94924515
76174705
988226900
114944857
82837810
1052602624
966417282
984422171
110020531
37793968
43473708
7305798
978332588
8551085
106594267
88243360
120957994
129546046
1486930
53767666
1034671392
6707152
1051940738
1016336359
120692712
109103589
56794862
71870676
4252270
21170988
78506931
119764472
1015136140
1065434107
84000260
117716088
36055600
984423291
25461728
32872293
1071715783
98878877
101823575
962914180
943724991
17549037
35414245
78351347
96284873
120237802
55424550
50635218
989389323
14777276
998176648
59597054
72477326
1024512099
64544721
37825434
984128925
1031860612
87730061
70035393
113574683
992656387
117845748
99321761
87637402
68892735
89758309
96331526
1049188541
7637365
111508133
1067810651
1027871200
104807980
47403519
94710704
13791621
89248574
13099475
24915599
78333357
52987071
94205057
28522210
74523145
122744916
28374833
24934826
117686863
80237394
976999961
127363345
34677355
103135954
126266335
1072975465
958052235
122316400
37842039
74733620
1055976448
25038670
1070779401
7601204
51509768
61513345
1045089522
972670177
11663788
11429919
20622499
14559022
128891314
1043593860
65532750
132251596
970164186
940950503
112073602
1047597349
44865751
47225414
115617732
132007898
83912143
1040116624
6545135
1057125898
24246426
121473389
102538476
1007363002
11532665
953279971
63593900
128252542
67413579
84125580
130884941
98515438
26583704
950005899
11184597
941675056
26596546
101117506
75952628
1054387360
125361396
98842418
1023880740
72514650
1061409905
121474403
96885294
56902946
985171283
48235819
1053711489
126029821
108893192
36735798
47739747
1004553949
90766359
1066476320
1032039947
1054628785
54083184
93980901
110009697
133350
72989658
1058774141
44077321
39150222
1034628859
76114320
7003865
974398085
105765198
11722876
29985759
118642271
12555374
66956759
1053813394
36624169
52872537
109502433
1073206112
642458
815607
102887314
1071101525
76104225
131076871
8948247
1023467673
28669835
963901578
65951463
990653690
52415503
1049173933
47373584
999802908
56579318
27186019
62124329
36459484
1028539267
125741442
946273943
100197964
44596089
1065596334
1039358637
48549081
11168968
83050439
7220518
109422401
56168254
32048600
128305215
50528479
27793920
124033130
84878237
1051414338
945842724
131089135
95575400
959078654
973739663
63887464
124683743
14797374
44211332
1027518615
33675682
117343354
65367363
983613660
41428621
32193633
111867034
104524577
975498668
97956851
120661267
78243340
1039752977
87846728
113864364
36564850
1028248629
23689887
1032440463
1034368338
54417777
109219842
95380246
3134486
969316840
104466335
120527201
1009293049
47236309
979910102
6350608
39201906
960153112
1039914915
55876205
36446409
86966904
975225721
981724822
95858823
15238642
1014881301
122790275
90592057
83251064
35449653
1060402205
1047032672
64737513
27762850
55126721
96615232
12053237
29414781
13781647
101622922
29976332
80278148
31496135
58110132
2190249
13529206
117318539
78063788
69728664
109227980
49125413
1017380692
945571398
16566211
26793132
1002711074
3075598
1046328239
129366292
1014664061
114550658
83464602
90332081
25047350
939613015
82519054
67822953
1041227763
1202107
80332632
9715206
42749326
71449789
57264505
13960385
996226298
57258311
18044481
36862171
1045202734
22827061
1032443956
1061567671
103786427
98127558
25335418
975977610
12596545
69635683
40038177
51570330
1010667842
13348112
72423715
43478901
129711849
104155585
103197988
73862420
1011436694
40556441
130892685
77659392
98260183
985814267
59457850
80691041
81042275
84682941
1060441028
69990988
997519362
56756510
102740579
110942137
93487814
97722114
63959077
4684552
107371686
20280565
109318487
96949380
973842291
1000662189
54870614
85955449
99337349
17451797
15774579
1050994825
123781319
24623856
99247577
1047827
126325785
73505731
98948434
1006133819
1283738
109069534
952804850
1057201940
55699998
111401631
3616629
945685703
1024006927
53845759
21519983
976016035
71796527
65912282
63948832
69288923
1056992195
55998214
63078205
991097207
6996542
18428849
92623745
20579170
34427232
73671881
29443883
126627217
79767297
86366134
1063737644
133096985
23184833
55393398
32522395
71590004
1046430792
1057739133
2785918
41272738
49723554
974151593
133804755
61507353
111618358
63087787
84904952
695201
31036007
107475865
86070548
8279135
50003425
12997284
962094477
90075617
12918963
90063438
957232056
81897098
33491462
100971206
1053659893
69271154
977167422
970354999
66545199
101029218
90229626
86465838
21424216
1061422032
22610346
1039329730
19837321
38493981
1032709520
8843462
53111299
29245394
70137686
112951147
103685234
1028847593
39620795
15234769
116283075
1017245135
43464396
1050159763
968400526
97130737
1027622123
978194555
1061652255
74290551
974746351
62942986
13667944
1060361701
131223200
40293054
125896922
34373971
129727363
112299673
953457911
973131480
110762758
606165
62710146
985065878
969240317
991572365
96506461
1063137900
972102121
77871302
1015227801
75954176
7451465
1005713341
8167494
113036632
72834825
62469843
72931740
1032569967
36577027
1019254893
32594950
969500171
1051137870
73394691
20546034
1057050553
960419882
68187763
104045872
45556295
104402036
65179190
121358060
949267707
37281904
126259104
997362132
74286047
100110964
27835300
37975723
124748956
32361102
1052809333
118734692
54451235
119984319
126345919
119119718
127532132
939689467
1002354270
67952127
110728162
946134236
74438371
1066442098
61223329
30093586
1058097695
93966862
68943597
1052106632
113175965
57850561
1048306926
71325124
103083102
56439665
991991133
73115913
1048886320
1005097465
43783687
47866543
98129698
37986956
16589554
2823245
1004134092
72258863
33736671
110474716
4291225
57656778
75664521
1203390
1065708215
976448370
57758101
20185043
1058653597
20314346
45989347
1002442801
38085931
14981292
1052299623
1058456279
106996116
87291731
37341140
99804013
1013158613
1044697804
75225067
64129427
8914826
115861710
1017703370
81010605
6172574
7605956
84523834
72733577
940634343
98578223
15871325
24034095
1063984605
951109571
13886684
11683946
109536684
99421756
57443787
98331343
1067391740
124425721
1020780762
117072080
113590353
1044564738
1004596355
63383734
18079500
951446677
941774946
60926233
1041081833
45046500
75155114
950757524
95030398
120348016
1047861558
87400642
115577414
83779718
945098195
15214404
1045952828
87528567
55712280
102889228
104087418
40485806
5348456
1021517575
57881975
1069916474
3902275
14273959
6555149
105779155
75261345
97227542
965266230
128954085
62454366
40131105
992509405
110267681
37942180
91971836
22159440
1016215152
50610419
30296802
951684546
38182142
950949108
106002364
95452089
65478947
127362240
1058786267
81807204
101270504
20217632
101040536
1043668232
63297956
37067773
3950197
121532743
93800143
60372935
88237246
93042746
104533677
1047851592
30305606
1054924013
11037530
73933379
37287263
41892558
111016234
108206184
67278675
995056952
28120354
50265868
1052825441
44029655
15987767
50158651
107567905
83734201
1071055136
970018244
49479572
94812156
30136180
47044981
43249769
975838484
1001983106
32135612
123127752
70371675
81767541
24333259
940938626
16007477
37484679
6713202
9277201
16034355
128580135
943114914
68546190
1027018814
1012540262
64458383
131116068
10648394
129861304
947597458
1044491419
24822258
974172910
8477090
1040644270
1049108049
15161978
78133103
987756708
2541770
126141992
31035588
64242458
76647091
976805380
26640848
1024853140
20222289
108703954
1036952242
106583181
117696993
65311225
83086755
988335971
123911422
83465814
67294909
38574634
1057721948
131698815
1038412725
113893948
68990183
127143340
28095971
130789606
18146768
82906549
1030828293
84583585
108369411
1039676244
34687814
1069279057
75827127
29474698
37585702
2167977
110882140
42272044
63302362
1039695854
61912982
110846870
94492134
104641949
1004148639
65178094
1040147154
947352898
41480468
13615333
9366108
1003101493
35807068
1651911
77867919
66721568
48155457
93750171
963969351
1048628077
70656028
22875905
31492486
1059376179
75300364
39412909
8865539
7064807
963379567
23029084
30488708
90695387
39801176
40837510
72932964
67846067
53362156
982987330
5924045
37026572
960660290
1004937732
1073451223
37000983
27737280
42087045
81207774
127600553
111573801
30499483
1071575270
1063816137
133751809
19381073
56349639
20475130
7129365
30710252
82251224
85409626
62219596
974656032
13073635
33628708
1026186025
119714084
38401259
2740360
18691764
106945951
1005280910
67963154
1005181809
31650694
999514547
975567066
118249766
25067709
30440479
52689949
1043101178
971100636
7576611
90053617
8278471
91493370
945821825
41674904
133990841
125869026
131285426
1024847639
1017776102
86782980
76817920
1017699439
25407931
970515208
129829164
1054108532
114685052
126619930
65496731
94429888
62986795
1001001308
22749051
44518960
81281052
58547203
1020446025
104294559
102100750
110112394
950446485
129354026
1064447821
126264097
73474687
123133379
116998279
104067525
29430041
14422862
1053478070
127715940
1052579307
1006646002
17278995
97126893
940672935
950416571
119694708
66615295
60968195
119681886
86336953
77422018
9794973
74539429
90929442
75662410
56052123
116333505
113359765
121294857
14548946
1013453712
962188607
1057764001
51916908
90585462
1065181418
71547772
119670235
64637502
1066482264
123774955
123670306
116842684
114894931
1052491908
960923988
1066436954
100976280
1027972524
56407649
961705902
105401749
61982733
121516002
5488072
1054377245
954682421
35613452
103236193
64549666
104203753
961944329
62560124
15720429
1011984600
987208581
990439502
131141041
5773204
956685235
1003004209
676305
5477013
944278258
62256008
57351335
48784242
44253258
79048106
25534441
25772927
30783032
123256448
88926685
53078287
26425096
63896989
27763235
115868294
114395652
19863045
106923873
8740973
100104384
117164520
29916867
114615065
3886783
1016756905
70003654
55756492
110266322
74074019
1047319664
80598869
970122208
16168239
1059054365
63715879
36356998
986521978
107730473
6408429
32251078
79242107
990215827
114038263
34401507
1004941447
105843388
108894287
967558165
8699607
88840266
101336210
1067665826
986395058
47705616
1007042365
32711029
114747864
46284678
109096629
97206690
958216132
958875774
95151009
49944805
92057005
99683458
28099893
23650026
1071916406
1024863964
1008195090
1072970787
9731602
1044239026
994137179
983086804
38840551
120491853
54203969
1657794
48761126
108114317
35916747
988781564
133008662
90122439
87967153
123275127
1031028805
994891480
28095547
55570615
51633530
999950818
1727134
92371942
45234574
986397913
36853219
1062360349
121031244
1065034857
3412735
127469439
121161672
9222003
1019268316
12523379
84811388
112802047
37475558
59216775
988199427
92479679
76259442
50615936
48720819
57792053
110686521
67490535
74697756
1012926586
49532777
979956556
131679289
100414416
73439116
83924038
80635062
1056698525
67066526
968462812
969651758
1008328915
1042665260
125942187
35967455
75294034
124091433
956094224
1063229911
76637090
69914355
1012392954
19291430
4319758
13167396
120501044
26556719
42685293
956318780
981653156
985961
41694970
78479221
70523411
54966620
91676075
54369383
8629018
950594028
1016484775
68150443
17375324
48917121
115691641
123175988
1000727924
7379864
125877200
45834320
71969697
123069474
1008445811
52092303
1029169661
132085815
943802208
30105949
943748248
963865234
118508025
119110152
1010374003
108960222
78941655
975279987
999087898
1063756189
1041438157
976372171
133770364
51235378
27184354
1051556152
962844235
987396176
118388555
1061417921
33890085
40186080
131124309
987286475
42487253
76319262
117502577
973927831
80625820
117176527
68463727
61279447
9572035
20591863
66077585
42671341
131209457
991483707
76387373
25764726
114304862
1060412204
69400952
72586952
980316121
61254137
18870243
77930246
83656413
33163852
962564964
13986182
1052620165
133948706
47602626
63060031
1023474571
941045344
1057124576
956154716
76592457
59292750
55426258
34879046
73779120
115926717
93041824
63705112
25659749
69405170
35212303
1006546262
43034139
114044638
70349514
61082550
105035130
120931142
113996987
44528897
1019634277
34791975
62218965
41139487
948878825
963526496
99322897
996433091
60588160
1013255243
122216789
57852497
3764711
64415415
101170005
80786320
98175230
5015781
1055197092
94470460
6513801
3112002
1073254892
989201276
988777674
76400009
989454581
78671859
42306858
66902016
1035499371
29975537
7788953
89765685
124774126
1057698462
88570823
942101725
36691030
54902062
102256038
54725826
71015125
1064250072
44286315
954552421
6500539
1061040452
104837973
987150164
63393734
9617594
102887096
960184039
117868925
1042768517
992593469
86399269
128888969
75987902
90723710
104678145
36220676
1013018087
1040459757
122652858
117741124
9355721
1021351366
1064295327
954099354
607847
1063275225
95995434
128291601
4072772
945006048
116893716
33893976
59505803
96567061
89054960
54723921
120289889
1053188035
958765788
51518616
1062944333
125672358
108040354
68359599
952580179
125590745
1024879373
83084436
103852629
63647379
10509321
12056999
54557085
19910586
12629894
108163272
982822521
4854300
99548644
33504095
33642182
1451451
37992992
72196988
83317207
12673304
63840503
117888581
119767011
1018681292
96215724
13350935
89469704
89205223
97317249
102757455
83923372
1012652700
939969035
8617061
117764015
16099974
58103692
51997969
95598136
98327754
12350173
70944493
52431389
85044766
87129482
73625202
125449835
66486159
2584801
52867566
79082898
997617241
106104135
42445820
993368817
11363380
91817779
25119048
92978009
52855018
977964943
1012548086
63731866
58327294
113932826
16061963
1071010050
4606239
133215220
976942979
40254293
106141595
76299847
84280424
27733045
130965357
1035249292
999214839
42654838
14924492
3366639
1068025680
61123138
97002351
988830570
128958976
85486938
119225061
77247584
73617894
1060076520
62900085
1073435949
46991000
1022359519
100528661
1024217050
23195819
105230043
67148150
21037169
75070686
91753895
1039640709
3013970
1036294414
1040131395
41199997
101757706
45217772
121185370
119044369
124740315
50526354
111047166
105099900
86574317
35126626
52140395
90003672
20321722
1018628736
120685918
1030826071
740444
1024426454
98097094
94005842
32092410
79537198
91908235
113273598
131495154
6823979
113377701
25025846
63952336
130932423
69121201
100437812
86507355
992523743
946160216
35958651
122147569
36528645
57245932
58462092
88736329
43355915
71454775
80097615
110537707
118087572
71442639
104352172
90028192
38176619
986732124
2268287
93327684
7180137
124476685
93556007
1049770842
9123725
25047766
61159933
1070666838
94054860
35017169
89817594
1048107169
66068223
130309301
42816583
1023849817
1066646382
4019824
986294230
36026891
78920604
84863842
61738498
51305282
4281522
110308175
128452700
86615506
42819389
990822536
90493475
944363587
87346513
35764585
948882659
71223327
1053572189
61533190
48189566
114961090
100627702
46792314
23813103
38052951
949550026
27488034
981050081
15528944
79395107
76255848
44984659
980269184
39021023
80965298
94314357
44418539
1023775716
86903884
95641852
106664914
1062790645
75194190
998038820
49877280
95549941
128210322
61825710
943999882
54415738
125058392
943503235
1071832045
40655663
42915974
992375026
64789344
979755373
60594414
69010773
47351605
68718697
1033906537
84630890
970625418
1007165909
1036620614
49655661
28550988
96486038
104969402
19543061
14187373
114976259
978253732
109948516
942418169
45153067
46576317
26628051
41791187
109556860
87420900
125122077
31216483
99353591
3853926
23449665
978085595
81259572
112435275
1019653788
951954282
32687690
41600803
1051653285
120480645
130180992
98260513
114599008
122692149
46573513
86571840
26411784
15705686
26448430
971564740
52127689
106365130
105627716
73648689
7986291
3124086
9759813
70398636
73869337
133134324
960635278
1031591292
118850040
43076064
70325093
1053444807
1041353782
60878823
1033986737
1045244584
980277789
1834056
3879002
111868418
67655569
29350244
94776198
77086450
89887691
54448927
80137165
1037871216
84043134
92868495
990006968
112329137
18917915
47478305
67546573
93256796
946360860
947251143
100792747
72327143
963129700
1067314907
1051484046
130040220
1054543506
100310380
34676010
15420944
972431205
997085924
93125562
130629687
953936413
97981615
72409967
59668985
67041441
88475798
116951343
29453015
1028222518
948319820
126720953
999641780
62777221
24601574
37187223
93817627
23780339
4896280
967817400
9698583
7971652
37530551
44411007
82825043
115792071
109219249
27320891
82872232
55688374
28534289
981285888
60194531
87956157
943507597
3097315
1063339226
1023273615
42382888
1015490924
22171672
93678125
99993621
1008156784
76087098
28084631
959497351
94952392
957116829
72647204
8311238
72631731
84952969
1031255671
107481249
1005790831
96359314
54319348
1018555826
52679919
21809680
998438449
129931274
1026782985
29301361
94233047
93288645
47437190
75246108
957947693
106556968
86350177
129421486
89791341
118389507
71100006
58202308
41887006
66472418
109442143
32957421
63105122
87223057
62294372
76668359
7167919
25285476
985698204
108523065
92986769
1063891182
1051855244
15209458
40491814
1043897425
121396456
17773648
129342756
112897126
57764050
81267050
133694140
72773364
47002655
965071767
1005564117
1044140963
16734438
35505164
19093858
95327568
91185012
132352141
94057957
127295895
107075356
130721493
1030809540
93210097
948836402
941824329
125436889
1041469785
116711348
47528598
60488995
1048126830
1062681043
116875651
101914809
941636410
7066464
133173505
59108320
1020852975
88382171
121302137
36330222
968727802
1018813073
64035451
107076411
90011009
125366525
1003430615
129494812
25470857
55500113
84043467
26033951
43334133
941317965
87018075
968377711
975843238
114479531
101149963
1006440076
133087872
20905714
960299488
73640845
18465560
34691556
16545829
53865156
1020244283
30977807
108947204
122785327
37479707
1020108498
22480287
80430388
24977488
1055447246
132938440
969855340
55196588
84099581
53168460
123507926
963135823
55624718
122261909
25741550
12388183
958354299
56762642
43257990
75071937
90044348
114881823
66653207
67517068
38844462
955058091
117182080
991351863
1072865651
72122401
17306797
99537284
986374306
92036160
59844287
21987896
101979107
949611958
133038520
116252075
980679280
63768248
99581348
1048464864
13026623
117500540
96313994
27797844
76399113
97879166
123025272
43109975
83798347
33029317
29666609
1050701887
65303989
1055617899
55185289
48055876
83102089
129505538
103264446
13253490
987301783
1031380167
1042784281
1024479567
983037014
37229052
897112
106474858
69269313
26612993
11207677
118342324
963960696
1052031097
1007987783
984128457
18275359
87449620
17100797
129177330
53198203
1023101006
36067404
37144666
113393803
941776374
5851489
108532422
59730728
121895957
1014525578
68882764
88343544
944295438
27716133
10563327
28963899
31129560
1034697095
71819498
1014484281
1071363943
122339600
1008087657
985586408
45800108
29276748
104632315
105801557
76324623
71606742
47205771
94618071
120606197
118275002
78209165
973814349
129216528
127843541
980405
111247506
1071761068
114221742
1026542186
133396329
995039149
69208598
68761797
82509996
1034228834
955390421
113808104
18629344
69068278
29658018
69186168
124814532
1062505603
52842010
43404446
106977401
61135104
114172613
66694528
130662109
120328800
7595045
1059096497
1029032923
1045612723
10407427
128227834
945448320
1011387912
125810815
983212374
113942898
116568705
42921111
61879786
82778752
22308598
81535887
32722180
50341692
39697120
1034945349
131195012
66857463
46295953
1034854422
1009604626
74443338
92211786
92282395
87277507
1053188283
58599959
117520000
44726133
1042736800
980786997
36299552
974832033
77529405
114666084
109554428
1012113636
951040306
1019976695
31279545
50619927
953002404
92826445
91465563
1069504655
18414416
8746124
88605176
29115574
33897762
1059121633
71551328
978679863
46176502
1070405880
1071623160
1058915838
105801482
110647237
112009380
105304068
40996379
53994359
9522532
69044608
960190594
962253620
90777021
22576886
97855471
36742098
1038568627
37780973
108625546
2434190
946330057
5168226
1010117526
1042336657
14583601
956325369
1019246322
65380202
41582559
111150012
74779860
127812160
1025069214
16973569
1027855988
998589717
125689906
990196732
1071368020
1056732807
1016457350
70178982
100024277
988746752
59947080
18694908
72845922
27305133
1055451326
34924102
963605428
38911119
123622538
19932827
38710790
1063641052
7285941
123963274
944092
92642639
979444162
1063867610
100042793
55563816
944760334
947043921
39281998
54635875
23556567
37958125
16688873
128746115
87474558
111337608
10990560
120703065
37478016
31883119
75621861
1072713262
18457121
89752576
98739394
75581327
68018282
1032603127
12093265
1033547080
119666870
55123171
95954243
80883189
91192144
1038451325
32653491
18728742
12718440
27476424
40674944
45776079
107649826
120894639
122458797
1002641527
111797681
57306824
108887244
111536549
959122039
85291597
96545511
33299313
1013165146
82735983
131583760
85422757
1066467598
31505664
62643130
1047328473
36131294
34021037
38060159
44234389
39991763
8215657
67758747
51014183
102756923
106523917
86737042
1038434335
65069951
50515607
994894492
26332379
64529381
47641920
118205334
44089502
119525601
65079617
109318290
24604472
130309765
953272385
1001635051
4051807
94505649
7505059
16798365
127047927
1047202373
92230497
978789280
119499291
107725524
961994341
132089940
1006639899
972009782
1035569805
18876872
30443751
1572424
102284695
46034350
968964870
41527579
52275013
20933848
1001645186
1051346985
40337326
109231327
23051507
66779774
957710582
1003202753
27929166
57126418
56982199
49409388
104249030
1053260738
1052049003
12786207
14648692
41856221
35084159
33657956
1031134524
61636600
1015367821
996647421
25802970
96527322
20956921
42730376
33463915
91874723
957822356
66037495
47480998
32705724
962526799
13290371
18218816
48411492
992633078
1058786080
73754933
1044458069
1066890894
41752981
70019400
34746534
71846234
54029843
121310410
32168521
20263925
88951579
76121185
21769543
1036132587
947436750
11777103
67457200
37890500
994906515
4072169
962039556
85244757
959958750
971046675
90497214
948815505
16285718
75440154
59123164
84354462
73534275
88703570
950189968
81494889
103138957
961773135
32543713
38041395
78708117
78096939
1073446114
1061972930
3397441
38388396
1066947627
967825128
57968949
99095172
88549965
118690651
35340301
25929778
92682649
1012515411
1057947115
24519367
967036284
967944985
95793329
1059630368
62667072
70410359
1006852486
121210585
122882423
91574275
29382709
23600965
98916220
39047684
57863909
106133843
122978273
116526390
109545798
1011558349
129533630
449467
58375804
47557658
948701847
36970431
80906462
115608976
28286495
109417561
1066699911
42939006
128559333
128386883
956120131
994102446
127018936
1064755083
8883064
981346502
15098078
64555172
60511477
111284331
127635113
113609709
76917003
27871549
86493686
2110827
1041926205
133282850
41554352
1007062820
112897611
1066996681
61302888
7894719
1025947685
64588152
126023712
49963745
38964850
1018091959
1028716246
1018303671
84299200
9257281
22236248
1055466412
950341677
8269280
74172915
970215319
124064954
82123818
60998717
128369018
112048298
119657366
18625235
965507296
1016081497
49870850
109793506
949311480
78473075
94461535
1066800720
92124858
22245201
129487167
1015643683
27933225
73029399
112100651
106920647
127031578
90041905
1073562883
997421679
948103863
38583479
36198801
6246159
1050146880
106711721
1068768343
108353214
114978894
12725368
979392639
41686407
68507871
1025007
1054153884
26089789
128407535
53592656
940595755
12931497
17906430
72133707
66846858
24481448
48596999
1023118247
7397159
952732334
17882346
46512801
2458623
1014193400
111905697
11474492
111856457
4294366
109093121
966880903
44748972
67703065
1063128871
1047826713
105904866
1005999427
121441863
121380011
74247223
109030177
115468797
13588399
132870013
85443350
960895455
46751027
121378748
125370631
51992117
5398106
950782206
38696035
111262122
1008298990
53221452
18063884
48248544
75625246
114803971
1059658485
73530016
33002002
18007989
1028809927
57141322
956241440
11902964
1014043075
19124281
96659430
31922595
18866035
63834113
15929607
41595770
6397606
125864098
1031203378
7083090
129373475
131084014
72648584
119582588
72598856
1022220416
1032953811
1065205655
103390001
18678663
33523000
87362545
15928812
14410842
27114341
46154408
48697541
48517274
43778921
27270441
22523967
41866563
53725464
88091528
66716404
1059088478
941830926
54754335
49184581
939544009
1989579
127522502
43164256
954141193
90198963
996190460
1039379016
90999029
28959636
1058588682
982785
23883290
13882331
87345695
1061964172
32339406
81807893
26854202
1007643107
94432547
91637331
54154222
57716501
1031872230
63930452
33596852
66693266
128776181
124327231
1040764541
16904897
13733752
65974572
11131855
949493712
1995246
100172675
100561878
3008287
13898653
121452695
1043726989
124073538
8002413
10860178
983410468
106844608
51293793
963255561
92607906
26090204
15205183
39549528
1024614584
128524679
52514483
970695145
56732021
26763819
100090022
37133291
1066036965
1018364935
134038459
112284963
83966288
1014631685
1060640942
74558574
121719504
127943220
1028938390
65946288
123209146
13261081
44654436
29083807
1052772492
124114551
5171968
1001309340
112207921
1021491006
17754988
26500304
952446441
597858
94217531
121686356
28916352
1071436202
1013485856
963652412
86526923
21260874
133630769
1041750827
74293675
1062038928
78843944
22935906
59335619
57884300
1052706094
59784865
30204537
48708726
24269497
91669709
99429760
1015266316
101752418
71575905
133733320
1043197500
989249283
1070667036
88899725
91095456
119306909
80667951
119377275
51225276
89184484
1009466970
62447991
75774758
112982965
959733964
53067436
1059882869
61953243
47648196
63005464
83867144
70897808
97428589
109820912
963116571
47005527
1057875220
1051538527
110867284
84846862
956623411
45351937
95911049
63937623
103772612
49356318
20703793
77229525
123413050
115565822
2513241
46104387
121164411
56302633
40672364
972399483
62407181
118563820
1013331088
76175511
110760701
47074574
86468685
941654068
11227815
107355981
15732197
1046648654
944708283
7498745
48895056
57364886
52726889
116330135
50002231
984291761
133298944
126603565
120919300
126711541
63311364
93963096
1039880732
974468109
1030908586
70660777
53028170
948914468
85401788
124601260
25140907
125902962
26489198
982517614
74288774
990504579
1038014974
21651823
1007621379
1039416618
4021544
132861688
42420772
42294540
99184808
1019615735
10812738
940094952
66730123
124251992
122197298
123541670
88199973
132821518
31734965
1043576071
55393255
579471
1041816980
56468031
34913133
112533017
19848382
77232595
132380476
1021550122
112255084
54994547
63000227
86443342
18675861
67632637
1066891766
94404184
1073437558
97007669
1054078406
34578003
33755508
127361055
45318286
66239447
70600983
982016792
972203971
943211664
952305110
101199894
36106540
84052786
997776646
15477961
966288391
54712514
39342409
21051845
940629431
1064798653
1068654109
1071702098
102928077
1073203813
131495538
81936584
962842620
4966362
16677019
7332131
51013676
58816778
40886825
101010648
976752185
102365572
55996402
105658699
35639436
91094999
1068782929
104420969
87243288
121201924
1052888365
32539678
73536729
80072614
88139861
980165947
90256694
7074176
104012745
942092816
75695778
949363963
92627806
955002111
1044173349
981381741
973430691
132649015
30179535
102355140
62160533
48735527
89090694
1051805924
32502458
121266775
1020916390
1006221186
128070187
1025692401
1061453967
60226231
132830903
104695343
28221629
1039159700
132917638
958027684
1034101945
111615509
80849256
31666757
91304742
78676405
131362863
61229605
1044879444
130958822
58327370
53253137
985172954
965020893
20385560
114144599
18775530
68893245
133992204
1007927868
133950030
84649872
961723924
71846513
17009311
76002987
2404941
59660097
53077330
1042747897
101131485
1061370312
129247926
123466881
115997213
120620756
100368089
114062409
3562996
997890467
977353781
120811320
989501498
78336243
115001451
112014313
29287838
122998882
33106992
963048315
103457926
43812468
116954454
977046485
89949210
82441433
1055037158
119542379
118184233
41033503
88266640
1057976549
941986076
91185865
61385978
130425520
105936942
93841462
89826141
72426883
87010803
2426156
971515953
117297560
1009977471
35486702
130224925
26323427
950766513
28375591
124574558
89261719
126135702
123481729
41001892
958249330
110347249
13757401
992051638
59350316
70880220
984661096
82468507
132510506
124996275
105825444
90112796
20570680
962052963
29701771
48956918
80831909
2859002
55150471
126925699
119673206
51021952
113091278
1073008712
21257402
1059729417
55556503
88352125
1069027218
40099271
947030980
959502574
61648128
1058728271
52897163
93611331
16333623
100649675
1032766600
80425831
1041039054
73965799
114090576
971766791
17322494
1014395762
112447146
20077070
105036308
112417484
1046331437
88341779
28241677
121445057
68813638
22563926
941951163
962184055
952059797
124731198
36705132
1065940901
1004105615
59671428
119798061
91465101
75298007
1010476505
101564051
7454746
112413088
84556721
83170040
117808123
1063057307
112925931
1039015
51797524
9300555
104143680
25885801
76884932
1061526859
46194270
1043858828
5558719
1001185546
948670614
1025021110
941812463
945476677
36157485
65264225
123732212
1047047264
77799213
68166946
105583680
105377496
8660017
975435399
123287782
952525081
83347981
97315468
21536262
5310970
41260760
986630128
82468564
962401439
68946215
124602472
1039143526
89384147
947092342
1058731412
26075962
118602133
969242588
7860691
5383074
5535333
2768996
52712717
76231829
112061094
10805006
101379904
1012658585
1055532057
125008848
17940539
129516888
1071031554
111178194
1031901157
1020826337
7281631
132981064
130290013
975680861
51248118
1034323565
18559113
20351767
86346576
121186967
55212826
72287846
95812284
109537813
130816566
945528276
988795512
959558240
130557725
1056107464
54120131
61408094
111153930
61938952
95251154
96182762
949155641
86610894
24319214
33030370
41014137
98172245
67613361
979392281
102362046
112799073
96099477
26178625
1068472221
67818851
1013616914
81582586
72918934
64797414
87684496
126411488
119069324
127439181
981753721
74001577
17087761
108202132
134060343
94626447
27888205
73953995
125173272
79427697
11277400
63735537
34496249
80771144
17475239
77229718
32131296
114676303
25368702
993416115
1016130723
42740272
109366150
95353783
1070779594
91731049
133753267
1003413474
72948625
1008112281
128662151
65865596
1072361360
117487135
77383764
972407705
1050865043
30929071
977999913
47651882
106791318
117561046
1008014363
19060980
64394555
76626391
58857418
1049932404
1020006236
27122102
123961427
1029909007
1008232681
100005092
109305615
105472406
111146326
49704353
41610814
21746797
35577694
961161809
28472961
93846878
78061045
64901310
988102790
941632582
1065364519
933407
1071065194
959200789
994088541
768685
17103625
86375538
123415663
60761337
1053284042
31742679
72073548
35791013
82550871
59633551
90557245
1046770621
941199358
122635812
127031010
58267287
966611438
42949415
45914530
1036952152
111069817
1010729495
107256099
132291530
7940303
31066476
88103378
941335956
19293332
22685432
64697491
16390232
1015147791
946230014
117582342
943118088
67145734
100181843
6189293
1015410817
122071181
981756917
16689650
1025167166
12148961
39328636
17985919
957949043
115222511
53181039
89555306
1068216660
121395504
960178783
124611462
20110028
94605017
87769240
70232997
82033894
11239571
79206069
79738798
128647483
999937737
106142483
87305808
1037089030
49701457
33323848
125835342
113789358
73049987
11783263
3515295
129003042
1053132973
978892850
14661657
1058897502
41475933
27005725
72533001
104542000
105450209
10177641
132833107
102159290
104265009
26307059
4749123
77203642
962572705
1043523019
30991168
106211421
971100503
31444598
104860461
45610640
120190813
79209199
40463867
2560957
47466795
115840778
130807915
1012663561
1039204182
1046034648
83149223
87955722
28447508
23947042
87434151
116297750
970471759
71100296
1007144304
35338687
91719018
1024189703
1030684113
97098307
40768199
968635517
98018558
1066844111
68471149
67847107
132562654
17195973
111930424
970021365
52418917
970574293
1005650694
132561970
52752272
28587776
125585328
942687690
1062462316
125063955
66379208
1059967391
966184630
103488364
40327403
17426598
28548875
1061541565
107359027
995007439
67577985
113186390
130742652
980239993
127404548
103901988
60404090
35977514
978496911
1031057442
118426693
89312096
132570615
40851018
119273749
1026698927
22464407
122182087
121638781
18005818
8276277
57127073
76956889
89135480
20543689
1021782711
8304662
23889631
11553857
53400327
940745909
80597106
91408528
132324525
990685207
68672412
22380460
961150382
29460416
60117695
1051752254
35208180
46543825
70867743
978232800
41821412
1058651771
57403424
969635414
99508653
77912956
31125550
57700994
21020614
88769453
12216768
45002813
945796290
107176869
133819558
44393349
13310476
1064319233
10974980
57807601
131241681
14984899
9309177
1058150476
972194053
115714683
1011174056
10711943
77571466
118665937
93647503
1043302364
89362509
31937050
93721588
122561848
1047323990
970050639
46216814
127605892
52745624
72699850
113676767
86838848
7618709
11330353
953414949
1055955520
944581344
45507717
1071419137
123185674
45142309
1627400
24449783
1068997001
125820065
943081467
942847007
1064260342
37342144
14959713
105067032
29059524
1070824114
54564704
962907094
13065149
973110109
30274675
62025269
104319769
119221331
12997889
77637097
43389007
52359657
79579482
972762382
125502066
7177296
49018676
21323476
32861874
85179054
1007919934
62945688
133267983
32137982
90776301
112038410
121453065
116746196
1070225487
71033374
976001667
945020826
957254066
3549007
1060006387
53742629
969076762
953876418
48405162
111375553
46096997
106179358
1007568200
1054040980
28191436
90505109
15145985
1018700001
86215583
97982866
6294191
87474909
23732838
62115135
101577462
17577693
113097507
34641617
33984423
20099939
33119949
366498
113007435
108008674
16956774
1057292938
78064863
1025155389
113819745
993160259
34553687
64443444
27139615
24035420
990258850
44699726
1029146561
966007468
98335299
1059710066
28505684
24542388
130243851
72491519
41061569
30039714
59273866
23253318
113315978
37674452
116852472
1060135099
94069511
38898447
1003734866
114972796
101668534
986319717
124215115
952376364
1063958246
1051656339
46167700
84153126
943858829
22501497
108899777
125723175
1018375821
1011135487
98825316
20239088
127292223
38776835
13665580
21155264
87379954
101300007
39540113
14221117
126031941
96408247
1018115590
107049364
8599956
9797716
72300061
57183907
117068930
122759914
107054984
83201310
101152834
1059139112
1070923350
104182221
963318818
131036123
57524126
1038708733
9889945
7151610
23418269
104645482
60505538
64636779
36817267
122660251
1026618620
4349976
1068168281
32118633
130058965
32680207
957817380
37607707
1042337470
17140823
14804748
79892149
5766667
132969248
99774728
48688619
47680627
25893401
123551922
130517850
1035104393
38312225
124496327
84242189
27366116
125543635
13057284
79750302
33656329
63953631
125582814
82418009
124963373
126841911
126969175
74580554
64313840
107081612
109751627
6677699
118364307
988949861
35616481
49860756
951971433
1809069
131424444
988253734
122184293
944241289
121356265
16117874
115738464
990045346
985022876
1060679264
945750560
68664306
102545633
83820795
1052417101
88399256
12851424
42554480
74787367
70065858
27539049
1061373875
75661999
959097479
34920062
122008687
109816726
117140829
965622024
95472069
31926148
955044482
106853381
59825864
93142917
965262304
50988853
1028993619
943596561
114064286
1072547884
112921542
127716876
114867704
1032156325
39491790
121554335
1019602892
54760259
1054853909
116225338
18554734
4111693
133872682
104262397
89716823
10734731
7548886
16521202
1037885284
968554886
17005205
973539254
114846973
1008195037
118456187
31626230
21963759
17216645
84185574
73239403
1067158118
99970128
118307637
114859648
49611787
90234240
17772792
18913120
94767507
39402444
1051852892
21077903
1029797706
958266403
974802340
1901628
106283021
71108800
17399925
1070101704
990540291
128956514
957334860
66610362
949104167
1020358390
968916023
11490009
134025204
60872456
49854538
1043261763
87992982
1045088358
50009117
1010014449
66962316
91731938
34027400
993601376
32165458
15488527
1006950365
957796526
112904488
117791032
1048205852
69785546
42658941
60045796
64805507
98943616
1017525556
133131244
23936584
1833281
28645019
39220770
998125685
1063124624
1021175355
65540708
23009983
1067368849
995896876
78095101
1016977060
113462976
128386276
1041683842
123447223
87326508
1016778481
90200426
996178572
44248207
123662535
1008527667
131049830
126938454
133997885
1007664741
982145862
1039640420
48363999
1038531724
77876288
2340470
1034554168
1039005020
129864814
103432628
74500421
16561339
76145584
111699305
1059109534
16743878
971552051
972022371
66563522
37033890
113045580
6751036
95801803
122409453
1014498018
37929474
35066271
25438441
88456888
1003270406
105454100
57946674
958204498
1008980812
1000912502
948322043
123255611
1024001192
1028133984
27487166
1000074948
69210975
946591191
106508923
1022453937
123054381
943715061
1042008389
79707600
92515833
54977190
115980554
15639238
51311515
100184759
129983931
83920918
69334526
14495491
82591088
49472923
90077904
31042815
67546220
969663685
70575021
83497725
1021641573
2527527
101283090
133309314
6720641
26934308
69989196
996144347
76759612
1058160325
128189558
124319481
1012829185
82017054
989610778
1055437755
127875143
75685070
982376611
53790401
1054489247
1043701232
1040601613
1040189950
109977559
109951597
5757451
957274481
974642452
42180575
24309347
3312802
101580096
972961909
10288312
78105100
64546083
1072310297
9779715
106240308
109058681
78008818
165924
129328829
1026672459
66366601
953815725
41836203
12699541
108358636
70133257
1032308810
1043030195
102754103
106798898
121945613
101962662
113271726
65273275
77193865
33045942
95489058
114026811
17183923
984673770
69644869
5482349
110404818
111287463
987938781
75712455
64419823
1056067016
133756763
50933724
68197021
8665056
1006551504
958333808
43176663
20768979
17207811
115324665
1008542886
36943971
115990450
59297199
46095869
25529885
1042191607
100153630
123884170
50192152
1073047904
124731535
65569867
132113491
48602772
942750802
994565588
1066589705
47359311
120862064
73973921
30455506
115135064
125181352
87347724
64582932
85676084
108443575
61469336
67203768
1048148007
1057435287
10276330
104096666
968190537
78945272
1057620950
971549474
28777728
981767550
971030106
51224256
68379629
14041520
115850740
90420529
17150671
133831218
118300950
1020098381
941066468
1002888783
94011136
33360919
64801653
49879276
122097672
76600918
1059206643
105981570
128151633
94362249
1025321973
1021374712
29742621
124170609
61993558
111468484
1053882788
85701893
26037856
1016291087
75509062
951022832
64956109
67656740
117325982
952539122
119697465
24595213
118881131
125065752
132881815
68491794
96210859
6767221
70841225
133819668
95669644
106724304
122673443
1068751339
38269970
51074139
88594403
32500289
75500506
79156683
1073025336
28279223
57383863
16043529
108896111
120358648
105380426
81469558
37001691
1044178371
33302838
37047050
4193148
64136116
88685605
86654247
66065168
1017203426
112785642
70811315
30497488
58881164
114188568
982220696
948403971
29879460
953256871
126244878
1034547142
959711823
964212214
125072
1040171482
1061842481
95968395
1055924623
79994234
110014209
112999303
127211807
19078980
1032889786
109154638
4512935
13739061
1055219435
106417915
20675062
9628892
12850858
121948275
951743613
17621326
49117217
3758818
86924958
88688403
67533636
61563600
35125511
117890750
1040141626
83749039
76093260
985800369
22905024
16400412
92299792
25203250
131387096
2856319
1056565909
1034314133
1042289916
956577384
49570086
13023833
56856916
120711004
61626587
59169341
99085864
1070008414
956988946
131844739
1017678133
1029560589
81330630
35230211
88073600
23985203
1067401897
71756103
8119549
118847520
7522241
954302276
34107054
6567156
67355016
53988296
90030633
1072626209
74097141
68114589
104310852
104332961
986331027
42576857
970726369
987123561
24244701
62675812
35869814
127363596
1057681207
109539645
1049974114
98634806
76006751
105685931
1032345694
76477162
8862432
84756786
1001602245
989007332
111802400
64957080
79150928
13673083
40708556
956332674
1061270718
107606193
80097563
999682826
129609859
1067466170
1063306674
120785179
54934504
19115481
97138203
74468189
3380760
115467127
35244312
127477818
108468397
94726347
1060768731
7993259
105020309
83848839
1025859860
984349255
120961742
126446254
1036951671
37835239
82713946
942006367
49496676
1029201268
88527135
132853201
1040148950
978305374
113205801
30257710
84264663
1040392809
978096697
80392275
23967818
129341437
1003677063
10614391
78002824
46382630
11343854
29799405
969967509
64866540
13590571
40746353
40100461
23601654
72349468
41406811
71550332
988141716
6644341
101628106
132992245
17599483
1053668269
11980919
25793691
114531622
88274405
76940113
23068249
82125786
126924583
1004798760
108257134
98169068
1034998519
952304975
1001020682
101520923
27536108
12797962
28750942
1072908370
1016104536
3312733
991639466
97748322
123983908
118414101
37554596
72691963
114886162
1883105
45840602
28805241
109900253
49315946
26696765
986907949
35615762
35512152
48216326
100990488
128488256
948812873
329528
54242696
132507042
1003428381
3663203
29198228
98882512
1063980889
63851778
111640587
112255043
106404205
994141728
5867639
18144144
97995059
1045179989
5403854
20748810
57330932
111076672
42676048
38624083
97999542
991837636
1046316017
965266879
953998066
93799578
11832202
997231030
129127134
1034941793
67704749
90770982
68910934
1061612714
119823056
11300011
125039904
1017198400
8194929
121506729
68052829
83794911
52145046
988408411
109307840
975455960
66687345
55423284
121252553
77436651
84334786
965549819
26631707
957626747
7717958
1051848308
941468630
132213929
64680102
111505317
128431768
1066846768
118861022
118284796
14241069
106567320
59447367
32120361
46118504
998070761
66665784
97137383
15117022
979169067
1056400449
1007425671
996225172
8062702
74759988
950996535
993924328
1062213246
118296042
122577591
34175850
103498268
52522701
38555996
81698749
87761425
65417607
25612597
959225479
123139373
989508688
91568922
62103946
11161734
128836326
1058113810
133759685
68628088
73832504
57795193
1031929579
85884870
1063283551
54932195
48839100
7465254
8229697
23959004
51981330
948003421
21404783
21673736
31908705
42890115
40535641
96350939
978025251
124184673
80431369
11638040
134059960
77516168
87596087
1015558975
1029194401
11089841
35755218
100418890
36160914
34130490
53179681
68340609
1065663191
113873936
131620604
1017199263
106629217
82216411
23103886
1039828384
981650034
31820077
97107350
993974926
3674550
18146539
75591770
79857320
51447307
30917352
117884991
11660086
982663523
63151232
986071529
1012153383
1062725535
19171529
961584585
78170753
113515451
985233485
1051342305
109962716
20178299
949508208
948719225
91834777
959600326
100636543
134113472
1022913487
68053247
83985781
962570520
1041779981
966426264
964919523
98870806
1059950494
24690966
116033843
72910594
65161103
52921878
32089280
1030689404
70062936
13580833
1010634533
53450109
40549908
971892775
49953783
15886364
993580995
113472867
6109224
1004480211
86846736
939917915
63050293
65818796
950795893
1055413796
47092978
105372783
1057340526
91270628
13688770
43077203
61778410
1065720183
108076198
22531072
36567967
13743305
90720076
106346885
75708580
58538625
2441815
104603981
1053789600
119045305
95635328
13060218
20122198
26200569
45610154
30126436
129398095
1044184081
68672514
2236953
120572819
7638882
1684111
984532779
110629995
8079329
1035958366
34378788
57946097
61415033
115461356
1071657950
64291252
1030873524
1058816807
942757974
6205584
69194086
961319940
76054117
7114348
127878809
1042448814
119938812
1060206961
24653852
46306919
950496929
1041086453
131687919
46720477
37789167
1040671173
128437079
106221371
987022078
119837420
106576043
54383448
71293221
103980752
128278407
83899332
958832107
93260077
1036061919
6137250
1022717197
25902640
7834985
45675217
7796113
134131541
38218208
1051988097
21615489
7217792
982191802
1043927096
942106823
43367662
107122033
71819288
989995121
965321564
56180682
18556404
973565714
122972320
51407696
104177379
25042447
954121733
45220076
95512576
21518603
11048793
102042376
89116592
9557195
1012894718
90705491
14047206
1053005263
60733978
63449198
990011285
1040831343
127558799
1057902320
943086777
1035760952
972992003
7122211
113478473
39311525
105709888
94226947
973254366
41958662
22522616
985503080
950881293
46813702
1051434830
948091052
14329692
947047475
987254140
78526850
96697900
70907180
968013631
117165713
118916618
977009292
100180836
54707624
42524491
954362545
49252474
47366348
58067024
109680322
66949436
22367748
92742131
1030609365
26637197
56459089
962399138
996877547
123137125
106859169
1002070979
79396499
1009888111
68365532
1071099731
969714925
132187424
32949191
60106434
114799714
51393467
946386230
32992683
950634694
57604306
1057386132
117338608
118010129
968103402
112213704
35340709
960700869
73748678
100866316
1005551859
991817936
62516077
121594270
18283315
65863262
1052162300
975687637
35413444
1004319828
969364803
123676566
111635585
89952777
1069233979
87756809
37259648
22374499
44456233
969010623
25887483
49031888
26506669
10779816
969127371
978307317
49793151
18128032
128732064
87628908
125854198
82262007
1058099406
65186456
939739438
97811168
1007236307
54335204
955190714
119269857
945963345
1065482717
953562383
90107517
958201334
989374626
18231404
7959601
101046289
103384518
982209727
108849404
36041602
67002044
10233154
73730854
12282464
70904673
57772935
76260917
29862429
110953163
1068759901
68548945
992389905
123785512
70003339
15338431
131226694
65354893
116982326
1051769210
998037615
116954657
100126296
90863942
988655942
120877128
76042724
51757445
58986666
26844946
17525237
75876732
81750729
112123571
103901557
42343462
112378457
83794573
6971750
964174525
48172083
957913386
65968909
968737787
94697643
84367076
123506182
1043934065
20777386
1034443100
94414361
134053986
42934895
19632030
134133030
21509669
17747294
28218785
87425766
48758320
1054966642
8429829
85239328
102107457
98625248
33622351
40953728
64814943
996333266
43348710
106784912
11702699
1046769836
1067379312
3108667
94004677
121323618
50013696
16583378
1023285330
3441027
73657886
950336530
965933802
82128824
1010902571
55784964
1035607519
132307822
74750522
978383932
37653795
91551416
5820680
971654426
12086790
1012611005
986647427
989262287
978786863
15783084
964698340
47027689
109080604
948649227
69708688
92168263
4729656
63512412
75749971
1045825936
121371389
1033668746
1009022751
41155219
5901511
101552510
26981360
64856705
4874487
1038192385
80056006
126360483
18052210
15397325
95046217
1063228572
75680259
941009682
47169476
83523653
130325498
112110250
92974069
33959892
61420798
113863747
124319414
110687745
75453286
130223148
45382936
128630026
41787004
79444980
1033005989
942845521
87686502
31517648
957937655
975574938
110611257
1038044081
22351548
48038965
16252388
29503078
1008914710
1030251714
126177296
126704431
48946045
39928687
26466020
73295554
981272535
953123158
6235158
117903760
126204788
952628576
1073693937
1055368940
86162648
76246064
82613573
79809838
95122095
108200224
1027172594
24005996
1055838905
1003236507
84658290
1072047330
1001955197
987182703
12681451
1060773601
118923659
23525501
78549682
57523523
30324789
126205214
979961139
40899447
57700411
24634746
992008914
15178495
121765827
83097130
16460783
95283320
1064639688
951410923
71006878
1017427739
110788586
51739026
35752804
61026818
133596896
19604376
31838328
23080309
26149302
5350609
1018728101
77596869
19949990
34627428
50409881
50350311
982506307
84310697
1013464254
32433956
39497709
110941679
128982626
16320090
80949219
1013992386
9654465
70496696
945783409
1028739781
1005680807
972478285
23955188
98982535
956824121
78751578
111867886
90440681
85345970
88261610
76323360
75910312
976203418
1024580443
105055809
55523860
1063571022
11384050
63300939
51064998
61943815
124948073
88486828
119753957
45075687
24535613
8928509
35668656
77174577
99039411
31373233
45853770
59171300
87456325
943365413
14659205
956353316
84194783
53745239
55148748
1007676379
42352962
121643185
35198571
1057117672
37301760
78078972
99985045
59657662
19539010
132187418
41546194
107799208
984711396
951889235
60194345
44948693
75871782
1059174421
82204773
87684646
1035010479
133957975
82437981
1021779775
27535161
1030114955
3546527
19956229
981180896
971537612
10794333
52787964
31090285
19814813
60708032
1006769885
76544774
62485416
35630562
119077525
127088904
960406730
63033701
943021051
71440929
42431588
133857039
1025937724
955255122
79010108
27321937
122010671
958151475
1044593657
996063855
108988048
133078480
84839886
128624428
20995855
36003833
36444794
100423982
79744894
977379218
112722974
38085114
2470101
93681188
956975272
64360175
995321946
1068691265
996790364
1052536948
944146709
88852354
61856202
6621392
705598
112153956
129633624
1022281092
131596974
952919800
6000944
1012486121
1023084951
126029303
115566311
998913675
22495940
989621526
83975209
122251386
948503985
85437031
1022203500
1026946113
993143232
104468284
19044923
1026760397
1070702193
1070472971
1059417290
24798434
77166713
988561779
3878227
4846142
39685553
78466244
1052392578
26333635
8970460
122990064
123797925
128546073
980471349
979349
1019242390
85367036
1063475551
116622713
61142215
973158313
106069413
1030573174
119359236
1068925191
13011339
23011188
35922446
940512976
111812525
117515470
27748811
1005974673
110346783
1007339434
94227636
984495126
22338060
39996098
29964657
124441357
125011420
1015085012
2356691
966174530
53396141
18033541
51759328
89644499
106729902
1031465422
72035252
37753599
32812578
64489840
90335392
1072504170
961077810
73179156
1044435610
100060603
126953448
51853294
47467390
21336382
6697505
14198903
120252815
90607029
1035483406
8758621
1060549538
1044281731
1021457221
43493452
1070175260
971427210
73603663
50056656
46843644
10150952
34033843
962317516
1036241298
16039105
63196410
978987832
46383480
109037638
977000006
69050987
1053758219
16364501
973649882
107313407
82569671
53299605
1027194495
46950767
1027437041
968767546
952718523
53127473
131272768
979266093
1037512253
94665296
1022520905
125320796
1064224175
1064958609
997413337
20401934
63763900
48557772
946579110
1007729250
20619119
104040720
1014085123
46890119
1063697371
61211619
37675080
123198748
98079001
1017931595
23122976
969993032
1025427804
19826869
994812259
59500515
91660151
77750382
955334050
1022736221
106948519
105824235
111280065
62851174
805468
95294665
25402289
62151769
108719974
110928059
1002812300
1043494574
98290031
43407793
57153325
95980995
84151179
1003418153
25986692
83854608
120055392
1058573743
67978115
64406213
32172232
940444612
103465235
81202081
70849739
61056166
1032328122
56309943
962050544
117669856
971324326
28346570
124446221
1065739017
76487019
1539739
9132461
67796072
37351537
114175209
968377453
7608297
38984761
73835098
77825545
1008842553
943994503
54532465
47209408
57265345
37801364
130762909
1031880711
34081415
1064000205
114814659
22699173
8832901
105404120
81885587
1067952470
43297800
1052414836
12716587
68493470
51178341
952584860
973555199
16944914
104909094
992121937
7791990
82907447
753342
125148169
109088490
23941584
105249335
6978101
89924238
978210961
97634254
53874715
23958775
32949144
109600603
1059808073
1030610312
4417836
124428053
94520297
75291378
41774833
26712830
1065093838
998834177
50305717
25866393
54879443
122148949
18444593
129051744
112255800
111215009
943492165
43202561
1070975815
69769853
110422252
1049300561
1031156468
992876664
18594688
59978947
22689537
1004941610
80360081
75516972
992006470
2181143
88945016
63412999
9991343
112507874
42488949
962890438
34018430
963043939
54758426
87090708
127662044
18861781
52749863
36303114
86866161
112674552
122470521
117233760
54582176
78834813
126871349
1003597914
50206968
35884434
117822031
87328642
976022349
1027007204
43087843
37119051
1039304131
19117165
1026595329
939931910
1000335003
983271593
59494601
117652210
1042235023
977644011
59696348
998065998
69623408
103735600
95427222
998839521
54653605
64466286
949307479
99540713
1046047819
83511220
978064124
80119840
86837408
940377646
108323039
76581342
121841429
1051784261
18835164
14296847
67091408
970001553
5600501
992765225
70680799
8179350
67835660
125575660
88908315
981319396
1020603743
37664854
130121773
2498611
1012195287
86239741
70671943
1036995098
1023656538
54550653
1041032722
60462361
61619953
981933295
1047963210
128904243
40033941
13209676
58270042
7842833
99131349
42958185
25592281
1031568818
58531494
102326882
90874434
30988568
941719133
950653623
982166630
57722823
103055456
87942647
124462441
43351648
26812688
1006634696
108000382
1009651061
90904929
1006135759
11096846
102667658
954248876
47765662
113295817
107969957
39324845
1051272962
1049058615
130716451
39530263
29715165
117219463
1064619278
70507579
54018833
63256022
34480967
1063089463
28874276
999564025
126637353
1039675322
117142463
1033308774
116199293
52246457
1058160869
124376669
113450065
65613329
108385046
88166418
102381724
127035445
12799164
97159406
69483359
104689873
1001820187
1053085991
42634006
108997745
1048400140
70600559
1016056667
124505305
1045660643
131157194
124315543
49774499
126806868
68626852
101683321
992964257
88442844
1043435119
1010444457
78467118
113658917
104125830
48145175
28118973
104612886
23494794
30762311
80961985
38971334
4138347
30546236
121000708
1069127972
104066827
33649822
99486098
116370684
94142410
90064138
85043444
81034909
979522755
98429097
9215310
980213552
97950350
23842929
34742763
69915560
13945995
27673904
1068307695
1042399269
30898781
92232330
1021088891
88009008
8498987
77972011
72087846
127617071
1073057941
58630834
39152965
12750727
29817373
54992549
71846548
119465348
1031471735
969520859
63862061
126597487
1062234528
1012970722
101637884
131342671
81036532
992656172
952363559
57671261
54171330
124407766
982127021
30979694
70541721
121086143
113095349
1058336456
120421062
110626965
37856377
62468446
38526125
34518896
38774451
1015727376
114515873
54398405
1023422852
978252604
993949003
66522451
130705775
1015992413
113516674
103084758
1005141893
51281823
59987140
112974240
51995508
1050331159
64268534
38584228
94573308
127952031
22136304
966861460
129425330
941595293
1054803237
958008751
13560490
988765305
6774417
20423664
69143635
28166112
978871086
130750630
16801839
63831632
114767586
45181445
1041207986
82111671
119592284
118324789
108641264
1048257230
1040533869
75486182
49373163
108377159
68770381
69512187
72735699
81233006
969682225
27772236
1037534020
9081702
95870350
133374180
5483502
966098646
1058329569
54748776
118693730
1069385913
113884978
1054303284
20330930
89858259
1029516257
118333150
61152813
108191849
13107055
86508241
1031560233
106028375
81574765
121770237
18079100
78096195
2945594
978683541
1020219848
57108252
30659026
20160722
58246644
971919126
14177595
63737067
61418244
87502903
97786053
34597518
15302987
5976867
1018975657
1069104687
101960771
972697178
89711528
100580830
95605660
43188906
106490646
1040999027
72469176
105397525
1057289661
24502164
132427620
111459470
1049084774
91482851
79002819
65815869
24409191
35657004
128743389
46067647
45348830
29722296
59975468
1011344969
65654708
84360095
94551097
957310992
53071694
67649606
133431372
119239855
15943815
329033
16067687
44580024
121148446
71215104
127900716
56609926
1040867483
113904972
78394302
104929586
986721508
68807458
80457882
100419918
6875966
31397932
963490006
119516983
11645634
62810482
36340677
48450300
996289785
112717006
86496184
995039350
1036065196
1031256704
959121125
32897321
132041149
1042944964
1006267003
81054314
30929640
1041052564
73813425
100191909
105330065
995895808
85664994
36570282
72657357
25441115
10504914
93049541
100785925
54218730
1415623
94195651
28919062
116057301
129585759
1051175551
976388930
120555572
54948660
67022940
95723135
1038369326
1069600501
15034058
91432811
22225023
32817479
991967362
119576268
35949217
107916294
14315670
116381978
112629736
122864308
104919165
116575072
67130814
17722793
88680429
56537107
59996384
83077865
958081375
95007800
1023438169
1064852491
29659598
97650568
78036157
69849042
38240043
948211407
968751347
35561257
89568353
109386443
4133519
105015967
1043303572
73081533
27624939
34062656
78079659
126226710
1052882537
61849076
91422671
80511801
76878526
69662058
71509043
63760173
1052364927
63730450
948881226
1044791377
33584580
62258281
81258020
37415342
131814181
108810175
97671989
48872627
122354541
110251049
15034364
118538673
82393432
42105248
128760605
82145030
29471975
18279814
129811778
103861216
46374279
62042535
1005750056
71136342
78410280
970076082
1000924324
132369593
61698890
76235506
1068550258
964950103
1023656769
67188848
53881531
23374925
96803483
86195917
110230681
49135718
964712266
36824106
40844442
33894586
962917613
14585462
93018839
124286999
46770363
76997576
1057493345
1061253781
122463755
1019407038
1041655501
76250379
63258895
1056511101
61216013
108064272
961157735
959606321
26189167
1059038392
84825843
979757639
1030308366
47160959
59045800
46021079
36244873
102787739
21609419
41317347
104836138
952878035
1036394730
72219941
1040870077
22768704
1022648315
35503746
103564255
955597705
989754315
1009022740
989671593
36221427
1046389240
95002612
1039154382
69639001
1016298047
100486099
122466834
108723183
16584102
1058255417
46257638
129388754
7699157
1033750685
1046029014
51369185
90678463
1041549110
43517686
68020492
1005225075
5239690
87068099
86048331
97693688
7033291
112416610
55503609
74266070
82511649
40611315
29859233
23941536
76027217
1057715678
107650948
41626457
123004241
86317752
104880240
35451849
28896085
76805140
81017079
23320746
1046547771
19986391
978197186
1010715064
54677473
99671800
110195786
100468026
2100720
1042444919
37504696
4015464
87952089
1032455985
59364121
53560982
62458628
7741205
985187132
61370507
1015247143
87752966
46359155
33720546
31076338
59386565
1056164004
124123917
949272801
544353
69115173
942363625
79538242
63359222
959385006
1003367486
84627895
21568688
100032123
79348391
1040124897
113968465
13791150
64452806
72833242
1050217157
91250947
1067359992
24608622
1934369
79255796
60080717
10862274
113670875
67213410
129545130
126825766
1023541642
1005447862
1009577214
1011006343
1020970385
946064249
998922700
77673898
124589834
33251421
117436839
88251154
106732749
84413241
3945185
125327612
85653592
977322007
76513141
78136443
62343983
99828859
8760889
120628160
56638928
72487034
45526041
61875544
85609619
36350257
64775304
103581341
942244245
958982832
4864436
111298794
130640319
53081314
962575756
975794219
1021192734
1069704009
57215476
1053473497
59321075
110807950
24239959
990216838
92671333
1050545398
132714089
13723324
17359907
124580162
92196550
129320438
66737034
954203200
1275993
17186555
91073781
2427292
1017030704
116257891
1063762041
126436232
20164149
44602192
51777968
41923901
108202910
98670280
963113953
1020544783
48153774
43209723
3271850
1011517041
125467255
45809193
20755054
95143552
995178603
121386201
81092868
74433954
117017157
39480008
87071744
1045678264
82684516
77995775
102592242
127412825
102129431
1615018
1006458252
31638243
1037619057
950363704
1060930582
70985603
27376625
75964575
65513532
4660751
104960824
106015948
19020201
1038978225
123557758
95182296
100115011
1043714301
47054383
130690239
1059952554
21830925
1000277918
983084199
32982736
87742976
17600859
42939246
49951422
92511256
108667098
93586336
72093310
39275469
77314542
45127649
125434952
946260767
1053083163
68459392
82311449
99027540
40157645
8301315
1023914356
956994226
56489973
93406311
57733480
100042216
20604489
1025454150
85115020
1055000243
35541042
58871042
28680838
21421477
965699985
954840588
9770836
25222550
984017874
1021877453
658706
57333107
989917387
85169507
64725490
1023013862
44706784
80496574
25906707
60478642
996689935
119590538
1051169010
4241939
58628646
83898928
34593628
30319705
1024084656
126247063
51757790
9436326
76419047
108717406
76550333
947101364
116278643
993917625
115028652
91863979
108198026
109000702
992076280
1002944734
987836608
42307829
42674319
123656165
42682065
122597836
1032388204
43352539
132027929
95309037
1033716277
1042993457
3369801
1060575608
101331437
59780855
976256918
952034763
969029205
1065837366
964392355
118798245
100774117
108462395
4889660
1058509834
73136308
1030239680
1047288721
20901551
85283822
84684732
79454331
42278409
1011546479
16734484
76015832
98382161
34259938
1060995417
125213762
1006774739
35435598
46497434
118661734
46162720
1070072327
26965820
29802768
85482729
57759005
22642835
111525129
5381837
20555666
974065102
1055633844
117370077
61230272
120376577
8273434
82365502
129030585
976849174
1073448851
17965237
21439205
109704110
993024573
133027949
100503398
22999801
66541005
977765939
111596357
998553117
87181245
103657415
1042700968
961558362
981043928
46055405
1007165494
1035754390
112775543
90936561
978209571
113987139
68113098
94711109
50520481
122534625
959383681
40599125
44895137
76996568
11932496
100504131
2306604
1010489683
70329047
1016144341
973010656
21573080
13091720
114472855
999765662
106246050
980323429
16178071
1059569645
86432207
120506365
99644435
97465138
65059599
121015264
132539680
16057323
76123229
80982655
59267089
327927
965304370
113775079
68025350
83319224
26522428
81095453
944225042
83343529
96489925
69461182
27376788
13517114
12198441
78614645
64555975
1013739034
20797900
130597822
128655498
81271508
1067519065
120325347
99479628
122305003
113246606
54674522
13862653
990327144
23777267
1061711941
116218072
946759078
114467839
46835853
73034505
132524537
101169986
956104409
112230514
1023626591
119937257
1044021340
40839684
109390927
92685673
96853373
130259233
964458171
961920572
1057220559
84698673
90942877
81332402
1005027510
38802116
97665220
77838669
131942572
61159058
93683573
126719609
75395042
67519933
30848379
72015257
34634431
10758090
25054351
65929958
60106069
1069870423
55429241
7385755
18680212
111480351
23506530
78118198
95371244
50515885
35807397
53509612
65125066
1022555539
88102374
1016439314
53008682
41113450
1013237727
108455163
1061902884
46279568
1051766846
72679076
8398319
1036638458
117028161
117379249
71490795
97703835
56614278
115909187
942430295
74691581
98379502
1047945564
991924630
79002545
47692972
979742820
72245065
33007365
66211625
110150772
109982297
33437581
47002301
66218677
970065029
83092648
120625104
86418954
71647182
72063666
66377354
67649045
56219221
72046535
1031114557
82813476
970598680
121271541
125338390
54044617
30702772
128355694
1020323024
27912997
1043047344
112708606
1006919722
19834247
116712810
957566575
972726119
128530821
104101111
99744298
33806462
46889309
1048647405
61080557
78428937
980153
52622903
24312180
6733738
23449939
1061542270
7604207
114754164
11441166
1065689957
1024225878
68351767
116057934
1002466059
989474939
1029589575
55519547
128448623
20619513
57008528
132812734
1012036425
5438229
992478034
93341783
27211335
99765622
11070597
129640984
1017042569
1050914685
44481416
951632840
7782477
66637241
92344809
118001178
1063605013
1048652060
105184015
22983643
107672915
50841796
33705245
133881265
975996463
54453800
1044492433
1069851744
25999427
80334764
98154149
52339857
119511631
975660910
131279978
10006405
132290141
117782712
1036872754
1021997065
18849984
108626452
28005819
23352019
67939313
1046548249
107241253
29561658
75636167
1059978162
1049684894
126766815
1018973829
973254020
7950910
114082248
91244276
1061246443
45838780
1054579622
1053664689
24198633
131887471
13854504
978549569
15844335
960428552
80521049
71285474
42698795
79984038
1023800374
119610135
72015019
19926638
54353186
7726474
1031219961
24737847
1069577874
127951703
972304033
110862780
1029688642
25552746
1033975953
1072630274
1020599175
124416604
132811735
111154423
1022792928
1017804702
1061342605
61310006
126810733
1016584570
126316153
3711652
128120229
99908936
115800798
97305806
1000521757
1033630621
50746032
8119117
3546903
113088392
117392186
20431044
7963337
71896248
1007496644
50203849
125125492
21189433
51903195
1057493633
7624060
125045544
63142524
111060284
93953262
92399571
77272962
69274618
60801961
981546880
1062033671
109314007
92560786
118243981
36647634
967381304
91040245
94018286
983986465
75897652
1051482148
1021768328
63668327
28100018
41303789
1379528
26644260
32480828
91840167
123190186
939890186
31690834
53440473
14948116
1049239466
88843644
1053579752
34307634
1030752423
67832518
85677668
23019399
22346161
51519530
32583562
48199702
1000202354
1022870979
90958917
29418302
74736742
96581785
998220611
96748794
39206984
1020583196
75123469
1053139781
83452342
3754769
58872960
23253640
65981673
42144697
1026045782
66084952
90722855
1021326037
39047663
104170060
65920249
59199693
57828745
28759434
120418662
93192242
100172503
1023971200
556025
978160452
1013219636
54649288
950472303
1050071902
5309284
1043515606
114542229
55175417
60217117
957504407
1039111031
986195470
693185
982256744
68031723
1006921958
122269882
1025047372
2069311
1014612531
45908670
17264854
88467263
22720510
118035759
59993066
124735081
109185036
108683645
1064820370
964419267
87193241
85680248
89926757
27970830
31809341
129938437
17172663
113022688
127973400
116817491
55553879
977145045
33740025
44000863
1072601435
84082283
18281457
101974076
97750294
127139746
126622896
967875022
950755470
84875954
76779962
102163415
23364168
103776633
1005349388
948521682
990705560
987420569
1014141143
1006845270
94616562
129229325
114035783
1072257083
90405761
91261125
986190130
123431682
17672186
24222221
82999797
95137179
1063830595
131019810
42852457
6860949
54150292
134171603
35690959
1023371481
949648735
54938927
1063903545
68628823
988747773
83831961
1020833735
52683917
27964970
83985120
987502534
1012790495
986953999
104591517
126170013
25065913
34950400
27082591
118275366
88543459
53644841
7989042
93060850
91634466
82796612
103754920
66339578
128384776
131877011
121265678
953484018
112931553
60761344
35875000
107095059
104199928
967069672
14657658
47237474
947290095
967413768
36431155
120179925
4874547
1042662254
55237593
1057099104
1068752851
1025146572
132075928
1067562718
130072749
4534795
121104341
28049019
1054102905
119434110
30646977
68484079
33989866
105803802
33560615
41317965
23565056
54062399
109825447
18324819
64702928
13780185
1054348805
1052644107
15530673
1048849483
90911744
993448415
8265088
52796387
82708098
133255990
1024220497
66811531
107746002
96461831
57984514
968401315
126744595
59131468
57553691
80633393
975038667
1020318090
952583544
122206493
72690681
31347024
966758845
1003829195
39429446
1016939396
66725799
1070109937
59298551
44830929
1026117007
121424393
62535332
961708978
8463656
13210492
5905223
98373057
975689876
101364555
959761599
132487777
44439589
977045470
1032897897
93357197
947044968
133432957
1071577828
957148635
34825711
20536784
80308875
28784945
129394851
1043968739
1069504771
98073485
117811023
91782401
27130573
43706329
120777985
43172021
1034224637
7241316
41863043
979706639
960946134
94143093
86446414
38476536
37976615
19645562
119907253
71634510
51951601
979113190
1017101825
70788003
30458624
1017321399
66625195
63034419
79780691
956147449
57496280
79338357
14071520
58781306
48684819
32038782
127807033
1067004278
75936157
997110569
29332597
51344182
41966570
112159648
90690947
119768678
102636633
68719574
81366048
11051922
985731975
65452437
15698300
53476012
1004833127
1035658022
70817452
126907762
1002475010
38371192
48715312
21309693
111001106
2359763
112563412
79793897
89000193
978004010
102711814
120422299
88078317
114947552
91863745
80046021
16310597
1061505605
82863775
948559624
990393750
1072499490
42541721
982026977
1015203702
22040720
962730687
65606156
82986685
67868021
963148591
104945533
106095871
1046732159
1062627416
101645388
4215203
30764649
967253413
11032216
983605967
1021847863
984065351
47548847
20732947
78458744
1036202682
982674047
989139112
49395246
26893833
66364162
973915278
101195954
69722550
34694825
972357902
54000774
1057126263
1030032931
33537678
19593695
942472687
38213388
1013861350
90516693
76666987
86171688
37951285
1060058699
947070695
34878247
980507523
84681502
92224800
978253762
69358620
85209027
57095090
77058996
63145173
68688940
999710901
991073645
91373860
46164654
1066426500
951257564
1012115895
61976098
37918291
100771655
24093972
63080579
96644104
71958255
1037751493
1027703894
23288596
111439337
1044343226
1013945563
36719056
53841568
96906636
57234991
65543125
3167845
62928782
89625700
52063390
130222169
128309917
84194288
1045780245
96863897
80617747
9008015
54257786
35099264
983930344
47089360
73400768
995989793
126780237
74567778
72433075
125161109
1054287949
77835208
7039346
88363680
3316095
1055625618
78479929
113409399
46175719
66890893
1012400491
95024911
70709911
90861225
1073116841
83365505
1020273056
105991018
10396495
1007329977
56750284
42163936
1069190988
1031694367
36655344
58526921
9675681
9323722
108556582
131760692
123937372
949533848
1025534519
1023405338
987229294
1038076472
42065043
58413620
1038291886
1009596988
129200657
56156559
947564655
1039551890
952521271
73577333
85790083
90885745
962025700
99233835
92442020
65462811
22073797
37740573
119864182
34026428
51959389
1048984807
987327095
51316420
1056994829
72753017
38233393
12697644
106406822
1046870467
35911207
131888532
998857272
1043450670
960254887
80943279
31724386
1038274444
110901816
1058410981
121408111
75676447
27674560
1003431342
130003404
9594519
32541335
1064065972
1027169081
72732097
109234825
90875883
44285404
83377097
1014583391
90926831
43588612
34083635
124391004
60432327
999359299
1049988346
104480920
8581292
9496034
125120470
37378195
34064547
1057646625
977994897
85068740
107607353
37018596
27064505
128076011
33999755
47041881
89026397
1057762137
47770831
70994810
1001821853
100888240
86463979
113204654
114800794
1029074968
89261684
129995450
47952975
17682608
37090711
980452034
87088046
29445239
82987874
1042338273
98765524
38313216
48929480
15057219
15675252
102689312
132171659
120368777
48709392
72764358
112385694
4455682
117723075
46037973
64922333
44997976
126512952
109147636
59820590
95353017
121352733
89125267
1011521482
5420061
81929247
65560327
121399099
101909082
90237158
8915351
127103934
115640633
111680973
128298309
1000117389
51177071
963039669
52708211
24223029
992561029
51703051
104794184
19556357
62661544
116134619
940862047
54291404
977055512
977328857
54382398
132838480
98907710
1036288648
29111824
990669770
68586104
1006877919
12338107
24803488
15431882
84535455
87522699
99874797
748553
48319855
55217881
1043985284
992829759
1062719554
46132927
106194122
1057518444
105980948
108853902
76248402
128833378
96788355
21610943
118309300
122549584
89923718
81912963
978679533
945307618
959774031
1069717817
63736263
102905915
86645724
24588969
38201514
64649865
117680488
68901697
10819829
1036922738
43208661
979558182
72156346
61672305
62699170
38689186
67738933
61612721
1019923627
1046378796
49133559
120740258
1045199427
16433894
30889170
81803358
32266888
95468339
101254463
93362466
120540992
6361220
12724130
529549
39352299
977443712
59724525
113628423
119567165
1004777413
5373249
90651307
16803703
9207669
1000294000
39054667
977309736
17460613
23445124
40980157
26151249
963708443
89693476
974982248
77657381
1017480127
127078098
5052645
106647584
1036700668
126094176
97471169
1058106836
776104
78108491
973953877
58714650
33557153
45368154
1047792947
69649725
76900585
123227179
47158720
83571261
73398527
73531120
1016325747
66934317
125184290
22106992
93286860
11414464
943205229
5516738
974002817
23953845
114371591
1050413398
99652097
59577661
1470957
984605946
88163453
88658405
76720495
110911575
948965365
22827542
114921891
58283032
93707902
72870824
994183019
25634550
1013949728
42151497
37590656
11014195
109509144
87364610
118324118
1011969465
74961767
88096902
66827205
123183987
1040473935
1073543011
34480299
56052860
1044439611
83588066
29291553
96188654
94219256
11401813
962695266
72564152
124300908
85916765
1045098220
1034661876
1017629708
93476824
40422361
19854032
78270455
35072448
26900080
116255434
120901783
1021557096
1071517583
1018056873
40238722
33726009
5296062
95513353
950365145
941967712
7997577
26185517
85723490
68798973
127413619
1234578
73721048
54736926
1054601899
94624465
1009960464
75661066
53092915
941841162
97656973
10394178
19933800
89491264
88954105
61570510
29218787
120752840
45277015
67362284
48708127
980978097
71227201
43765418
39264286
1054198913
1045812397
48058973
97870122
54938469
53580509
61891923
125987554
946757174
1072927143
1071017018
95597387
123536415
19297049
960872079
62734450
96406179
1678946
957582780
1031037389
79091956
120614055
85652951
124112114
27029740
125790168
88564730
68695013
99091782
115920784
1073698562
83016085
106342173
78886340
36063001
119893774
1024743103
1000807154
7583623
1191404
989070109
72969139
968073528
56322152
6034451
24837148
59739211
1066531374
993759250
90669894
92128699
107908848
120907619
10479752
130105870
31650409
947646521
70675995
125105273
94462159
1022038334
943474695
110964083
19476713
981363818
69384937
130844339
16952169
56454115
102938125
12707930
49725206
1065059086
26497127
34412938
120681734
955783975
40478958
32475492
43279685
39309774
1019094176
93600503
63362175
14196022
49587943
974970968
39910482
77744930
132225555
105354876
67034285
27315360
999314639
38368141
1072981673
83440706
51503319
955539384
31291701
112728204
1017897125
100566634
1020372804
27978051
1002560837
1022180626
130441109
29257902
993749770
85346270
2475484
1068170062
106485018
77599972
1069002487
1042755070
981839770
1005997796
75052595
48738348
966137593
18957611
105510808
39528932
92822897
102155404
966414633
26448357
76563996
71045874
1035330603
92476082
98298220
87199413
36379458
68132412
11392693
68387744
1030152186
77783721
943723522
109999115
1057727626
29608351
77730321
89381081
940860767
50607186
67663848
1959707
1043137125
51638826
128151593
84943768
1040345619
1014518366
47205609
976318908
9324320
93215758
30490660
11862302
113319784
988132602
1028852432
123112171
1039207836
26041563
1011932262
4893423
111315387
1013454456
133710331
11012824
97802136
52659160
1020881712
79658818
71674814
991477935
5169245
57890701
996433947
40430565
951590251
964584798
32240178
73974122
85707109
69380682
956630457
954397143
47923283
48726102
442405
31888599
58209626
85532964
7822503
55878701
42520780
118675101
69329589
94819199
69666614
958362801
57599649
109821587
34420881
103849156
115424052
943792252
27559202
940772416
94506927
44749362
17185720
44648769
18382589
8859895
4641891
82128415
127211104
997695347
118906453
90748382
103455138
88706478
989330053
99857197
80551605
32639170
132924700
96748388
6843072
101055544
948297827
95993981
19956213
1017744872
74209113
44963256
973204020
112536539
1063237695
99512408
38830491
76373444
121367964
118040350
46465576
132888385
1067766460
63204672
132391337
15080170
99007736
1012707694
132015478
1027380345
63157546
89533208
123166741
40431842
64100588
71994419
63700987
7933684
79607955
100066193
1051913709
89218025
46537841
1019225196
37288018
130397738
34495345
116051966
10105518
1755052
69667254
33393556
117650824
82487808
45300484
27078747
94550844
60331362
74012455
88186811
62110393
73252283
5575599
72653287
99139853
133342459
69830792
973724591
85967990
104634435
984461162
992331576
1050394977
1018114
1012956265
10973127
50046364
1024730310
1007764714
118940180
5339622
22832637
99041265
92419515
90614035
26547803
17848795
75149312
6666869
64350823
5558957
966932632
950496396
50573187
123878849
8928229
952303512
18531195
46181579
1023173317
116838618
9260454
18944767
29549482
97932069
85083406
79058533
27394858
114335714
955535549
74559602
972664609
6396683
52947309
98339862
53228179
114878655
963113416
943143507
110999570
100550381
84618239
984919269
124995114
103433641
69444309
959179844
57756468
103381570
69982042
1032752433
88059145
41477090
76992249
1034142234
64747224
947303278
1070860654
97025032
96105262
108047374
68135140
127272192
978529916
67440066
69897659
6189343
80752614
11579511
104491925
82591277
88394728
65205087
117706172
95174573
19867321
49282698
21960012
1066930314
124868022
123402484
54647884
79923437
114558256
13026914
959923830
1049458427
43757333
69804429
70451157
86922163
99151191
12114726
103322226
982497720
1022314012
80099460
63540097
982625361
3452546
74335921
94186210
5133818
968083713
21637988
42865178
77962732
97587543
112853412
1072565224
114697391
1057384503
41177465
974211439
80930422
66701677
5837856
46499562
33125243
100884970
111657764
1040913726
55925920
996105155
9444641
41383496
95767484
939795226
9690993
61889901
112030359
1038754950
46607751
990377410
9091062
44199890
8884666
962198678
58161136
5761767
31411484
15832549
1167260
121608090
1051549793
5219290
112084477
999862641
104094639
93645857
69479184
55465584
35705173
38487348
45567068
99362888
91252326
126365456
19158009
24938989
1000960587
1003424825
65012420
59018973
983172361
54671548
965668992
40710855
88006713
103815170
967113146
991415802
1065042835
92911101
128040463
1034326134
947746185
95823766
123377281
41297185
1043354796
22357522
110117525
75369855
8497595
58484720
971656954
1037192551
78476516
1036233911
974498629
47871757
122207260
30839233
41068514
45023853
47127902
1058764884
55924636
12454426
1073160418
16468607
4889331
33833942
133746808
124731218
1038184254
48594810
35942671
1043720680
100969238
70737
125855927
118758938
48874075
78878943
1043695126
1008673995
14451252
1304800
66343964
1056898275
80635642
12963426
990380241
49743823
133227452
954906744
993575100
89808649
119525465
1021934484
34325932
126061666
1010431779
127969640
114191857
969176405
1000090950
69209463
65723173
1046826239
1023999614
963165347
76476457
1070804754
1003298325
68829111
31403065
976971270
76220843
73334084
1071699674
1029308349
69528869
75563217
60413937
74607812
87507987
77552622
55782465
56842045
65402787
8113824
975718221
40866083
1060355088
51886494
55448543
123516255
966284518
990378654
1037629790
115755458
1009311883
46102512
104827845
1000705330
96717246
943143046
47011414
944021685
88448350
54898437
970631553
123137779
1070009670
130774581
958602743
69728209
1035990889
68546996
1011320598
130822637
36792800
99672440
38017059
23937196
980280808
90339610
50338584
1041620816
1002373482
117934609
100936478
955079361
1003278387
37771618
1040644019
7189003
5494569
83877471
74891341
98903659
88849944
989860539
1018242684
1014931125
28201247
1067933116
72332192
65151092
26222213
62250955
1046909154
109045845
21503670
977596689
90585464
89619067
810937
4943733
51448859
86347519
970806408
103557530
21639072
6890594
118435833
47023692
1059050494
26266263
77509240
102594860
93656679
986515274
34490534
64269904
123082367
988938803
3209835
1008742696
41912309
88916528
49487338
1035277152
29128399
1039848820
70967628
130276382
1024981695
1073159492
98932599
25618490
1049815038
58600803
976546431
55852179
7768642
127193085
71140723
35123817
118760870
1066195570
27375218
1043889629
98462065
88977386
71943031
75363227
107462214
95369203
95056352
465592
1013596884
42744247
940639219
102084136
4264628
1061456176
43904736
34447008
19990151
36757726
59601685
103207447
113880083
30446170
962197398
986303989
114507063
23876268
102271229
85419989
35020953
105135594
2784356
957452727
41654516
113078447
42858470
947720863
940421346
57149103
5900761
945017184
35863819
65585815
88385150
108940633
46195540
952041918
105237293
133604625
9029160
79010330
1033424965
66782245
130899577
72576724
1004184806
99347214
40413471
964204054
978217425
1057101954
20612671
965364408
56435359
62500869
977708
1056922797
1048399146
14630305
109785362
128054
34841914
62439040
103441760
1051565532
61846428
130597068
57237789
1034639434
1058905360
70374156
1007870178
99633203
993820039
79369529
126075307
987015987
983315096
11616476
110018015
81438288
1058024261
127033816
86807283
80862378
50382418
57524318
962063479
5416808
38669636
63596252
45860062
71598822
965818457
44448921
34577372
35145096
1072443146
80243795
53013245
85928269
50649714
71506343
30213731
53106703
1041294563
961883958
1038828296
1031241689
34126095
105063231
63387074
41414570
976075216
1051699475
1038047133
76899406
11285038
110716939
80153406
129903732
16267698
1007578358
23628816
111015584
92781286
1038844053
102722524
95302939
991015033
102036916
68533651
19629240
990808464
63749169
81986445
22639382
97346993
122121346
1055567380
22875933
104110883
102795723
39024472
1066140514
64540016
1015453921
17463643
123827721
4140417
129005719
81843262
121032078
1025850624
111209561
86936502
107746009
110701727
127956538
42385809
49393078
93096132
52648666
91056680
76146572
1035751237
110370935
130999632
1025631165
85658557
124633432
1028544127
944375152
951093542
131957242
1053618802
36447112
1020863937
1020256062
52207537
1000335702
1038455867
1052318882
14808646
97319992
97515314
45451936
11338649
992613708
107406459
76328925
80985559
16596023
992460415
1642815
1065078514
97445081
75072742
123269865
985307583
3839525
979437424
975504193
106475454
1012159700
63942258
48626789
46570986
1065617107
61231593
970645740
999114656
1020013309
11149473
969146524
84435254
67782166
77593329
1009081945
1035206683
62116942
18416586
102993094
66275010
90795042
103456560
1012691612
1037809329
130262761
95647126
952194997
3238558
1012947328
98433888
1000437204
115231698
41227742
1028525867
70442193
114753429
32144131
1296960
50017
31276089
116805535
33335817
67571544
1017030031
79569949
1056783987
1059437260
996981901
57338009
1053534497
59624282
74754556
3453623
29827408
41143687
100653195
124418071
954342042
61740123
26442335
1030044590
128766326
54824979
130136763
66176438
984492719
132520907
34820890
1022991148
61825096
1061641329
1048317192
31875977
42655011
104006379
100256816
31777757
939894092
53308837
1037699563
46242499
996726358
102362413
65316738
115726506
100863074
119351421
1068604548
72993402
57133748
104152104
15348510
121941996
5997322
3188804
975642157
1046542925
85253860
72249691
108507083
43028756
1034324851
947282438
71326250
12388391
101552468
1017748126
955953254
4740743
116071151
9902574
946566104
7537340
121425052
31302404
114678092
59302134
27899600
45238660
1022177286
131365321
100585394
15484586
121917078
21579445
987724384
117486622
1051928298
89025640
58652096
35164124
963079046
24240603
4227258
42228472
128739569
1037813390
12692875
956606011
132754291
62627746
19327858
980987586
115813559
956664714
69176712
78540366
90964228
32392376
45979421
993856407
1017359093
1018674932
979941914
97168433
34789513
58601344
1026225913
22023554
45430046
19027172
82443556
987206371
81740023
1032986462
129188638
1021432958
980874955
405493
32108951
1060030075
114715641
1007336928
1063781428
1000055597
54974909
103486225
51158044
1056171535
4326132
60300591
999893585
39369148
990779794
9622192
67174009
76224180
945858322
55062281
995012590
80965223
129424786
1031663163
36514399
76375872
78518713
26607242
91752912
116567506
70111760
86267328
47736920
122106265
121229805
42499422
11674450
53499970
1034419148
1002749871
16482829
17720071
63112983
96462088
1011880093
110572330
30976006
61748153
13511953
1045310384
1039115575
101043369
87527132
124064483
1016921348
1005578215
979758944
1073218369
1033219031
995174897
17623607
70101470
1035682268
1031625758
101718783
946430940
19115128
1064763466
93272471
989872142
105508526
1032026973
993929838
128325852
28598236
109006006
985652886
64394166
81020448
52770008
67249173
38116963
117685901
10601449
975699043
61151958
1022321472
48695836
123845196
81116498
43775192
61289848
93704069
36428707
30591456
34587571
126170426
88517208
106382886
114930114
11121275
39523734
4980264
30783378
92727600
1017436401
121306555
1000099041
964626707
76110673
56624448
975305456
941969290
124310249
977353544
39582061
91807559
941699888
1060196048
54923703
92779970
58253825
39859002
20159569
49651233
1051542709
945700242
1011353065
96996454
98190437
88754522
3383496
88691210
44296535
3364282
55742378
86188426
11228423
73278214
1034555407
957515171
32944395
126428359
202222
106130882
18254495
100673538
41578865
89487401
979402162
51695935
71962393
68748753
76071639
36371515
6463789
10443257
19580633
8571764
1035798338
40176589
991539377
133479737
991888668
112789383
125073139
102118063
132691640
48097047
943149753
30735368
54562619
109762914
49915768
92200461
61074170
115183326
93307590
91830710
76425383
67472581
12961402
42095422
128208133
99712613
84970471
62323979
24338164
11824492
6668377
1040099719
60568246
43198380
3250949
8081542
37633868
27082166
1014814353
56688794
38178477
118058746
61305428
66639645
71640340
976452299
1022364915
94401018
9459499
12161158
79412652
28013686
89535239
1037334406
38362189
1035428744
30428214
1039387292
34979602
84164128
968931773
61425130
995539450
1030988947
132756148
1022882113
66708038
62774987
21659491
117845997
965250152
12404678
1036870040
88992723
21476698
71160342
64105785
66880764
1056672159
122342539
107378098
118546723
71028507
51194718
66189423
129480386
127506479
1037896073
42432142
103748438
75743810
1021928379
986170326
90181822
42626745
80618839
118442495
32421434
1013175958
59024098
117993794
34952126
80037460
31775212
949073738
48649815
94468853
1037527651
109113844
11044599
72141598
12345626
38358187
74916936
67491086
90257919
1047005950
76596580
985485371
1044364227
1021870089
992430346
10575395
1017946308
122298540
1029211971
66571935
124771049
94883540
107381428
1021298850
95145649
89491102
8808894
100576169
47638609
1014888569
74213596
98498475
63678510
986531458
20117512
31539326
101417461
34721781
1019424588
29372170
113378989
1028189060
78178972
40553922
1048285601
739271
81905996
25270204
973204819
19473613
982044916
1045802985
91419584
14915587
108768005
5386767
1017168966
1032933035
18371305
51620548
132624036
96068616
40587033
940960475
84943434
1071116370
15507576
42467069
71588802
36917297
40968495
61434616
944297181
41341756
57998080
24026829
1073689580
121948693
95912619
103040882
53653934
940115964
59267079
6743612
105890678
98129194
102301153
12077518
88655822
41599690
7786564
75865855
124161187
77544033
50437209
112711116
68348917
8217929
52941105
46518263
108554580
61764523
81667463
1025211480
1002973247
77063490
91481085
88681487
128469570
1049214163
1061977742
85274804
68003523
996969390
87322375
83060274
128291749
65016152
1041863197
51571885
115006583
17070885
16945800
101017227
73063681
121935072
55643423
67163935
941834055
30575640
1000549421
106473233
1024894763
50949867
64822006
131502468
33943675
1016345486
128044133
1029112031
2637604
68419002
1014797474
87933185
8261749
956110175
1052592283
84614263
121291649
990180627
64150855
34933946
51771449
100471842
5668127
37255307
989256966
50677947
18286278
30072361
1059587917
114989555
60728146
988694916
51781924
17493778
1013960630
57871083
85998255
953009650
34889606
83675655
104586820
92723918
124617487
1049937734
52975177
985566304
8430290
82958357
88961312
7867260
120205390
95761990
63901347
1050893094
1010011425
63374439
28065865
47632408
940806494
20435310
5546562
77448834
117124501
34891123
93229584
952542822
977623842
78974434
85002187
125972827
111930996
14902545
4698017
58030127
117013373
129222509
948639308
995294019
976265333
1030055921
1003331449
1435674
87612455
124999181
73251759
41015670
94030103
72179430
27955339
104568106
1042771548
55937020
990728603
77555401
950451580
112026278
10764802
81736561
98596796
1004946848
99482403
1028126126
63675031
37525116
100160521
91391815
11060284
132948500
15686504
1004868610
52964134
73185976
75963322
978854478
130138065
39948960
68558791
40730937
131720066
131627489
1002491622
43171996
74281114
39222767
108563467
128255164
33786810
1042012292
38252234
102491399
1066214756
1023679272
81581888
1021140299
68176345
49599506
119143274
1024141555
24776048
62405219
113522117
974307955
20254642
1058009433
27672506
21844867
74024469
111161370
11020473
64993320
115960691
29267383
17624795
20946964
114160096
127959066
57667816
101280025
112669353
1046627772
13887903
1053784477
964221980
117553328
31163234
1072882338
2030591
963800639
37599901
82279132
42065015
943664826
120839340
126621033
976533077
121323597
979202659
1072771166
99350033
1042416847
1071278274
76522650
47717245
1022970909
74419135
1067828352
91703298
2736714
59792740
101872785
971627399
71316983
101756985
11927313
35056196
1000409331
1053230891
11559445
55138050
43657044
83681887
1046143828
106841081
132293375
88493744
56358229
65019360
88321480
31117328
91437111
35153469
24408104
75165081
1029851779
94479812
1024939732
1073147931
75657843
123005106
982687904
983473443
1068285250
100584628
60609400
14822979
91338562
3112752
132387095
65331230
37051484
967873513
963785408
132510657
