3793
168
1026
7361
111
7924
5675
14936
33
9130
721
6977
8662
9029
208
10028
23
10209
10077
14294
6087
962
368
11966
7237
1227
4246
8886
10066
14996
16062
295
11931
573
14239
14120
14026
9984
1798
9952
1329
8249
1535
9076
8813
6068
11687
15534
10029
667
800
3135
15469
8290
13559
9688
15157
358
391
4389
4883
9918
7536
15975
12105
3154
9177
10808
13556
13857
8504
401
2293
1727
4151
15545
10179
7257
8603
5420
6827
9217
12453
16001
456
1544
991
10609
4181
15839
4002
7896
4079
9896
10208
15693
5841
187
11737
1854
12523
3623
2036
8216
773
12778
838
855
8249
10120
9781
6169
1416
8358
9922
13811
9010
9853
12767
6904
10030
1208
7753
5135
5456
14851
3582
23
192
9917
12190
9153
9415
2023
9876
10775
11874
6370
10231
8019
5384
782
8415
12503
6142
56
14536
11019
13496
10465
10136
2719
12217
10819
3295
3160
928
13637
9282
7507
8905
13755
6303
655
12192
9720
6406
10680
1966
2275
558
10445
876
11461
515
13197
3554
2299
12071
5121
1121
9057
690
8696
9299
10026
13845
10189
13587
8783
1697
1994
9789
15964
10647
1790
9701
6631
10467
425
9413
7832
10869
2040
14995
7704
1730
7833
9925
4152
8077
1
8888
131
498
1310
2
16323
1870
7449
1809
5383
3622
11303
9454
3439
162
10232
10477
3960
947
6973
12923
7113
11161
9368
4013
6954
1529
6337
7477
15587
5806
10838
13990
1879
8566
1293
9551
3147
391
14131
4115
10440
2297
10519
10373
3517
2050
246
14154
11129
8747
13121
3226
3442
9102
4662
5261
12418
10841
8337
9387
29
1173
10668
3962
10496
895
13325
14341
148
9602
95
8729
2617
1951
1992
4992
1187
13155
3323
7302
1769
10512
1385
11004
11787
9775
11931
941
4376
10581
6318
1856
10231
3554
8482
10530
9539
10845
6785
6853
8702
4585
1561
2474
6537
9831
8179
9714
2854
12572
2792
16381
434
9365
2686
7710
9392
4716
2155
10347
3617
11631
12497
11113
8360
5494
13147
9618
4436
10978
4594
7451
9891
51
10521
1952
7431
5031
744
3793
2086
3959
365
3965
13492
11586
529
10381
12190
12235
2308
12977
10632
5167
7451
11365
2433
2071
11606
8427
12018
16372
4145
15074
9027
13349
627
10272
109
10303
11073
9571
1147
482
9634
2098
10680
10269
2136
9512
13401
908
9592
8564
2123
10371
10472
6794
5017
15676
1064
8365
10738
11878
6686
10606
383
7726
8165
5908
1002
110
14766
622
11675
10974
6882
10582
10496
10582
127
7641
11275
12553
12699
88
12283
13620
8791
1856
591
1858
10084
16038
10500
2044
16375
11205
1995
10520
12150
15307
9865
1697
10126
11438
6141
5159
5094
7334
3074
10454
12225
12082
1999
738
1540
902
10857
6966
2506
6802
1906
12226
319
10539
14889
1939
2417
1109
15166
10320
5839
19
1673
15656
8166
3554
23
15816
15173
3873
10668
5577
16344
7257
7462
1326
47
1929
11817
371
15176
12050
6877
5628
1082
768
15525
7549
1534
24
4495
5513
375
454
1415
467
15624
9322
12473
1369
10289
2202
6824
10758
5655
12072
13517
1784
9871
12875
11131
11304
13581
11077
14312
11927
14091
10642
12322
11190
1125
11005
10392
11138
11062
11931
1275
1439
14797
15235
8891
11150
10433
10914
13227
3359
2044
11566
138
5688
11158
9814
451
13577
11771
7552
1691
2146
11407
11402
706
9481
5341
8946
2690
11721
537
4088
5536
2430
11145
6945
4289
13084
1022
40
11421
2855
3753
5071
7129
908
9046
11350
475
15158
10437
11677
11105
3725
9663
8120
11352
10901
10845
363
12963
10121
2841
12781
3525
11687
15097
5025
441
160
13007
3848
859
10997
10462
2
11248
8492
14694
4153
10249
12790
2255
10409
883
10447
11184
10130
202
2976
5389
12793
251
12171
47
8711
11386
4233
851
4523
9281
11661
2593
14139
1477
7625
13918
11730
9477
483
2102
13996
11241
3567
11566
1652
13806
14169
12248
4377
3284
3156
6827
3141
4158
8135
3652
3277
9342
10118
13271
8353
12349
11405
11787
982
11192
2495
2409
11149
2540
14823
11001
904
1287
1071
5841
10700
9954
4418
10868
1821
596
11298
16184
8608
15404
6508
7193
7341
15416
8194
12503
11547
14940
14553
6564
9595
2089
6437
215
4705
11481
11006
3414
1770
4226
11878
11320
10898
3227
7102
7959
9907
6060
15965
5047
10994
10602
1070
10369
15384
6479
6175
1019
3703
3007
375
11727
3645
1226
8184
12093
11413
9886
11438
13583
525
12678
44
4178
7284
15480
14733
14337
7094
10126
688
10486
10593
3302
7
10319
2111
5176
10293
10481
7625
1659
8962
1055
2859
9561
15600
175
13408
10647
1676
8056
10272
11972
10960
11201
14239
4719
11639
8193
5448
3090
8856
10577
824
11713
1833
11864
11809
11944
12041
2169
10345
8088
226
14006
4413
4268
8087
12071
4003
297
7505
7414
10434
1603
11017
921
8299
10473
6472
2404
2106
3838
9131
7858
15482
4140
1927
35
9625
5257
14192
7155
3845
11032
455
13357
5001
16191
11177
2046
15605
6989
3409
4088
806
12553
10562
6514
10642
12600
9621
10605
15606
291
7147
13837
2903
9578
10429
6420
9234
6258
16133
6195
5802
5980
14543
11156
3226
1251
3905
10276
211
15715
12663
6337
4182
4254
9794
1864
14014
15391
12281
10569
11133
13479
15023
15723
12411
11747
7563
11126
8968
3176
14575
5689
9385
3130
799
15905
4179
2523
12281
10662
532
843
12226
3219
1503
8643
15904
2504
15523
75
2393
306
14182
5351
10478
440
14816
7810
10643
10918
5657
10578
8838
10200
10673
8488
12027
11586
6459
5784
9248
1963
3681
1163
10382
10390
9837
155
7476
334
15941
15976
1303
2536
4336
15801
10749
10345
1582
2785
351
14383
7137
15746
1685
9560
4108
10515
15577
13046
11153
13992
11901
7418
10650
682
14281
42
1677
12284
1638
2086
2357
13347
1687
8296
12692
9189
11499
10014
9170
11942
5771
10550
7980
173
5357
14410
7301
10458
1873
10865
5586
9401
10471
380
9340
10792
13521
3603
13190
9118
4461
16155
11551
11009
11070
9816
3283
10200
1148
1754
6866
12930
2128
5135
10373
15806
14069
200
11209
5915
11927
287
1416
8824
16021
13261
11917
15404
366
11667
497
519
3934
10120
2869
12258
4967
2069
256
11417
2143
11832
12045
13
485
8577
234
11896
12328
257
12702
3643
2262
14472
10640
11960
9336
549
15665
34
14206
10511
4785
26
47
11771
15529
667
2673
319
5030
679
11317
8908
122
10538
12141
11816
787
8097
11504
11880
12146
3325
1282
1271
134
15875
7814
11944
12072
9227
8051
11176
9586
1929
12117
7468
10659
11265
5013
5899
9651
865
11925
70
343
12046
11287
11621
767
10972
4226
12067
16289
888
10396
7266
3046
11008
6687
1869
0
6911
9087
782
12083
14715
47
10619
10258
10777
6905
12485
15793
1250
14373
11755
8697
10211
228
14383
16
3181
1776
11597
15116
12068
10224
10975
9139
6953
1055
7083
9187
2470
16137
1535
491
11400
30
3884
625
11673
4080
12687
1309
2273
9049
15942
16158
12747
9622
1399
710
4087
387
9137
2206
3257
9824
6982
10354
12159
7708
4247
7763
11512
71
5110
3129
15819
11605
8684
10101
6687
11669
4840
11417
9639
3580
14057
12037
11363
3236
14271
8857
8783
11867
4042
10880
5724
6361
11320
9149
3041
92
15134
11499
351
337
10395
275
9863
11048
5915
12016
7579
6873
11336
573
13312
456
3301
4078
12050
13463
9141
11209
7431
2132
7451
899
12120
15823
10703
14225
11907
774
3800
11233
5298
7551
8159
11186
2462
16175
10104
7284
4418
10494
10569
1487
10210
3728
12888
2040
3273
11422
9206
2049
10436
32
10359
941
14145
3429
5327
10590
12129
9254
577
885
2383
3567
1062
13172
8763
10841
11845
16067
674
11413
14466
6584
446
5477
2987
1563
62
1804
307
12211
251
4919
8215
12197
13463
9631
13391
5846
13236
3612
8222
2039
5955
3107
10424
390
4376
11714
6579
4677
10664
4379
6888
5258
13923
10845
12023
2015
10593
780
13528
9289
12293
13250
11159
429
6171
4194
97
1459
10527
3337
10066
8498
11459
10953
6721
11440
386
10562
878
13202
12185
8520
6313
1042
14508
572
9932
30
7843
3709
6395
3947
3178
609
1623
10661
2650
10447
10719
16050
771
2946
10516
8274
9324
9790
6328
8328
12417
837
285
1013
4262
10784
13019
10102
12227
8921
3678
5968
221
879
15407
10539
12124
3686
13569
1070
15631
10791
1679
10594
440
3740
6460
5938
4040
630
12245
13421
14907
5357
6775
14961
418
8541
444
3783
2238
8386
2217
9963
16296
11799
10488
10418
1064
7649
7368
5234
984
5282
655
11475
11169
15392
14284
2467
9227
6306
14838
13363
5790
8087
1015
500
946
9849
9621
10634
27
16193
2999
9883
9514
1728
1422
3335
315
9878
1964
2328
5724
199
1606
12658
10322
143
142
1211
16361
5597
3001
5333
15375
11159
2369
8417
66
8377
12596
2033
14689
13634
9842
2721
10918
10462
751
10822
119
5493
4204
1411
11005
12512
6310
10567
3417
14237
2270
416
4319
16368
63
7601
11131
47
11969
6635
9115
3171
10840
9197
6542
10535
206
16283
11390
10882
910
10301
15464
5369
3923
429
11694
2513
126
15782
15714
9623
4818
7769
10617
8457
3626
15624
9231
1090
7505
52
1869
1743
2758
10386
599
11371
10537
6819
1569
991
11056
3893
11146
15458
11868
8127
14329
1191
607
801
11426
5742
4092
15770
9118
6190
2308
86
15939
11529
11176
244
10660
14437
11985
1993
10152
7487
376
15896
11205
2326
9922
11635
14339
11128
2417
11442
1327
34
1986
16294
12258
4289
359
4129
9289
55
9552
1517
11145
15212
13721
14546
9468
14198
12326
29
4165
3522
14941
337
9944
10281
14721
493
11063
7136
2737
749
12655
11737
1122
8166
1319
12861
10462
15996
403
3631
10771
682
10249
47
10888
10258
10307
14774
10369
5542
3284
0
5374
12793
1193
3439
9794
9552
9990
10359
8466
12779
7289
1311
7669
16171
3459
14996
1381
8965
11110
10997
11185
8477
10270
9760
449
10478
2995
8002
1855
1619
9742
6133
14505
5611
586
10313
8936
309
4705
4271
5659
3819
4155
8351
9739
289
15459
8224
15487
7429
9656
15103
35
85
11407
360
11863
2629
49
10814
11265
9397
14188
13820
11704
9017
1357
11116
7157
4248
11090
4098
9831
6898
4710
10206
582
11122
9896
11433
12542
15979
8264
10914
4148
5895
8197
14191
695
7843
1221
9534
122
4598
35
321
11649
10869
10305
7495
11970
14344
15067
5357
14973
7189
659
5890
16095
3994
10680
8582
9879
5402
13251
13097
555
3772
13321
10919
14700
4897
14361
1265
2377
11441
8103
7903
10821
1016
12257
497
2038
2111
14651
2031
6477
14595
11109
12713
1705
23
809
14231
9899
14267
7880
9419
5333
1247
4968
8457
10766
8099
13507
5366
15177
1810
6590
10997
9843
8679
10530
6909
12458
8980
354
9849
463
532
10515
13526
11234
4690
9637
1666
2597
8830
2114
15049
966
9931
345
11017
14989
16146
15548
10935
14337
4205
13410
176
10611
10977
4429
14487
10833
11489
9346
14681
12055
13409
11201
98
6409
813
5228
1872
3031
6624
4799
11170
8706
778
12553
15539
10610
13947
8410
4132
6411
55
2525
9954
3802
71
10915
15234
14587
769
13608
12831
15944
721
6182
15223
5941
6945
2043
1160
4062
2467
3791
10722
10684
525
16261
11232
3656
4085
5295
9760
11519
7321
3259
13161
10833
10290
202
15933
11510
10897
7873
6758
165
12031
10597
12014
2107
5798
9452
805
7678
286
959
10178
8614
646
10698
13551
1774
8530
1567
11464
10292
1999
683
3265
13724
10702
383
5575
7279
11465
507
14270
10248
10953
3219
14850
3125
5669
1272
4636
2881
4401
15142
11007
14698
6512
45
1300
8345
1737
1640
6605
9279
97
107
322
3704
11422
11705
5233
11023
11051
11073
15875
11505
2641
581
13207
33
10000
2654
1582
1239
7264
7437
3915
127
9138
9844
2413
8252
16076
882
16185
5189
9648
10514
9606
70
3028
11205
268
5913
13778
12931
10459
6577
958
2150
8461
14675
10495
11993
911
10336
12286
6764
8489
10484
8533
6625
11856
10632
9503
5273
6427
2803
7936
7294
10758
11698
15464
12386
7135
8920
11665
3890
12021
15549
7948
47
14550
126
7680
8634
13264
2648
15892
125
12271
215
2363
1819
13503
243
1582
3165
1858
14116
275
1505
15855
7244
15905
914
11561
1323
7260
7064
3383
851
4510
10536
2526
6626
3385
9255
11913
600
16207
66
35
8217
9363
10052
31
11751
2
6
8987
10398
122
3691
9481
5752
10654
99
6018
9974
9530
10144
12863
7891
13002
13187
951
3319
14259
12931
4127
10537
8302
10162
12637
3320
11634
9979
916
6222
10819
15769
5593
634
9760
427
6112
350
8528
3855
11147
8614
10009
14334
13921
9614
6130
187
1980
1567
10133
13539
9830
11644
12195
6863
12344
2113
9394
14787
9282
10734
1844
10080
15865
542
10227
7907
4052
7207
505
1608
6882
15206
13972
1922
4143
223
3092
472
1463
4260
9003
2857
505
9001
9187
2495
14557
999
991
10270
9113
13863
11937
9821
2248
926
5304
9132
9737
8361
7237
3750
16208
9236
1116
5177
9933
8796
9330
5563
9218
9055
454
9899
9922
2263
12195
8486
2
319
14258
9769
12415
5372
10141
8872
255
3350
1864
15783
9941
10238
12597
8484
1158
6548
13723
6406
3559
4494
1482
4033
14082
9782
1176
14956
293
8318
9392
12777
6990
1643
10899
8416
10886
3905
9631
1530
9627
9320
9033
15448
11959
11724
824
166
1698
8549
818
9640
9327
15566
6382
13731
4825
15528
15187
1
399
2583
1655
8769
9399
358
10297
2072
44
10321
787
13129
2511
8591
2706
15246
15654
9255
1359
15018
10944
14801
13005
958
766
5689
8417
15937
14905
15605
1835
14955
1279
12375
7706
16063
16254
9393
1453
16263
14937
974
14675
4507
14032
14388
14537
468
8887
14366
4047
2668
14615
15428
7030
1064
14402
13821
12466
14605
10908
1893
3221
948
9533
14680
14553
6495
14690
1017
15517
6954
4595
1746
45
1733
5399
911
428
11943
12440
710
3194
8141
13858
38
11153
4101
771
615
980
1602
455
15017
14151
8730
13385
13681
15245
448
3574
6329
8170
8197
15685
10286
481
15846
6983
15103
2534
939
16239
13287
13391
14640
12162
3055
38
14536
5250
4046
57
6521
16247
4196
5959
2395
15767
529
9960
7523
16311
6337
13682
15879
935
16013
6846
1126
201
7231
181
1501
7600
13912
14750
8503
12393
5186
8365
11454
4143
10809
10142
14307
9785
14385
637
14360
390
5726
1569
14271
4329
214
776
4111
7405
14917
15299
12516
15303
13441
11179
14624
7407
15657
14371
678
10005
12261
14003
13403
7801
1358
610
984
15193
695
14706
6554
14822
12439
6753
15722
14178
9528
15830
14642
16213
3052
13419
12002
9295
16257
3947
7017
3677
312
12414
15811
14926
14929
14409
9219
251
4882
15090
1594
98
488
2493
16056
10790
15467
16116
12225
738
1829
9648
15848
9588
7912
2706
3869
15951
518
12203
14424
15330
55
1034
10918
14841
9203
9907
1784
11579
13875
16043
9766
11720
1759
14729
2458
15682
427
7454
8548
14539
15957
14770
4569
9879
9906
820
14081
3801
481
5331
10723
12448
1665
1694
12749
10882
13755
9552
9611
16262
1879
1125
4143
9218
1247
7739
13529
7580
9382
14432
15627
652
15228
10
3659
5223
15148
7500
15951
7972
10943
256
9984
15286
16043
15993
67
164
14465
1862
11139
167
38
8802
1471
668
8385
2918
11481
1396
13406
9376
12365
14398
1601
8184
15284
14688
10988
15534
31
10011
10214
14791
14277
10612
894
10041
14994
16111
16246
14262
13193
14982
1523
9389
8219
12839
339
13457
619
7581
5501
709
15055
2168
6721
13937
10094
11062
5420
3569
7577
7641
6
12317
15001
14896
15158
78
81
10591
454
13053
1671
242
1678
15282
10850
6446
13279
13456
859
3615
3642
1625
12582
8006
9794
12425
14494
44
6939
14354
14832
14989
15092
7590
10821
66
14002
4431
3241
6249
537
15149
8353
14470
11528
7704
8893
15113
930
13049
11129
7199
2283
187
6475
11714
12473
5107
2521
14233
14967
15013
14246
781
13526
16232
8995
7361
10482
7230
10840
2606
14963
8468
4705
6967
10248
6754
11713
12665
14751
1021
15399
14876
6505
13082
9921
5725
16321
14795
13371
13108
1563
15157
11675
12367
520
8667
8743
15207
4657
11868
3383
6599
33
115
3
9712
14577
16201
3375
14991
607
12276
14585
4226
7757
13884
12952
1774
2013
15750
2695
3775
2931
448
10170
15665
15381
390
11092
3677
12545
15090
14482
1161
735
15314
10938
3801
38
7754
122
12188
7583
2002
15438
4233
728
302
13985
16270
5391
12210
12678
9069
6862
12593
218
10981
3330
14315
10405
8623
9265
14165
16063
99
15416
13330
15045
2032
14455
1442
14864
403
15130
14964
8323
15036
14998
3682
10441
1735
11477
213
1314
493
15150
10613
12911
7887
1274
16245
4130
14774
5341
15011
15809
11239
15270
6123
14723
560
12343
724
453
264
12299
13014
12671
1474
8151
8845
14560
12686
13075
87
8443
556
595
3291
13500
4197
13798
2450
7329
14576
9080
14419
191
13885
12662
5558
3476
10754
791
7445
10493
6075
16102
16214
9561
16214
6995
1044
44
14727
248
728
14539
9318
1743
14829
10862
674
14374
11282
421
962
755
13391
9316
2828
3123
15109
14474
2477
1537
14514
15332
919
9555
15640
11342
543
1752
11566
14811
16206
851
13279
14752
15328
8295
1928
11439
9689
14694
1261
3650
10927
14694
762
115
1774
3307
55
14496
5081
3703
9034
7439
7906
11752
5009
7129
8137
14763
96
1834
265
7544
10
8965
3479
14568
16037
2945
7589
51
4332
5818
9455
101
11803
9409
945
1903
14610
4483
8726
654
3635
14631
9544
1989
9496
12729
8479
1112
7419
7395
162
12118
5553
2627
3346
9468
15786
3503
1974
143
987
2146
7158
375
995
15404
351
2498
7027
3075
1363
15827
6737
12315
16269
886
15027
5027
7480
15273
14869
5071
1591
5698
7378
16137
1903
14350
13970
719
1910
14692
7759
14644
7935
4013
8953
1272
14434
14815
15869
766
14041
14669
951
6754
1148
3880
4594
9122
944
1976
9259
14956
14734
7950
3597
572
14329
8897
15288
14373
1508
1
13842
10112
15209
14910
9827
13067
14861
14936
19
1914
14967
15576
15387
121
10015
3131
14729
6689
7224
3602
96
13670
8265
6799
11184
11394
8030
4078
0
13158
13625
14719
161
12579
14262
5751
7203
843
9513
16200
6811
3314
12756
851
7778
986
4098
2207
134
3331
3720
984
12795
11587
35
194
3720
3461
1151
653
3651
7681
13088
8600
7707
1610
911
3358
14781
4065
15755
15545
513
11401
7967
5591
9599
4375
16240
15298
14688
15896
12361
5336
15954
1035
10860
10136
1083
6689
8052
439
14971
965
1058
5701
1200
15448
12256
350
238
6762
6530
12673
9115
3186
4226
13645
3461
3
15735
4577
1178
14532
15893
10828
174
8459
9087
10818
7648
12314
9465
15784
3361
7612
3367
4083
7862
15781
3047
5169
220
18
1557
16245
15890
4345
1747
7399
5089
9948
15376
1089
3937
11302
6722
16344
8288
6591
2513
54
15957
16137
12442
499
15992
7922
10149
12485
691
231
9109
14391
12142
14564
1875
14927
15725
782
120
9362
1224
7871
845
3283
211
4002
12361
10584
13820
2275
704
4472
15939
298
10600
743
16285
11196
12367
15429
12763
16306
5669
3507
15549
15073
10882
14530
9021
4613
15010
9490
500
6081
207
7750
9149
12312
11849
147
11560
16312
16366
4088
4721
1671
14982
15186
9065
6971
1059
670
1521
11749
5543
12713
12025
733
8727
4343
10192
5851
13104
13875
8370
6555
1878
14133
11079
16150
485
7390
15705
2728
12151
8541
522
15898
14335
14621
7403
10819
7550
7401
15133
14456
12662
4737
1128
973
16238
9206
8347
2152
1133
6263
926
16200
10440
14828
15965
15579
8800
8875
15587
74
14685
15512
13577
191
2036
6925
14661
8321
16080
15912
797
8995
12967
15263
7406
7843
16125
1718
14595
12010
14393
3287
40
226
5073
15625
9930
3745
6766
16216
13219
2465
112
1811
7082
4163
13076
2383
111
15897
14031
2404
847
1897
5479
1665
16353
191
7376
13460
9168
12293
3966
226
13409
2063
8022
6995
14567
9859
15485
1943
15339
14347
1079
270
14332
16195
14649
10299
16285
15026
3446
6799
15474
16026
5016
9912
9249
10445
6018
8193
13434
11668
7298
1623
15237
14401
14430
365
1110
7272
15860
14551
416
4008
2370
12353
14689
12446
9310
8295
6943
13922
8136
9359
4893
15841
15119
4135
14458
8360
14602
3119
2509
15609
8153
11249
8905
3321
10978
13476
6607
14713
499
14744
12309
8127
12524
5355
5599
10691
15113
14392
2987
623
7063
3095
6380
8029
8119
14963
6482
4479
3136
7014
8397
1002
15750
3813
14025
10945
14494
237
7367
6572
1983
14162
5793
3199
4137
6613
6642
215
8239
14704
11374
6648
1820
9599
10067
3858
11767
15288
889
10049
13719
6338
1
7771
8493
791
14616
10371
2844
1887
12409
10731
9364
5271
14375
11533
575
7684
5179
13891
4972
14728
4571
9528
3469
808
1766
4387
5487
972
4025
9316
14693
9832
1756
7813
13321
12974
9237
11961
14678
13238
13108
8163
4531
531
12530
5740
14517
1142
14560
302
14560
15176
10593
14915
15792
16271
12019
1298
12020
3100
3415
5192
9822
16168
14368
14083
13947
1213
13068
9180
15252
11295
2412
11561
14891
87
9029
6795
10313
8196
11528
9217
1179
5102
9387
16218
14702
14486
11859
4453
9599
14761
15672
14273
5607
14463
7992
2953
3442
15899
4131
15592
1019
15784
14753
15033
14697
6462
4603
308
15246
6786
6157
471
872
9906
10922
4993
14457
14452
6515
619
2862
1310
3676
191
15337
1781
776
16170
15080
14951
7429
14179
7967
502
7816
603
14982
9897
9707
10214
112
10463
11910
9512
808
14194
16043
15305
15342
15000
660
12357
5631
9459
5435
10231
10123
2031
3995
12072
1033
6833
9131
10915
9509
851
649
222
9
14867
4047
9935
16093
15254
3393
796
274
449
14689
4706
1052
15206
12426
126
2423
11954
6098
1803
108
11279
6675
1675
752
15693
12715
47
15193
15112
12075
163
1602
16248
7713
11160
455
15309
9942
3624
1519
14666
10872
15565
13149
15574
1298
10138
12809
471
1059
4329
4911
8870
15229
15486
7974
1147
10235
4293
8
14758
346
13275
8991
2475
3226
139
2551
3115
15967
15623
1333
3667
15333
7809
8999
326
15047
249
15143
9214
82
2534
14887
129
9389
16265
1698
1518
1813
15353
284
2806
1434
15
2591
10689
7740
10061
6249
16024
3818
197
5863
2807
5035
1501
226
859
12699
3944
1545
4977
15211
15899
15440
2047
11216
173
15417
8078
3745
2745
14185
143
12210
14749
10016
15896
15264
11937
10443
12904
6301
4065
8601
2762
5054
431
420
14399
16363
14579
14507
606
10874
16197
4575
14579
14469
14811
8492
1240
10499
3707
12316
14385
2952
615
14690
766
4977
15902
4159
1345
14601
10377
354
8231
237
1978
13558
12991
140
4584
13236
16056
10309
9836
3116
15682
2715
2158
4013
633
763
11427
13526
15464
16034
3314
14806
15681
4126
15176
14233
14913
9441
15784
6191
10839
14
14638
15069
16255
7707
13635
2025
8882
1146
13067
2911
223
15686
7430
14939
7246
14207
15128
10524
5899
6388
553
8997
6616
10720
8385
2466
16165
10269
12553
14658
14396
2529
457
11225
5986
15474
5095
752
55
24
7268
13707
1469
15285
5383
211
5522
10734
7739
10440
15298
13798
9643
7655
7697
160
8998
12726
14780
5809
5634
1241
10876
1042
5608
3622
14043
250
158
899
12337
16126
1859
7773
15556
54
6253
15353
7624
15701
1071
7774
9634
13201
6322
14544
2136
9710
882
7798
483
9531
4648
5317
10994
4606
15233
14671
14388
15165
4321
16262
7710
14777
15553
743
3510
15124
379
12934
14344
1634
1435
1296
13192
13901
9464
7561
15308
4312
13560
15197
1473
15611
15193
2477
539
561
738
10568
2931
13513
12485
7717
11815
15922
14704
11671
14903
3245
13368
2
279
5995
578
98
9078
1351
15261
1663
5086
511
12505
14911
13467
7821
18
1396
13977
6538
155
16063
14750
9789
14815
5272
10174
7019
15336
2199
14502
15072
4921
15584
14662
673
7227
418
2246
15597
259
1308
190
7292
3608
14539
16015
728
12859
371
14361
3163
13410
2742
8420
11849
16344
8511
287
1652
14674
10891
15745
843
2757
2407
11239
9249
14370
695
1384
6677
15714
14191
6232
808
5411
509
14991
8018
9346
4873
8508
30
8961
6797
6165
14279
11480
11246
11340
9401
1039
15404
8577
11213
10012
6192
456
12952
1752
6009
10591
1750
10000
1383
9246
3232
66
1629
1386
8790
10152
289
9838
9797
12739
1657
617
1899
11625
10612
8833
5859
13542
477
13497
9234
9466
16031
10177
4810
12602
34
4982
5364
4677
193
12510
4066
7179
14456
6186
12551
15367
9919
9281
1268
1274
10056
662
7828
9411
15
9911
363
7951
211
16068
9837
14228
5381
599
12835
17
9623
8680
7312
5282
9929
4030
15483
4673
3619
6916
7890
10398
5015
10104
10409
6319
11774
10123
9010
3298
10690
165
11218
115
753
15978
13843
135
10189
8019
9385
16082
1826
15827
9977
165
274
15717
8281
16353
6640
9509
13421
10010
3765
10088
14720
9473
1598
7
417
12519
9323
14391
5155
4984
2840
3160
11026
5511
15113
16302
10629
5592
9630
6070
11346
13351
10114
10006
9889
2114
9037
198
9568
11397
1068
4839
275
3674
613
16219
6264
27
10569
1203
10209
10957
8926
1494
5579
232
14380
3351
9897
1327
10427
9333
1425
10219
668
8856
6917
13542
198
2680
2701
9211
743
11122
969
1394
421
3983
427
14275
321
4536
10109
748
8014
555
1043
16091
9013
8680
9091
9256
3409
15042
646
2050
413
255
10728
15016
2862
358
10066
9865
550
15319
535
7288
15048
8591
7424
11244
12459
239
15662
11234
6249
4633
12307
378
10246
847
158
2854
5890
10808
1835
2667
9471
4307
248
3205
878
16342
11698
9094
11296
2713
11084
10665
3528
3013
786
6218
1865
5047
8046
7544
9001
55
9296
14979
12990
4151
12933
459
9824
7247
151
2691
11094
12312
10575
2123
9765
10639
11819
10886
10221
14801
10909
9601
4391
9986
5971
11096
400
12301
13870
8376
12777
10703
3510
13315
9814
8364
7083
1605
11998
1050
10706
11000
5344
472
14632
5315
13833
2195
13958
250
10562
10544
7412
3525
12616
10773
15389
14405
11965
3315
3921
11329
1059
13555
13319
119
14120
10775
3668
2908
3926
15007
12531
10360
11933
333
811
11469
4534
5620
2134
3801
2
8878
11039
1055
3725
11407
127
9439
3475
12542
8296
3090
7616
5366
10571
109
2287
14030
11181
13693
2654
10271
10377
9802
7224
14055
12186
6111
995
9592
8564
2843
11216
10791
11179
12829
496
3478
1179
10425
188
9457
10485
10986
15767
2986
3787
3704
10452
11185
563
11325
10357
1103
946
13411
3504
11192
216
11671
5963
1222
3542
1799
7411
11730
1588
2664
3868
11663
1682
2644
351
6695
12229
11705
9792
11045
70
11425
6191
165
6090
10458
13351
3667
12589
10512
15508
10512
11983
15590
4939
1829
8907
2078
703
12557
14793
15427
12112
406
9907
9742
11151
2035
2721
5343
1863
12152
812
10632
823
10775
14464
11005
2654
9951
2441
251
1938
427
9049
1285
1811
851
819
4439
15353
9906
495
1177
1456
228
14067
3367
16246
239
1236
11176
2015
5563
408
1529
10815
1723
4321
5606
1717
2827
13734
13862
10795
88
10683
6795
567
24
4411
7558
8131
196
8832
2722
11027
5576
10587
4695
11959
10942
11449
7881
4759
870
5494
1899
1516
2540
10697
8355
328
287
5433
11000
11024
13489
10915
12400
8704
14693
2474
11188
1616
12023
2627
15150
10894
12246
5240
5731
9888
3255
354
358
10786
10998
7569
32
11897
313
15282
10441
12249
59
7123
8737
312
2519
13280
2699
367
9046
13832
1902
7007
1510
10450
10827
12217
8773
15835
11705
4041
9769
12274
12008
10062
5887
202
1262
11245
6695
12931
367
12444
8584
12978
8447
146
9511
12194
10360
14052
11249
14422
10266
4576
3022
286
10660
11720
3809
10130
5346
2525
15134
4601
12877
5783
618
15596
249
2949
9549
1070
8738
11703
1089
4850
55
13225
429
480
13868
7618
9126
5970
10811
643
2001
6776
4639
7077
8591
12569
12248
7849
471
12409
14243
9513
3542
479
3335
9849
11287
458
5732
3917
10505
410
4302
2754
13517
4890
3149
10165
10085
2006
5180
2989
2478
2024
7512
14078
10824
1565
4440
8336
6684
7772
7497
14987
11254
12093
6376
15727
9421
7957
4963
284
15477
16372
2139
14631
11161
15547
12067
12745
2667
1788
11265
12141
1023
12137
15233
15771
11556
11890
1767
445
12713
12508
5879
2328
9497
8977
9640
10037
2297
4049
4462
16328
2246
11981
12129
476
109
2970
10084
249
3727
299
4634
9808
10368
14315
7297
8188
6113
10725
1448
840
70
10
3187
4201
24
4523
16034
10489
10359
14360
5375
2
2294
10797
9761
9725
1533
5445
2383
15855
15810
8083
14597
66
39
19
12922
371
2600
15226
450
11151
14008
1320
3661
291
11801
12269
2158
620
1870
10345
3538
10585
1335
8786
2721
3
11096
3509
10744
15607
12281
11632
3995
2095
921
10037
11172
14927
2401
4505
4793
8230
28
926
232
14063
11480
9234
16183
6561
983
9714
6589
1699
110
3643
1699
8997
11159
6078
283
3301
42
607
2243
10630
1902
15019
4643
14783
8996
9241
505
878
4777
13391
9281
10398
14587
9338
11910
6967
12206
16064
1638
160
10719
3380
882
543
2369
12549
8998
652
870
12813
2311
13229
1864
6133
7069
12286
9700
14803
5049
5894
12161
4705
11969
15808
193
1599
10674
9353
13768
9571
3193
591
10289
14066
11302
11307
12029
7464
8868
8428
8385
11990
9246
7208
2504
8131
8887
322
7460
5917
14104
2656
631
8099
9444
9725
1016
13849
9307
3845
9838
10606
1227
1186
10181
15909
13002
8883
2321
1684
15332
11101
14722
8626
6723
15085
14733
11710
8952
738
3073
8754
6552
10665
421
1913
3913
1085
6273
10272
7329
8660
8347
277
13090
342
4289
10299
4834
10409
15467
10834
15807
5963
477
13466
12227
15661
13751
13970
11777
15184
8742
7387
5912
11499
12222
11426
15119
14221
10961
11773
9097
14041
4204
15842
8343
4398
7393
14104
15462
11878
1729
6779
9679
5794
597
4998
14345
14431
10423
275
6169
10366
228
2324
15073
11029
10821
12146
7240
10891
3158
9480
1842
2644
1576
10083
14269
1255
7528
125
3133
3365
2259
610
7362
12277
10335
7161
519
3223
462
12079
13347
14999
1694
41
7448
10594
12120
1086
15949
10114
8319
15905
15602
6639
123
9883
3802
5977
1718
11219
7267
9647
11468
4869
12354
35
10453
12795
8079
965
8791
6251
12637
12201
9285
11517
664
4133
8958
8936
7311
12027
2561
941
13191
1695
12187
10057
12718
13022
10742
50
12070
12422
10648
11661
12210
8905
15503
8455
1566
364
15517
10917
11851
653
13096
12191
10309
12989
70
675
1864
15040
1254
493
10886
12199
3692
8844
594
10142
16351
2868
1575
11837
1404
10984
14475
8248
13711
11418
2057
4249
10265
7457
11677
12969
12029
11277
11954
479
11646
8412
8649
228
11343
11763
4002
12282
10907
8114
10239
9632
10975
15410
16359
7264
1146
16244
8680
6397
147
275
15122
1752
439
2499
3653
11669
5172
155
231
11872
10140
6968
4716
7076
12078
3307
3335
12087
9362
2206
3775
11678
8607
2043
3331
16159
14657
12058
2406
1791
11163
760
5699
14696
335
275
9463
12901
67
11826
9126
13119
6968
3938
459
354
10369
7579
12869
10873
1
12136
10697
3038
3838
11416
2407
295
5458
14041
12844
1509
8641
303
9192
10566
13612
308
13347
3618
5940
537
1304
9368
10360
4003
223
6795
9141
15660
13957
2856
11608
414
9583
1829
5345
668
6135
8582
3646
11506
1435
13796
15604
7391
2903
7847
14489
10083
8449
420
10070
3283
8357
3846
7207
2046
2120
4078
10493
1800
9150
1895
8968
510
5167
6587
13519
61
3687
2881
681
885
1675
10957
566
10706
2647
9922
2331
58
7197
12265
6411
0
14915
11097
13297
1372
10218
9099
726
12552
14729
13229
8796
456
3577
10647
11156
1173
7944
3
8222
1952
10346
3766
1912
2655
12546
8415
11259
10922
3320
12610
14824
438
505
10480
10494
5792
223
11401
38
9620
571
7912
8101
11498
14626
15463
12229
10479
434
10728
3070
1120
1375
10095
1623
1802
7
10630
1857
4589
4127
6691
10840
3401
6410
10895
6874
1850
9281
3490
1847
3890
13253
2991
10775
12446
6721
386
10959
1178
11681
2946
8402
631
52
418
10350
2015
6836
837
3530
11107
12272
99
5183
10727
11745
10228
15489
2462
5506
10825
7987
1
14043
4002
330
960
4379
11833
10504
10256
9249
5176
14993
3644
14285
908
7127
5458
1859
13551
11165
7107
754
5436
15400
2845
10591
12215
9643
10302
6377
1479
10526
205
1064
10306
15974
15083
3269
14093
7265
14806
12257
3704
5739
181
1002
10573
10168
10632
14082
16279
5554
506
1435
9053
9768
2
12120
10535
10814
9941
5164
13373
1
1206
633
8660
1964
2974
90
342
4584
5620
6185
9346
1937
1285
7832
738
37
15860
1902
31
2807
4596
8705
13640
648
1185
4651
8178
9178
3947
11213
4747
11983
11284
1006
16240
10542
1506
10391
5369
16139
10567
3745
6713
339
5244
13256
7140
15993
486
10113
3928
10423
14689
11940
2553
12287
3283
1944
7924
15608
7291
11713
13207
1752
10541
10450
12397
2248
721
121
7518
126
512
10653
11650
3672
135
13579
11018
16165
5895
9498
1081
3867
9387
4535
1701
2611
6124
11274
9911
2138
9679
67
11982
189
4359
4013
7660
62
14450
3567
6609
264
6964
16125
11296
7352
4313
6936
11445
477
12186
11058
11391
1433
275
3739
10361
11881
1993
471
1936
1310
4395
14603
9673
8536
9248
380
14742
13249
158
4545
3871
502
50
515
10886
12574
13096
9411
1644
3320
3521
1569
11808
202
5586
4037
3827
5736
1265
9249
6089
196
16168
7243
11287
6872
8724
10888
15341
10775
3298
4463
103
1474
12411
247
1410
10424
8025
2187
302
2166
7035
2567
9
10265
10258
10406
11547
10530
250
16353
10969
15453
6267
8909
2638
3910
2891
5767
628
9608
4355
936
11102
1083
1052
866
1080
12092
9392
9185
10958
8406
8441
10364
6388
14775
3118
3695
15545
3497
11530
5332
14214
6313
8437
8358
11561
1399
11465
15533
15087
13934
2437
13794
8800
6559
1816
5083
848
7229
10834
10563
6500
12162
3777
11076
3110
8001
1131
15976
11213
9103
9075
4440
5135
7041
192
1123
6500
15295
9436
8195
12290
10884
11088
2648
9314
4770
9488
11297
15999
6204
330
11820
11372
12866
16242
8728
12077
9272
16076
2713
9529
122
12755
6905
16
1478
11067
8834
10281
6616
2
891
1753
3159
16043
11642
930
7745
15355
9387
244
134
13519
1797
7652
4712
10162
7784
8236
8077
1815
12016
2071
1282
1461
15331
124
11186
78
11864
1006
550
348
7047
15991
15560
8562
7215
3025
1057
6323
11814
5927
7655
7918
10872
3682
8358
1404
12782
447
11067
14569
543
14023
749
1821
14789
10283
9847
15863
1039
177
10577
4075
9848
294
3918
1411
10024
5901
12897
13142
9859
3694
2597
4456
4579
1892
1067
10434
1582
9343
465
8064
2664
14969
11736
1053
7263
84
9906
5433
12097
8034
1258
10337
10309
10838
11879
11762
7974
9367
14453
1761
3429
30
3943
3155
13385
9698
13828
6305
2775
10591
5277
6725
4348
10505
14171
5043
4798
11721
2807
7161
10555
2752
869
9286
8073
4589
7910
15849
10315
160
412
15009
10924
5442
4062
3889
9336
9163
15957
685
2664
1861
1894
3700
10406
10829
5857
15666
581
3453
11084
12392
20
8297
10777
11795
13866
11899
12460
11605
1746
799
14291
12106
11097
10233
13633
8675
7117
8290
5903
2666
15494
5177
869
62
1647
11104
4038
10843
7977
0
3674
2900
1644
8236
14552
12493
9608
4185
741
1667
17
5532
2312
13861
5812
8824
12434
14184
6814
12837
9359
3757
46
12994
12268
739
5284
15439
6295
335
1620
3715
16254
126
2785
10740
10687
108
1595
10287
6728
6046
614
1311
13919
10377
387
14117
7954
16283
15945
3177
2959
11889
10179
3948
12609
2523
1947
7496
13442
10203
291
9641
70
2592
9721
11799
13157
5242
10738
12674
14482
12564
15267
8534
5345
10640
4607
10118
1594
8986
10556
4068
13186
8541
15879
12185
5996
9289
9968
11202
2477
15091
578
11061
56
8015
9027
15465
175
11665
8966
176
4296
12446
121
7967
12043
208
3491
5375
407
8942
8936
11831
12536
15353
519
230
1836
10066
2671
7317
5801
13081
899
7847
14763
3307
934
482
24
8455
9825
11213
7857
1617
226
11422
14697
3181
10006
8761
1054
4313
1871
12158
2308
8274
6068
7661
11976
320
1561
10153
8662
9997
9125
12325
9681
10912
138
10206
4440
9234
13098
2430
1
6241
7462
463
16036
5447
4771
8534
11921
9682
11533
1984
9465
13203
9952
916
9074
10602
8410
736
5289
3313
9784
10249
13724
12963
10066
9405
3055
8463
5513
5670
599
14251
8057
9392
16211
9275
5300
5404
11992
15665
13325
4396
118
9453
6273
10395
1819
6497
10211
2533
2779
13745
16024
9945
13816
2171
14974
8940
5249
5963
161
8255
14280
9834
4095
1888
3574
9216
5573
902
6807
9406
9912
2368
239
13553
8692
9273
4535
6853
8577
6007
3105
12883
9250
9455
14938
15422
9849
9355
7526
14586
8333
108
2817
2506
13761
7769
6070
3901
14056
10687
2878
16020
14341
8212
15259
96
1287
3479
335
7275
16075
4175
151
12052
8287
9231
8913
9714
9527
9374
15653
682
571
3575
994
2563
581
5319
1398
14125
1358
3
8617
2667
8874
2927
6196
6771
3608
6952
3372
9086
1112
11080
6440
15857
131
8797
10923
2030
10649
7471
555
2056
8527
11321
4360
12874
6209
130
9483
6203
5198
796
1246
10147
8744
4396
9602
8146
9896
1630
26952
22332
8424
18686
5353
13523
1810
3965
239
17743
15464
10958
4111
842
99
23968
23361
1556
23933
22567
8403
470
21066
404
21965
22350
26985
23287
11713
2134
9094
494
335
14
13507
17783
1559
8058
22681
7525
6174
3107
22738
3920
22830
17169
22925
6063
21019
28312
25035
29456
16356
32379
1697
27266
23447
16177
22585
23783
3859
23777
23834
17559
32586
1856
22565
20910
31208
181
7787
400
5671
3192
32451
14487
253
23341
18537
1941
23826
3435
15142
20661
1050
23922
7787
558
31358
30307
2092
3655
2
9197
10181
1360
10327
382
10146
13686
3734
30356
18475
0
5095
32599
23617
1351
29926
24566
9620
22832
23473
8739
14938
6306
31158
16277
14277
31553
22630
30843
16279
23024
22632
21845
6560
23542
285
305
216
31103
31887
29469
1150
16065
28429
22955
7352
10334
13349
24009
1273
30055
27400
699
5821
26652
22685
17843
61
22581
15315
24409
23417
243
3031
4075
30727
31380
22584
6497
15782
6948
20747
11037
31464
30591
26077
22894
11430
8798
27263
824
21638
16006
21825
547
20417
29255
1385
1825
10627
5752
16233
19861
20749
28713
6646
6669
29449
4318
3342
5409
23553
28448
22830
172
21926
20495
20201
8133
5560
23502
23620
19219
25226
24021
26542
6156
32348
909
17512
4880
165
11247
22950
4890
23387
674
623
6763
23491
7911
32622
28913
17321
24281
19586
3180
30
15682
16695
25685
13417
21095
15607
7757
9914
27872
535
26815
15101
4983
20383
24534
18356
7489
728
16626
618
11207
23254
17494
12761
23120
9298
3011
543
23033
2945
25981
21983
11997
70
1506
7243
10207
15233
26119
24271
22594
23225
121
30182
8392
26020
30118
2027
23407
1340
8346
5901
1007
22809
38
23754
29677
21975
32076
22441
24255
327
23475
12409
9437
68
22814
3087
23227
600
32715
23378
16774
22597
11179
705
16653
30879
2675
23288
774
145
1442
20571
25931
26837
14550
482
22939
7502
25059
23340
23223
23409
335
22265
23641
15543
299
30764
14023
23321
23570
10331
24127
294
9040
8641
21832
21156
2091
946
18656
319
15443
24809
583
2159
21451
23070
14515
23612
24557
129
392
16456
7276
23747
32152
6749
197
5100
13220
22913
23585
23345
23813
18983
22706
25966
3365
26121
70
551
20375
3071
15668
22648
23517
30785
22386
835
16478
21207
26979
322
706
24289
10034
23256
23456
14263
12704
32523
13975
1574
0
11523
7585
10606
25769
25721
31441
17473
14123
21714
21382
3429
2030
31181
455
6198
16633
19717
22150
23355
1652
5026
17721
26047
27922
26179
31891
23237
16366
4491
30764
7535
15734
26554
17663
11315
24475
23522
23710
24513
12937
21603
262
13373
923
9886
18919
270
1784
1221
23961
503
23349
24925
23957
520
25939
28558
7999
19933
28131
19842
15522
9267
23851
19604
3630
3878
27416
3835
26399
17090
26745
14917
30191
215
27835
23813
23415
23548
7176
15375
15767
926
22473
11688
7280
22658
16304
9575
3593
21085
24
22263
100
3627
6985
27961
620
9902
21027
25341
12263
14774
18669
23630
11837
13534
23834
9879
3455
568
13233
5975
25499
30801
6123
322
12284
18831
23329
10126
10185
25080
6114
4705
22155
16088
32736
10344
31591
22280
29964
22551
2576
25845
23495
9766
3374
9822
979
10445
1745
28536
16889
14619
24727
467
10613
3483
23901
11137
22687
939
9154
13533
1802
6566
177
7768
735
23173
16406
22574
23666
25149
3877
609
24969
24133
20098
16145
4456
23032
2607
8591
21127
24856
23929
595
787
23395
32369
22998
22387
25953
3431
11369
11013
75
6633
23782
17672
3202
10885
443
28032
249
868
22180
8022
25313
92
20702
1262
28865
23657
4319
13488
6151
25822
28429
3316
22372
19394
24150
25062
16427
21990
22840
6970
25665
17449
29439
9249
23208
3845
13925
22186
10749
17198
30746
32079
217
8
1831
22725
9060
977
17939
7475
22944
23520
23024
5573
10746
23120
229
20150
4513
21353
16433
22881
5289
1777
1397
224
32391
28719
12460
9195
15871
721
12201
2098
217
2716
26689
16405
29228
1856
24345
1708
32493
3309
19137
28492
3663
22605
289
21171
14010
23174
16231
25506
9409
9097
1843
22096
503
24887
14589
32251
11558
25252
7490
26256
20908
8293
27166
15611
31821
23408
23448
29279
155
11093
27021
24265
4018
6313
13711
328
4027
2242
9944
10
23651
17686
21990
11066
3207
3951
25516
21120
22690
28597
488
2017
12660
308
961
10083
17066
17975
16313
23984
1320
1121
21874
14626
24265
62
26746
24210
834
16127
31657
3
3234
6781
20367
23219
737
21588
2149
28113
22889
418
20457
21563
25506
29631
16401
32375
22985
23374
23704
24914
17310
6823
8589
23787
20189
610
19397
1973
27302
28023
26034
7678
11564
14435
7786
22729
32249
23433
26011
25728
168
23483
19318
299
17080
15968
15017
5465
24498
4856
31096
60
27785
914
22673
26240
31343
21147
1559
828
3559
21513
31347
25209
23184
336
18008
31026
24392
1394
22551
16084
16338
30934
21112
4466
2202
3
723
3544
3308
29877
24470
2497
23689
21382
24060
2337
24544
24213
1167
20819
1672
24573
3713
923
4009
751
5058
28569
23624
32557
18023
894
16585
828
23489
24530
23871
4508
1798
31002
15780
8704
23598
304
1927
11967
8389
19700
547
5049
30229
24096
24218
23669
350
24434
24352
134
5121
28413
442
3681
26844
652
11748
7161
29622
14993
2921
24198
27457
23272
394
14801
11861
17073
1806
20982
32539
3095
15233
12495
4083
19529
18215
814
493
16800
23904
674
23608
24209
29323
8304
40
19870
6927
4834
9062
637
4059
242
2046
1623
26691
2287
214
684
2600
20745
6593
10066
20536
22728
5153
378
21350
25270
9229
24402
22721
1762
25899
21072
11176
13758
1224
17087
30781
23966
655
32365
24056
3229
24094
22012
30754
31325
25359
982
6022
24016
599
7808
9006
23726
23937
23776
1298
16047
3358
25180
24315
7352
21529
3347
14598
9263
207
24344
474
18471
21608
23611
7275
23440
2776
12321
15755
10382
23192
31347
2157
9071
7095
9170
3567
12662
23078
17080
10019
29038
22560
24094
13990
5983
17103
23301
2691
23863
4782
24704
3162
1878
23561
27529
23257
25190
31966
11051
21226
25144
24934
9523
7363
5608
6834
24763
29849
24144
8296
26258
2983
21977
49
1123
14408
23246
4271
14763
24001
2306
1390
20638
19238
27067
19489
12129
25121
24930
9001
5199
19235
752
566
2386
8453
17621
15041
0
22960
5787
6015
2731
25064
8116
22952
17756
19905
6190
24258
16135
9167
23938
16439
16993
322
31525
23030
29073
27878
22918
6205
9810
2345
15607
22972
21641
31361
7319
465
19401
23727
20860
28555
30129
22802
12797
23294
24110
6967
23079
27074
504
488
44
5945
167
18819
16857
24271
591
603
30
1286
19099
24471
1129
11045
1752
24771
22869
8743
20387
23396
2887
1070
23613
2553
23174
22647
30113
9977
30594
28303
32618
27105
242
51
4643
23930
22670
14248
23039
22648
22050
17191
16666
22968
1014
3342
249
19169
25413
24104
2
834
13965
13299
28507
7749
8008
24152
22985
1739
24077
3158
2379
9602
14636
21980
28129
28291
11149
59
20679
1378
22933
22904
15982
1768
4555
4038
13421
6743
21701
31501
3011
24240
418
28123
29465
16221
387
7645
16341
23161
1247
21883
11527
24389
3308
3195
22450
6287
17736
31458
2418
14764
663
5970
30418
9293
30301
15503
31088
30466
28000
2369
12258
25795
2998
12132
22774
11686
8245
22519
928
16041
23273
1574
15123
23560
26615
17170
22905
15941
18690
28705
22004
26996
23165
1752
17307
3628
647
16214
22450
10270
31426
25938
12715
25830
26046
17429
22817
2601
23101
18034
31156
31819
24617
25595
1756
3897
5416
20956
10325
28774
6562
3297
1836
31067
13633
599
87
29208
2251
35
27805
436
28311
162
286
883
25485
24463
838
1298
22357
29453
24121
22853
26169
24397
373
3202
4229
16705
20638
8419
12488
23444
16737
11617
23938
23768
6587
21771
8457
20575
23457
28449
230
11303
151
24489
9365
20623
21705
18465
7013
8818
27349
21566
1321
25176
18374
23226
16432
25265
18610
9170
16430
4289
198
9433
24121
15655
3667
781
11817
32411
21661
23410
24045
23080
28498
13560
23189
16360
21941
2554
3010
26366
20219
23493
23549
9401
14800
506
27273
15438
31509
25903
32543
287
20027
3512
28806
23767
4707
4449
960
8257
9613
23240
1872
32229
4344
23497
25416
31318
3143
9249
14345
27447
26105
26218
24265
2091
1791
21897
29957
15411
23529
24036
23925
8501
19600
1953
16110
27469
4047
25801
23336
6328
23389
15111
423
449
11136
667
2486
20840
1792
680
22978
4023
29177
17379
30791
9295
23439
1335
6402
7611
23146
123
14806
1083
27302
794
22581
6231
32750
25569
55
9685
9363
2055
15198
9499
27282
25506
19867
1832
417
26540
22150
582
1239
8385
23485
9855
22646
23683
20358
22120
23138
12014
24735
11432
410
8678
24381
3898
9003
6438
108
22897
8044
155
32151
3272
23453
26414
9084
22993
3014
22339
21167
30078
16510
1935
24344
29721
9234
2681
15407
32114
23474
22013
16159
23433
1516
23109
24469
25938
3288
489
31852
14959
3691
16963
22388
98
20352
17561
2957
918
4523
3944
23527
1144
23098
12104
15199
247
10260
23392
18181
11031
22258
3007
20704
3297
15446
32417
137
24542
1981
21443
27136
23167
16108
4065
26105
4055
3682
18689
21417
25858
12061
20890
656
1207
25248
24648
12393
18363
24365
25862
26841
15016
26901
23470
31559
14395
19399
25317
24278
28370
19535
105
32221
22719
29837
22844
8758
23250
19371
13347
5442
6363
22932
3687
8413
24220
9717
6442
4302
21572
17746
251
31321
12974
24448
9978
11599
16395
27259
19105
15982
20759
10457
6984
22281
22367
22741
7450
17535
22916
13283
27293
23102
27007
20589
706
17767
24625
15080
7460
19224
32549
28146
2536
22079
23537
6059
28921
26908
3748
32179
30241
25725
16606
26657
13153
22718
6136
11385
10819
3949
8475
2529
12540
28053
13967
23577
16607
30854
14251
27939
28747
15778
17253
819
32664
21634
27144
635
15954
12256
23490
253
31971
23241
32489
24837
6344
24898
7286
13958
23053
1068
27630
19840
23517
14206
151
11847
1150
7292
5559
22881
1613
26185
7247
4507
13449
14064
13943
7649
22601
21081
22795
20888
30050
11785
869
25394
3017
4004
2881
31553
13273
17030
869
29182
1605
14279
9508
3953
22937
6825
12457
18339
1702
15254
3883
23753
9608
5295
851
25697
18169
22105
24517
812
21922
29633
22622
12707
15176
4167
3859
25734
22587
13177
153
8632
7657
739
23951
17042
20677
8207
24952
299
31432
135
7126
23734
1335
1406
23793
894
16515
21373
22111
23777
30811
30008
1253
29685
27678
21915
21659
8457
31833
31085
4552
19359
474
27842
21590
25929
21006
29931
10994
31700
26573
30511
240
21968
25342
23776
4
32131
32655
1999
23188
22867
19653
949
18007
16466
23160
32098
87
31623
10373
371
14152
3163
1970
23479
8552
2706
23206
3796
23937
10962
14866
22653
10113
22659
17512
131
26385
111
321
30748
1444
28722
26578
5176
26130
750
29336
25336
4248
28658
25882
30297
26071
32163
7154
25065
271
6072
6828
368
26494
6510
888
7465
26584
735
2989
32387
997
1226
1691
31185
3610
1659
1790
26389
600
97
1931
1271
7055
25952
402
25222
151
7906
26103
3863
3215
256
4602
25862
5752
541
203
6018
5505
4609
32306
5863
28680
27107
3290
25561
31814
701
30502
3365
26280
1691
1743
4159
25928
25498
26336
27503
25960
6345
4643
30169
32325
31634
26301
16
120
337
32571
2434
5477
77
6991
26592
32658
24965
581
28021
30390
28914
125
26400
24680
7072
28939
28853
32143
25697
2740
28705
806
25887
2373
26253
27620
25490
3879
28738
25982
1591
1633
223
943
5777
31173
26573
29927
27008
25059
28064
737
25616
61
26260
27602
26481
26288
26267
28593
380
386
601
31186
650
25778
30101
7593
25376
7851
72
8120
3490
26512
2840
26440
25805
24904
1775
6380
84
30723
7126
32197
390
5384
26306
6238
8099
2053
27342
3119
30516
28318
31080
29393
30336
25256
25726
6470
26002
3170
4927
1515
7393
3000
27961
1967
3073
26450
6818
2003
29281
294
4279
97
26061
26603
0
449
28367
610
7005
516
705
26179
6921
1765
24997
1112
6716
4019
25520
26418
366
30761
29
133
780
24933
27382
5416
31981
4360
24649
1114
4002
26063
31867
26564
947
25921
25760
7142
25826
26216
31113
6663
7234
27688
1003
431
6398
962
31378
8148
4256
1655
7267
3147
31254
311
8016
46
30271
1486
5248
978
3744
27134
1889
1246
24989
29278
78
31081
5323
7426
4381
24577
28354
1518
27468
25527
1982
1316
6739
26880
2486
27048
960
27736
25246
3766
25938
2617
27526
1147
7585
27544
30114
31285
25043
3493
31591
2855
26984
26690
27022
26817
2763
2145
27559
3611
885
27128
28994
2106
31451
31842
302
6860
7633
24651
7960
32600
2475
5382
5864
24748
25571
26911
2021
1534
32765
871
2967
1643
8177
26971
7662
27057
909
1603
26778
81
25759
24888
6105
29531
27045
26112
28349
2846
27653
27116
29006
5163
28640
941
5663
4872
3658
2424
26626
7489
26322
31067
27055
407
463
27853
26921
1373
469
475
27728
26236
28590
27130
31401
27797
1683
226
29990
4215
28795
3256
29335
30721
27472
109
27321
28124
25275
7398
26772
8182
2098
3426
32413
2985
26595
32011
977
26581
32331
28687
27526
26924
26977
5059
32569
1343
3023
26930
7046
27064
28157
2281
27038
2867
92
5185
28217
1075
6315
27288
27381
438
1223
2523
3444
28609
27947
27993
4087
1601
2669
26280
1298
27713
5227
27002
27289
24645
28210
30049
6516
367
25504
6623
27131
107
1
3370
32133
4978
26885
25793
26478
6261
7379
2728
5462
27102
24609
7844
29247
3009
25863
3719
366
2638
6817
7203
112
31423
25671
26597
27828
311
30325
29801
27533
4345
31083
6531
1574
4175
2
5567
2341
26260
661
6520
27881
26957
3995
968
1233
28737
1110
29288
27216
31937
2030
614
1508
27336
5778
28421
8153
1971
26162
6091
2033
32703
26119
1154
109
32622
25706
28927
1696
282
4691
6900
5176
915
27391
28392
1654
8001
29259
32026
28148
3854
27980
3737
27452
30152
1864
29271
25707
27473
1336
28644
27106
26306
2943
26063
1394
31181
26738
24802
3061
6753
812
766
1455
5150
28827
870
5367
6649
2555
25851
1447
3402
26898
6041
27566
26152
30641
1017
31092
376
977
3041
6422
3855
27949
6918
2430
1196
280
26938
27650
287
26850
25121
412
25944
25285
2699
27886
27976
2774
27270
29556
68
5803
1192
26960
40
27149
1577
27782
25278
27653
27275
6956
3242
27770
1832
27609
32077
4248
26267
5593
29505
4219
26706
25376
29656
26528
403
4400
26177
6866
27205
34
3878
31470
26670
29872
27531
32403
29922
2525
5810
32722
6728
28608
27894
7743
161
1133
25879
28515
25111
27225
3131
27513
1960
52
28876
27468
403
27392
24731
30093
32005
4361
3355
1733
29308
31175
26379
6005
2328
3429
7527
7203
6777
25218
3542
3847
25734
26134
28270
3694
1272
4054
1800
24725
3320
5766
4638
27218
3149
26318
26884
1929
1282
28027
6098
6794
24771
24864
25493
788
551
28663
32677
32302
31206
2404
3639
7341
31800
24736
30815
28138
28201
3170
3575
26082
2089
5897
27480
4825
4418
6249
2497
341
6979
28525
25241
939
7235
7871
28033
28306
27455
31110
3571
4891
2251
3687
14
32513
7662
7479
2312
28402
30246
781
27087
5428
5481
6319
28311
3
26885
28216
29762
6201
29352
25561
7292
26834
31901
28921
32456
5331
24986
26992
1293
4857
29791
3621
4086
3914
7073
30937
28434
6302
27201
32101
2003
29848
26219
28169
211
30109
6052
28622
3109
191
1816
25222
26880
30540
27843
371
895
6345
30311
1939
5788
2587
2346
1410
25487
32205
3335
26623
1239
29324
1729
7949
27256
25403
3715
6374
4055
27553
297
8036
24975
32459
25224
27270
31468
26962
2664
6466
30168
30241
28069
28649
759
31864
18
5669
2776
29148
7298
27189
26557
27984
30747
1058
28168
5490
3303
27445
27307
32187
7490
861
4088
26656
29210
27949
339
28270
28801
674
8027
19
2525
200
29368
29
5771
26765
6273
202
6021
27007
28050
27045
6653
444
27969
3558
6758
29076
1934
148
31757
29055
18
10
27208
27616
1900
30149
31775
27774
25749
119
27871
30077
27826
26885
28353
26681
24577
31414
4611
25737
26344
192
3366
951
30779
5881
2535
30217
28178
532
7576
25035
29071
26771
25601
1459
8119
29010
5756
26690
27096
27453
4130
3037
3484
30965
25155
51
26191
26895
27803
7433
31015
28270
1812
26775
31912
1304
4267
27350
6763
7
1970
1071
27110
27037
215
26421
25079
28133
32175
6071
27521
25138
1003
30864
26616
1582
3970
351
30767
1172
27457
7842
940
2743
4123
31961
29007
28148
29059
28311
7418
25861
5192
28059
70
5469
25147
1121
3023
2117
32751
1248
7298
26978
25337
28361
27689
28067
28266
5912
3086
26643
26908
5435
31816
7301
3519
1700
32552
4897
995
262
190
25505
28225
30692
3640
639
4394
6137
24973
1841
31864
540
31522
1788
26092
28832
25835
46
29542
3057
3158
26755
3220
3842
1559
5962
5550
27650
31951
29499
29993
3627
3388
33
30543
320
27329
497
280
25222
28425
151
5213
1191
2069
2643
18
2451
4186
1093
7230
485
25270
5062
7278
30297
851
29324
3800
2023
31042
28283
30874
4799
28055
28889
7977
2
28654
4785
31299
29
26195
29374
7705
28368
865
950
29605
27967
32385
25315
28376
24727
5071
667
1595
7727
27790
27882
26384
1575
59
134
32311
28630
30353
28259
27622
25088
28433
28629
2593
179
28425
27518
923
13
5940
171
27871
6153
25586
197
1503
27470
957
28930
7597
28665
823
28594
1913
27855
24980
27862
43
28445
7063
27541
1130
24935
7067
24907
2499
1273
27118
275
27599
1052
30783
235
1831
66
31411
32302
32642
26249
26137
28571
28656
31193
3336
206
25059
26370
25537
25523
7009
2626
2654
24655
2495
31086
8129
28381
26748
5017
1608
2499
28189
3853
29729
30013
4217
25589
29299
28274
1413
1582
1323
28948
3988
31526
25198
2691
30360
6479
8118
3721
27110
8066
7373
5274
2175
691
5697
5021
32007
6850
196
25707
25690
28281
8033
5831
26151
5934
32641
983
27587
455
27608
32203
232
27701
25793
25185
763
6183
28209
27700
28921
26812
30145
1120
3007
704
70
210
26228
28473
7182
3035
7663
27367
28105
427
28466
24811
3243
1109
4844
31765
25881
4845
5057
190
5207
631
32187
29790
28772
29976
25433
24597
32332
28760
4848
27545
303
26838
28297
30004
6508
26250
5277
3313
27336
28231
24761
30492
29176
27021
1122
6249
25089
1800
7877
300
6487
32427
474
30722
4155
28582
28457
3374
25240
28467
1727
53
26050
29587
24901
472
2515
31647
27056
31439
29142
26422
3995
27107
28331
3797
1513
24599
26703
6451
6537
27445
26940
40
29796
28249
30569
5810
30117
3612
28504
26959
27128
3677
25647
26821
4532
28008
28338
27617
27046
6940
4165
6134
15
30527
28
30290
75
2161
3635
27339
302
29104
32727
276
6397
25602
27201
1459
1960
5012
24798
1975
458
25829
5186
1727
808
26087
2248
31360
26793
28009
1203
27673
30986
27362
26241
1899
26962
3249
7861
4628
7572
27778
6989
1300
25917
26780
5445
27135
25678
5839
631
737
6863
6466
4837
24979
31412
3922
946
1774
331
27319
25855
3910
28601
27967
4135
2401
29310
80
311
575
3233
27785
32599
25472
31834
26191
26673
7483
28479
30501
6801
3610
26877
1381
27640
28819
1922
1717
6775
31073
346
2370
4296
2845
30932
25666
2650
28629
31362
7545
30337
411
775
6895
7425
6066
931
8096
26961
27956
28633
30581
1857
154
26440
7872
26520
27245
8139
429
26798
7732
715
31833
26005
7826
32142
25072
6705
24889
27341
1991
2006
26642
27314
24877
1102
31009
6499
2255
30779
3041
31211
29230
5970
753
32191
1166
4610
4998
2053
29150
1463
26986
26928
5711
1045
1243
27052
30943
27582
4392
27075
351
751
27656
28379
4825
4572
5874
7362
32629
6952
26951
3945
31881
32491
26983
4769
26112
7801
7325
24
1703
3535
7877
28324
3556
27521
25234
26610
30569
7207
31825
1727
4669
28006
0
30657
5886
274
4876
90
28711
25669
30770
32453
26007
27806
2275
2751
27510
3923
32116
26356
28294
2760
26015
1647
49
28693
29970
4217
27574
27560
6819
3986
1789
32438
28541
7049
29424
62
26021
27595
24869
2409
27314
6386
7599
31948
32162
31512
6592
270
87
402
515
31697
791
29209
29695
28632
5665
28613
7487
26987
28971
26922
391
27376
8109
30725
3440
2493
1463
1242
2020
2501
30763
26314
4230
1705
500
25869
349
111
7814
26629
30942
30578
3966
26018
26517
1855
1976
3618
30104
32754
25273
25251
27031
1194
362
27646
7129
28081
563
30044
1366
26225
25225
247
3356
745
631
27114
3812
28441
30806
27023
502
358
448
26747
31373
30550
8082
3298
26633
5159
31866
18
1931
1270
27610
28807
3181
1742
28501
123
27543
27697
27360
4008
1055
26263
25059
6991
455
6291
28498
31009
27074
2378
26759
4006
2981
3112
27965
2328
4617
1626
25146
27536
2828
26239
27161
27774
7945
846
30130
5881
6567
31955
3217
1323
25067
31505
4705
5197
30882
28511
29575
26107
26050
27713
26849
28664
31008
25985
28050
2213
0
24939
32376
1741
27806
5188
25673
25179
4098
27922
1707
1787
24783
30913
2036
27681
27209
28926
25312
26403
7820
70
4637
25112
1727
5448
407
1435
26303
1409
55
32609
3495
2035
27727
7273
27470
735
239
2808
5357
31511
4492
6754
5890
29905
3994
25678
26475
31721
4220
30671
32438
3343
26681
32360
27189
31048
27154
28890
27216
2276
7826
392
7746
27883
3683
25315
29245
550
348
26883
6402
6263
32340
25634
28700
26999
30874
61
28157
27806
30469
27050
30697
5391
28935
5719
239
27607
