807486028
891293819
261741040
469550235
438622955
502240134
1020170815
786155514
200012834
300923795
97956218
216773482
461746241
295598620
431574498
467873694
202922246
21578115
383502596
413057482
810175322
112838736
246729133
362626304
675427139
37113891
967219300
231354476
900969847
231684200
268010751
563514889
902222316
141094536
236347452
55141857
354386675
341395408
764509536
904545571
771201756
84776238
69139269
1034628460
9598712
912722573
205544929
1016964923
176611687
47525530
722027834
97970759
8662547
9914938
604165978
255233325
1014090108
485224990
559390849
987243670
478796274
509825180
785053814
196418761
1026672624
224973405
217701442
293632480
289839021
32302460
894419994
635844183
2831340
930513044
871525297
277007953
333412954
418872881
690044689
841238653
338614375
911080010
59601705
1052689027
450280241
816444680
18970862
430336917
834554357
198699107
288068758
418526516
133193904
877770474
173067257
856417808
1031999950
238994736
981400686
50658511
977057756
951545482
335444286
441292386
222258239
164799110
234483035
109734959
750089589
892649295
254729726
129937005
3597120
809537553
914605671
849140443
164073317
100256788
934574132
583451579
166189425
865356750
854478594
367406457
101799291
933042800
771457342
1015003641
725168862
880685417
138295709
962687019
926222795
735409419
98883479
416678921
54228487
970551296
677889597
139934088
278816804
266905367
457852341
67596364
138636945
940341078
892644762
542323204
1009121485
255776240
363897917
894497988
996516858
135651591
113304892
505637313
357261546
155352349
473535962
160256311
942061337
852029529
243937074
49227563
688026321
849928302
848912374
875353185
119236168
65519802
836276096
306615625
933709753
637240044
319414246
962498353
455007085
380045542
911811959
794990433
640563523
53545460
47430368
1045886775
131224717
133339210
882865437
96237224
99387771
667639450
86077376
756039970
401758934
922544894
626619583
623858962
181520005
179139223
126637573
939003644
849250433
981817553
1030815135
411362144
995386236
330364072
16887570
56339279
70535528
216049927
561749861
989738379
446436513
736799107
525231870
885513465
100807253
836878205
540028490
530865119
619666660
169091363
468521604
424232144
163544798
328951356
427387937
631010623
383549687
936945234
591570653
755295637
412391251
430741390
387381161
25597937
647139576
565913709
444708532
600938192
210501800
518111813
277589170
437819238
202386419
421434002
103266021
161840821
427801573
222851298
683512671
1049884068
1021550601
250682833
538266361
547196819
178328335
374594515
24173968
123111778
243390957
253049702
212604038
883795374
1026143593
500570364
861882646
582094434
709737457
239162216
633518368
116146156
392676380
936449765
956474359
40179736
953275534
62665092
333048652
860161414
722602690
394086974
267682556
106602257
1060679128
234822400
598044998
220879675
960468936
423016284
1060663045
19805981
599546913
466637376
999293273
371025336
216496000
933135509
305091868
324497736
145662002
1061857540
700973314
648427874
696376699
925054278
1004137880
969891620
496904126
280090814
668864369
64688935
853416191
595530423
181983271
324689161
779294436
49133034
904101198
176269240
961272536
872341442
746806797
397321775
821770820
383231387
1001022178
835893111
983821335
1041646298
285219516
676811685
156823335
737989965
736174350
423565162
91362515
669551601
855129687
446608494
898724322
330789319
198504395
35055423
116776233
757108443
254595421
818979909
995903868
371773304
148632457
957559491
147772902
39692880
119732337
877854812
210907261
447245877
487779686
795522717
581755115
289177817
463269303
746636830
45526632
161266262
393024527
299950825
261037917
890915643
1002648436
109766862
455965398
158369159
443482754
326535444
743126608
177101450
50025153
913437906
105642855
906092096
1061107841
527434671
597630432
430996215
537985108
531001173
1013297182
787522009
885038767
1001236882
189474363
256454071
473788920
477180399
548274005
861752350
307417970
38190423
482433645
199728589
829297508
525987551
914991790
810560379
325510202
1069870512
935125814
404035544
184346340
734258571
755414343
958641030
811852135
202361482
153473890
33651060
210826812
217535682
587245816
132963216
1054425906
924606258
9472667
452186906
468541525
515677278
500393766
356561095
10398407
873802496
412785049
101457625
53546935
584170694
316107491
917817859
569074154
476224303
408386077
171561162
1048403137
502262542
161482820
292729125
846534215
363910669
880011402
75810383
220409990
294423256
615914915
431131019
243615259
230923019
271172014
952495573
126250894
213546237
154452853
319753324
1008046511
728236701
492112896
790374986
36593501
885237865
684349525
107424168
22611285
462941409
907363843
698594731
831772096
136345507
614820549
1068968765
957821979
1036638823
865513504
196557889
282918646
530386512
985518518
544558019
204999050
176139916
989297046
644033467
858209826
37322085
84112815
358590362
1062336049
380270343
544269318
89233315
192236942
1038444590
622378400
619508940
32632643
129861022
270567764
888023786
172815298
192091424
371043304
602627567
456889414
881946520
193354388
407052556
276554798
83274009
447460476
872389611
17147049
533508357
589482490
1050569425
576378660
613894612
193728299
389523287
37083848
179580017
369070595
732387068
228773753
431001768
259228291
254449508
1062171421
960893457
12593
973291186
144143898
851671596
214170036
502344648
607248410
59031822
1047696339
822250819
1059018474
874582093
664357579
398808178
1065908910
356990143
934348718
1066438912
453379089
367901802
621883946
495177991
760183338
1014094309
946657454
797303958
809056549
85827558
484799127
463691121
249566276
818072463
221497953
247341820
805550017
967985877
557209647
146386820
419335229
649975356
1046560133
622511985
463595548
87107261
547441480
68823653
56104575
745971470
520434010
307818001
429756618
686387360
953173918
451891228
941872380
1024336557
876666276
906474133
271658184
689268665
585617026
92237156
969066989
903567542
925574454
114449496
461011109
981819123
790200524
394120140
363289722
768732939
279484256
963392968
133455640
46780132
1072270966
829487949
890616846
220900636
428394700
1016124618
278840092
909392657
698743059
906030107
26493563
38236668
987421755
484837218
67022968
558535029
1054048636
222604877
217637230
189978837
45458167
205927902
899801295
428148962
291856540
548940723
971345528
348611806
9407367
256794279
686349763
351611447
1030150880
56653239
406817094
573996534
359447370
262002512
895727640
740128091
121445379
623524646
582763803
554885587
266151155
47318130
214698464
494544332
658750478
404045875
129349169
568278050
192707449
814365127
458286278
365161592
535941611
463839419
455095705
958264853
990543918
866624501
26502206
270444028
767651811
1691745
767116522
439532506
789477534
387583249
611452689
101757584
483106757
385760956
267739851
412534385
1069308882
67967598
458087463
778550573
22639188
311124794
773919834
830848329
510354287
982369541
267064342
906284367
138128839
753532247
849784498
695285691
116393479
560044509
825513678
19313075
471759311
334540694
404185117
1003487815
613714034
296311392
151656599
177159591
405043733
461794281
908812377
123452019
167913405
574897875
451018543
663247367
923304378
421876348
336120755
110471252
12194282
485977593
563921225
125493179
257909863
844215050
213332334
324149195
319420307
906313579
54899448
969950378
146366175
763079804
946421111
335635427
260278433
962114588
47362352
213701252
261058477
510120760
490533180
56888233
752651647
840541806
203371803
369787582
1043234120
355541271
277333542
9524291
565293888
734538136
208990990
855605935
629794398
74128176
1046489487
33143491
897741277
416988617
30437006
25928910
60410004
705002438
883175353
884735467
787763846
780523734
837303580
282453800
88925691
421144043
690257749
146683288
936096086
46048765
405278405
421947955
209462501
929443179
344112238
199417328
149764134
223779094
52653676
68516691
462403335
248904262
333062244
10394747
821585073
162109627
805503301
1042603364
828208872
1003088982
837967512
535415896
161009194
203670958
924918554
1010461139
917354348
936290482
270553407
452871347
787336629
257653544
220720709
350348908
935142440
923068414
945096468
845111416
114662074
127851348
998196991
345272363
618209446
669601263
945447652
462368016
90260669
644555423
9913355
824542366
920904962
853248857
896460629
349605147
633060582
542568115
113290576
516369757
641230019
475847568
587274540
171441620
299396009
628601698
388463917
711885818
940668375
372764922
21452071
1011555976
567579954
931860764
189572443
314242265
261233136
604903526
943788164
494659234
123524943
511899862
118955833
632352605
493063266
620995311
154350523
734455023
902456937
131330293
855551223
61027229
227915142
744965827
676190524
854485408
650200114
429737808
970131182
193546072
719960382
1061023052
887389152
870437805
472191559
249846684
518380800
583729558
1031500830
553305228
984335302
451800098
528057082
781855535
817385988
418550398
795429641
824078445
102141955
547007731
1034317817
399252926
92025564
710317075
649664971
705818453
68379475
498389737
35546686
806001099
578824718
463078292
246892710
1061008996
332954315
420924082
482956392
829876170
437620888
344064903
123755202
699142590
669627146
511037265
119316712
796347800
81784415
746215563
437136503
156382519
611258347
922083689
1025044641
991622632
948433746
714492584
28629695
695417017
753605177
959310870
994556815
1011474252
232393037
571993269
577347060
364388504
623169623
237696903
932915175
310117471
194711335
430408553
653097834
631516253
993774469
518670170
789834762
554726450
96145039
278150554
836907936
669157742
875918920
1010742279
571262805
1044831602
828676558
600538930
176930138
906175467
280238006
700187582
833388711
307876242
680821862
885289050
484734373
480675492
15187378
526537499
199880745
492795085
270527466
310220885
315780577
875152619
138014412
280438376
865921039
803342071
954775809
16942288
209190844
935921860
830494995
203908438
96720159
546436677
476007422
101891553
199363129
309666438
201859191
252315480
723270971
7661526
1064167044
866944297
54195163
177060186
448469912
381078044
696067125
287933738
823387614
112748152
588394166
997375009
836448629
494959912
409231718
189266410
81977402
242085999
327441565
53031574
961545872
602640212
828301070
629806064
1004943298
299173766
72544301
102686865
869995272
69209169
639676310
473745489
343773641
297572455
520265441
869862960
925071447
653135362
193979502
779380996
178927274
680478058
58469609
529080073
642415510
940236466
808822601
719116976
185262649
11230429
920293
705022234
11090646
273397133
741447105
159445031
576154724
394179795
962402498
605954993
968588619
396269694
99240020
893541270
678692329
179017820
838591332
357729889
423806597
65660100
30069401
945892976
73494583
475050673
905976275
314041388
389338008
80090342
58921124
540929254
155992052
106932851
683243574
585969301
360755460
669333777
730586740
532611970
403126100
941818602
335442393
807240091
660933794
1055250740
1036387846
574039420
213558620
973330703
26347768
882813216
763495735
478039969
872077881
1033469431
452080259
148637351
1010756937
606060181
163608572
964800301
209714719
316652659
819031683
161870989
327171027
1025859735
84093203
974121121
833599904
98032187
478476011
145577483
481023560
1016471912
805768763
848775594
312468122
530555954
762181712
1058651905
237441090
149244741
891863393
327198673
965932541
425397921
58625560
131093889
100974226
1551852
613450553
13880811
125766687
4809360
553777046
206384439
757723324
15038999
919019110
13245918
34080529
824660359
900311804
114868070
413220435
56980206
988112126
188951973
370134220
953453487
337788729
597004860
142207360
879202695
407522623
7541890
71091099
288983556
568511269
240838452
385617282
400441403
163331909
6131820
1037377063
349289660
420838009
651675523
265098992
576825281
861625918
167035260
402749165
225541281
263979484
94434850
855507593
525129113
371622004
234577201
215485695
692871536
4560644
801807475
536182272
648238201
659687790
168931289
10433309
350730499
470122378
481635289
766629404
723639363
424067880
900896864
1012018913
416637678
976355945
487302443
1063030537
594716546
420560164
676373898
983050494
1020106583
57748343
909954113
257848870
938328944
189376278
270312416
595362475
277842342
22629515
559072315
929243903
809713434
930083665
119984617
98740277
74658073
749000038
304737532
263949095
933556538
83743295
169484497
1006037061
283004877
160241142
740300153
746604553
583793736
478065114
75445827
485437063
430153603
170492426
1058819014
434019838
273871027
1052426797
371895297
371847069
953515753
441837928
267853785
79652683
487228266
525811498
350917396
289971038
529037344
660431922
179969739
588162709
35636186
752540023
521853153
183043873
467826811
485802209
322968537
53030257
838192597
23183703
718536842
304343854
15414956
468297809
500413333
863889971
497802793
347272868
794490077
357832725
30403605
223725011
739646535
76986108
692535331
799329520
360320661
194747800
442396176
715443640
68768311
136443328
86881523
8134836
40927263
293221437
639244802
882693604
969194565
832493581
265618772
960312532
1054034491
457937752
514937452
652238207
431496882
540893914
447548989
1442172
36173376
100101192
95715061
409759283
40303159
178686024
654143225
452678633
257399319
171871243
632257775
1040640164
247894190
283371207
467064969
311080334
423418598
592434107
3212510
302964395
87232874
118958551
826401961
955498926
309873425
429730678
147378941
363607422
1002393995
219708707
204947168
815138311
325662439
45454159
828455849
911579271
860022118
434155292
16662975
849040585
419709904
594633424
369401022
261987102
979896664
637857639
734822467
10980598
868822740
1041136991
240205321
348560488
258454145
693541596
621879059
870549125
643556459
74934235
727700379
857329743
735554594
295957952
34797305
585890634
41418764
844237735
716208286
906023970
854880943
938617881
952994896
877167097
899544355
715204706
656910515
516012984
966826781
90165316
821366220
661177892
58992387
653911257
503468730
1071510711
465183153
189977963
449022981
400154004
893498778
471272046
486565367
344749841
333125198
528119264
8055819
148269063
130376573
78718703
720147752
231458409
1021576021
896720493
255151261
682879967
697057889
343601078
497026465
774715739
668907901
398918484
892713544
976944791
110346896
926373369
941471484
28321704
562784029
46418774
140811299
912267497
809970226
995343799
42294699
8726902
413870361
436215287
1010815842
1043405460
356782273
947286414
930894434
915877611
760447400
578830457
617396114
664481017
967497612
10777059
909457764
901815748
435654862
930435369
189226696
319630456
65713908
576277509
611791818
995207270
1051281608
654212068
665452944
984803724
868813868
824850873
64740712
241042489
233364233
106747366
489911213
407375859
1049461503
714971564
2329724
500482633
1023470292
830869277
333905496
246607096
444406559
87448403
966228867
980739641
941414768
482391471
632135993
853474048
39623230
698384002
117746869
512904210
264814985
745116305
180282130
834864944
250284121
382320106
999633441
905006944
849755663
85792535
406500390
1069869091
913706199
1016495016
159598333
37638040
497947831
104640086
523194751
191851171
977678692
117986315
213585243
41303658
621741272
609514451
183903144
760537035
803327643
422591114
869473807
782571997
166569485
735877870
771754818
243386192
734821094
988541872
295042153
837389596
88911488
2576243
369335732
170777029
141108089
272579728
964121582
209513212
866305618
44241624
597964651
717614746
321519094
138733739
434529534
384333812
178019515
1043581504
109371630
815952907
837756936
306497369
15643410
931461082
1060946984
1056006407
58897416
566470232
229246675
886140644
954217888
897147541
678173054
45385669
884980734
66530260
30142432
722665140
495300631
1019188910
431708913
1047290178
536471540
698423366
969113035
765359992
83779489
485669774
536191022
160834425
460777668
581037230
923621330
1066242714
991610934
187574958
829821986
459942458
1005429693
64308419
470654639
418532277
35518272
191485637
596434016
49925326
562908642
315626876
574919443
8435391
987274430
593122635
819983391
38528425
205024345
445281432
893646324
1043402928
256290881
404711306
301926541
216473141
1069666595
507400985
623663202
101410458
162447023
677899285
192333391
707172537
47633468
24220872
760441326
476375915
521888918
938886480
754157738
146641464
377819717
356227056
280062208
31873410
750665350
392319514
802918671
1040638139
485242199
145654576
1005098405
34064809
932138217
875333244
101401985
1013631315
932444186
911271246
831470778
9074264
882558934
940320931
219510895
255568180
394097355
815202787
1006515408
1005363512
893602737
101391905
629234707
910224803
997759563
935157515
596863829
101288972
511367887
607301275
298253055
585840790
336164408
509364477
103497077
470787031
297681840
920684105
978919100
716726557
479770732
343365409
15622460
972527291
417703073
306878111
661878571
383887356
999295623
398925788
952918472
1007293730
341074082
743636062
1055290168
908984694
483389440
308624350
20044707
861547924
205542258
269971360
419299357
306733449
83265399
937419437
684050017
267538140
403482798
59101647
146284566
121355065
800715818
1061832126
330797292
634708982
417823414
250822259
763305390
50265528
990083615
285155309
239801881
846238656
667763315
940795171
432775571
317169226
909810497
23315814
317682088
934498222
187495732
2440684
833842083
829582694
807609913
909488514
839782598
84070595
140153836
551887677
500443700
326699817
277805178
837093193
855625202
20533345
923188582
427768738
444173092
427952345
1030071242
156648516
1015789408
936244810
690654210
363563916
291019825
737339620
1063820256
1064224781
231452201
836534547
396251007
461131294
1066977794
975319658
901188077
173443408
837383122
331699909
541697079
236772605
656102308
911448394
1002680312
132238248
662127880
889896445
484847262
35120166
461084600
462535617
2116771
192639812
806196845
249391760
250454492
192120337
600371385
146553031
27847397
27732906
186169907
380452490
777940080
506122421
646676311
505472656
952391220
742678709
1045990173
109863030
143485282
976245027
382585774
686244254
524866168
847230503
541942677
485118961
743680637
610648952
371041746
778127564
241983699
477682882
203054757
505535480
805764490
945594669
920621345
19013723
978188626
192627092
789284386
740915057
702497168
208204709
91086375
266897499
652339801
307819052
826379852
650947251
152164014
455240172
950024571
437654962
747434684
705147506
706135544
918577977
735679083
153202083
403607244
217243076
113297108
131302422
170421980
861950799
913123836
485387003
325710389
605135044
152387174
844663799
877992543
1001702112
164810442
911395292
745832928
10796973
264331323
885396011
367142396
610331065
215653158
122725839
581977881
302622761
702279000
98876974
964018279
702377346
230429476
836167661
78227226
895723145
595193562
201527443
380684681
198368344
898145966
1014732607
541787554
49931850
149534176
198930283
956965559
477081761
690146822
461153147
256340851
810601965
443915947
642189600
893606169
367571433
762753435
1046092950
484304794
638470814
71871246
607079568
631575595
891934661
413238327
99753985
252266519
261065829
792840658
696938967
886250276
581047501
221647307
229167554
233593574
144265719
1039470806
49400669
848058467
520745743
80450817
234493558
166057319
470510487
346372117
364723553
936021759
354505763
58252891
316778657
492992201
434801091
1060963809
579336341
21425731
828081527
185025740
73704278
247151862
529993973
143484597
493481025
931546082
913216448
590673916
412799480
494476454
116840738
855036457
940069139
374648998
342692245
126039557
846832528
722725503
484110368
263456537
17265466
239687349
570370732
1062122696
150977908
818399263
229785193
270616645
120423795
539934132
420334376
93407181
654166312
806328062
556966289
233326824
915202080
580202325
234253573
908896626
927441265
248748665
47965160
499290329
778982100
714284722
554028660
233816058
1020759636
708445756
1043980481
518979693
873752426
595212746
1009246664
1028790820
145166291
1004346850
673710332
457938190
1003720808
577452122
275409479
85653475
583091525
270664975
365520878
730906263
62787133
72599110
470482530
503928371
98326815
643525638
391452572
849721861
28354474
353619874
156945045
1024067047
457599369
156528854
1048354510
652967653
731093780
864397820
220175383
646331995
894899703
928235939
131509106
34951762
868671031
1066525326
655836761
287032404
419732091
14968087
309564930
907276499
9561164
89807319
268334144
864509865
531627440
498833874
787954450
180387721
492668244
734414804
673534542
436862524
477052338
903645302
980182973
255074171
911727124
482666214
175645296
247371465
195614144
247003083
227786447
467006802
744139061
72794258
159927145
168363620
702389358
187598280
836091641
108950320
115437855
282463710
1046363898
423310613
788088651
195247795
657434197
453682426
755712164
759119957
148656629
2142775
351942729
997343605
859207534
1037482297
78124553
273106582
992239673
343205862
1982191
610542247
427948928
885270698
971867623
683930728
836574378
171900627
574361404
984394589
996598066
268589334
480488672
380701058
825787456
102737561
6160420
319964040
567243881
152247640
418149260
961529822
808488205
617666461
991635403
875292820
812705589
6914749
917619972
938648558
1047232804
343880145
85360415
955913065
682917751
651702560
841271934
845923739
424312621
190651784
762842195
366026815
22386517
496161134
168535080
767424361
271154788
568869789
310679740
1019709291
281655897
427996254
413608160
747221358
217827609
831402205
654425591
101704704
517117548
709323238
88103529
155524951
945463003
507274123
1005457428
54837493
116884020
297530173
568501356
962390103
582469567
867385164
296926936
596443814
957731035
1061455071
264813130
1030869856
1012029495
835635573
541189468
991370176
57003737
820897169
402561191
909878931
256803606
589275474
85441059
647501249
330906679
144834270
506955245
83230052
74854247
638734940
61114737
85603022
337285519
843327825
693014764
835804571
314707462
736068251
920142706
962081102
851657450
255719846
209602006
98576494
821843626
88509539
66029859
497363906
1007132375
95583697
851614594
633817128
351645964
641302790
129567703
141085200
581457142
468273017
509117322
130025425
556129123
488967573
938955999
374560152
710249300
785049877
778182811
89856328
948859021
916773592
88313005
886878192
31545447
986489343
31639109
1041271509
198759308
822143354
341526939
912490673
471432075
868427527
1008791686
437429370
199869885
663736681
684013107
170032663
136495138
143348837
440178205
361141417
832842663
741611180
773769920
938791459
965600630
881076312
834208570
67314574
282200170
651205825
757286803
995147126
852123641
377812746
928630660
436449699
1028792416
953619553
72853967
327318527
21351514
596008474
611063978
132803001
64832183
333345355
998284773
326719992
272138077
283336403
98962095
225525580
776815588
190178170
889271351
23103448
40530694
812025164
562988907
117861288
72713069
522123868
485067807
288843102
686865883
8895029
882353772
418596136
617102151
855339264
992440202
109046453
374602210
588432375
81699681
204501574
567022795
642658737
801299781
975668772
312105044
1068792549
712652703
244101229
39998848
286568296
246150323
1039416057
847618279
740763319
1066525298
309800854
859278846
606831572
1044471917
297145937
528400541
761438168
428153754
91180653
318334895
129766158
358163613
50580644
836127485
1064583053
875873310
823504275
890315386
70603962
354132548
496080089
429617057
686333139
1067986255
194759305
360347068
139093474
105444908
782013576
970496460
10522201
168646578
700326662
166672567
1063633124
240392815
1059903940
270557712
422061991
786744821
368622550
114582905
696180930
223537744
243036555
108631492
176448702
408261978
892635385
682735286
177927970
361670687
83191905
756542009
328972957
93410178
624784849
759111949
629734712
881363342
905803366
624207675
371269161
895219147
39927180
705932176
282965905
899552445
226566886
384575095
361418019
12873212
150104254
654187229
93167834
327730653
82345798
264900932
591549302
119880838
505411027
48428444
734789560
572471231
637512570
1061476589
852494727
825893286
607694088
151726436
954575191
342951551
510335185
207010316
298027364
161232918
871248915
1018760947
752504655
225505492
194452685
982612280
109497088
832526310
1052749626
824039247
834138726
191644063
735830062
69375433
384665037
58218851
149420714
238427631
222581579
926854787
585519751
91939969
122432615
311282260
890444060
468554732
172925623
340116045
5262284
239395197
911375002
1060158031
514016428
77838222
299890128
156052453
35639498
16188142
918444051
849143929
869330581
724550084
103079548
506739214
857854112
445556829
727073986
802816339
663214929
491620014
256691691
867524655
544139193
36356288
472486798
212601106
511447141
98731753
536728697
257809987
330850734
852609436
868294844
443452096
841020094
164377569
464104838
263267613
921058017
490352935
219359083
142522476
1049538985
3259094
859245918
4045837
474142106
425894716
1042190766
949620640
554155311
557574476
9901225
224774101
983418617
313338783
389923566
537913226
218575004
643173395
193707389
139955361
139990953
206420982
263956899
600134243
639802654
281282614
961419764
793889040
172578068
799740601
480114016
775378801
60424197
433753867
449161664
701912354
500182440
179366014
319968871
46828955
703539419
38957034
510237818
94260539
837173253
254114737
889846481
253009022
87581727
220440993
650689996
433460974
384897259
895373030
1052586265
386390365
449260752
722854868
71736116
972743278
390395921
385656119
827874305
119802551
440896599
182695206
839631920
937684427
20588307
739766387
522898888
942624329
534475941
820446877
920721890
1063376976
355480478
36198171
110967169
309187038
245132686
303056024
40946352
660775805
90010116
748874981
607099980
709681914
282611030
19880668
584414756
634055797
514367045
695814732
56716542
141794014
1048645109
981827763
90603063
979669938
86198668
371936793
465650963
790771639
201318893
265999123
188164762
459476364
204961453
1023678876
833609229
342903941
336606870
1019323877
366127166
546874327
702690067
816413167
803764436
997045369
159307952
750608850
24980400
372401805
361819142
449453226
888292883
61035797
238516406
907817168
1026544346
940873322
969681950
998519017
863722425
463541943
601449399
656136837
941463665
89183689
686222924
67339413
19460936
118998490
209235967
365066768
202662527
53398739
180253986
309522158
223469764
625554732
404757726
63096452
567786716
1073202361
678119306
262036795
92185955
526716982
604751553
756418504
29157868
147808961
338788277
604924774
1052747231
104517384
289517318
159067123
331830014
248921803
408105104
13607081
363426709
13630382
357132126
454527108
1016791020
722765223
1014423747
996958860
714233202
928074364
924495915
114202104
82639885
810906744
3509474
486406963
46747456
604952679
66420678
531863479
207849059
505942869
240826260
62263764
82237286
21362613
228225190
279393577
268582085
899672208
697211903
86735759
893677027
632194374
1042757441
265865042
1066478108
577137263
406214066
694318141
971208595
598379957
948739215
910969712
137402647
676092180
226090138
362471745
817944688
136523413
103290266
575364812
743132291
129338483
80804460
459536056
846504528
913044648
1071503147
103585326
559179945
97532720
571352676
393321888
192602599
969607609
160375477
995566047
169341134
366448645
739199419
843388239
686560876
453995630
1011953909
851396423
92193415
370545069
156004193
200585573
742161198
21518575
389812786
155459801
374695325
909334784
785395967
745902410
791416994
116267982
227396062
834524754
456562222
346911287
81678058
336486584
616797153
290083922
276100543
453171599
529017378
961418349
1011022320
939479052
1059524207
709341718
445434954
101804936
96281514
542786750
739174556
36376545
272253189
618322931
61296344
123716673
286174313
301148521
96574069
191627168
928526731
959231437
476105935
898556294
796021779
373497650
432501114
216841281
66689823
1039773750
610363607
207492790
745257548
562940943
361572899
67410076
436401639
583184975
666115075
48001516
192080974
171674419
144652874
132134527
502677161
236655898
583324641
295843348
96523585
794493324
854719368
390720212
94075010
644146039
206471430
504120895
559923869
647013669
477712884
892769256
949030796
522921205
911651469
962718568
386007796
109143776
552481587
712871867
790154421
119918179
542431941
357898856
385831436
590106206
1056740714
10653696
423932002
242563887
111157171
46269937
631329402
828798809
499767784
287296972
207445913
338919538
374939639
106645619
1031920303
1024944016
45111520
711084483
342850667
241867894
721797205
745007850
331818455
26160716
139501236
945927870
829852230
146354859
652792830
147899358
202538853
1006266327
800272210
558078627
962662379
775242888
191398877
264262313
883080226
143738269
1035489802
592526593
664247638
1013842802
562816309
87763123
513456004
78113394
308918066
537430041
442835179
786466591
387126922
50570597
601551755
996386478
246626771
1048931063
536732477
706678857
302827225
49234492
57398178
263788991
532745564
618328330
364764323
459789422
2161143
296337406
197657020
981558162
191591988
706633330
74241385
899827289
472074570
274382177
262461860
1000818634
787513462
344101228
336223156
132349460
662399301
187097215
676274880
718214567
1011788454
485217505
258846742
6184934
225554377
1047523478
249152391
342635522
486377215
623452404
96170536
862522584
444712573
285432015
770912188
186057563
987244140
524389319
63845091
182527747
210282280
365966106
866747033
676749405
491781914
481044738
691025042
770591457
694172440
267638797
327404785
262135157
406326580
285963779
14436088
773219743
954514157
371522837
355029269
346679610
85859250
198848458
611660990
72709795
340228386
308046606
218490715
567355818
410312462
802412505
714098766
117984360
104858196
245171823
40268751
125426227
379889399
369327768
957845421
917023623
472148293
404406661
867355315
635588637
775645009
167508203
225400064
236681880
291544101
134415229
307811638
351794514
702890109
1004074406
169761503
53353115
297782540
413648867
593260629
183035758
907026988
872966086
25148927
1061359486
1008679245
80041740
243159837
571241085
467316989
958797326
683967217
241244792
96305852
979962499
143287024
1072387626
1003237348
25735718
486584215
650184709
193333795
200412597
558828288
571605716
41534056
21685859
775425250
177548864
866435874
1020139765
1060147901
229841812
652763378
801126081
307923083
921778492
626387312
787432238
593439218
195338599
616782661
46305872
449023157
130437167
815756299
175902029
308589559
1071318756
810152864
791319670
157546221
860622314
19481552
499198447
289939591
230066267
14996458
860527604
980537402
31280422
55496699
433443485
741891999
145421474
499685124
1024572683
65201625
939594571
714281258
1062675489
336409771
456481265
831334357
1055510064
898590514
442062772
777675921
337862307
177808552
887352151
901115639
825520868
374065812
262870489
264324355
649273615
433951587
259316414
308884593
442452540
747350008
1003535530
678454256
211146460
527737684
396964938
563946731
931223324
836668187
645299655
141849356
235111104
284912086
331744596
78589694
391614022
346444106
173145476
991035350
75229588
326068536
989381848
782512832
816273938
710848028
253477420
784020603
16847788
243892464
917270335
383272039
663262325
852454154
239813595
731472075
132353196
128183162
220430332
767551912
46132012
845587373
991804769
595282251
1020838701
303155378
787948720
794565885
286521191
113471204
778727348
198852757
96643559
197294917
643041233
67447869
798639674
309349168
227184108
1029972585
166762185
200557018
701468505
801377000
87148632
998600585
228227476
695824658
388720472
622153495
849921777
31140303
198763411
627915326
849304750
244895433
84816484
666674378
523894227
439095000
122066290
109357183
73747216
293833906
132561825
192926036
330160051
343123198
241907637
281100766
467469381
993087533
156226729
693895250
1035439764
169186824
415113880
217274223
883767392
406710397
545174934
1021450406
600640195
627726881
960599634
63623825
316592020
288470638
417142030
707374503
293640672
670283098
34413879
471736720
711713375
527328553
458002590
900658481
8792287
197530390
596640961
843008236
881253242
61845661
1030846151
999360871
1051480129
58437954
338094795
950378582
905215148
74048189
402979494
151035070
805247275
591089588
305017025
587455634
501346025
217770505
278965737
139522899
152807165
985959048
457709331
140775346
692583528
334350456
532735561
324731188
414284647
819239761
268032995
269834557
1057829621
28175515
466015307
84731383
853486607
253955473
441781816
979653633
198562113
281844956
49669162
428659526
615793244
827339531
608302892
319215054
476827452
11522955
119592739
130030977
107137233
808492778
170530000
678031874
431904145
333612189
564933106
817026807
428644637
75533893
587137781
666516519
921498113
118264423
244565937
295861740
954052175
512057391
652387294
354542212
894009386
787800709
12741630
254300468
392950947
343935139
888570159
435233410
547634872
505988197
1024279041
919774371
695031297
4573579
347573039
967164049
935389650
146611626
455170896
447258260
19649526
984647059
158530626
667206326
356447815
941525024
984570251
183383735
901950676
770125935
194296992
939096048
117071325
233186918
755512056
247774552
968511478
2821680
271322614
892662594
86260422
423355428
273591791
634719359
356001128
1009707943
636145583
1054102365
75030901
490984429
950902016
277448022
684662167
970264628
988016735
872638557
196873563
305365368
171411975
478538888
129502500
252277413
252110731
260382815
66409177
250389493
171511390
938379017
483453752
400887064
209965112
1043800242
442661643
344973438
580993649
847374215
514500858
146735817
1021568180
730540541
452522675
237700185
1032307492
665017207
672694975
577715877
285724957
891069409
311169274
208135345
996171157
196381304
315775876
559932018
722232184
1006407196
407588395
1059042872
1019873371
216055271
792319834
298855706
675583218
1048289733
196166364
34215557
820839672
490306231
941712192
921033745
336175960
1042603683
112633039
243941728
51821685
574840208
260907242
361223938
992535961
622351845
480108614
174267114
880027995
390711187
705581031
789295337
24831736
489075782
377903495
515984419
1066330813
815228266
121563074
407925534
118683122
901937762
825119223
1073083130
1064306844
261126232
723108080
219604591
1066625857
769206691
557298101
838110354
211568454
276547297
202036765
865858423
50573327
109483470
825067831
826199066
461259719
498299842
152747324
545657559
935455568
87484360
534649427
542015822
19704642
132562764
91553666
1066785735
425687158
943566293
111145024
9222376
35793893
840196664
703221793
717189104
782125422
563194306
386999374
948456842
320913832
539575909
873066924
376027035
1031706955
396367324
981046439
173438006
93128011
223331228
908239317
304571682
801448272
335682817
91959473
442555678
986988438
1064091514
238205307
692212461
353423017
934471110
445627708
42920018
512892686
291622831
310206207
269389657
388807454
280977583
871197996
172057864
775352669
399677299
137721896
397982971
444376884
313781016
42570507
699281640
183775623
367023982
627954373
490257535
699487824
236264752
689475021
1007551782
721131601
172858890
388991286
73000426
996186779
636969542
776072249
437440137
374693973
58557747
277004337
732351442
978503313
253649723
803401207
619093503
226748474
1066780036
444426895
137582479
276558876
568245556
131116136
478476141
571206354
264780080
488936776
91330847
954049476
403848359
66790291
1027696443
418336710
330277216
955567404
910917565
98416151
212275849
1042637875
690366517
699950295
317444373
745607003
938304092
188256377
936581052
979612525
356514579
613548777
304178809
417846952
77205538
236489021
360041595
634275417
593296936
77549157
626145411
599811224
1027478229
13237997
986163338
299755601
541947237
603800786
438698875
718869835
771899426
295317896
1032605667
345553266
529701722
580826847
856557325
754090414
101438506
365521083
54298631
373855358
488604976
597712803
359786158
116717424
266714604
532456322
647191719
600527648
463597829
874567054
324315133
682214856
206519683
181102138
63102557
316890940
964898917
315712936
605483083
299321244
126571684
795300594
132512953
793569969
108687611
673538137
947303550
895101999
425249730
1011398274
791866676
800287613
794943168
863729662
295217117
645152123
453370573
714599985
33540639
1066385754
84662856
954184734
482331179
496908814
400120651
872556727
78547977
217045217
66948936
271654003
250522953
447254708
139074759
830243061
1021004646
270782510
678375795
82777503
202941401
354098814
103296091
490451493
898202487
93641314
1067887924
247218256
659026899
605886662
141831494
729564787
142873701
912478127
871228518
257547822
421633248
639296145
820204375
927003245
143165559
484415637
1002467842
786218417
499490182
251666425
559196878
217562039
429020365
981708279
418340051
31451608
52206740
967379486
110000793
853944988
28861775
326306432
209045385
138793105
261018510
25996190
9109252
213366618
64048242
141725923
307532732
320717267
1048469298
54040775
139850811
233004058
1062011381
206565071
382853932
1070603617
132081461
290080573
122184936
309773472
634945524
571833424
956251099
423631230
927817998
679416247
43244926
443343895
17578140
84836196
489173744
629263290
257833533
216239746
4780687
374767449
46105677
124859955
208683750
1052937460
529464151
15962081
58693433
456308611
291074995
292870014
883848496
415546927
10842925
944722473
351349966
345177623
729742593
125155662
242333838
266258513
761158131
70223910
116966462
87947062
836878342
450996846
308545772
858635899
445410413
193027378
762488157
510067487
800709983
318434081
515920246
293304669
1044039272
603701766
151333086
416300203
188971300
192311740
378937550
160768926
246249449
782876439
433588448
866985299
897836290
490962422
636581940
1063739517
132889630
105832730
179938647
185949507
644238815
523829856
260143194
1051939461
904700792
386555036
335681660
247835011
1001820585
447823569
573636356
200129567
661370367
61711545
976854941
259410074
28507253
950026286
370596449
108038610
267996659
474375606
666900446
519537529
412214463
103354852
557836788
813757120
821033595
452845191
788847857
660970372
355870641
448511770
61752780
819160750
177157264
288634119
127335919
783271821
181672117
370807361
837801061
281760093
52201570
146678462
248016457
320623335
402920442
771609356
175815145
790252778
645166713
410986818
391186882
226135581
740224889
575084232
359540626
193216952
192465103
177491246
457309890
282224356
64239256
163946297
203211730
714786700
871124850
687061133
731637147
734416090
195016787
208643132
1030109453
228549007
44971144
428077275
350591426
425678858
432963104
781551584
763577979
384931889
167534457
386623932
504243384
727534280
19799076
96287802
226930433
989547359
4722163
691465081
412859539
293040664
272315409
679507691
499123017
4676430
175796149
107816710
832998283
24478396
901830857
465063815
69350713
675896807
51951393
700959715
629068912
69803776
940413
5841369
264811221
1007822915
490612712
726283312
972299724
193378776
545811926
679150916
163165898
166727808
522547207
446114406
62214521
675575492
860181912
365891202
986680213
143006283
38819765
798845421
867033709
249409157
423910077
725987898
165552640
571615740
807267897
434716650
163625157
212154888
487326774
467293671
849820969
202628576
771035158
499086599
1042596006
167200441
588080466
733349880
94474184
396953086
214290955
960307331
239758957
181153699
313022559
165259229
249232628
659432047
793381842
177261614
1035720892
177446656
526037917
923442306
198070173
946856664
1059904653
328783052
1048254650
640855335
485304795
1328819
937741799
241667722
691092345
308329046
492624999
883800434
485354440
729148045
201770159
928938542
526911364
592176339
225324884
219570602
834086820
28864473
358597057
485857226
877817899
283934673
733061136
755799720
580076087
730217636
43451521
227168285
1045186028
991875620
877554510
651600822
552761884
453126115
120016242
425677113
876481819
840603877
496994108
1058516800
139631335
1019769760
736201057
335763481
649258183
574562873
166312905
782776429
316841772
799768043
157103368
615618729
1047957123
38238694
278874560
761562637
1021233216
797658863
693187206
859041515
991172926
662942297
474107615
909948000
218265362
341361906
983554258
980266219
96117018
206409372
1016019066
39108907
450315606
418037776
44146248
334258747
40832543
839365406
182751763
262024811
91830240
664399433
112506301
159234916
107009691
10609768
170109795
269009699
443742638
20444942
599429804
580540376
431942481
111713582
413539529
527714090
841804819
189261621
650085455
377324493
903944651
351992345
156541817
26917113
155383298
848157014
810966274
759215347
125742377
521123169
96491298
520155179
690891844
821096672
416833009
56306486
845998151
451585406
980175160
766530131
202522102
207200603
176631863
529112269
694342520
852767227
927351854
439658827
449247687
75025858
349418311
288257180
804586541
412414757
477276967
290221130
877295794
50105288
889949385
960863569
278902664
590207288
417049398
418876072
723098859
80843904
587999619
430353144
1005400202
207592403
66902268
393959940
152161204
235919047
3645916
237408275
803966602
452602928
337016106
749614266
890790118
219522423
741830610
247169339
62903382
612743338
589929560
509998326
312869396
511571533
852521540
570966549
79637842
752254580
588059583
1042953435
354302298
148811879
845996178
709894525
903800550
193166977
809008438
396309657
40135276
579536075
961320014
259644826
171455534
134097493
663729582
159590167
834517232
74826117
948428662
588235538
755787882
442959836
188766829
227549401
361940266
263700525
204097007
1057121252
566782888
680691760
362447517
351702338
547413903
817037544
1052255666
919916447
249906113
744168856
775672827
467686735
933246746
339891561
660411336
200133986
1064256274
871308079
224515367
260006878
1044485107
866674194
846599650
949898604
658796849
1061914457
893122437
243083954
412011772
485704352
737793945
290372544
465797573
629431039
308074137
523688538
744644989
1010864669
532977044
459823031
212534658
374203602
576182381
367478602
180126098
251853936
133874721
220365672
247882052
901770873
478391073
372473568
18375234
937414088
339201042
27167774
419159517
35703934
862158342
777412591
48333294
742591689
290814853
1032222918
136583196
184132429
516191338
595749290
387461725
274665551
38122974
837168079
1006810566
852297843
484678407
823905452
673214748
925086629
430166450
225143256
51231048
64675423
346211158
574138067
665028197
114027644
158973614
449328675
603487631
837316931
72335176
121037480
894920187
102559444
670649028
256033976
524688894
1065811174
266407896
763302814
651868422
86464914
1028966383
287956221
893666306
631732942
1006981733
875504733
698295640
700484368
16749797
692553487
522499152
329146341
72244865
477180624
534925159
164168160
359149079
602670020
140983500
412137370
50041617
955906840
666914533
347284235
727484389
696816907
452119721
566833941
366365926
175894559
742704989
341743279
313065729
100771141
281408485
704269515
174276837
618202637
74804295
782735989
754228315
827452004
513309604
172078607
227198237
205488624
313654186
724698040
1058941875
869251702
379506338
977531797
78309763
841238504
512231971
113916062
180934798
248998436
113727532
981586894
621709154
970399311
177162134
342866810
401986755
171882557
836179120
676957674
340039211
210954992
399385530
52292703
524893879
200783652
645441014
561009917
638606839
402780541
814673929
386717769
558093127
226949668
553670024
904309445
393658058
251533549
816524223
729663543
355656314
431541148
171694716
51814563
186799530
525570003
311065858
525675406
736896801
118493950
21547295
797020908
174976591
215717249
961850530
190122287
605865588
159070374
975725074
840775600
112924564
108027912
241780307
707151848
265116727
889610507
307954429
876664739
726180468
370272806
861129784
1051366117
976437183
542243016
46494775
259328299
732363050
292643882
211936366
350833150
820517694
827171964
307872723
296410712
346814672
1004648240
47087052
170157515
253026272
91428273
400322451
885725429
431257120
693524110
247445663
146064332
219173709
571711132
574291080
75155434
543929431
1068787565
365280164
95753601
285955210
763974613
235287310
324982925
358172412
12104790
1043842456
60128178
1006599159
916641715
636951097
477780112
913924040
902346563
470513344
113508521
70746517
752056249
756234073
130826322
366677991
225836964
1015560193
452848450
241133303
906561772
67215796
21128263
138255731
754260635
961118070
218938723
614577391
679596245
80455426
524776791
768593957
5370374
155760121
168736808
777363734
779020250
70003935
651150467
603933370
918003687
178831771
463832241
684738548
164999313
1037796978
425625406
1060105729
476684354
849763767
793389840
6967121
687554996
597890953
109907825
402786516
935342247
600073499
203653585
28165179
299291896
822148857
267343547
918967144
553923303
76316657
870374612
826237488
540997640
539587356
515088269
997602165
460292815
51673605
961084196
335358728
498462592
783867614
130055417
670642280
63100889
319483596
527242154
514390821
889680766
473746542
50410721
153242676
576917473
237198016
825715750
317412107
380329017
167433589
431505817
585441133
145104915
541505052
191802563
447082966
178276027
516250504
388706220
924868563
170726737
616307314
589499746
453870156
910935717
424934644
706364451
169092586
286889930
367284974
1069526367
212962265
535309117
949809619
1034951222
617742987
1020353112
440930635
222882401
778314058
626520559
711232433
514369996
897955483
246993390
284596287
988375011
11733234
1007305451
939142050
299975879
113229605
777775977
828996164
920920798
180688724
36630525
461913753
78396087
390416304
886910284
510478445
266338072
611685543
172449596
441694967
130077080
686781482
432102792
1039365266
275586634
596655638
262840673
623135625
232936364
212057533
616739391
937236736
25848758
804673125
801530623
553566675
931156717
532231143
109135533
87938599
906433854
295534337
733028698
262176398
227217249
232794026
372550426
932315862
1025253535
28459576
742836265
817189350
458099760
376303806
18183361
48589604
893152574
800843585
679776787
1036140375
563183717
766974957
437517484
661644120
253317652
140702545
926989012
605147303
912118544
449244240
770849677
553846349
426944279
75718252
625195551
627315248
804943946
411279842
64158671
314100873
86615907
182785543
138425275
948784328
589290971
68923057
169893592
215946954
14874256
248467547
1018257909
105186561
283725915
436872929
277260109
383973088
74449897
153171985
193329641
450558791
526426035
554152812
741042081
375611358
145976499
881496447
550331909
1369800
400790232
745341273
388877276
902067937
318177920
987921698
165224782
200850334
894321495
69306521
601814899
217787725
269880760
949951621
902569379
342720834
347219081
179286711
252984869
172235082
90193491
736924031
937560183
483595291
621380354
162323892
416483919
303098049
22914623
864271971
276454642
181062357
147232637
364300410
1065330888
769889820
579620781
177798290
1062515763
517449595
1069624810
163513751
578195436
530658814
677844861
772922124
206345160
735225072
873936128
940895772
98685699
479834364
235706533
674894892
249109303
1053266955
266222136
216707273
130240044
1051408706
150433514
201688786
1069379149
732193322
469753486
442360969
684133493
1031451744
649637707
529401164
159462716
972661606
287835335
841100494
272993999
721284680
328815691
95526078
427360203
1067692501
1041472317
55655137
290306637
835777305
118602751
337290066
913361983
972132315
505675925
269449752
230579273
937885221
900432263
355347615
155365277
460259809
995677867
442363170
782162181
850765681
210489701
754591510
439701858
998828485
179738606
984551429
417168238
478468698
810618659
541917809
121578558
913979101
798734883
47154871
267303507
540123532
359458398
939264380
735319108
351245034
1037643815
642409573
828529611
535164766
910621096
376573510
282636923
225211118
268986296
873354648
66268673
377379393
122319918
655319571
78920656
903896087
120211798
634326740
578577512
154744399
1023119808
506900368
339031969
200396405
410213159
289072183
799443805
89532376
444928469
107073146
633692802
203963658
867795156
256381936
858460437
651328773
562453555
861809731
84874106
93939338
1069327950
273517443
240784288
626665301
162997614
255604109
415527303
414000975
490064884
681883367
896038111
984959985
804772487
234418264
767564891
447913463
740333971
997584038
777993111
852935853
367980670
828492934
860185241
468736118
348384859
506818886
452691886
365759346
896165401
935972691
220011069
321149912
552190202
337977302
137189782
475534806
667675107
820610407
186115207
940709814
876538915
862413147
876644575
293180820
490916823
1031938638
458654425
29710036
917916111
961191950
11627380
173553944
7545299
1068832629
615610527
639843722
402379452
923628833
1049610017
869706100
384358213
991728776
1068556485
490143356
108889314
203069524
303813820
23589414
204918827
541374581
561117611
1003326467
400829688
179720133
587209526
162646885
248639702
116120317
737029650
401065633
282291069
221948727
626109980
761646999
262779318
404466578
267349220
235558318
440527772
779081965
192753668
1010927394
91648244
289079024
510102306
731712915
363058706
768463240
90364215
36663198
978267136
914173395
382278027
934660957
212513711
504565600
103796901
209205720
345949784
1030135613
25999535
664897585
841406021
1032649747
385880299
728397520
420189002
960983792
474024688
614687675
544433411
328984944
354156891
114677510
407152110
739852446
1054407505
449384826
141620766
886147649
580093401
1059179213
723400083
758339856
7470861
225645131
299091365
423608475
200414474
837504292
183867828
251195719
983203253
513683893
70296925
78267982
732122597
123308052
854781575
691345290
494496706
882910834
174675028
456020668
641963152
948701362
892348683
192306657
1028479946
964540909
165915958
313229096
31389792
916861902
230522134
931680300
346674017
678063948
160883044
932383330
158844640
791960857
511969790
898669559
456778879
1063570762
679016692
854392121
834197540
50300146
239049765
209155997
379354253
223879797
749100631
868816658
518447809
909938850
1049017096
391110228
1007669383
1017509979
238309262
1041149418
153532912
793742246
910843652
177762456
870878482
460375183
242396
32228330
878777529
620561960
56736224
809344374
969572192
783653570
220697055
19105756
1053567959
403616544
1030309546
249105014
345776781
440835507
820899049
623824798
613870240
634311659
266812518
748578523
848140173
933451428
22251197
977670289
109678883
1070679524
1033497586
1064426904
1030391891
690848711
541325633
148237220
884329333
914195459
234535950
627528011
42244757
376369276
999523615
807180834
462736450
819449862
286541745
419593079
638676630
338992510
342601951
548171903
760254017
1012896876
659944160
438684889
259120129
888083081
658740569
561181567
198106352
117832161
623895212
831197053
265892151
368707535
867570189
44049190
342818489
840404761
824051081
1073612221
462136895
133737049
953094815
651616072
897172162
647522500
400897386
269512495
11809316
697365638
346050273
826673588
1054720008
401441610
637342175
975353520
682025180
240418573
982464651
410891987
133457898
453728161
103623088
478368452
358980318
617075891
1059647572
477971500
98943543
976951450
305542205
1026414509
813899552
718330845
499965712
988023216
670856329
229888855
168535356
839718374
280319948
103034771
646026992
294376492
717536750
890782432
505565951
942132252
511253069
292254723
270195509
602962432
119213223
739781488
54068251
646679261
377380803
450710832
155053217
879154411
639765361
570271476
755032100
88583629
52846272
84311940
912593178
223686188
331844957
472211336
599180406
152901355
2108593
206403025
402955080
447710518
979629549
534511632
767729524
690281098
387944067
620584903
330233606
469217213
258034085
957156874
234743691
739721828
174111165
922451006
49648992
42024465
591593541
871466816
664461101
877058953
796418094
1022556830
1048292787
791529791
203921858
100806657
831586826
444146611
1054997766
530412362
489218678
201287002
746124229
8185315
486074443
541941163
219803584
793282345
180918229
486373617
897450954
720637393
151264267
202649402
985611522
1234622
963509846
1052208431
531414203
262094744
11234045
447496553
314445596
354138058
460476224
636721107
697725136
574361083
784334139
1025360710
401324604
845843193
264970140
458772222
1014692384
862611357
1064949164
1027982517
1010620721
58385777
403990821
891662849
243644985
728271675
933463589
828165616
200730304
535038667
158279959
443528021
648672181
379055440
119876297
934701663
163431639
145036871
771879443
740829845
446900913
676666529
540318532
518209083
624713944
417423009
429506203
1005552306
694140108
57283221
726396652
548975981
331929861
177490403
710127525
991417249
311702091
410273564
603719296
234114932
108455234
502739135
956324823
219521994
1060575953
409423936
42256407
271523685
1022827415
684991821
63208112
165817495
270455117
857425722
31206604
18647324
571987305
977473657
476343065
218682762
692831501
349085736
830350394
451631763
208918872
245844169
528653198
641840921
206842610
108840626
287380613
727937675
602490586
802730776
613608908
315078839
637365075
515546589
583009549
455799544
604945410
788580030
971627741
265156476
33819834
661987820
1031359612
6364694
908224565
851131515
102888330
667382457
284382562
715765012
138669425
166600974
10510943
640309102
341470019
777217714
488641705
280259556
878103281
780404665
1060420812
570256773
378199302
474287049
834416973
745899143
823255639
847542709
209339346
90091096
41752693
105047357
390793194
639975046
456321543
24107383
697073869
845055463
387390271
861081178
163476350
129287775
66080000
773267525
211474162
948292831
60631641
108264824
141496370
473978392
118694940
182385509
567783532
105850350
669717547
298311499
142133659
19415301
227758028
18830753
704059435
212106247
221826604
10128841
1014194155
696987950
297180215
927624844
161412399
394614417
227207383
116738415
473040219
88282162
49997204
586924486
605394781
952775585
943823487
936058528
104361053
127483112
329158601
184990822
750968609
733020947
551040982
636155976
984106574
67995045
297525637
24420790
1017744082
735589407
16078801
840273683
420546354
944864532
617776520
786602557
824903762
74634156
504132102
70288185
1060129315
784356472
158669479
189102677
382473890
169862281
79657979
945823223
618951585
264738789
470349704
588962334
1005547921
975378404
486319851
209023222
593980405
181501777
513511429
928363868
141754713
928667331
436463593
310420458
488834602
657186243
233682107
959074286
247357590
640935576
591466054
528690683
1068556439
872788613
788482151
163082232
290207234
76805690
153980588
979531020
59463903
655367517
855394348
1006586428
809000368
1045806413
33589187
752137147
1027806067
957503765
384854947
517132642
1028630332
13259359
881367583
190462729
902038080
1016975217
214503265
87139424
591858763
544170743
849615285
764606668
102512044
76795325
42450308
726598582
60106252
266949906
147551656
966867100
645927655
1020937197
206980683
396168563
399092544
941535375
667152072
463852891
419401670
96539389
83769351
418249747
34579544
209575828
83725560
567837129
441764041
402353950
473278141
936863035
850115795
934097357
439268142
597112367
400457204
755114333
159847533
77610498
15824631
651369900
959980370
842633052
21387324
520841020
938662907
708427755
534567317
194964909
920577132
158592645
332579182
1062065355
726064252
312676683
748582683
266968984
341863568
917107443
1051476918
1056185239
921436614
63069953
657660421
1052710110
746367935
325954127
178471098
423481616
774176934
94758173
413748511
583036017
726322246
196152415
324610414
120327304
656374592
417876972
189633150
267568719
216902958
495829011
767736482
690704586
1032846961
702319764
98488123
834411682
170000279
530403813
654097
673322511
220479659
5090147
615216584
353411072
270873406
485607704
142325459
162064145
194138002
403156387
293612702
754113084
469103159
135256453
571674371
511146202
277348597
906203696
240832116
209015460
692870838
165182354
650660729
531793707
908436303
614268339
366786266
513775881
1004524936
899520213
832912540
537499028
276950073
372263904
755299048
262756748
846533824
972986338
770694089
102629993
1052355171
1053884520
128333633
111853611
335452141
836208206
39943316
151099283
112221546
503301305
2002860
851220932
258002746
464451160
484899993
534011025
821970161
87589499
994714564
859006812
22482013
1006093646
106951609
1028263449
791489158
597300122
542973215
589686499
61210494
20215577
1028986325
534958694
271098868
79315101
40962177
139300058
963336222
873319213
181553285
991246532
932515382
519988721
167735898
735326216
737601899
876261349
444163285
691224210
768226
567921753
983494814
259181298
533238348
469653585
612545135
441729924
733490041
841537240
111115713
299926300
286867443
638780335
967025692
82184602
919718334
409212093
146790814
737294217
156734277
936579122
248207483
958362723
725750015
194303478
8459085
388407675
543061244
749452071
932264003
553967667
953400276
215772704
603565098
372709944
134862612
359405837
16026831
305852618
478131462
144362383
832123487
338753756
137053985
693941983
188976598
105574735
211453306
964609570
716951405
873160308
806804862
909436817
239987316
810995085
356945065
511685213
661316675
333746733
269021398
885712210
151816654
319592338
176192212
1042768809
958697028
697337309
696298652
232388201
934203396
129227822
272858887
823560313
255119924
145688921
199247695
839158058
597514093
236731668
142038417
839499113
121620985
484556796
724674431
513478865
375561511
959864573
116525783
925025615
614849193
265744306
665496092
92007427
161451590
1046360486
313175753
968635097
426369121
373184116
494469378
901060581
926124939
416647037
408024622
113792929
929496563
503971901
1031844111
146773546
832843955
342080951
308274732
234441245
448853694
907258648
578644856
746411845
320023361
230483447
738600909
202046124
370009206
857442094
918627326
799661401
1002916890
727136573
166563694
1045828260
263141974
158467758
355410977
936214255
643505586
1089089
905646803
339615733
609896395
73662184
995629071
707829920
1048962774
568043431
975553021
189110080
350358413
120135369
801680215
351852417
853121931
302817659
250006814
896439379
922036626
543861138
424342323
617589533
171426850
325568166
192611055
131986071
394739778
293867387
409006664
1031703235
482330828
316754894
488645637
70570337
287530829
1051201528
295093774
449686128
681982549
910504045
340880653
438497189
1061925790
1018973047
98142153
479652675
353597723
789686180
1006793249
94029993
880412440
382336141
341669644
590196154
674892988
617795326
444860320
882078513
595359565
518084621
910091063
28076160
131754715
564103831
995039732
222888868
88959243
201725623
403277510
876714304
88743041
606966368
686126041
699958059
724310560
727279906
422083424
851070994
200050637
645415878
847602330
640376887
797117185
58312322
687731833
43052308
811772137
1389131
782781867
1027669717
259774095
362380737
299770639
857274804
833928208
864912225
1008815928
626153306
223067886
594442201
902858885
261797650
650044913
954787941
379610971
61062742
575750307
773479975
48510682
687395333
214243530
221912887
395556063
15722533
291596937
1060153316
432047904
61420958
968567588
195000516
379325093
391400584
321402073
279108481
1041705949
141672268
544912321
15665605
879384570
479350139
333540375
1070034765
339093227
1038853574
278131441
1023066039
741391541
904453742
681929789
817806870
734365311
497314556
287606750
904816307
332800175
182879044
97157968
133792137
104391881
114926245
990122920
708296715
563440904
618474708
218914528
213437731
304479205
871758414
898882110
889808763
84706217
320367671
623838925
1037976470
157835344
786003246
96079309
315422486
948356434
512835206
820175586
414004815
351661138
190168025
696697302
158830491
416850960
16756316
382081956
633861075
918970224
743971406
667102797
394150509
419929498
481020487
914828979
96547622
1007591612
748158068
692260123
55056160
852442005
536261777
737195785
888052079
1017734385
973152212
868316310
618771930
115415923
540591310
25444198
218995561
431769408
449982912
734583306
31335712
870377100
224600967
485684655
557395670
673689078
476113795
210760074
920784760
546378901
409219516
1032026286
925997882
316455795
421671265
158761672
93800259
858901962
1011983102
14057083
426991800
1020874067
328679615
979289944
111769801
917903642
296217071
837832892
323919600
949939315
514760708
827390915
129580244
8665945
414617259
1058648201
558063706
206871891
51103267
112442680
725828880
918120839
537076622
237229827
264330073
768571224
940781919
864971136
264725176
442209127
401750984
657528994
605700171
1036323211
223613616
1040691376
159781376
733722308
144554858
1067363348
601950334
869978933
797214835
530090886
871265447
613351834
338072240
85851792
173519285
971912566
354108622
562272511
154125871
251474048
234021369
413571479
445443450
583688428
412315346
363310730
1030901102
676035228
176282795
705079006
411334779
498321674
988765827
864001392
25693059
487222602
367229408
486185389
1041931993
509305838
299968981
740851631
695151470
302786945
985424398
1031504731
524700567
302247782
207974138
135940945
474614925
218220130
281548307
165666095
474189242
245676433
204552522
193624228
853547350
937296057
124329995
202360217
16494221
11209434
862185186
340819187
688433817
824978427
214656278
910116560
822242768
908569774
490025562
364867274
801245256
220362025
180956569
534624412
95871308
563091687
236531895
90157378
288485127
6301132
953969171
1064909815
142261034
184719094
831786289
147247849
345891876
993812434
938601482
263053558
36079134
105124317
90370801
137606949
26791434
163154801
236592546
119256793
233194979
481421370
40557133
834776828
912957931
876331120
311806307
756820290
1057203139
772098259
917719798
247705249
24233313
887013901
561715099
734223720
892842019
866323332
825909025
164304741
422326620
164392333
1070446286
835090302
619755922
376751877
118566330
679156714
458459946
391187410
130024902
655708587
443046225
581037793
614155415
247516948
501428699
552573890
995449324
214825420
963962719
489136239
593716443
15552174
520193367
981961625
523165689
723138330
163521847
1071193734
385295619
503593820
913951007
383014439
447797210
870575556
700985651
370165081
302721851
321805419
337959616
356267428
353438299
281731327
30611904
81424799
25394364
416587221
415475064
212140471
597021691
631699436
400402331
91633553
637367711
38904837
877010385
936758505
237415176
693424785
468408864
387676753
267356047
1009008203
267117559
685518778
20834683
741301756
523002727
317961715
634111358
943917917
531652593
645575034
22059390
263666710
730622809
574100122
492665580
158013802
534782306
2136748
897734630
720159642
1014853449
442469506
167203323
106510499
958639247
541189085
55900352
802850952
182595863
273142754
502194654
98506078
1050508882
467178576
176936484
323935124
769117052
793396930
68447111
21411915
198296547
472516876
1002241083
170451640
652758829
649850082
351866385
893034899
734128811
965266143
508722614
90490082
936332593
984845447
239041265
565138275
486274085
831864951
689159842
105097082
140982744
793507029
676861063
92537789
288807900
152183683
448816866
759989068
665744074
250050269
136677228
1034642523
379567238
513592442
25497177
345198248
298760881
8554099
117026624
563272879
482497691
165768393
658689288
522377723
288550165
144203737
319537857
36520569
811783150
395493353
725970194
638576345
127979900
469363883
858422660
14520144
145997201
310007317
210220131
936550568
179902943
137497105
474109397
92306857
133323710
680400470
910568521
1010661358
499822214
870844969
229769758
914219833
156557747
95182605
518498677
869211168
144901511
1027314229
657969507
937529200
440515332
966581146
719235894
521971855
166572114
1045163870
531847773
18627394
619650506
865196406
336686217
1011850036
504450072
142083656
364649410
440996242
28284525
89672135
531958949
547863727
75328705
145553941
729144053
21316837
175890173
437072784
140487182
463822037
174777743
53658715
421372029
225350094
187810652
484175875
981069920
663312881
855918181
726200288
617464957
206434147
31924400
326473631
448499340
207077938
812200375
787532796
874140343
991101526
806976614
45496931
666989598
90934253
93666611
903120486
158422128
481060502
167619469
333598127
894118226
803360122
256535152
800840659
669376803
556126894
1004467427
815817236
937447037
181437945
189735504
536126094
373434763
184040633
500718274
1003599178
960677214
684306815
272163861
50518781
891248695
938469115
859336598
916107847
267057123
1049405132
845184879
502115295
170031610
122097945
270224593
38863792
604002036
192078793
900180958
890131632
505378310
834941251
841076079
398434368
65803198
1017332160
531644016
985943029
842238862
949531937
836692213
197627712
61382507
490846250
740809618
189023689
517196793
454728893
16685880
127162247
997223821
523393828
196557892
1055370768
21134019
205435230
260752226
105501051
586395393
165904504
248307866
615390489
758985211
147138514
160403214
677686210
478779487
529344607
919451072
572549136
713302228
197895534
114791369
238008924
446805607
156888467
149129722
359441013
344947192
55095361
358386791
264648413
968142409
401884789
349050151
802081349
204152966
72016538
445859100
722078009
965058869
66021985
286615963
668676986
159281333
41391368
877113218
286247422
736110736
900205099
27780626
68494326
276230698
284902572
941715148
75332427
263823816
953609710
412175413
56261990
962528955
325455291
141451100
44027102
712627766
41867795
885040131
769912975
390344228
883105521
501975126
347995734
802161754
251987244
142174329
1029128
386533857
42842296
1007773797
154551269
896544184
989557934
73986153
406827553
283817046
995996823
413402341
90266017
526090251
811263376
624992286
916657161
382691881
303178634
218663028
1048934260
94070795
1020853511
182874343
52076655
1051025198
548275777
791626751
52425345
925650306
769723387
486900840
569943256
206158780
92469811
106452366
139559751
1003239842
384230122
126493442
164434122
697067791
28128245
201985189
295920244
466028026
475038525
495986725
507015339
1063032755
193856943
1068940906
269131088
677168343
228746047
822037425
428308203
860164396
107406800
582003957
8213299
912028550
470479757
147660567
776653159
200934390
892673567
283043178
96760199
515175462
639200663
365988013
853668879
323706737
222177547
953965847
344926994
438664296
597559561
142603382
434303516
968185094
813190641
278506468
67173630
518850377
1026640707
650375138
58729474
395337171
29628062
768786069
1049328649
430546276
340562884
197602265
252954752
811813770
611970104
803332534
812005282
875366902
870516791
534491536
58126228
4861388
139525791
3748793
168190496
562950716
996994481
349291775
734266292
820337867
882328521
775751941
507895424
494879175
97297568
1035771021
815029833
117051999
774176550
338971780
1017526137
316085932
210517072
659057378
526458344
136877647
768770365
617232884
162175324
332529229
813339657
136736249
670913558
792742392
849028527
923402191
202108062
101018869
811322767
98473247
228226512
123927170
419948580
286837788
207585846
883299463
627809303
158486327
1033884653
1039463977
902835772
10330040
8184424
106556599
894556706
442049877
269508317
264708169
1062573086
912667548
910618427
98795268
355960618
1072640443
795146607
1057712716
783228722
583604542
304139954
755031358
624229626
946893950
172736319
547992608
469979004
396259715
1064055514
68829414
590926187
802242042
795654524
825076474
378203242
168509122
337347485
1051826280
298115839
25270981
991661768
994504182
1001901867
86245800
24312073
246948948
148864622
973396447
269031419
658612393
33870448
262137508
241165266
618451080
915900128
356152225
40494189
942607155
841973748
679398752
463957688
885662050
108075896
907028868
617826752
240296354
113906533
975489788
993674326
69145287
170262022
156332881
54545331
296952076
168100982
991228162
986702989
247529525
437335981
352141278
842177197
82078250
666704865
187857691
928854959
282968067
35274207
94823262
498968788
675205419
4704314
958850440
261096009
840890588
777779120
706139388
693163785
220002436
872710186
1037727047
553005146
569067628
122519883
100692979
280005506
811591199
241629596
346724129
414968348
795072804
526162099
47453655
880151535
73931160
220210341
7850849
825326168
844033763
105997390
924962917
804738705
1021597833
796699318
969776344
904626618
440566193
425652757
628766645
847143025
213496586
223506762
1002383073
1044265274
971515794
447018358
364882189
200321618
118435868
179410439
1059918858
441661932
462654142
357127463
695482016
681299082
563611717
967647651
161069856
709218272
316043172
367957699
963557613
252657997
311037603
1045124668
95571186
225036965
101464208
861554892
327541364
732806654
256470849
117381390
308897051
323999933
978982202
297187909
806930193
110705336
84984346
196098214
282401322
676385569
150895039
218795200
75575444
406047050
238980535
156683123
125421847
325097735
20596658
152439157
715164127
259932949
816750454
65668565
142654747
927092091
962738265
262277592
833615093
299157332
784297416
853698507
302047007
933567001
592547855
471570073
75396070
364238486
187234400
439686223
640958586
181028548
799173007
267550288
179624633
423399818
832079186
681465012
1069053605
464352983
256029657
39681623
647167741
417041623
643093007
134977884
968137391
670082959
1070009321
860090945
981561608
1026548943
49501097
997851256
717030056
546373320
30294631
782901821
273356593
408507687
171241322
426204567
389769547
378540523
372681935
700273499
893587775
892876397
593396309
212431869
914085247
28260105
901212255
637838995
62337479
542451996
459281737
680240601
445455025
641882932
349209253
102797370
225266488
226627350
627535758
510806283
461176569
445017910
857614936
83941363
25862236
867085529
308873769
1069632728
247545732
131905574
173497468
159961851
270291046
115495465
286864463
667325385
131167836
593104486
608935149
696352468
232670432
111731484
249243327
927642238
409596132
379604853
809603602
874618569
595888123
227997099
483642655
892051394
8425513
88811828
13128674
358609181
1039796733
480148001
974215008
879437087
210260541
849751128
400201310
553505638
220171638
801837377
1021078385
644648266
299739147
3085261
447410205
64543553
1059395906
996827230
546461074
480015128
149368462
283714160
161674110
978750013
712794893
33646284
542744024
670184884
116382622
155727534
956728436
81175790
703995769
350029917
548895230
474744186
530130858
533515132
865829334
11000124
544318992
40394908
986735532
352976625
474640062
502641752
566065380
654611911
604142788
450619562
324213559
407696733
131592301
629189523
692007806
383689467
919014002
409356434
289861103
1069778116
610744970
95643269
611666716
820944168
554945105
435327550
340330415
735162632
114545871
330333736
931053669
861865985
839543972
29650485
785645220
150228415
885791565
166465678
120002158
414092353
929046300
264386298
139978127
408964208
454386189
481995777
994021663
819864878
686783658
1051087744
691994323
844976568
349596378
314844929
765676304
662922670
505974146
615677770
125139798
661207016
516465478
734072804
105990931
198091188
229533067
83177854
763260895
799858064
137628062
631359058
47452405
1017051626
588210637
185581753
476402422
956580652
970444314
745805489
970128730
917874865
145666936
104003311
471762312
315398092
762654996
1009442868
384636495
877675378
169723199
907920613
498211545
780597093
812251928
817343998
89299073
223049643
254462279
889961979
213664852
545823619
642013135
199665143
448789452
259661323
1070718837
678477633
787258163
346514651
1010256123
642549102
1053531175
117662814
218279595
952687531
978479239
32706810
654532253
399127511
558516212
181346470
887340099
897985217
100061090
172181175
187166232
277832505
434551636
239430400
151626561
100871707
588102862
1036529868
154456748
888740175
699324483
327968816
200333641
149956277
103531097
1046656702
362030219
207680052
557582444
687865917
544821429
710237108
297730045
711589062
705900920
839016973
746729016
63226981
267618320
65620585
1026503566
261703593
1025232839
264523743
233709065
494548717
731256892
888236272
424143850
62569073
761386110
568224688
594019971
935718442
75010370
817116607
886065664
111132029
925336141
989788763
503547776
262127458
541465354
501675028
348357125
89964916
505445358
563671980
514707170
795355209
424623535
131907068
935997744
523349337
255205507
332806782
386319268
324629737
567250896
645779665
769126376
315709629
804802577
391468565
211365790
538537673
690600906
179513284
791605075
635032876
31151274
941094924
138928966
836852020
757127659
250578933
869534082
842034801
117389943
839232139
526550029
1000471388
25979653
695507712
53005797
230672075
802469862
506188945
224491194
82421995
1044753209
110482760
206145103
929120305
437374220
62982575
56417970
1002428132
474812066
661878637
892829544
458978439
171871922
430837966
929946605
51081177
35168454
62079168
1020570769
276348076
382653526
130051277
912345124
867261979
47156243
995292827
914082291
483868320
362357959
400647128
962751831
153865354
981818140
822986953
1038936046
544145616
758215813
965000873
1034862449
8380922
335904913
143581799
897544147
305699608
110531117
56147343
951921268
607066618
249686378
453516705
9978071
76475764
960561609
950237999
649052676
194333667
157938214
486834034
1020553700
427418727
422910970
970067335
864036242
871957396
827482776
343496614
247083040
592809467
460617652
424017806
265380911
58894598
163214271
297432667
712259171
801159502
268000588
219516797
411860978
470788221
925915660
346516212
232631819
631944800
690625377
152701635
117520046
789438649
157516726
559592926
285111319
76868278
119721260
186563007
720454512
558893692
82791111
979114024
522337095
926825502
51660445
585897671
723160415
38609797
831291358
751565564
768365707
189495694
117842026
1027988317
245416561
98471229
859340975
267075285
99076151
711294142
210040292
167609314
476287681
633371075
409431186
345110964
374548074
156816922
218299919
957945671
1001202562
211985996
248338356
1018708845
294781326
855344924
673128580
434925946
115613390
948419636
127110726
1011485483
619837734
167685847
740749608
839647887
527738287
608327291
367800260
1020245298
541808467
1062600212
813547278
988015211
608389251
51452704
281601616
855504238
701612765
184826622
36098910
201961815
1063159321
63616799
351469954
81649860
240967335
855290624
144251530
283224540
918698338
223920176
834677164
420481165
1037822876
418923248
462735706
162641625
821808822
217594017
180498767
108075996
673732020
380403811
43119558
769226776
1018915096
242135487
684947713
270624033
17508496
555178293
137973067
612014482
934483365
415997586
726021962
150084095
715790373
867109324
760245487
874783539
558604352
716935139
985433000
586822959
653979828
732742565
722492609
68886302
787801866
788625858
330295310
322410297
860412488
750721948
603032892
669279653
771807654
432824260
765224400
771585200
687242874
693377185
666782242
433966075
774553262
930781374
728098133
170212628
1007551610
235807644
525225809
887805589
950387858
747164762
83712941
612664773
274889538
88245227
547158960
107105024
922333494
231192200
751579685
1018316512
588048147
683938201
85195723
959310235
92366715
24219332
78973116
647663515
847407303
367281430
306318320
1030117070
190951898
204467663
628030771
152691501
523582469
779070921
1051469757
135057446
908912696
248324221
434505971
1068493040
672892121
17580678
775556757
1055316158
367473708
285271303
771670485
403310195
99669932
1059095031
427383394
985449983
730822320
303180042
436465539
714603110
953650357
266864196
426480076
152289132
166119001
244508268
458416607
334486269
571880221
855155342
1497892
365089049
228532000
194018668
1055516230
241481195
555820961
134257869
66339004
753048996
944218422
5431234
238923334
805803004
1008655207
20884160
326925215
465115281
507471083
971135008
469334995
390694833
83922180
139605883
24500921
328466972
678670996
9144773
282756155
674544172
763525058
15996700
838376405
949020246
120011599
725045748
852120245
726192995
653833637
608967212
457694386
441297069
948789451
139006951
812616212
1001690802
833103588
1008465959
893869925
938215408
815587035
150361643
539637904
162973568
637073236
649659203
711946646
185166265
309176898
133650415
212921600
561738535
547643078
361434386
32354066
824087693
889081897
124317764
1013719778
361168098
555118056
827841076
499214150
34841303
47894623
277979101
2077097
793057676
289721029
54604547
798814470
478446437
736428257
304012268
582405549
266616783
31580688
232193534
1017037887
10388352
1050089101
3368029
118667387
1018566592
110221162
914041664
281895802
731433693
187452576
808166663
57308530
357265093
674747002
15683204
641306337
853452870
460390218
1053148519
610182551
230000464
121493223
79365212
334155126
38598560
171446289
361387740
1017391426
248876266
702341669
875981648
1065376561
586549746
247883770
162959806
297828047
974851730
212413407
181556652
696298305
900215429
818324673
960588380
956415103
1036430628
525029655
453736891
777547904
498471293
322388212
945525520
425207273
743922698
909961037
250985225
9840525
1059102597
549092974
990578102
61985972
491025756
140751967
1043605231
419780628
385165869
233349861
755998409
268313399
667342756
234793755
371806189
896401048
521673935
176180476
332849099
85600036
176617863
433807854
595644757
86686512
125540053
905065912
205773926
398531246
745238427
226993828
154202529
362082492
844684152
840638391
412417296
725330961
247560161
1051660505
37292594
226254199
944011003
976897759
353645540
779559535
275598468
708679064
1045889038
532133033
871908377
908848789
367770616
489362919
520189048
418602273
570735335
596723486
756628799
284513036
557971971
221728737
989670376
919542930
258531365
411786310
1072558651
752594897
247941027
96710815
673655399
512161995
92113805
1005967509
467600558
757701975
113943183
752353516
737087817
197125942
948794437
701077549
539810296
697750939
238504846
60279066
581715605
655989508
359124828
79615821
367343902
42280913
758345635
97031946
391860208
23040614
749405469
766771513
957915753
371344404
599006731
640640046
463146967
1031875374
115137484
475805607
813082725
591870965
261485571
475717793
450093828
159046190
880420524
475987565
417778832
427523468
218312480
898452829
762703150
783068797
938455672
773132399
16702899
85710520
255579511
300056326
320600396
980083392
1011661841
657138794
350259189
935113168
797595847
799367373
484462823
910827541
676684510
526013559
482809446
943126895
1012261206
788244352
184624764
1059875148
205758107
476324666
242471605
369087568
934956220
115323028
61980668
349234237
328257498
518192275
193869858
787423407
42212476
459907213
559569686
1041050994
147154153
264622561
49156300
558280056
619125435
168155871
599997080
606908441
86845958
68354106
418244702
642255585
260370029
296255882
219770290
167954211
80621649
463499324
280113266
479550186
762559451
739786930
115467342
659633673
927477978
885568852
217122614
268596343
280906741
184283368
221622211
47641617
115398870
576065714
232855294
211130607
738227410
803112958
910200869
429444103
191231624
309496805
742979782
247867572
923337788
764884985
71595256
294447406
589702416
783189599
49955594
743870762
233290615
749340755
196481305
47072535
197470396
9298214
263462274
603840032
568801807
435389356
332276728
290189003
224695007
160178338
580620934
39268620
368943948
986441001
439322512
482893615
541194076
675755234
432085313
563541101
887107772
473195537
254543347
574482808
900716603
326132426
419544322
976682552
268223222
429335554
238325846
282976758
648515294
326869673
495599028
1025188723
831948250
514205927
922608970
179581679
329424392
141425189
469318486
893753370
643031727
455772593
176900281
726311611
999033024
384824456
63199983
18652095
560499753
446116595
229525979
208457743
407959979
593461931
444663534
1006620981
59351603
960781195
536190917
1009759143
492193553
175611822
189087172
541366929
41132248
7987570
722454107
343179232
264785848
905413275
611998251
299657592
458401634
260802997
891254857
992206360
52775908
859440661
776288813
254924710
948508007
252204068
153772744
438985221
120858721
212312808
324068651
867306432
206944237
202435970
942019477
155921538
270812517
57862365
758193766
178618523
49356786
563466750
673938381
17100981
112200401
473704606
1042949164
522268909
310010027
886025345
978924404
427170179
952529264
88376208
949452679
137099188
55383908
395091046
406626010
277739904
637613953
137033153
258894284
958993
177927589
456476395
280027429
961247405
461055011
836166943
803806309
300041917
493405800
259867959
412823145
1044743856
522302413
782218670
10883294
341373529
403246020
481545951
457877891
387571722
845811894
715975692
695424623
408564912
923037641
369479682
412151479
672890390
29544913
677112445
823679046
25208317
928117950
394711279
721360407
53512017
544187746
502132395
97142787
439025940
87849420
637556356
348279123
899334830
792796946
389175103
504469283
4387009
245241174
350524375
97554256
946241503
192459591
788224729
906236270
112150207
403064519
614908279
217226412
419622849
981602074
176483914
666925348
438757643
91974269
959544174
40530685
355267910
229742014
171383576
369219853
478859901
758397211
762964422
904191712
998652257
225402356
594223279
114174519
376955340
244430458
509465153
232905521
37299958
420583105
322319032
435317587
265783987
904933228
228129460
318956114
500648892
329519771
222422311
43426901
12553065
455973393
636103731
462291667
805227539
183079385
167111332
241419539
208909054
687753398
184915516
679170532
434967034
1031079263
805600202
450176108
345350744
456752276
50989481
814647982
185704717
308820782
405846301
105698919
165612639
173942304
236148504
450795451
29140709
97411360
249958963
47145946
481766512
343988711
13253256
768148978
162434035
145874492
981045738
279061894
739008616
331627238
418984117
351615685
288482542
780649797
1068672660
849098315
24917440
369794614
304308858
396647164
780707473
624924653
71430964
367131129
796121352
942416520
494794225
885903906
342646584
1009314173
97633967
568663138
867321975
234165735
553458081
427997503
801528863
814931422
631425275
1060611868
590166241
687469875
398000640
90609248
384186971
1031747092
623694999
806520455
27412211
587312104
640704028
855859690
330583409
79899050
647788404
842701161
300507110
516319772
548373982
177838473
292629483
1023354838
336008780
245962901
1017570584
915948216
160178747
155700691
95607910
350492930
522786047
256672373
112988054
594451188
431204521
100528258
439598636
374568430
721286267
436749598
463994868
768365768
605469467
324526238
852832191
956154127
357174187
743122896
1063461794
506543119
311740679
356864021
561880874
425614738
6808726
694679997
714680919
1040711481
754590983
761897584
556367458
549480271
196454748
935042275
125387191
227735
43951509
211710439
1010294674
323927907
166888910
421539580
1000005047
585099706
719727435
366432456
860920443
594766493
605282375
903206983
63485064
699927266
800013249
6596128
69450234
347087114
1546127
472529633
369180418
203855180
85463259
52637930
994438360
343711094
45235619
1035794263
519929944
222792765
568392969
1005316720
741732672
997503619
145266600
821471103
931318641
187011114
551883752
13134597
751351881
502178891
930813494
344060603
215962696
73112175
1070948932
698978255
580514411
307811123
255350936
275692744
11808726
924795450
961994501
4693510
863301985
144107145
224045142
190280830
485921509
742231540
133325785
768896296
852009633
78759702
422453621
826869282
151420130
991524834
771797073
113915558
1052827421
655627036
378610027
1046041662
338486942
111946768
1005363694
71725631
857312133
250700782
817983426
1024240400
124871289
162924999
543147427
250046502
967659998
458100992
506790779
997684998
528021465
282106397
137393262
961756469
187140902
137743520
971040635
569681245
975972832
2708194
414607371
991420694
531388332
108460280
849182793
544644072
378992780
535818809
725645323
797265795
1004583399
26523388
439950833
533290914
138394694
859507830
967887728
220077398
912985957
797062336
868087643
467565676
799461047
778166659
335270764
372233614
751550162
667042451
430643334
950366734
708001933
26818836
341750037
717096176
957021628
1031392423
600906275
1053525760
180137946
905218180
998967016
949936545
858520639
572480923
309380905
409925548
438603765
246023755
166197037
848259250
532974615
367915196
207454551
448500392
913164483
948301201
483563149
281555485
11472221
928980992
384677471
1067321316
709203925
171662098
314930343
258203942
626220509
86042917
286372977
799253560
229309677
269540104
1020587337
959148787
50010306
1001655059
507684650
303090657
732330774
188405876
50718785
202313947
629490786
731937929
515267899
100699246
187752844
674611389
241076099
64588302
458057151
98150675
255296664
582958460
1060681144
177067535
390875943
289197103
336344354
827261672
11222174
160757335
144231865
294312508
57669781
351191361
405567238
487710628
416434830
268353997
126469528
661409573
312485951
653628567
170202299
883539394
192209891
108393309
897231448
293604258
101834691
371073259
154822726
387349024
73346585
137208624
426230870
76963849
793199251
189794067
969020304
289701701
371103774
21411181
795306526
483368039
884447303
605799081
119902614
338085687
324418853
224823469
332215241
695922650
963484732
661171431
330185414
547141996
398688067
859025025
54199842
319899981
447420128
580433021
38039251
100378635
796454696
859866307
702085228
621522134
908657397
503035282
2205307
403194113
407950353
388104546
814042561
745744396
923304738
165392806
600093473
127729284
190408552
567439129
511107371
754263475
692507154
1065793155
438679421
376354234
946995009
603312130
160848995
586813000
451536834
1061325008
579228980
777795825
119833640
503132092
613077416
850543322
1053325480
234224650
73322802
987716431
601629396
113943751
262150225
889436143
261927642
273572978
959715010
219403254
584163764
800590442
91309610
55370472
54048899
130666321
121900707
683283999
188735476
519474239
493844877
381437611
853541962
58598375
16629846
472546439
138433063
856245444
7093785
603607537
1066269316
921577991
762711988
376465959
367394132
658380039
770954915
283521008
759704813
217931753
1067733730
98737652
70213794
519114397
614876175
336245077
956630484
653169799
346521087
155830334
170730082
708640877
767022889
700520647
373804732
732340587
445072430
960036400
107646021
60797554
354465441
879987509
698170505
859042377
636151844
1047320736
479057009
784673901
374742254
47211239
619403921
492988585
520613448
234780506
323602861
815524567
542751250
364888074
217151820
475104717
222152387
226465302
698529533
473727116
369476981
90570124
91910941
1061830656
846548148
490348186
258210113
46742010
135603730
674098791
808180161
316312545
725747753
543695234
637519061
592948047
397147993
492398811
396976118
312987420
137361550
851238793
932205620
144878674
224476506
154759483
79726400
632279471
149467244
849275656
489409519
110679487
239084886
439019336
789558419
315523377
27419009
505281652
1049121364
230600829
166617232
667704891
40799417
552353317
922482784
997100113
30632409
1034116115
27644397
618554523
111318538
42841812
636688886
331031844
257120383
216045925
226271399
1027308361
583676750
647921339
238501606
512839398
175550475
225214638
175450083
661854645
337588877
573690000
935100529
862363145
287768282
868980360
854006464
402843394
719316044
853521525
363045854
254064904
151627338
355037582
1017693868
365688461
894100622
33071312
443836243
22065082
317757946
798411741
937822938
511598542
84447450
313602498
145681953
201053967
996521404
906671978
598340498
1058294556
161563357
536628596
791121286
395867864
683097569
555479420
269465904
915181383
306502721
946168158
895876199
212883543
718338959
668053817
621379254
749704119
560040703
678089811
915307087
901603917
625013870
1020193722
8304566
367366691
902905465
94387107
983608066
640091603
249149668
168100265
520874993
1019958739
170965747
803382694
605609788
111513839
252220581
36858189
832932379
398185817
179893955
418839188
936769988
858068422
21784864
738132964
683523390
58347641
56977580
997529607
1056822362
683216798
144861841
380077926
1060459194
470490421
774770877
707591085
292931445
90275074
1036142162
469554780
92113111
906873085
832293335
736136043
239835758
51870928
71061500
635489332
926024074
510823614
609088417
165415176
558762532
974882104
697693596
911060616
313986792
104211972
965752140
881986404
509727838
786291277
14484966
562505050
2348436
296267873
831110664
180788741
977683796
980331427
951955864
1032710044
893724402
531973215
385617587
181681136
76808545
449166070
878155132
474211834
962126594
732289745
72468702
746502608
790567602
922968749
557785483
459039287
276181305
528237411
624696716
858269666
464495981
384166576
922985804
997908238
427553350
898553081
493381843
370763665
670814800
321180550
764675929
385546375
882590276
794077283
168268750
401201129
1013334188
154676154
838093581
176549607
335551088
154768461
835728026
324484358
265193209
973488959
418964940
286977721
433213550
614008661
597533350
523719550
532492061
531297643
436442911
443547698
456705916
166651480
569453153
964091536
544917625
96459459
223227685
674095171
542860923
394474840
120259442
103459703
1044490532
62285391
328264801
932005219
109799907
884156042
306417438
394909488
781827778
223553996
741086576
807965226
294850570
1068263819
796892922
818878760
1029288417
342441841
861098584
173591951
743589309
463378106
710783287
809536739
550379200
616604227
711377602
709606220
719769750
827249623
48540091
948833403
220278459
308727703
831887961
219781684
858855411
48707757
388933805
40666042
1042728292
220468192
968013400
266115660
719603631
897283039
798521636
152017769
111666803
356609915
3649226
248853587
626102321
74593366
232382859
647313281
501576750
737578165
207157972
648841191
137854980
171656477
580995129
17901890
157369675
1020142742
62015774
110866890
638602337
476989310
238001937
67042232
821482806
330509551
814409603
1069660357
321968690
906068202
544720600
173847356
21101971
948278124
1069253442
553294580
536607021
606488466
877021721
374758901
282279801
796732811
147607709
970495844
886041078
472150877
1028564749
880850275
27127251
344758228
67492784
198778060
747355537
183086602
133652742
26387016
329703012
471702049
96522396
1025316509
495139554
202501262
331555084
684821580
761638
109759366
464359199
841565307
360077551
524956640
1066020354
995607475
118356523
682391085
891147364
503613125
905448361
822572789
947322324
663820738
216305124
309038065
426778998
11655497
55439252
1015322382
347474970
738774267
408903625
40623392
976560714
48916868
975884801
320203059
845851630
906064233
754560778
438277005
139579542
633717437
921116628
349905299
944679881
531886070
190474417
100368657
925678808
17617101
93926446
858661492
406830794
267941070
677188928
1045603165
336888966
947929405
162537046
159936736
173854955
955684461
956446522
169154379
287893129
142186908
327498911
753134086
172561746
222654599
748446019
439071524
222174587
844323315
843263770
90942441
310895853
303345958
474404028
52464845
833824677
587959779
198074655
516339008
297622254
281766724
109988717
143163559
419109470
661100540
106735023
638055202
541649941
775584947
994516573
954232724
54572595
760516671
420332272
27908189
432280362
1003099819
1007310647
66014444
111597245
391756024
167096552
35071725
707402328
634788562
766946812
728834584
980919267
120014448
404344582
440083717
316771999
59816902
500136396
605156070
713088155
1066644290
473015228
28192627
329953614
400073747
928061635
1015703393
866224583
521009240
328491904
626374154
353936399
51312438
1046604039
478090615
541897585
261215545
913445497
981019717
1056479609
357752181
140863386
494053846
953894447
485268881
786302757
462283021
965931716
25800749
373866845
284503173
806645426
40725609
916282126
270671033
937349619
247166244
92484344
529881293
398849662
224633639
655251690
41571823
259683230
348023510
375538014
896389769
292586790
395747773
432660001
488397761
346205219
878524103
13216627
553686965
506721759
1009790193
867140760
248965532
572662833
699000599
748932095
486734294
704774485
863513721
685824856
494483618
1006361275
393178644
406719453
176884468
41685436
77375729
29048803
549634950
292698189
985712847
128390096
969354975
47801550
844184677
975249383
124767586
1027460435
275655814
284069854
502920916
221884145
954356986
1071550944
679699137
49866699
416552327
1050507535
88506001
1027191444
425998166
225561947
27580589
299081054
1024401774
310002951
638799974
396536608
138554766
615729458
892221194
270673247
582797838
107948914
355868782
1072615576
1061825621
14346401
39387293
91406712
224309976
1049916678
92964329
621804304
456321488
715527606
311952665
357248578
923923707
113336500
881820068
131226904
64171819
106957605
21065756
51242550
692040301
740937604
638322608
730679468
411645217
401085245
530726322
226842155
591711938
715048164
514734310
470158418
905353101
504652225
210660669
841602355
122624319
617405689
665245230
474520884
813087206
478150545
959144518
821391405
867077426
610557450
186452162
169811781
197687534
487400096
633023816
17830763
66423131
293524785
143483158
892912479
295026796
84493802
327420423
536651444
258965763
106166858
290180260
96068334
1001473513
380616271
623431466
1028373343
210106302
561283175
1012497333
744300845
705348334
880952184
649726155
902910485
77950302
896640417
964372416
310683768
756992878
310475538
173164101
856753104
215287064
1008034431
357448327
934464792
144937241
863379063
609435942
280650221
233803689
682094626
442680399
861114332
743873959
7470035
676814896
380431323
996992064
11190721
294018484
88503112
220954991
944870875
587230020
411614198
839716804
283067273
581579085
231222803
213006124
324304656
794035656
106805222
492364374
187912160
260195616
395104184
589270502
758548804
930771501
130909714
627093065
747121059
747013916
1055880714
923302612
74996876
486923595
694725227
770576514
631918596
818122516
946074999
999785448
1014141126
1034871991
592374938
575763531
414531499
1061973039
623625077
238436879
334576318
949008185
120936425
172384187
183587784
203604120
234267932
868498165
701160382
332705664
1063710537
802153531
809536405
848986823
46776504
892600864
64340360
496312302
510718687
50814245
42857795
141806747
562367036
805769713
528665427
22911680
930216229
403472208
824968229
127626591
285382509
948716327
818277407
18306397
1020304604
771598294
57777056
260750014
623962043
964103186
711988521
412734028
125084308
206184435
296632040
73930476
799578964
914231860
924557856
843300398
426232196
740745644
454143777
304603490
275849689
769221505
364806680
36229313
263981622
128790774
936986162
664408617
123045288
661266133
557682830
881355629
575387480
697707196
996536155
632538688
798541105
857619366
44113873
506517156
120079708
977125963
597617774
605389180
144422881
638620843
615061835
90012514
79238893
313179569
642622811
188035795
844594553
43572716
361314146
156110080
263840312
776860996
923323027
927372472
487425831
512199948
322068873
246318186
142531671
1044604736
188509288
991953898
1046314925
35774270
41650878
288330678
760953356
414842676
965843999
753164325
481087383
819994849
431356600
338930950
725968065
519987956
603158918
761344624
837946877
758838497
66670103
475525264
831713101
94812914
22121396
87646486
665675428
590675891
1048439648
866703841
35610538
503906703
768901629
691595809
338723191
905263148
506423911
708085686
790388480
891142068
840459220
523506013
109095178
321581863
746555021
87130495
176656794
541282414
358436147
753329753
54331273
341809911
189196417
280924551
10466199
155883919
828086441
530306332
573499270
833819192
355869230
492640324
849021043
242233233
678182464
231760515
677304714
186637276
198051593
801963801
423083430
397759010
941191071
237548598
349447606
176605901
105278098
372281558
909658072
53712075
565061848
352685000
865584875
573518442
302669095
977769296
1073616421
38601780
211902509
421695425
682378641
346762603
84587666
1036707537
397289226
345007940
420822230
497256078
673499645
943223407
896159375
325823673
839563052
821892785
715233738
206756932
987407329
587436079
784415110
206295606
346173321
126202037
337225828
278970074
569476770
40853613
861759318
7094332
482417546
843080707
393946995
563846611
44773351
585174988
781483944
516204289
291859312
857652652
249168660
503772726
37333445
831937335
187719137
814804251
376210491
616357226
1058126758
947025807
503393379
163971210
1013052310
737689817
547746056
484062091
154357232
137120365
949178691
171846454
389339969
995150024
508136200
323700372
1043335827
806916033
713596288
1035669464
645370535
6710742
1001840544
778360892
144358605
151006233
337502388
236106755
148173279
48166443
282199309
376946644
165439466
258400695
214459949
914667486
1007981959
487444398
1030258910
680819963
588381453
386909130
830393395
641366760
1051080201
892129933
808235941
785104778
92412541
451712571
908722927
235521571
394592100
86695285
714206241
257414718
415599138
768990463
195171272
143551244
94919401
76670860
86452989
259313744
140675332
364501663
530353001
862600507
957473660
831782169
679920553
540534213
457857297
505087214
193084760
421713382
556596565
1058475070
195844642
13098505
485129948
269061782
314040996
176975085
560383778
942674447
76662442
317288298
167232290
951769727
220127576
9198916
114106201
924165958
730080869
1058420152
454342449
563289543
833505607
410628307
568565116
753384744
665896210
379630350
714816699
680879881
119561286
984922609
159711069
461863098
567381132
324012497
1069455787
12844746
69445315
1041311183
760930585
548153813
871156864
935388185
894273731
411708173
296415257
891851383
525008996
658430285
315300454
685765112
267123440
65426540
665128002
263866262
263794671
645944525
828541178
606987921
936746129
539889705
122199022
9427315
133998705
515396437
234149677
532769990
194763043
878894503
59191919
615372043
674054379
264255619
677339600
283604595
484198134
683790646
197940492
267732974
695518712
289916086
1014858484
493821705
247293618
663460431
660947591
177835261
502438067
682664056
390916623
855492193
23630076
498403656
698122144
14804571
915915617
380990936
923118752
409868840
215309077
1025315339
802662576
916438095
36065620
731410677
867497980
282529940
6017835
9266280
225809788
209700448
95022308
559529997
414564668
576117352
363589059
600721122
793229061
859052609
356990296
194549879
211979277
844530597
212018795
232854514
818083886
221653155
1068286853
454882623
572416135
1035435383
218834312
428329494
92387714
346068274
516632963
658880808
949754539
976661622
243015639
364843671
417665482
758357993
916735049
951494485
982403771
994633312
584528400
836917864
82574552
686133294
600193366
684603998
849887524
11144844
127860004
973646832
597110121
229889062
545537193
28823627
822668865
224209362
742166800
846837554
106821287
221261788
250741957
1049740985
975278721
458247531
810997822
1054804580
232173298
847565585
710837314
844440928
731425564
231778300
957070668
295901898
801764315
55285287
994305103
476867301
48128007
207298836
143246327
536717556
809159736
535151515
185062930
234757341
56386773
618071515
496437874
543195563
998564486
365374961
318978666
967379994
533525327
470719418
866753516
169543619
732356790
682530390
475031837
1047758185
17468863
1048268038
924806950
541141003
385507691
40594062
166375268
105885409
26843928
573932667
113226247
425638150
770474425
417587596
904294557
862235259
276661301
396676964
29461127
801747361
101616847
529225880
130628378
596122222
446075809
907893184
695297485
61330115
73127366
669601154
249099471
471806003
1065509798
370756766
93590154
1053765808
20093934
114073029
260413759
345192835
6459984
432031387
681541599
37369250
204675748
109977057
587144364
264306728
784150284
312349740
1053774344
788332731
955285987
1061326155
197617081
870995482
530716706
309870643
975987851
858746188
610333697
825408083
431806007
