1055931898
477296557
463136746
680402397
536394216
829787301
221056371
49324134
704670552
65906308
127225518
485464935
1030017247
157167505
834023362
90265654
547009735
930699678
965939751
351800808
157347030
856741179
216897925
824828071
11807304
101078913
815907707
809897987
857154999
5833218
224580192
144910472
65585754
56888198
662159588
172651460
580942550
1010947040
914293223
529836445
460084157
534171169
203205526
956590678
578469325
127441270
31647391
346433838
970967639
186748075
969110886
235893453
821855064
677315444
345117708
171497061
421026016
695840105
50154154
875266018
49983248
842844460
1014542493
651740708
778471959
234818985
7342577
723928293
59198504
743988
853999758
593577186
277209514
271714853
973676298
155596628
359473082
275560036
552642404
900147319
127756013
510180612
240037138
127959177
254680200
972116359
513486149
100393885
888199865
92689811
132180372
843769306
40634372
766353309
763047636
808919256
477501548
468999647
807259815
977729359
804316421
126198855
111441719
821503189
791709390
866809868
299582024
45355886
818212175
692333799
16770883
392826775
687558308
394766588
887558000
1051080891
348964473
3388412
13557020
207534870
236643023
361474264
280295362
435267385
969712344
1065979176
1003500429
844785037
862947132
166631592
417087973
252192581
221878881
200072465
996634988
469262218
555207647
357588238
573922890
832520339
349335475
731949298
135100580
460423370
872644573
876164357
942543333
182873257
241806430
396376344
290089268
456994506
337387005
265149597
894188682
849651275
445053782
826591115
184524100
148102123
82511030
141874869
109603189
284637403
372134198
558274414
514373737
165018538
607407807
929434972
221893202
287393555
476666724
976105615
79983724
740786101
192556620
473982402
949826594
114154260
113947633
902843469
924214053
868005393
923368046
1073235565
69667439
498869317
547446362
202284057
492997158
19404550
737936482
534251888
629083052
975301839
71483852
204703722
982098271
1009034092
696610178
1011452405
369894917
870357409
616369528
162684811
980701453
157492191
885007056
38347661
132740702
1007688699
567225853
203701448
993189255
213547846
442830698
164190255
1023564535
356761290
413154389
132872022
156209353
412460685
538771596
569167912
732815805
912192061
299164686
209110089
807030125
183852149
141681483
966403510
63098794
187020802
671345221
256885811
139733712
737279970
1004238498
670858739
526625533
609336823
179607597
203342375
981262276
481769465
903496749
784979827
735331946
425308970
939472134
997677936
858890378
966579555
270190607
790489593
246382796
586211917
395728967
181523874
807291246
210223623
67041012
62545179
814122094
949759697
902185690
600537703
804218668
140842879
771985606
867713598
743798216
1068807941
877050159
203357216
951368067
612129125
184213075
818250610
117232121
142232419
832838189
639035385
1065137564
339455249
125331498
25066855
36768162
486707438
635191461
52161231
518162923
981218515
568698971
516564821
827408851
635007592
232061613
1009477790
564540470
460290029
776815008
660113992
67506474
60178885
80824314
942252614
774211964
17626766
80684778
956071914
903911573
559753156
996397281
187798890
274962552
123007871
880386536
203368692
1059422583
345222623
468682376
897333360
783776369
891988114
727779918
592675599
987975560
819007392
889914191
72578156
891000011
488779384
968050666
786290835
864987819
321315465
17885167
911472136
110469849
138915754
13042134
631534540
443358294
27490881
1063003782
14942672
348224052
346596325
56828654
230735879
432473131
758212376
202309574
258860031
1053921398
37284694
76791468
170254077
933330385
566972944
276880437
818886028
1068262251
172021546
71185690
1015265691
710949207
85520692
435408197
153995530
820770647
854910628
727309172
679568772
287444384
832878947
1000361405
897215970
168810028
954518926
875326331
987536954
1029372620
4284274
409482494
94592940
937920524
161876577
170739577
594423577
59597690
564488286
14739880
250776695
1044275193
69904944
896926035
395330885
758404537
195387806
803974682
454603117
932016994
516315799
817602498
84078848
39597881
100670993
811260
356513298
182050655
771131249
696512253
104415590
849268791
104505020
162095155
608996785
297313633
865612818
275334034
200933667
1030455062
184958798
586782410
198147046
4740795
153857784
87395239
167873050
169306484
163471589
917000529
623869486
811324476
352344257
224508951
89788763
287366496
462396187
715311348
38023698
5455061
39509196
1036715990
228424312
289167931
684733845
812347426
547461748
801696803
861719334
658639026
61470891
79345647
357233856
100273995
90447599
66852698
1006416860
614195509
737946276
969847304
316351519
782040286
269990638
77647726
823098077
190561773
210882344
176681171
32242827
1050686297
861490358
300824523
325087801
103818244
582256573
1019737014
252179607
950251665
697272687
856861820
283316768
1015042490
636389561
36541526
510306562
870704893
1023653197
556608798
650628430
939379389
944631583
915065745
315592186
531697697
180087963
937301129
1000628344
852868974
874048606
1007211696
320991820
298591457
115014799
908730878
847301460
920559352
1047603655
1003319768
50486338
230100027
5839321
807076227
506204617
951558765
475420920
605490060
1029897090
217422314
990945239
28701468
729623182
88729168
77730237
322496179
698048555
728950842
90652548
523282541
222140181
1016760936
64701118
1014442082
872894309
631715475
718978135
170284420
731309381
823510637
788159363
205810452
434080932
200456348
831857814
603853958
930276402
11612233
221208697
957997008
15592936
537468190
560911615
197111896
311667840
33814473
449096985
916511323
688169796
919864317
861836472
84039003
417463181
126533744
876759250
589717031
678157928
767731387
831174378
847278943
667459567
18942552
67704915
758916402
711799544
207732100
656566196
910114369
750627305
965480235
823088947
113128941
226085813
217100829
214469454
691515314
622005158
1003391461
246407553
791381025
776325112
191389149
27988674
232388283
426536704
755812888
952498164
132756745
617767419
302433406
864548418
1066689558
261320138
118626219
1053610598
210541165
386440653
113397182
842233142
48394249
154300792
929425400
508440566
690840925
959321958
823602357
918438834
853779431
805457608
943227741
348006781
432565507
19367443
1055431428
553744517
849904668
549551818
447687788
188113578
117597595
940452717
75483235
687183029
315916921
580186851
925099713
346088568
466736830
968000614
646180679
830385108
635452388
1034987829
253720030
574986778
560693968
948668056
729131558
1015063025
791120062
699486960
461856516
526218455
807052045
258323067
871103373
545537268
847116623
686131172
956718092
92921989
421347722
839087676
172318075
993043829
60554952
451400305
949263728
990681743
910924223
882675470
835569880
842468758
618880656
254452636
494227581
243718705
287709723
773127160
688917568
438832699
856138709
287755890
706542159
177853541
826506155
56107350
735793571
925486714
162692875
113562470
812222332
433131543
278596732
795518737
615559129
1051157394
853577000
103150822
407023040
8301303
865622681
643182649
1056289145
957848819
1031762865
171234780
154513987
198038161
177815318
71008948
890008637
852465507
887606213
967446641
621749930
616105008
429740052
800345445
310316407
69123105
287679878
394923547
1025891083
116892443
46404845
1059693059
254763406
643150694
279548773
127463360
926669695
849597271
921029976
1069246944
750010417
591197967
78363278
201665622
638071337
252469510
388076578
844250138
918064563
695055078
611527144
528580105
461540879
288926024
62102260
2458483
152930867
933061437
245484654
452297320
801504365
87076597
132374815
634373067
340543560
1030840302
643723425
922572315
997650788
253109247
734821077
844576670
553726640
475111855
779932901
222543042
1007816891
334785740
1052894897
992779121
91183590
784088007
397097633
940326422
969441922
1070965925
954941995
1068360835
380601385
66219708
127919104
1019152118
824275669
627823150
169245319
751364729
37234964
2724922
650708083
919675071
1047451232
957803667
27797988
507859154
124275660
136880439
1023195138
826131665
914509271
58324740
415880253
310779515
620484168
888517835
209245359
556201453
644099665
846957411
63646307
277227211
658278473
559153056
157998618
964545484
176788858
855589538
948205353
878294478
1007874793
356008558
235295427
73433659
530611639
146189687
1046361271
398490291
103880879
158439607
746458303
615710810
608289960
61356557
868217033
368035160
825596896
61875599
926426301
96940521
65042296
517675277
65069777
67794221
67981289
746385586
114153733
774710804
260374901
754644037
1040817809
965437023
593440658
715379531
880079089
800691365
323597662
746889497
709299175
892793890
916189145
895598304
976339914
454211476
321830243
1027016842
207796446
1032834456
215323924
377284406
865677957
83143691
185192121
988723025
517755945
1063115482
537624612
1050084572
106118798
818430217
870217033
39315253
615084791
955809122
190744313
933886914
1063602447
7473101
139595768
810024368
146899548
713374056
126480267
274712248
868774477
415865802
697239636
864262282
67952732
120450039
395497454
661830664
839444925
932342657
993053012
817701666
131650346
551086400
55545149
421944620
589382931
179797854
1022567360
228949712
729382241
292123846
780639533
140701088
1015085736
1044231937
606237811
7640947
921733265
106390751
1017864995
576966690
590397961
849187034
851492528
998331831
56362270
269629249
818296702
887127514
171772075
1036491265
108273530
411299807
674228291
820829817
1021275843
33670317
285819243
57754545
922358973
886897611
407222744
989206728
1027034098
806377436
249003039
473674604
92597634
945532253
143733085
551669182
251967626
30759352
480128736
458175287
921343780
579656760
852911197
448543326
900574164
1032524210
787710507
997184339
923113026
158879745
995608089
759524691
37539616
139073680
154629966
357296343
76129960
791599538
661275755
172107276
906850672
991874759
320801690
49060161
1059861434
369908814
931938814
870354061
123329060
136501400
712289481
379010529
558218088
208137164
492576516
53862597
707124165
162117972
534461305
704414910
56904981
959385486
90749210
947517373
866425743
1032832015
467245238
83840932
170189206
878172812
626294560
892107243
263482096
848264901
770183413
943417077
371884494
967427379
142967331
792196657
556404938
839170539
216162245
24020172
916254017
1888526
790569112
442255367
326174809
486350877
930816923
470592408
676921569
814333640
952906141
152168030
124833491
787796438
58926002
271757396
265673236
477100673
166727587
773793267
1060148114
558968854
894284695
661963037
465064579
53157968
629397235
80035724
261928004
247781956
1068519892
183348180
426840963
922693599
67220755
248223176
277692825
39820439
240158602
627434497
629566160
268543572
103349536
989452184
866701634
188743264
893173982
1042656468
786772287
981118999
684534673
124730652
103658274
72482333
348503805
1002139697
429383711
143389394
987356527
383317039
387070818
1046640400
1023241741
133771574
892174529
803010281
101883665
888114314
268923494
928694156
878438884
969431291
76670533
797120058
265243730
841582998
213267538
943974681
495252267
401689087
632978891
897574943
161890444
68440289
844822069
1032611462
689860436
579336576
944163641
670481235
82918944
847298853
899248478
353243072
212174204
644766552
106832796
184390808
811677866
354077415
190009101
197642033
216371778
216882693
686343923
96469904
574222592
893125084
171750800
29647096
1054221509
997788250
440970443
822590153
105617717
1020421067
583204952
370047620
24196671
886456271
615658085
763046531
915419304
917850627
195922003
551539354
38803819
572108237
378304369
972349219
190770886
895901987
402577875
805954729
671280658
57434006
665578045
71263202
951666813
955530598
898480951
515428480
814464286
234744092
179138066
743984640
1008645508
479430084
298444864
1063417927
190906124
211258856
315093330
391229883
317757081
235696536
146921921
674114832
143081391
381007445
201497367
701111514
948505435
1008407019
886259442
741467548
4356224
106891721
802497623
415594441
185632977
931144473
534227036
38645702
435515633
736421187
981356602
895109169
1069910426
233845551
866970977
183920541
994244636
78721698
965248723
872883924
7214677
247984314
1071625125
635228610
415633524
427704131
398210952
634135432
988434974
350374271
289041923
26543326
262808249
225349312
436055863
113887509
871572372
15227912
41265915
88003895
866126328
210287247
581458921
295573583
999501855
313617696
117327904
71259563
480394662
837030144
1038762409
436859479
889043558
100521189
629929885
233286634
99010549
952872891
998327120
439368099
842950758
928437093
727848870
727329926
814700094
363953290
558373843
203023123
80682940
546230240
456905622
435389836
953939553
79833336
217927893
686891300
798379033
423045476
408679436
434571950
900248518
351619116
363966420
202357047
947594171
494654586
1007738010
1046943122
380341919
747076857
203366340
187846632
546449951
88815593
76466128
627511681
867226271
145335574
925130993
306415412
545204046
3800385
624644570
1011369420
92600337
294076491
262537415
63159310
746228123
228003101
39071232
823820218
345812105
176585842
699683427
642987602
930040464
223431902
305937514
146950171
68830014
249195835
394301134
85692952
675806987
898570284
807693100
1022133470
422365649
923088349
888325056
900967848
748953089
542837158
306306248
922519277
335337780
931053854
260436296
5134619
15929832
8131827
176810170
810360748
387936963
657159083
774607911
1052455746
616408954
42807847
41765326
53192924
268955329
237946121
55705674
442179968
389597715
133313378
412754743
669350293
1037782347
880731072
992734470
1062238928
952702989
594591455
280503378
944895267
875587606
505348183
926395582
435052067
37947479
111111290
992259492
165441261
185144867
425350652
912661758
526601486
284897702
656633462
580706408
428500293
467725239
1037504217
487308663
379445872
91816817
728015906
471264851
557661946
11829681
72524247
588274746
736310337
456986801
963435227
878157647
616282421
473426675
333382879
214189695
829361274
956098450
886425775
68351872
991014038
561936192
875851105
1071187441
981666594
129239118
126250713
662067234
349291906
305032189
566242299
307049866
530163760
857565092
60373516
719621276
264177840
187140604
608992976
240751893
375879470
1023967252
665320963
607203324
787871097
217276531
976468198
650953713
425743475
932003612
540667739
771957681
121808617
997433573
872612011
549401888
65199649
505127295
898696250
444637536
695161043
990651324
286670331
541104854
425934612
202728898
727430241
833222877
442652100
632509628
138521409
524150773
913033058
912217580
224889870
240804683
257671846
509010525
878738511
674583599
367856889
459418306
42320332
418676502
345818216
889145756
735036017
417378859
724498092
906000965
1048466392
1070285063
567256497
900610261
212795316
31687379
544657718
208521233
293483724
1017596482
55379496
759756989
364543147
342635415
991413328
926532514
655824573
334888557
266017645
336903470
454646040
678937659
598526926
48517435
227735048
962590895
821520609
111998788
203334611
56448587
414201260
715107267
261787261
993512144
155713617
519292362
283060335
36283323
967410895
434247850
688459728
322811252
33081009
988498
773143086
729670297
911040042
538642765
861307595
831429140
1002532085
543851797
726210074
1072280757
956276846
671353618
212936029
50753389
488395225
191336552
1030418723
1069518345
760440859
889551963
122465025
1051725588
1045384082
1015393247
97465422
158967624
986168705
220752090
158053050
879249527
888313613
216520273
45350536
834656342
35815398
655091280
1027177458
867734393
75054372
494228628
429412275
1071890691
961573177
755259521
445444220
521093078
591380758
500028886
669545875
260055473
67418648
857102869
784776869
400681160
1046578186
844993814
188123489
960718846
96429144
318998060
261271284
127360540
101300765
210417346
411436548
910648535
76926916
870205564
548932264
437933194
573561158
293838993
756775136
94759172
942241211
1047400539
173539290
836909653
648455095
389579063
945350803
179436810
503454120
489994268
44576071
636008880
851624399
704732172
863664405
873565557
50377592
306681083
1021121001
457812722
430328378
810000871
756386905
335629080
735273929
68710389
678924802
39718753
902792683
107699508
167910070
701234590
923442097
112887366
9612891
1019939717
172782069
298320614
36878763
183297464
565946135
844601789
860965389
171994465
211392502
114054014
825086698
385904373
884368942
895698236
359859432
578616273
339013740
829403890
875412123
710094243
194607100
176959992
447768829
229852537
12329784
252697644
823253258
26616868
870914560
1037364979
38350178
824853112
1045449391
885323823
835100789
815130531
938103177
623427578
905855146
527352957
322690660
322726511
371877893
845628534
963753506
254511047
124323929
134498590
1065159723
632654606
863276072
849302421
458052763
104145049
91711582
1068898124
73232066
222685756
330350636
441965656
92644235
38826889
10922286
1056615184
287057724
84717977
99649353
781846124
43636735
743332200
31151422
5740727
804057872
653509103
925983065
487038034
601124402
318324586
907663265
956835739
191318020
100782604
82723765
357668219
991279179
792588257
1040113136
968974588
31512485
216712361
839663548
359477609
1050814944
179402784
1016256110
189479252
52272685
174757680
366423772
327263907
557085607
867752131
603166267
814285410
159492207
914200352
202701971
172030377
978543232
12935747
422217409
872649738
683765459
1058535075
565123569
481921061
950968097
275026020
885759551
141090270
731683672
49997638
54834328
562863815
1024758394
37791662
536398649
1034518824
19678154
853058
56806645
1025622819
823851539
692912141
279029460
218195381
425323666
523700323
407742095
148128182
149596574
690591976
247418421
404856098
797789751
982128959
834154181
448913337
875504696
811302165
626496916
312599865
768477727
656216898
806865152
25842766
49323172
1034001834
218512869
690718512
242273653
1024929190
831215264
983603773
988958848
259849364
831893257
939856413
559962844
141858738
958815465
334023370
316627681
801237935
139598046
602715796
39754715
978417587
431258827
903124554
1006890958
236489304
400241783
242172555
879879505
210281244
838303250
460307153
963766761
904625699
849711466
921949590
467116848
930745554
599349446
60972576
704926935
914271404
598684132
830103780
559015744
41482671
1044473157
31853351
111616061
249770709
366233775
183354647
118417599
38317301
82810770
839804222
468353259
41425966
283372001
781481911
1069320138
159391670
1006085068
895603036
1009590790
252104007
232894851
240515251
1007666890
150040704
557068101
1056803441
1026399940
1065553439
788311378
345397770
158537125
897027166
313317255
224046524
826797108
982652499
741818319
1063059060
121762422
881279035
354978130
247102369
495046510
29923452
1072108019
201292034
661101795
87765012
775625471
114435395
1010153128
348808883
336630342
178188459
802742586
752445927
904949367
256885451
43737622
721776701
85865450
939808365
665365838
386605442
683120209
820675140
42306565
45342814
1040704702
639094483
460894309
666470435
982493531
204423170
262641870
751829666
1911006
172961167
596420239
772124470
986598064
1010819249
820622332
142942971
220925815
599719761
143948436
762350092
24842966
944060393
1028659714
904567648
22936907
881667644
1034714167
73875939
525673118
746294118
1044096163
14263662
1035050806
4637493
489159460
953273555
988263095
1014393283
788329043
240152166
96152263
677930105
216404916
44767691
418590190
1059154277
876582179
548115650
264515057
465382205
615927272
824172336
233073005
874591348
772815560
165395939
497309846
793092736
907293133
535679300
474172425
142840689
1008158008
455400723
64563054
931161965
808720854
611141811
538386889
192283489
12696469
179706535
74665867
792705841
515884206
11481336
217595040
539002276
1039084882
619747169
905065964
666804216
738149929
744746974
151696015
274291712
78958349
453947851
254186445
13868036
676698576
962035880
285911319
489185113
125421283
982125754
933567961
860421062
26000765
885483109
546462989
827418355
116527422
996343208
449826166
87795663
862171458
868004652
966156403
366803741
691020176
1072126376
179897128
306440343
570636486
42488750
171365107
822404661
982746248
439309127
964238130
710577694
516312163
485814565
30945418
146810477
113938665
662917625
235876376
706644392
816806417
543067822
153351540
126323068
23737986
143536430
674491032
423341926
117147336
337599373
462918859
116130418
128314354
591823554
726422833
435177326
788876015
388774043
973772038
723186280
916641966
339035624
519655990
132395198
92173226
384930005
120949523
698157467
45775965
481091582
1026599194
772790726
955295312
175055353
857393888
819895099
392868921
218122595
607425085
475381253
753152217
314023418
720585895
231950327
1017909538
293147428
180262693
961466036
487901690
49431901
339728500
747802411
1018726239
1033919756
829815741
154234014
451911019
397637690
980743720
224371748
1016070445
698627221
449409722
222600762
323995203
101081404
567028355
144025929
622531018
1009451223
428623910
331826317
133445610
474604740
834445745
220482819
1030298507
1012980019
955516345
20381831
838967808
318960762
917573837
425318462
281700757
69371709
1041437309
333340660
545138780
595600149
538555179
897331578
408410646
786217591
408823916
495900428
223478013
621320869
346378867
175003055
844408803
799485882
1028494344
216257530
247836003
139007480
379436040
829144449
798593750
470059489
758117423
944892009
63100027
254994583
946093752
252993106
60976739
80069206
342039619
819833208
501224753
1065420828
525417453
461974321
345022444
298135225
595921524
847380577
1030066211
690459370
355580028
882477987
1056031412
480876543
696362149
567505129
926961884
531909143
628377186
944410590
184950421
565609914
32055810
464117078
91328847
699271441
832119738
719595515
810342552
300902953
691455848
175408279
728283855
199681242
110578691
850696684
378295415
313505429
771263879
663108227
999324875
485180110
1051856480
137719215
451753169
341860902
366526168
755608961
1042044460
140240379
144628001
631214350
779470778
568180828
867013360
432751102
236526237
833284109
1023749711
195348049
418649139
797524875
3783144
151091879
654171222
995230528
891777674
566033574
274815564
102800690
359238111
266387958
1045706531
439262784
150125803
830517337
243760528
621624861
994928984
6064383
629537330
882366091
654262401
1043422965
34661866
855811808
285286642
732074818
892648550
369841270
650399433
855545686
191568427
48952775
908464872
1034554926
193906524
950406547
1011144827
330825514
780191587
378362383
292231105
662250762
27187486
811338431
999317453
158574389
396491415
867581184
331690737
616353700
19394666
148069304
951390570
545168799
878209063
632607331
622603408
400745236
249642545
445404997
277642560
526667855
207789159
1052673031
932758846
801296859
842552690
189644019
822860583
833564842
836893695
488525130
18949480
491525092
711226251
372848456
741465695
379563782
423419655
29249409
203790468
660542151
986445894
353070088
88818177
86913987
563506852
161783029
427409823
950877106
446483303
378476680
358307667
870002434
77933984
232773224
335406738
22005423
132771568
215315362
858032476
976252495
764463150
623321365
686115208
857660372
618387285
246953088
257918071
745990101
509548508
1014971281
961944344
181676123
615379251
943857675
791636386
821365928
146811222
903611537
261851670
899890765
63194132
474596374
76045599
890362273
384576147
51580468
483320267
119764724
67435108
172289522
647329678
372790685
985865154
667662470
150418345
394242404
146475993
916054686
37229612
125329458
942935383
48159326
66135343
502649468
152349955
1073467315
195733401
541126456
113893962
202207713
83194736
937619532
235237186
1045592997
150190784
205259746
1070633946
515330238
414226881
514838056
622716732
1031759154
1070495225
391504347
156125549
1045221081
692923933
38081933
848577285
658620827
645589733
411662737
740521340
560680977
1043922352
670903795
122886312
906591297
397779870
50460439
579460822
833047346
858168792
1073464043
456218623
956026287
325330778
191829015
132222638
1062287969
536222108
988476898
916971720
681635351
789913991
132509761
971803020
843375224
1002186327
117980371
408280057
823078638
111221082
1054265739
872463280
297677435
516142641
971797578
631822787
947044278
967734823
917263152
278577718
326690639
871340919
977783285
586887878
759438740
365600014
263874355
136334239
549955935
209390583
11024309
233739285
11817787
941260463
545539671
124873638
825870822
422378278
770412543
729529331
929164844
825584935
893472975
410540732
513304295
223953587
879759102
1069442540
1028345059
828928440
251941926
26187576
692897649
206730008
30718602
567018299
595640926
203045521
989375100
842223186
588970024
653952990
305219141
70321482
167543857
677902788
824932378
477921721
423880510
1016906364
629715062
793115913
957976406
19691433
496845636
994426856
670566496
701000305
720614318
469652596
690044622
753108505
1064951243
260732926
1008805970
192396194
188161060
237629997
233226909
94859867
324469879
164057514
381715325
809965596
596094336
790895142
673727603
568373651
218808722
80018945
280431323
904166647
57059931
622382441
881982878
118782558
398987107
821041641
56473518
785538935
983362600
44554478
39617886
724548902
135190208
387224019
666143673
918414136
56361801
902756530
18513368
723651992
128714278
142700251
39562734
1070354086
343896034
965159225
159770385
910268582
135702570
193149751
629262897
168358418
125471229
111056845
776386097
358983733
673148358
465118590
907018916
591125495
777006041
102175012
669632106
85377978
904084221
526154602
427253190
324721485
510601483
1073417538
1032079875
302182639
962289377
106025605
924803761
275293929
121167336
283608363
674150188
384188329
894066408
847829201
599183003
738249448
203515220
731816981
941659106
1018087434
171630043
83049018
715203136
55322757
480895407
791123733
305238470
989682383
362631806
44313793
1031794256
255619550
88215653
811619741
104913049
280659882
406457869
90277133
848503735
1064427614
933015872
731422900
908517257
556983949
686863488
1043573956
281601505
675274925
1044597567
724727278
201931022
588823776
383633011
367525133
999561466
228393431
317740942
443218400
813958655
57218423
199770220
441527496
373973703
266492538
254989143
6410927
183585619
755712303
1002481523
312734320
571929604
884776582
840358661
753545552
530403659
170456959
290427343
601521988
1062279721
132657330
206580469
984763851
522183447
771588166
250027280
829064263
270784744
924208837
36484109
734305743
495091220
385820511
197524800
287017217
18928377
150187806
347841866
544218354
238613835
803068837
529137476
20742112
97464147
190137081
1062157089
137273064
445902179
523710607
130813269
424017774
1066780415
194707304
3954574
28479345
437854165
671222839
393315624
167783683
178408542
763848798
535277
588770183
408125221
89070017
1046646930
100475858
966158562
528487375
504911284
565753486
303014197
202785192
930208053
242332324
147865361
871626159
1024236087
933911087
539460600
17806718
99261041
745704900
1059803010
866739921
111018147
597106332
831058059
988801221
81917132
813500821
318694471
1026147027
722036766
173558895
192880342
443623545
74642995
613036309
199642479
244147325
759885104
86860519
464063521
1052473295
905689751
319872947
450311252
663122183
526993857
168885677
85601461
892753869
802002324
890402060
151872181
690578315
659198730
1021216092
66084759
101950512
721565728
387415471
53903799
31313044
668604270
1037019352
195057144
80356346
528204864
219508882
712126611
384543770
439331569
197387973
942059829
947086458
60520257
359232449
742602860
157799708
52128792
878306860
84298940
408204886
1029363568
482810472
849773302
217781889
371569779
267830061
150939816
860334355
347921328
726953134
132829688
143236750
279919698
26857783
36606611
73776775
1057010928
83877414
841233745
226154053
411332451
429054820
6381981
88393371
324135783
79383876
242724564
273167043
562387182
576929991
50735326
132760077
298706578
869041608
633309542
520954445
728833131
303497353
391041630
104138348
85631758
890589513
602847163
513370367
819628444
829503802
534863903
117049066
906180469
821799095
875504655
297390187
211416635
81442065
64666592
221020295
102078457
839776027
1042949508
1039347902
771296023
176728070
51581105
225024966
440966199
956313927
1004159777
182706228
222359393
10418164
991748019
455794611
74361450
976775640
4567997
839261968
153477804
797603463
777948412
460336057
1029629438
950676035
1063931733
148432032
84634433
997884421
1047488220
963868124
1044898078
968515678
844017152
169903014
997233119
526356400
684737420
336342022
59228159
718451414
889849979
435617135
240090664
92080039
1007028558
840499812
215163426
925629237
721654149
377555375
543089881
755101963
724051814
621915351
120937694
716705542
52234012
667675414
498064243
621565616
177799188
938330667
912813067
177947083
355880326
823727271
967408140
121552335
528853509
877956979
413793914
79003398
378430241
458962990
134879951
176855202
163705210
319303974
224066902
824710046
869861799
37981604
513692281
190641083
453057411
180632809
59034956
818425060
932064805
592421866
226963241
92654814
237888379
964362209
464471457
135025124
156995892
1037225786
166464104
701161942
897901592
1010297365
527761470
679656571
522140407
793343692
125941910
497061112
75859667
322728658
460546020
798170728
55069574
467722718
116242432
510385600
896245754
240347071
1052615795
546142398
199149652
123154918
407196511
707632290
209876337
82967611
119488739
680557760
1056707557
149572278
614509684
157985543
580320140
265682086
132641010
956970833
32148924
126104758
668450358
128507727
15069579
974963535
143413950
83134752
889293719
272436743
855392895
1073595615
102694900
76166822
22514856
771429963
730730960
672621380
218226935
67437440
265464370
250366650
240762398
252632259
12418804
968186514
920714579
187256305
81367810
312520161
656069363
834920851
349748008
703340024
388392077
568563991
186446483
686439058
863156447
365329349
864655878
150049445
975727590
229239157
204715543
512322016
479342390
741278216
302266616
417749455
154162526
886852952
62017756
168280638
355721769
678412005
911941518
338234310
398398216
945944090
10171576
437933849
540819027
933073163
939661470
497613090
1057850008
912155193
369602587
587731504
303829631
299106094
737654811
81759553
983037918
748441004
722601568
12520414
192540893
914591402
209664060
342075211
805838429
413881780
190149855
235179504
666612023
832699699
702859351
1014536500
286212462
1019003065
548246959
347812711
753858857
241075585
389536986
37973345
385464919
677400231
903950909
44512294
293763573
65301429
628654588
570603102
187399823
637733218
709811538
100382679
197421586
505406447
724918048
56011136
171305460
55914653
982947895
873603515
112994070
996811746
228550190
920589660
742356484
227904836
85378675
653396863
3552351
824021702
442551549
230482672
234657323
333717139
931878817
162394843
293336823
838924028
50266357
353861493
76869053
674987546
497717872
154126457
484535454
95613259
572475466
276022969
57612762
170459107
842282087
923626775
264673022
190015256
936281672
627346157
1063565174
996746570
831256154
1020843086
898502947
1010566573
32541576
61650502
883055834
819405412
519955514
32952605
968023317
528448882
4217700
158618889
365619292
966112507
125670045
95402290
794024884
616535038
72576806
179538825
527320091
140964695
213466231
1007129653
682911064
999050652
296453595
653974355
82059175
115066934
294847629
295573302
51990682
949354850
1071216499
19558765
335899013
557606130
870472815
533466402
337118460
526059191
993701663
61598833
883191265
51857316
159878409
418055534
549072449
1059521474
465019855
138144825
924731775
59181341
886142966
963370763
366402344
1003139930
933252158
337358738
38854076
28286692
609617518
858289766
910353238
14405768
893226495
831688023
536634116
90237408
153585304
132630142
582540839
256154819
83474290
238119774
588430548
176057183
728801466
62040493
36401759
589784251
941455319
379554853
964124874
102018142
24758524
609680713
275862548
710884872
723343575
259755579
480748083
422928632
615094349
28792649
1065746285
59502587
118904032
172908554
8833559
263640232
625016989
15496510
189858799
198683228
1018575821
938323250
596852406
1018659195
259252526
669617830
47486272
888703192
932298034
875365311
678371344
69597491
897428545
797916681
587589036
948892013
133850462
719591419
341800447
124752842
773489761
250339530
703998496
174212434
475995323
698793896
14742548
1047462334
988126027
496711353
205388007
435796290
206016914
533726971
438640952
845618653
973072555
953807724
801169817
807789420
100865944
572191495
362161416
1030297964
683261943
665574625
802431400
162737005
1065953402
665862209
826598706
1045166594
678511613
1047883499
116151873
746991789
220965875
477677473
914805580
855385808
539526875
994042299
47678715
346247702
413848015
802553666
815707013
851481545
622976555
997799903
2557535
204564533
983152058
1054227956
665149510
71418350
125006930
394169704
910247446
228964123
64592153
980047268
907987060
685400041
97595852
84326819
955232164
285827246
985336707
530675461
922468960
1037565918
401721437
1047964496
569770891
521051085
949735107
299910218
458797060
607384942
215142932
1001394779
1010731025
598498455
513538869
336235277
116249631
252558381
911226014
989938839
24077408
277978972
776005636
369814792
1013151238
852374468
347019627
285877260
597328307
383522790
697293068
364444235
897688355
178574446
527974960
974083642
109864194
13352652
152945205
237315088
213687989
257765776
1045009716
175384437
186227323
282834215
1051049956
923017720
586353697
898781884
1064210645
45335366
1026555362
149177290
692352393
28690033
954316747
761715067
957037825
975786081
929107496
286569121
939773657
115715932
804790713
621857123
205953855
574344051
830453123
440292605
553195543
95926746
823649452
32546550
702231886
233768440
875955456
755535896
754845114
341465645
385088339
764121809
676110277
429055705
966244383
525020686
780475305
217110184
505921581
86504425
689733401
670964757
241124986
383367379
1010260258
152904282
803054319
518194386
543192273
50886341
668122082
127144778
991382602
923767257
786046577
774669042
808884095
184009156
646550790
806708502
763721272
965110951
35447698
148484135
458351783
110457748
638222894
480392748
203216760
600751318
786724300
354415520
133908427
1025842122
291283320
1018070742
73694337
762220725
761543988
888744875
975174351
903640741
201728185
894082052
295367128
815302544
238809284
1062523337
809667818
59275393
775534103
304064963
465802349
30979816
1062792642
905763710
548797588
896678886
728732333
224286997
369285560
866682087
908195269
302433328
23347669
767582696
156930095
339076245
791655330
466583512
229411336
992267269
867430871
164286731
333011965
780321845
1031408745
782242636
318997300
219667028
204985406
34712358
626090223
731622702
1002706368
477171897
889516701
89260524
203813708
1021388769
531833888
734177176
158568600
173416
682318260
643804895
125197632
671337984
283783751
1059384295
87372989
595636304
878266273
710103965
1052866338
827522880
806198630
1007971734
1050581635
123817448
583174027
925516218
963002540
178752368
928342416
49106184
107592627
579680107
81485155
625692954
129624303
1011742886
963456083
443030949
645907331
260490443
799579744
44123308
812512302
20216714
636806013
873440594
555606923
568644907
872900735
651909149
625282908
19900396
1026731161
407820540
562558940
408866853
722505238
611312269
445992392
355493543
163977948
92686922
42500623
373666390
872532190
1018125090
952754393
1036824957
948157870
1031515114
930026734
288238191
741654074
329740175
265974839
23313024
501113054
1059491208
62257378
233343029
596125511
992700917
753132931
1008573437
1045428872
95773943
661732607
179882246
461388923
970726648
960564396
982960035
978320936
494935205
130389691
1047682187
64547266
863421185
824902835
820621552
140337425
1060862509
147548115
25113783
195871449
801559529
174545014
267967134
103914981
335717330
61459876
78645113
903652642
142032837
325830786
969469458
732532301
1066914922
987727341
786834150
84895678
781477521
985475464
981520874
492961368
773496295
591952839
402202851
593686118
907138065
883158628
370836583
999696214
1025726021
898582525
261949298
129872250
293677716
941827762
1064470171
83301669
446352949
37563367
471816284
751681451
539895173
234227530
417017563
857933447
121432662
684300513
850764148
671408361
743116404
736813079
155268847
353083650
150467048
179531399
954062161
795851980
806802145
481579183
25707331
940747363
876581992
1008647954
274557657
877316275
619907634
867085574
325966689
554732671
51967749
963656412
118138244
587487381
901330273
968565757
253427476
781975437
724189667
284421505
136433123
499872839
870127530
442837130
747402879
157116515
1001961829
266521158
866024744
96574295
338767284
108175043
903637199
1044704526
102503118
859716081
103668931
257147760
907233133
607785188
205804432
964452801
1065492850
778302316
966735954
251511119
909027827
740517692
100091250
770782089
1024122374
1037493099
876935055
694526535
120883962
382903967
797801003
347531661
1036287331
416917894
96309376
550062440
774899160
822083910
826907398
587086725
251263566
719401932
944496388
410665591
782485542
756008235
971122920
341441243
805646736
933687396
716350834
620667627
876489839
384161336
348231150
964128988
250461906
1044822757
977729357
472636605
1016174623
617578797
1017660585
783696444
885510214
40007627
718406189
108722900
666883718
812174871
241216294
1066790303
705560956
877063039
154245743
97718982
1067996407
19443106
182488804
497922960
299741163
970438174
789412561
234291053
2529867
63718221
722393582
427728924
842948815
945265039
645062612
226268619
692125039
1025128539
726520140
608688852
998413458
1020061341
802317162
910873520
216117769
198230187
1023288257
113896415
867693762
609227246
902832084
381824159
1019722631
121909528
1034722654
463840184
625948008
616771156
827912250
358102752
632933308
89602183
784634609
347829599
127890642
225201005
836377388
509753769
694849440
1049899342
736861912
862372616
15542813
49938201
514995740
968082934
315749237
928028875
616163791
695039722
440332881
743816257
53574471
993228435
512359495
92774444
682118161
5756081
764250865
416590858
522315242
144936609
468548472
845709570
953306619
603187099
199923755
998873780
979469016
1047179456
80682278
171813596
796232461
77395825
249426289
254827488
898514795
855084297
882128406
31911761
483712215
936307910
543245482
145433192
973341354
451638471
732814567
171118787
213159720
233218614
178611451
133134169
969464991
874609848
47918766
123401748
559035717
827096634
147463360
967735443
677375931
166928638
292801986
929633896
719871377
186138979
723648445
880016449
225183306
703358741
41872965
1046719064
389368861
910601524
306904878
65758262
246174100
595298187
619943225
131651748
211013479
523479832
957432339
881834642
1025415359
1040303784
240651501
821536936
250434408
620751622
904521967
788193833
45250719
123104936
890842320
585642339
167945648
257438725
1069803111
902385762
285210624
597894152
998703160
694096500
895559958
1042708796
147389226
922760816
452718735
836342429
634856436
935469734
273061721
190169648
362316855
427721020
1656230
999199194
511256292
820050503
1058767593
357064492
1044247841
583712659
823232174
521508260
492018347
506120301
965511332
229863555
261791976
676983247
305369274
980555476
56172061
357859108
566473874
477720085
11774284
598582765
890613121
543801056
697860193
27206784
1055305669
794093109
107586533
999193622
682706784
66873285
871136064
897798742
94690127
339772786
627258052
257366212
1010570146
193267036
248852724
119644452
806439631
1042948338
721715188
175364017
945700039
1734671
746004397
344194386
313841985
568447494
109285438
251416280
915666997
29508543
150542318
452326439
76818463
963702642
929102664
646180863
969135581
174285736
932491141
1009867385
132695909
153253737
638106335
1052113409
516876357
74190917
952237311
111113785
606247197
205694261
203874106
35857801
14542248
874462449
126290875
633594783
503854341
293799133
293149870
460157254
1052595965
795598521
520255015
968845910
153427708
1008207777
530517545
187470266
483444022
189428401
500897227
814152798
619210889
940136630
154778549
434039887
99990578
210727644
891443317
37584903
469839595
10619039
219959356
931000448
708116618
907852144
1041076639
801531865
318615392
741557964
690810267
103765265
704439385
202600612
132726412
136893059
956967904
55407249
1056530838
376612035
944182812
204689228
903687005
576810033
458231900
776360921
382801343
466749623
226542603
995880843
684662504
923424536
399097868
1007344405
9445810
1021636440
1020932332
243404093
1029896606
790338828
305105115
424349940
880380096
496498257
64996804
910983805
50451013
202430863
328063882
866048976
706904511
712443521
488832314
160066308
408204228
388494201
712940881
225444784
363285385
406049312
610138300
998281534
134285086
791194341
944487063
343993136
100501140
1003129868
127930734
277473689
309383710
165781076
152388953
403520992
712726578
1059069903
1025319861
764645002
943622832
589444662
664516354
954234986
278586314
155829061
411669683
792375042
749535057
1070724148
653125371
899193538
100144325
332701246
19779362
442350996
20990339
597815931
230989209
92084312
860097141
959420112
319801954
1054137899
401026623
766225980
556499256
307917205
28110130
1048593573
413772390
225332484
161351060
262083275
39821139
797938551
794064943
45212778
730061623
1054921056
854503173
498361816
1069400812
890131712
384272871
535231906
124422597
1008779398
1047269771
717036922
484298727
91454155
467250472
319300645
470818842
48251198
111467225
978858181
65921807
495696941
52088246
239341446
722975272
157435387
780443406
525917484
52183033
116419027
284166413
62612958
846612604
926434828
414704307
46871039
744211862
509610993
24276190
300954724
83860957
115900797
137602379
743198262
1000406659
66954984
1000358105
239396157
734335561
264737403
185521407
529460247
995638427
918298354
126663360
708713836
101710614
849482146
665709768
572052786
473515098
706760242
527776337
1025307627
7576534
469690104
577274876
836714288
239953275
796014741
480413691
142314535
128448405
207661937
700301404
111701886
841553899
929915686
477636755
843732110
776346830
9582422
38514686
510354879
964472989
6774500
906164359
315857906
243261092
67550467
853353880
317034341
1057281808
1016673662
611398
111458246
876832311
51912701
946415628
613076201
79185621
57407265
715500072
562636673
537272033
905425162
395354868
196749433
720794402
929418845
485980293
166162315
192506338
436961246
273351814
240986297
926238990
906064269
538594378
188438917
638224520
492379794
997649180
305749483
831101457
27052726
828199723
119444304
1064150914
457025811
944580521
371685870
745900726
538424835
706240649
325351314
857616743
1039367213
1064470599
225471553
146944702
954940578
387592370
109975170
50919672
43855666
265354649
1007551060
549826502
322096344
315360728
2265222
216413265
657038721
526933117
188964626
53249938
210876491
772346902
966439603
93884514
156551790
1038843779
1045951847
198997198
535129704
765312010
809075674
822306220
641925211
901309305
425613167
322531580
87354894
583468875
969374790
66192057
234866049
1049986220
1043563205
102718652
711859620
396994953
341187035
132709451
971816949
159559829
514038756
357458286
307863685
256390451
107999123
234326823
576701038
973131465
475035995
753023021
221081396
261001188
131336462
268210405
995911887
516709330
563976887
916277286
30658398
1012998215
651125738
822495633
512834221
374843074
740188423
1062676856
96659275
405864461
987528268
370657197
365293162
521825750
778324501
434321488
19034457
185746955
671526386
1031645272
592837527
329916268
96442497
317029266
978140776
185249341
781643308
1033708709
934894238
634249625
607772790
236320371
30299009
852986630
606111357
44887636
942607267
15540039
703580250
543569568
1027939497
716899966
206752065
10816973
961396657
861129209
915448126
308360397
21945766
343634861
411075875
75760806
479402713
1059583881
633969528
843400872
906700314
768739242
178549180
528814656
1046298464
835104687
1006075554
32335037
890316274
901982891
579408118
912059604
524684325
604411543
156796810
713108020
109983219
156074966
161293435
529101109
222390115
63645880
904736849
703858981
39053958
54662069
32788896
1010293201
573069611
80679925
88352405
265889746
758164564
413371706
177301362
1064652105
866780518
643919660
457794618
289561747
35693737
942136813
99192909
814473195
989038775
885869402
603515877
600887061
95119528
313242723
571002541
477826622
106688960
795103994
274837575
991380727
178255915
156037013
9308860
764054906
1064341909
30421122
145452994
552552905
493297740
40273473
836172259
185047321
388822954
146944813
150117990
660156027
771541523
305720085
463305900
149479509
44546127
886567024
98709169
177987717
368935807
480426029
571779789
449439708
521009917
940147822
463679481
22297053
348220940
391429186
426467556
455065137
165131110
151082826
40644232
1029189413
609467778
597908698
977372456
98108196
155726068
160063371
516781038
1061884562
578505785
934468856
73731672
177656963
844051878
1050947083
123440163
530524917
84324524
13502040
677732546
561837258
765026893
938810165
1069156074
740330526
202475260
100897187
409106303
1072131949
595306190
57006191
908425338
180988216
475803473
750953639
375139331
715659452
1071626601
735051191
814328889
55843111
362789786
268797017
969198441
699312933
1006540823
169900343
842556908
752470263
316465274
806673988
527493001
257974170
536614909
321556533
143053321
831700688
45886850
277934177
158866224
240068304
554376696
242243745
860561622
498085526
74814353
127506722
185028936
646190003
1031506423
237560203
87927670
61526522
223942222
432220424
977053064
586983713
185308672
75055604
241661186
84256802
214513439
404736451
19367273
649220175
783357651
741198970
871561663
252696146
866836619
255213102
4993476
49276777
428748771
797731076
676114588
891871934
204905805
490273298
779384102
967123561
551208658
601624398
215352760
247250990
1012976425
882733946
55999692
612705387
1064627552
210815676
443900627
1048272328
154188472
13919360
907587455
410723831
440189306
178922195
176646964
844944624
41641036
817893647
557950520
19930175
765611837
334318725
181730804
299454974
946570676
827133111
127253632
445264343
827134394
755874782
20058821
733923781
89485263
957013414
632758428
445407302
437295968
87707626
656842667
1041144330
640932086
1059170147
467153181
121289504
14618176
131430499
876116092
312221046
159245447
834635783
111146027
1036708178
911952987
965855910
881497703
159498399
512286644
177966676
305286081
920159760
209047213
1069390465
224215353
271925508
457659651
302051193
43911644
488601017
266381383
236119506
878170215
631908293
726318058
1063818756
1072677175
169316641
613641843
172455294
105180106
662034452
688719573
89452133
955578135
699625758
956831829
16189484
403928096
1045857430
28519265
133699859
631400281
1028127251
417707427
67072159
748015099
768411051
1061883798
122558710
73002289
13500125
39070029
730702412
561900137
1032526968
714543708
423114210
1013129055
28420342
919472590
966230522
329984696
100892323
603158275
623047844
810356585
4876810
848523240
983601408
719914149
404733816
1024154984
909356357
1027118266
1031530709
913816207
302623370
948171117
405778081
610287230
934856128
296475938
261317361
162664101
61783989
197640942
422123958
294872196
958747666
51246743
867550167
928648981
1063278249
961006228
1040533587
845893710
638384434
700483858
719894800
907562939
350158833
88929785
823605960
819024114
838391041
917113987
300316824
944727116
335925869
73417795
141158717
383625155
300820776
402308707
970448368
569176033
1015090396
394521209
36965430
271888739
15006738
392821277
513829887
463454618
999418915
653364460
721380560
399562237
824397938
511884964
483217449
725431287
317398211
1042491527
920333934
453048994
820220815
833556852
573400327
1032862945
1020429898
878648621
1015133362
422995053
675042014
561774963
6833707
1042455826
585040224
189875250
725155565
1038235157
866058269
174018285
436142935
663657513
505054044
98225273
976940960
944778193
495384335
87278166
481849776
953249423
201814402
293374179
341402904
829135199
921356495
713309743
1053625261
472514337
726307785
133744538
528362961
884078365
204596257
527278430
1065304768
611474966
970523152
442948131
834801118
819165076
1067371774
170899927
1056510359
511433324
889763419
193794196
520214218
212475970
803876063
807935241
411460237
894852147
820952582
670369104
172002802
735064543
1071271042
1019225942
502211313
846024790
223119010
1001363787
379321816
658101031
33879890
638246618
390489545
364551854
977555305
182497018
257708665
431170252
797212439
799448565
922068279
245950259
471686419
953632241
114981900
323470265
148960675
33451817
808415384
299558941
54024660
1021604947
326406510
147208827
992657036
209003230
470423770
685348879
722156293
84494933
778261982
336608473
521073716
251669752
22569951
60759601
510649362
255455946
49581801
802467758
677106187
704546194
721502097
566345986
57343550
308532814
799996101
863510190
630640191
511369097
193964598
240905516
47202161
863931545
936523742
1003617551
249378180
324431670
731221877
998847601
634634791
692211876
253287901
149707044
19749221
240788951
610540737
1019520935
989829003
477863164
1002782825
541807461
188017204
823777062
185576398
34300687
879616034
713213682
976319988
231506984
130614928
79483233
86747605
457319824
58397381
651632085
108671674
987457832
483837504
396557777
1045382760
296937647
708812017
817842284
279951420
104442087
967311536
222572562
1035516417
1001222814
890626224
914635095
4602682
433706617
163587218
753886360
602081898
722607984
94747407
809896344
368981092
874613101
639442027
786191856
441424544
430610564
1062729162
136515836
962866233
926952754
61297085
93444005
939469337
754574731
466732348
886073426
156272481
962373635
75468288
170207108
1013847585
867997957
846292919
780275989
10310862
532975486
1017614821
817346484
562394309
213978932
662602564
1054743870
539058455
627966975
921887925
221190196
871417520
854281119
364285701
1072430371
428752163
476328264
649149699
932598020
254380138
936391811
1052487497
239875212
102149317
558829215
388834987
826077589
929344080
144637195
78615085
690364435
303906046
449065712
178727026
326808298
868436884
60211644
478779195
1052675659
950406700
310660470
697769953
420555281
142405503
748824655
686403786
231977929
89375621
932279799
24373873
650488750
603805010
735338507
185513498
391982713
1045318284
83049155
100562618
267585808
892934852
486569463
51210215
490118568
41380311
827638422
311637886
277086003
575755045
69038577
317754464
931522820
264856246
901055894
176612882
990022136
1031662280
285144047
133505454
48555874
774180638
716140163
1044744003
131133339
1030758198
951501642
441312463
86954384
485625035
100252930
913045788
884091391
110372167
223543768
132843980
1022827740
560419831
222295026
724414145
424713299
756078026
202390492
734593132
107933639
26614618
629782058
213441070
93806025
921475451
862229832
230539179
1013135467
922568717
1010185689
34435977
975256355
36666488
558145608
815200059
453058578
862817948
1044667238
390366868
201466282
367849648
310188039
358415005
730325458
398318156
1065245041
15801075
95128003
460395830
747997070
64447246
489469062
831955814
956153985
457371864
735063707
1034792907
914483864
728414609
777732198
218437007
91871136
14923547
1049979144
786223195
148083103
917510032
231885000
693614747
735704066
464449352
661571328
95600276
246829391
1039278042
445584365
892962716
184086562
243658032
282640983
498856147
83216861
246295056
766224798
466986983
265687706
674256209
67764532
890971239
488495392
36784854
256169624
779496793
59526324
1000173374
408674031
721554775
755083757
742778381
277403245
56563018
172020803
220410049
816175918
293800836
352714902
1018425237
324744113
798814576
192322139
169985956
842245125
881885730
933251808
474868458
13342983
205114383
161409562
148773049
1045369605
136679304
951117773
497024151
221552904
260063934
180294378
952525856
884199576
1060093470
219973572
1043002873
394014021
328810961
127279840
244104718
519897678
831524464
170778239
922465964
1044946169
452164758
217397527
463641131
848766438
300620403
662321406
392613075
155975007
198260550
338491725
405185653
424003757
229025058
576283426
18458525
47218556
822210550
951395337
66279871
672628480
641444159
693797047
1006332114
134707505
45699506
42155509
1064513728
882540200
655036357
145753587
988156443
934252874
985752699
300234865
935097635
880000680
244934861
260199475
1027857811
988097329
1001429584
247343972
231104858
780060519
643421201
992816216
602518274
612556007
330520390
805511820
183905317
971723955
509361067
81240347
913412165
241490584
44747421
765947653
348784874
691060478
919285299
108774050
357001711
129198806
431482231
603972625
278272728
478646121
386591162
1000897515
556780491
916057202
180712416
877901563
228939354
882718420
106335579
199396904
386219020
28743412
308298437
260112326
993855387
993723121
65494313
423912945
977894619
298076355
95592801
1009819443
631057151
906676148
95781200
839894925
700058550
737658529
1042440695
487199752
267527281
821575539
104288073
652200138
305479110
433549992
84917915
233762143
924553953
105187856
319620058
919985477
1005787389
940030294
809079359
246971268
894532046
722897034
991529020
162531416
22007359
893340527
15751425
653925757
475842256
843822345
986530486
143063974
877302963
956917170
704797986
174304763
527083074
562931376
209181782
869083805
82626519
775700826
496603603
832442358
1046429342
151352176
412430261
138856913
240184362
257814735
81396869
944399301
392542146
935468971
494648508
17935450
1067441471
931704632
1047160853
548663587
682848264
693438087
529642771
278465694
843936314
273233130
98962150
897966469
179427212
891345488
765941980
500257219
828741225
890731843
7920936
607409717
75861876
989614395
10611803
847045455
1026169792
280121065
848199758
159490555
796524120
1062538782
113909221
877599215
640490964
547109416
118714692
238862725
41838459
272895426
498041377
201873864
852260872
318618115
636438047
245116397
122395890
732283707
344270530
929508027
108389504
333119066
118233835
75621472
1040306842
916044724
128221474
231430889
431655232
913281382
18408187
881569611
827139884
932082829
702491948
166403263
806486874
253305115
395686952
451997198
601212605
870354093
273270489
704666447
293009676
781775060
402020838
111642897
803075220
767353650
304532361
37810841
247169042
622044332
854765178
1029983959
136909149
869005600
81113005
993477031
999408272
269263739
861079933
989243492
716147364
446700499
324468331
157360783
144373977
840421130
537013720
825371168
840941847
204616822
48759527
253936720
526065462
944656814
360662068
119486668
493883241
151605794
192955443
1056088012
929981499
358043956
344919708
551749294
139131836
1063298920
109375326
1017414642
1031400073
935821
913443970
440319027
610149687
595597368
151115645
125256227
927851739
961661628
448618517
73199422
980853328
14082657
1066481526
496732959
1039209153
84424171
917169448
57582973
510819721
137883671
32164494
540102220
964847888
113825177
312625030
513133927
234078964
973673450
96141917
1002104025
369473317
597394336
279249368
1009462543
60981750
585973588
334996132
1027489564
210906331
345416598
552256698
77023920
604984130
305043182
1069613279
431430822
125112301
247537392
993256577
692667790
369238946
379945965
562748039
438903033
144519559
806230234
814783384
1070396367
879435898
642661751
115011465
519184081
635042722
172034640
875321071
811846329
441125799
178376465
817676759
100179752
35639478
771201986
237266011
531612763
988536343
18235116
242995527
776960694
39418742
273729572
416264532
825385410
412568574
899259538
639457232
590158236
632420586
271214214
259131677
883657261
266484352
32940975
124760483
740456018
271572567
625595205
248255886
928632549
378624705
446869275
243695081
880341120
652643098
394035638
537368411
153532160
844941589
235732185
507851997
392037090
499898298
244400904
127956328
751625050
920582425
623247176
75171840
508510722
961471498
1059638726
1067039405
99817676
346969868
310773662
241518713
728771203
239484546
533873692
860529662
562955095
593796641
894097159
436103929
234901361
76714059
1048916548
352605942
753257728
256378088
809074614
634376585
826594160
810851725
509218593
918975247
732820190
636792950
753372054
695592951
646154134
182007814
517532528
850927358
714350057
60072988
40161319
300432382
610970889
91813227
633754460
194979246
221021619
42016921
873656444
416022620
573291860
24786552
773131900
1023626022
108957095
1041123390
430942022
485256145
808901285
322070900
102291758
206308767
616603064
604487577
885130309
192441213
178355863
990623111
444626122
1071776574
965379716
151264933
261502641
995760244
843904834
193267010
63586292
503048665
925802803
768679923
704216137
253471781
858453295
638677897
181504569
1049298057
1008326629
125438624
258638824
857904463
923543218
1038487129
831493403
540998666
618836442
99042977
1039377343
600064791
819504421
741411874
35149741
34536697
16164878
323376284
183391350
145991225
368664088
192480956
291957595
1004041510
564202546
184911602
743265725
642492248
732132300
876673185
287853113
553535294
990790069
575676179
266943086
218517536
136674271
338701915
39110155
526201419
218245708
1066773923
657716889
246153783
961056191
235799913
928085347
947141244
389356421
755394016
48118767
413448193
263775363
358963318
12669380
361873900
687508120
1011376397
712846793
46120482
51807301
566344865
723636270
58852039
342846716
837439665
744088
152224946
790538924
402798503
180348910
427203180
606178357
112216379
397249780
57284638
448110685
546120136
209619223
952247290
157321914
1001288824
230966918
1038335175
814081296
344415145
588029606
570169519
872046062
960248162
292328352
51096207
847369566
581930372
273071054
748733147
961616262
484575354
622090505
148927950
907076674
388312274
981323847
345136423
248283052
941798587
595421747
292281842
138311295
271679226
246256290
829047292
773242691
821884833
127292578
757943792
22241259
295976131
180274538
1037496085
220860057
56738288
997257396
648719008
355642045
709583198
322846060
111511129
541487261
547934203
1052644864
174630620
258520766
703674806
1052198492
38318749
790943124
956570281
68054151
755681630
136843516
9410063
116067690
190945411
239971253
49677730
196777119
72807611
1455376
200561048
461342013
101015652
1011860849
922217288
952512992
864868306
590136320
1025447420
294269708
169190105
510819650
925223009
440956217
974366021
685046145
388387543
260952730
1028299144
107767683
303326312
526122155
505494025
882997023
100166017
798759121
836191986
51480314
137986109
192206820
517404759
656295250
213578703
395176025
81519900
135169405
331578974
960329365
326306579
885796352
264557064
66118850
503022246
340374223
837770864
809420624
28725268
293737278
979445743
34680405
946336453
403341482
836312454
1048499561
360884425
206148645
401531444
855827193
802992170
931344436
738909223
1017099580
171764146
1003315932
942366832
1008411146
845546530
124783173
1031701467
242452649
186747558
695701873
358970384
624430251
966056218
700075219
102862377
166532580
386080464
2012798
459794281
812785592
947472219
94111551
75570971
925471868
1055586395
45682265
371014135
223098063
293325741
885028893
70365303
54350315
1050920716
521490926
874212640
432113755
965972224
38077506
31643651
606305414
105129029
282535293
697456235
808861644
964940495
1036346974
555075866
675452404
555041955
657939378
471323402
132378948
604183831
895720408
56798789
72149567
1067813302
355296478
1002273934
456985164
1067437976
682188086
471661850
580072506
1021611094
251915853
1058643224
641422945
127355466
949290473
1063941359
336901407
236839805
791403980
621269251
996492062
819721393
89696344
466578616
998303662
733971463
262250007
443064347
674013249
1048738346
957846643
215004518
1043906322
955453320
652195506
238197971
706591604
908153121
931012511
392937112
397604177
1006877113
811260997
1067813648
78738829
649774171
875175308
908860868
1031038361
890753027
678816883
275948644
316558560
413839295
26873177
703798157
1035465146
673894132
890974551
986219716
113561147
209928192
1055311966
729493246
140602544
119941768
72419804
133670336
878828218
173397759
960982963
728598813
920930235
997590378
1052012448
12514642
846940226
428660058
239487428
162643648
615745882
556091335
537535635
257881743
696048697
418604909
222759435
145732180
420207901
176265237
692558928
43950063
210432409
976716857
36798758
310302079
895425798
173502656
752530379
701326829
104373598
481366720
445852284
23870367
813665198
339078992
1043222037
915517469
681730722
254061968
966878912
109551130
1018850408
219272978
160148154
220145089
119925773
1003646928
595617187
819929192
981962372
230686346
944426800
661481678
527781604
710996119
146521780
631456721
727994545
813800893
849758078
528313676
885803124
1037257497
1001337861
1007798900
971209778
9889935
216975306
1053880728
471882237
872190
360546919
561403719
416100798
954149329
936985033
809501168
464177312
58871939
635590416
314881578
227914155
922662968
889007765
142385977
968688925
5389702
861849993
794674738
925262658
840985780
264698793
935463267
882850168
949496529
1038272698
968663538
893198193
1071392052
4600854
491653
722751162
857023939
674804373
199071519
156208423
988627567
431522718
504001233
219966107
820553711
584965385
41145872
448358173
745266168
207089925
1045134379
260101315
640003819
602796013
114751368
872581461
882753514
310232845
124365924
214021631
272717768
1025849415
82607222
914282291
218730225
573297556
1037732823
795952784
192828111
443643091
64976058
308633725
23479409
909749800
473149444
632677694
568731998
970942056
322858484
830580179
137547080
205725800
609455499
656735016
987905792
215759784
890613535
37308792
982158679
43022976
820327748
934612194
122861211
826605704
970805255
33197577
967534362
993463848
243593759
652753753
202550699
242016954
566376087
1067989108
745210302
960928912
993232514
232804529
395351623
347846003
443753651
35884766
106582875
98917043
193654708
537019296
178571478
667656698
445870020
885691523
897355312
795447043
1056044869
63356381
896621635
101583044
536408765
334631346
971783192
715431924
946663455
68220220
21152208
303026245
486680008
57837344
1019019697
978412859
637715079
863817216
898051159
958861614
502522117
681746167
848016555
546144682
21703622
824566359
476559929
272107803
214788380
368394860
618657110
893441706
253788806
15264829
570772073
147424796
151246644
80169462
389854917
1007052332
898025215
414843608
466391439
1069197411
806042242
939166095
287949660
127607931
283098400
214215393
781928456
804183690
222750750
805892625
423995004
107489223
946945770
932505226
236954123
310057469
131164557
340836494
554756947
548622797
259732716
67702489
566685222
601683974
189208518
186263036
266466272
1005860774
758782271
531630886
5615802
625928943
478180468
122105062
1028017810
1066907774
810181105
653143545
1063192277
858027186
672463261
481672772
983053604
554987584
814050424
872848842
849752527
911302783
482960907
977613755
652337038
140382773
27737465
915494555
859050303
184994549
431787537
794322627
245648011
871174714
664100361
1002429210
32168136
834084859
908361603
452969631
142273174
597368760
637845122
662743331
823404395
283650251
1016517310
813858189
861513180
86069112
176200413
843084422
1000410988
623780833
586190320
378894538
544031110
911971364
957390858
948922103
614702503
1041904872
145500782
943822897
481655351
384380675
403498325
201405404
223422983
797998089
372376792
307653677
161926385
193604897
975250453
564903792
12273422
857986384
791142644
546268254
138337366
262722798
674569252
349522843
137983924
648472731
710995871
773064928
709884093
109688790
286218931
756971054
492038799
444895484
959863931
1021036408
67251710
289177812
840553
526815225
471335734
510086949
501872048
1061021704
127269196
426375192
590510238
13656859
435748756
947871447
584880087
653875922
178601540
615172015
346957685
786810703
813049645
394643649
656413283
631776780
1068816618
795291512
141226906
712660581
460250462
15601232
973014079
968895269
553633767
203521946
77443443
155071229
260142212
777344551
1788952
166436418
99221238
271207117
691298030
232107228
210658434
943690530
559950060
139417697
437362536
1062062548
557446820
997281605
1001764070
749200193
99448119
68048782
1054575968
317983493
100243796
761149268
137002043
23413757
411500587
460120124
176072098
795945245
191186174
228717154
834853198
1040419327
316231748
86386048
119152101
996890860
530953621
555289473
502326420
914080102
729608706
75393357
44156019
28037944
912310452
445439222
637223620
719636415
109670355
126075500
184418604
126361281
384248220
869432079
48087409
636240837
660646826
579981565
919029527
1067538972
814070101
413455152
677646544
928990915
527584803
104636649
95910219
457007706
675942967
289772472
139598368
578768731
372250113
714283054
526316752
790522458
496676939
992822312
501663964
443833045
1035229042
642565499
606019216
1000504240
324459148
1029965775
26120487
248427588
991790225
396407426
751586057
532073988
896023222
923018361
850195379
865680879
93758938
856963782
745450588
932336671
855794488
317351345
303425048
617181277
918755645
340481323
647045692
910843790
208975443
583542894
905931794
1071128198
1066429526
259727032
893105418
213342611
860683665
57287687
808758046
346022193
66861948
140713860
928405997
581310033
641305528
40831674
1037515112
166825468
424868450
742077369
157911038
633691158
98005884
763997752
604600424
599521544
548009425
128877054
192283507
1004510349
808815369
633359548
827277414
18857097
929350271
710393807
182875737
217588975
466468500
261401338
814044900
151880364
513912819
546491875
938493681
215924012
28766392
546905904
382147919
996112230
542799165
705796862
293892579
786387599
131906762
758312167
1058099639
618664822
883279650
22105511
448043173
848408893
36606793
1023452576
741246619
800838449
872592572
102974794
39901353
224366012
497671276
815750517
98987842
102472264
13157168
149874213
1028601378
509976994
753471970
564602813
196780755
167038568
26337603
1019973771
27932559
583191175
368682641
987741068
672909146
469539511
117909139
639940052
630130776
65262151
185188084
23846541
1038239104
1069322748
910132301
374770098
316038575
581937036
1058040784
907249533
555819090
226791790
1073711269
154092026
658851721
573789796
1061707992
446495153
334893791
413568215
661888817
562121441
662563102
730785941
448593930
1071867665
162221881
53926531
510935405
92625652
321027302
561297825
859578141
988244228
134308084
240737021
68981110
492929209
931657430
122221425
964866956
492157168
87054884
585138796
55386279
995083415
743876524
1069314875
851624040
113957081
367489210
234294368
1072641284
50619304
114246329
538404305
778696661
906676212
68647242
531924786
831890151
688046451
907354224
402194064
397286948
231777625
1059020035
657609805
854578164
528883429
750969276
787236037
755907082
763044328
54565477
889203565
902698574
833265776
263576145
787840253
130102662
955356786
489957671
569269555
742481083
512965120
453589845
956774604
277177616
255758522
992513687
419475709
937628387
553511814
845667685
1018240206
653323118
776517745
614999707
951722518
604827733
897697098
650287347
111427348
141143034
117693646
771477150
173896074
1010008958
1056114118
823502646
66258288
258517847
581949738
254654750
547633364
815049518
957644576
627334775
1013961643
943651965
118133638
930987402
1007629071
655454938
424873668
873828416
514324923
29330712
834397964
522847996
696906115
312118362
619500681
957669870
119259506
917285937
1045209950
843339600
916255271
286820442
566590446
449630173
268175167
958541745
62395534
49894473
101667507
130115644
140267287
460436432
988328066
198919863
957593955
980010246
473070130
1045739090
356844436
833356526
510464151
813537171
971292337
978980519
204844842
457352746
635676468
1049321366
466529353
808031981
52252512
659906537
906517366
156615111
191648469
754332022
425275790
256108418
996488824
473239914
244899046
88864856
390332516
489927149
1030740950
131076583
238833174
301513022
797047626
851546952
225901908
430944422
689500508
63847984
609409792
956946914
306526104
268374924
317353470
176462369
20442646
133566443
820459365
333480613
542509512
914595225
452412494
92923903
247894410
796012520
1007056686
987113058
545109883
55856763
17219735
867023491
43010632
576952128
703411922
920219754
11663316
221932388
197955929
214190010
1021917774
441080527
1031708854
1033448020
806708621
573911695
157439379
341321392
906593728
820142800
326480761
1070857995
708940589
530964365
679548293
449862410
374195210
188584656
1017486537
886000307
113900433
923316513
961761644
837337915
443390223
745197446
656103782
160648573
975981661
275181600
476369583
622147292
223014125
599175104
83565898
260394735
902084190
811766355
939707724
710580574
39358961
212088359
975407260
198087744
46387697
415715864
12074470
190373939
23558595
186350614
37233850
1066077821
695735038
35787712
292785822
503886420
965527349
12955751
194122825
94885824
769855440
1044889525
1002837299
861869534
508455712
89565698
144218733
158480231
533085623
573374829
1047808697
230690891
200955018
982069645
236781571
327300047
1055208501
337016263
572689475
516027117
571697069
169445974
1032770040
949276898
389190213
1024506331
969472135
951460293
1024683928
726895921
210429472
160696830
1044531134
227116870
930931291
229373748
1059994212
42757996
884475336
403492666
822551125
924021170
838182292
302570863
133927773
472686800
798989141
1033024510
892913002
37149906
812590154
651887195
346409015
431065850
327195307
638120635
975520367
75671514
45479394
965756343
754670959
996061025
1070904367
287532109
1070734192
493692951
1009232594
333977173
688179806
110996824
239224472
12870617
404748162
538546655
35845004
806530303
598741639
69829838
933313726
61986047
199583046
627938586
466448164
955607318
804187519
881187522
601392373
303667874
266048593
121086415
861297636
876197603
886167298
871782662
830344174
1044252195
1030680669
994222079
827433048
295861120
832267675
52321882
459235391
744925039
195514397
909576847
373456230
978647510
16726741
1033595760
132579110
913809678
886545352
840022238
118615443
266088740
647815943
709040381
699122599
19485307
589795522
1068213078
13962045
233750502
183644334
669876597
249454752
1066490694
1045951854
9154275
166977051
791894110
599439097
203458004
579579567
1063660541
960654305
816239431
347394827
284884378
799492817
764522539
927683480
117496968
218475575
68605464
567067647
86046023
973886559
41854758
188645227
270155514
883652440
509528953
139025004
839037071
668754314
242213682
127042535
911892580
123629443
834399718
309688479
835292293
143749650
195119788
170069155
1005714110
697230964
937026564
714834132
926461851
427783212
1039638882
893954448
777314423
411012404
654103508
994934885
657896467
924101739
185457141
196355896
715460763
237182381
589885023
615187099
269198238
28868992
663140161
772538875
99846808
981360620
142495103
806132213
235853378
11238768
523300499
948422708
64912342
1047440037
1039068158
103478971
406439017
975684221
517930848
239136122
304649297
1035351753
404064368
920351231
739646158
541456313
432227008
266998690
209694070
574225488
961872201
70229947
377726291
281911906
55666648
334588311
732930211
1023184441
305237467
160050970
918723469
850408729
497150602
1023674545
612972554
953092642
626682145
810439365
876433833
89133234
950851438
273571143
277239885
127947894
151218582
1067462666
887345436
495781181
936566690
877749940
235397578
844411791
33096622
756455028
108643910
202435406
676898245
565206858
24718510
1031284244
646328402
262529016
257339575
470264643
141635368
796067637
410085356
109625593
248555593
883361069
707403038
376433480
252380193
216534437
770554384
643769029
853871417
915532627
96329753
603075462
269367780
397640886
217480197
521665823
1036644733
53738139
488901709
1010663680
1073675688
116641527
913626493
699371243
1057983589
819275060
258706296
1036797473
916517712
496926987
548251331
26095254
283588958
17126506
383119920
851291554
499150302
1000373662
229844255
647834781
497435071
918747161
868248986
295398090
907821339
616625247
218458082
370868761
9161913
982757331
940240682
818938524
12323505
346422829
225469935
412788914
915409910
362301738
809691962
636479779
59305309
235926029
114261352
625923876
979720137
151955537
102461414
810745131
63166403
46694139
121143834
726279619
54526494
743832667
637409012
155956270
617672354
733530392
975058287
1015559723
933128464
171784961
917702271
202955216
150422760
607933345
404945657
532822128
437777865
559668633
822212816
769291304
77709318
1025711128
1022378765
216527819
810603766
352928879
249805110
5910039
922984841
532342854
628502822
545639580
1029637364
102892214
229747008
166544482
850077527
1065983145
1015863218
505153367
293822820
324835594
962801003
1028618245
649932969
1025556365
1023335560
395432485
156698780
309610427
131821699
865081438
11823785
669271605
364974545
548484904
37156814
951378999
875206548
1009582545
99791081
434237038
215523387
189064471
103524443
214947564
1018848790
628332513
8675433
705011296
112751143
915318930
420043331
973372983
355743383
251523252
99555007
376403933
1063426079
199208795
107329147
411193871
505843788
80639208
805695520
737449190
61874705
55965958
796328835
22887129
964444652
519619552
43289518
280951302
30702770
967189390
183780017
738372934
868760102
26281056
522491525
145238772
1070772532
1072704198
1026461821
879653510
362327790
246023879
527147134
409641752
977596473
127844892
34308113
985547065
877296532
136659660
92988119
83576788
1067549934
962888143
821813981
143747201
514687455
615359406
807768270
845489448
391691097
433696310
10214067
752450816
89605689
576067344
887798701
223174632
1020826008
193387549
141236789
121732256
844837812
335572839
394009457
850574661
173399880
551477709
930319242
681795977
129060219
1072291921
66338778
966992849
260717929
485603350
32287438
815643650
108906342
144203399
27906578
487774792
1005965696
426275722
649646414
1061498780
776181924
202802777
538251079
259484452
54356803
887128874
65202193
834160852
301187401
618824659
727511818
856764607
1013863391
193470386
224524730
228047183
305374095
11596237
317213140
608456560
89707577
78941326
330818069
507989551
953093789
910415671
98976072
1064457347
400008898
277766451
45592074
184873263
942356798
943643492
156041697
878370024
810972571
565786515
973953861
1070374372
160676571
1068775232
421787933
779140426
269603460
740987345
762065121
221071427
95930370
339964074
123802747
720622693
700771349
628591806
520256820
917534761
145937243
924281539
192206794
219322080
692581481
94321525
176183295
177650874
565634220
978779078
66122039
472209299
527073960
868096817
184249928
95488438
31830164
904697054
181285684
123536565
69402758
207593671
877602065
471389714
522595285
224301435
432506677
188613565
657572654
894552650
102511786
10151811
65168047
1053227706
15044649
1004448090
679566512
87436777
874508734
12484702
852039884
80761605
273756302
246736821
911589225
541347091
859056790
331782434
954409174
240038893
81024884
991999992
300128742
384683792
321423439
646346269
936172524
626755315
415000237
1017652304
225447344
971472588
77986536
833846009
835669870
34295180
270643780
1022184013
669980687
1008884154
426817143
186049531
572931189
174395468
356876407
836888665
816140805
398188541
958632441
584433902
495696569
607387426
118189206
409542305
865934521
528581301
988384817
884184456
677571254
55741285
765314759
134447548
875401174
315874366
788911287
882107502
304363118
668217522
483336245
564360390
173049674
1033827039
165873808
79833439
1014770591
473375396
453817315
169481343
34205625
977931266
198697784
110493720
105173000
347092763
950142206
665984926
831629689
489387844
5960378
312906797
500461285
95373370
610965203
43822071
400881247
346564445
788422220
685951292
989793430
406291989
1004639523
332886981
422450
665760852
339854339
132020191
536507330
908643528
97105236
543987669
517458904
374727524
991115712
464090780
1027038210
305637618
183742460
407107711
674531792
495302955
148717292
284545516
459461909
12806857
759194402
2289351
708942276
624094940
710497152
721870743
39921454
61938926
167251578
494133971
1048929846
218686716
389642405
67445728
230043598
328818965
631875641
907489941
496968591
205687485
780900760
1025474380
954746694
788435960
262207097
150253889
200215655
885778524
683409674
472253899
520012114
971116197
947220916
556889404
154177639
256306351
339555706
113492536
881188646
741173562
500072594
184937367
230148108
954025077
1045069747
740824837
260307674
1028333792
1024970330
797972763
957620835
598170368
696631062
867806599
897408461
848637669
864288065
445187973
493216602
298765256
346725904
11202927
130566307
633200515
14961861
549806618
787489831
187400375
455243181
311163
313732726
294674972
925010958
8547669
354993349
110061251
245828329
388932699
640002609
258220514
864202440
499640584
990679239
162537922
342355899
462388500
496187990
831919274
283336687
317836198
898196187
2376169
301406545
669262279
741160233
875065364
678162539
2514172
133367108
392025348
164399107
617385485
44461289
402536079
956174706
11647610
118153452
248052980
1006818466
70575638
353606325
953011177
463927263
514703529
936204587
225982070
198866387
428894211
870692515
659170988
263639293
875106090
85166100
22829050
879912021
865183285
540797994
209480070
1030384097
736753083
767450077
252444383
1030322444
299703550
249604567
259950392
401795430
1052956770
294958337
827805605
562318558
206813881
538278316
516236181
36634103
136541712
938687109
37017756
887324424
365976890
25225626
900309104
308448296
316590976
1031591113
78226698
961897690
1072879049
925575882
961668255
1713673
338139442
956971478
888354977
118686430
781000965
603780801
759510942
744340974
95292728
245566338
866231645
439890622
596380505
120183446
939245891
264705843
544291532
945577255
246947828
1041873803
505002466
600878664
130839708
877695813
136016610
899122857
489737537
755437011
423228458
993646252
878061733
934430362
726039639
1043356553
207954770
63655279
360666753
768105855
619497388
1032713891
946285630
979174694
12463447
992529031
1029395972
563066278
109587422
166908716
772482566
688393852
1001593118
83634974
78192296
308058907
246141098
601378452
730063707
98968210
622170693
1062790105
465142829
30473984
1020684170
818847925
262805585
20409993
71627443
153987875
815782803
445755501
366860704
80351231
882425352
551592660
171044765
956987740
1066885606
231319820
915111580
777749512
331683041
919671850
218742311
280416553
324055845
1029718931
162530414
999823859
162635042
564028956
89332343
876346579
228185293
146394219
401901532
2563375
1063646702
183969744
620408744
1045085759
1011224335
990784352
554276902
604440309
552025822
1018048388
857865574
275575711
637824466
641051132
70835300
799781987
75768156
493259889
761302415
469331607
594742456
255077628
993630197
1050094447
279811557
451751691
1072823972
749031111
221480120
242078211
135785082
1028985998
1029637594
940936154
922002280
144799724
215109969
976565901
907417908
94972421
1009245471
838226088
721619823
365561243
631008974
46177480
1028047654
1071276428
527518600
754706772
94744109
141921996
746706872
1023698567
539657612
567697535
877024266
618119627
144356254
1034333186
450276934
624627413
279420892
380611878
611204698
1059937675
591070352
954120747
187340569
435482034
902560390
117145943
830071113
243137784
705072979
1052963387
1013937996
695320358
1057721918
187378376
853112660
179911857
419104324
721560949
184802193
1021267851
860422155
952394693
898360291
189666546
629788761
681036968
216434012
718275655
338578800
862004694
658875474
783754594
364139748
109671047
764462307
806805585
930587037
730908135
942689407
425149529
648527425
503246617
639906290
1049711825
200231640
413319396
92215828
922541252
544443064
476954627
26084304
1032069082
187031623
283010516
811898287
259261225
470323949
70492865
978747779
681439019
81719394
1017031323
273726437
538490299
236526501
473305837
127086741
639588016
405550756
9177379
96505831
148927156
731360071
699551690
55886410
984852352
130083190
204417504
1056721918
647024536
555903694
92982254
88933399
236236463
71365836
938903001
115625866
810416407
201055790
59107476
1003330525
146793869
631517401
978066232
854103511
468887385
67940104
60939750
387310868
132892086
219227399
857115874
926742728
851891281
265390196
699489018
858248772
707473320
637946859
795274105
970328159
764558579
670349424
133736256
351476793
103338638
553754403
1049751829
849315303
203622350
142276809
819019557
101861136
865293039
1023226909
1064854747
18872934
185236565
895934581
605435335
99645473
17244580
130005535
766913873
319612827
233639274
185544479
292307242
107100460
308421705
262131456
995977537
480216595
562412451
551465692
358342285
51008723
3011348
601236853
835369195
999463521
369686835
631192097
745989161
203210378
486838990
902381935
532041055
75706378
945118847
756935201
1011974149
755936578
907814683
43862193
512841212
490182225
612218001
29686974
828974855
516631857
596032928
970768386
167100574
485380635
1014666472
1017950864
745586234
681419670
650046662
343095904
619382040
41300336
406328737
8046175
836118360
470555766
510833105
222601486
238278959
975453877
141099583
341751409
877079747
105457898
784532753
44692467
746893438
260826133
240434331
78569185
171992570
496164337
976531753
48782691
990052407
201285319
10044520
28940199
110693543
528308676
713657032
160052735
908901253
323789158
811534617
108052564
1069176077
498379706
76193624
33033024
118422129
118820815
483522540
1028305235
83558062
858884870
597189923
1050870836
150324651
1046655583
841168345
920612946
897038371
825271845
400981501
927356902
856758365
992050568
451667700
808680291
860868213
836334111
247348941
730878832
703193235
602032510
1063620326
145287590
734986108
627134650
242032091
822586206
431638182
978301515
824713385
879153469
751635344
47635893
901077850
537823918
45893727
132795036
29039840
958246276
899889896
1040144093
847798722
1065229802
189627683
131490250
57321886
450779617
1003355005
52867067
329702074
212850097
394545099
346385928
788572424
532088469
837883772
911794430
669558217
30262879
252957455
150002954
1068005688
247488791
806474198
1047419680
1028007378
457017514
1030649645
219616723
708416832
118113535
225113452
901254426
640313049
634453280
700431700
16309398
404620149
50526728
1055002601
521911541
214216776
897286078
156399905
914118029
110656459
319402470
494362200
882454822
107529547
1032402538
531922642
906893476
120118320
748484209
414273660
831436164
599034701
514786099
513431512
603595811
871117981
284188166
857954712
866454210
409953261
961440471
115439705
789251237
1025631202
964830983
94201406
104701447
761499162
1033470499
176181521
361219287
444831705
164148768
539634742
181961344
57430335
201202746
715619251
964388873
785718948
960599515
526109746
258144934
161154706
217592092
408002428
302616180
146152823
789332271
921540928
712025567
617056613
9894792
133967985
926196352
686904315
760150407
1053526352
373453530
115872938
380192187
541529912
505395355
714246404
475814307
831404515
657839378
1048581370
1052984497
3604927
236177073
662276234
746272063
472120297
828663543
474452739
923452364
445823463
640872505
899313628
962534697
943087779
126822837
731228138
680259581
81082521
172363740
268262300
465193276
483284702
267549615
256701604
241354880
721541076
214808441
76986239
811608471
1058517294
38710
1052058711
482075793
179967742
961734001
64181812
993647821
970703304
950567455
411695395
480187720
190839618
914111301
167798426
112426630
988296477
556707339
171233885
632838014
1014134455
834605273
882632451
719761604
777222028
634349275
813792508
412934414
1047336326
154726800
860644154
791955290
1063136295
124022399
901791000
1024206460
218942211
325405224
400267147
36225140
450337829
572456850
973755209
902153396
64512257
271014440
299786716
603222064
5017781
912274334
718264471
826562881
901032726
964274220
1003079805
82733975
228460628
467842841
464464304
682119046
319846647
580529585
1017997253
964992654
833180760
886819035
1052981638
177359741
472181213
1014486474
840058043
571013963
183736970
212606289
987002537
794767542
926994514
248306517
917870205
995251535
9294507
1018070067
907484458
944102232
23713390
1041511411
1061808941
946425680
987265359
194882086
62553396
268377942
797151324
825493816
813541191
61912199
691643015
841116368
640712579
126576230
694167191
431146853
627936078
380208826
698348521
594673148
835529672
512029134
1037090307
823349278
194682558
46826472
504487553
614499724
246732881
898729163
379949457
980394274
1015458748
783375101
708554025
192354745
819249786
877105921
682618165
767708514
331563749
78561840
225693441
122345772
726055078
699595881
723141992
78400159
991879080
448445375
979409094
791147099
957071455
733083068
1057263379
869692351
142790315
576820776
786565418
343191724
341059694
122853329
78845968
257841372
612784310
342482290
962425938
769492399
155486115
841363974
758582476
766541706
628902940
218861237
499225391
131063237
1057702782
879293524
309057257
809523635
656283089
844458521
353530235
304521130
857758074
266567179
395225759
835431428
1025889822
969480712
54451735
330913327
48423985
138577726
662031952
1033252628
589810440
1054588692
52452204
110632327
994606764
799939518
806611909
1056924070
336350280
356166251
266119480
12758928
946619827
795180030
79561696
197954421
124442785
253562723
4501035
625962056
245551468
1025983035
803910388
48014164
845803974
843240507
170695512
525025073
196948650
123012237
577885693
492621553
281075517
724796996
238375587
450705290
843209067
401107132
317989084
602074389
966303493
178630635
558587798
386239027
224067071
70321478
197953113
544896764
991667793
425180158
967780990
114415587
872740598
84594632
191564645
761919832
578624728
826098656
787661705
209589289
1055204112
608638723
815136096
788628687
491497286
999867749
278113392
342337933
1072838881
1070493298
835481561
1034371388
443380659
125387216
81431844
428715766
458804175
63975796
438158411
1010685340
738502779
599502715
551290183
469065280
307803515
748361773
840907177
530730890
147516696
1042550926
95697176
703879120
46523470
550211494
315443252
900008598
949923381
916639033
813601672
253192859
451576541
581114721
419806432
840884867
438603269
654230293
977796395
863082091
771322117
1047598285
956501272
865412961
1502895
806020036
686163711
423306944
1070418648
64376383
802593277
623977109
21984175
1044926930
790562213
369887610
57918682
24616591
350004535
974241546
260850066
979346267
361673972
1071816100
90231119
249060848
592654647
344303616
58532900
364716736
101611345
336915226
555361629
575402861
958925558
242359018
940859023
970475619
149739215
613310240
16099826
2311777
475859539
935514587
507406443
512272143
176344716
1010368329
844968443
39878784
228170897
105248938
573435341
538956818
928047003
83594918
1039015218
196482102
1041577435
641668442
111792655
411137464
835648894
545313716
226823711
1032321047
902211709
978355483
619162640
1037177091
894996439
437973194
18137527
573417961
6277239
688361662
6731174
589717273
250031175
203185949
47580249
944692895
558212454
748932458
959416575
793315855
806214955
1005773887
1009537024
1048202616
181739767
81782621
38233980
72468420
1022188607
515287337
1025905508
439210724
638900546
310777836
926941638
347178734
94464633
197527784
840100372
564825995
573897420
372466742
252504271
91705531
245764050
37249132
194829145
433847242
145276515
906108585
232252666
550913414
256713968
447356545
166659438
869090727
300729108
23268938
584021236
946074326
761317961
899051794
70802775
21988475
498339267
183125291
1036385059
209110656
1037991989
820787373
991569253
727434573
267928213
747930135
229392717
103394859
796403134
701962198
1007741588
86140237
515149306
241077492
277299209
955356489
636149285
936928893
999734021
453203572
749815496
9264758
107993907
185658388
186398229
1009489022
3436635
1016278826
275677183
769318601
778477787
833267604
2129349
606225990
1055123808
329839556
940163586
225963460
767632195
86382625
885867334
270763996
812157918
212608547
1071236650
104485624
946978287
133665492
250463546
93370250
883972890
864665910
978448805
501366889
51126689
255937682
658839997
661690158
12888464
1052618071
179234876
122226170
910132440
980022497
368651178
953202521
367710706
226495136
45265680
522438578
30927129
874374677
241146744
68039361
818012492
932009721
127597084
955284693
1049867381
1041547288
857674497
632901474
931421350
1072742853
214916619
498460289
446487300
236195822
932889926
803455580
958647426
73059513
676199438
840642045
283182820
351962580
208284612
682829732
785200125
978281913
240580678
877078991
344736941
799218171
568700196
438198449
513826920
215192317
104209258
1009121695
203311364
25388582
12784022
955035139
212608373
915424326
313900855
518793550
979390717
253010131
764614352
370281488
401731553
254135952
785495235
268323500
528816139
485401621
805456966
15649745
645292670
870761742
860484975
663666566
45416003
548231288
304380961
97642292
115282927
982816656
497661137
126142922
229452948
432974308
950277643
969924075
416979086
1042764669
975662168
691190627
682379083
123367282
608066059
57266144
471371137
7339873
1028992627
668924996
633243930
963064498
525393163
45987701
116197606
973348450
1015174507
373576274
20652341
831144628
751901544
201370311
895758952
641162121
561135644
757949660
847986383
773066871
421768525
495091955
693469409
270571901
566348955
444418894
735283733
187201306
709269716
753414791
180891304
938700141
475844946
223997443
330202523
197610648
293844408
23263897
315076580
227209818
418578215
963657132
424780345
194574721
1011202102
213019780
1069364977
918973001
294732423
500386140
873181387
684509414
825261318
736957092
476495145
923315386
119014558
462380895
670883093
164596794
870063045
703771840
1063615814
79379476
1064083240
937739657
218999494
887366802
1026642391
542246158
906886137
74656649
969297735
133296106
29459969
899388508
66582348
984786551
449273175
480905793
427203531
947679026
1025993878
935725822
21055339
794627335
508720427
89995446
439742610
625615335
629598382
1059757770
72877253
46582865
822354392
48273604
164594655
4010553
243482533
901366687
936806089
75509670
656984768
205647062
192051094
771789859
327988673
884388135
178280894
293341722
940923997
153693250
948183615
1054519885
472379075
714422890
662415019
241802322
38630439
607738283
30293668
973603972
1032467372
1056605564
791975527
190977225
990120403
852059867
69162632
962330896
20537577
906923394
276900264
935007854
839545795
647252272
357551303
298574625
785137383
588110487
961009820
985520549
587088032
247913989
517836222
281704510
720738741
369336184
136764810
522553544
1041373341
201956858
859290797
451196752
134428348
261085934
624407379
982739118
470495157
197980460
131517671
25958022
368929496
811046076
1040166020
932808209
153859560
484409708
97679335
791591641
437854916
516374305
465331100
412915760
536148929
923692826
563731584
21891548
862988306
701523046
420401149
832694178
103102515
150656860
30372984
468847774
609909149
770296504
135051535
478071917
949019455
390843340
75815652
1024827788
153081584
377396048
882467361
656466218
342871677
929839835
457988878
703948237
1062854004
151532861
183374979
78700186
995644151
245184639
754567943
520895671
139746959
183693815
356808075
723411431
935161393
948814935
755083089
242101705
342746245
877879667
501075355
1033537349
391249213
834269766
1070231176
127420011
883021665
383557334
232962518
457031010
51658149
926122184
33425779
189221985
1031474207
42680773
522534443
505552378
80867594
953011965
576987694
777032124
68119364
22989471
955137607
362096670
94288825
6696403
51155755
664374542
944622841
559162541
945677816
207908060
272831255
415845840
1031840139
13890850
208639538
312060414
795342589
922484194
183044950
908359991
727343578
541965056
5624052
603261103
946062398
809011083
221380980
1016908753
537342600
361345723
402008482
39857005
440825997
50541892
808014477
781734179
445374793
873435013
684793953
803314751
270001645
346752940
342270077
798320260
256933314
340006903
964328992
985062640
676479066
894465847
493034775
905889831
451964581
406959725
130993505
730700163
822937941
182320074
247944570
457109064
1066655042
839959360
95625852
88750379
196865308
1052872773
895042970
57982897
1006658269
50650034
143191832
895472048
11404986
154061764
368867740
796107575
806190647
3518921
1018405368
758901293
174462931
122522625
217310517
75252989
1058748628
390772623
144143207
983461482
373622792
935626050
759457474
876794754
71604128
508894182
924738508
755315712
338470426
810840081
167253453
645814238
100106674
75939661
28409113
370623492
802109689
149737719
864967437
902243682
370909758
738058909
1073550005
18924140
887647379
760542140
888187846
745649552
273243570
824790565
466606251
202931155
58380199
87510902
671956308
346174412
965700996
271480764
759467609
508686898
6681442
819535758
155439165
987552377
358906533
418366565
643695458
378233531
693912660
309065197
820305149
267041446
467023883
989674900
769741126
975968321
400569846
618246488
443986709
946957516
313774552
954431377
116694998
332814933
1068979088
484890914
313996945
841625655
690739956
1022866749
118758165
754844819
225757219
27487159
592430069
1005133562
102019812
930322089
165967307
1006661737
878551355
396555764
729708139
580830299
353026317
386574984
554400868
250221284
159530721
6526264
39206525
356877687
172161658
108399131
408483604
329004190
38632078
529623167
635478111
667782814
133971093
95301441
913814410
567242490
418304393
107431763
134884934
1001627934
47066158
419557035
279422142
913205779
952418625
560320103
743325868
203417709
940005049
1011139989
641145043
268367045
920053575
192205942
42665089
268031449
487513870
764419240
387205388
1059494925
887441430
190205272
878443625
937868640
1019406156
248760245
20142871
948866577
129925551
450526546
383171194
823205844
498732931
64400887
614147774
805087961
347574550
933375433
1055538823
7039672
974062808
46521252
450154760
1047926090
151361665
779853604
251603917
41961399
204723198
747216376
963152508
463462920
952803114
1024407713
1011063711
1054917558
844552262
985523220
694629354
999838602
383493233
81210098
68238286
223855615
926107246
531835877
228416589
136622661
763710768
1060714839
931686840
866564187
668170998
519121650
809710917
194758076
267537769
787015311
444682547
110314835
1047309180
1045619306
748324954
991454260
891842307
701911263
267884494
223449158
813489533
553381217
384597771
969005404
260067131
285281144
183711999
950691782
74682811
940810481
499484145
691885444
274299457
448919991
1063128200
360599799
813843468
583571177
476037191
339913310
906178633
806856607
40573662
265875200
947851098
109134239
475397011
792596885
77032818
1042287278
1010860288
206819434
576312781
138515472
713187466
960015882
958203234
294337022
864421054
639436493
444699725
18076682
807919196
657025643
665064705
77609050
1004234657
840805161
40741410
90323899
695748058
282882004
623087577
942051467
1044573878
863322409
158946767
481625357
255254319
808226543
946530008
997248944
38136662
374801166
151893578
50954513
1053975292
402596566
791488051
670012584
414091571
988759406
851972781
271291882
123343146
1042691607
1011179182
31924284
1012133708
190838798
173516411
226393515
673528383
168356207
200388271
220828513
864506500
599638107
980110386
638941590
851686883
576618784
122421238
712951927
627323305
690562364
242984874
257540501
275326580
840527190
646775537
293277842
144557077
549823485
13247350
201910525
260476508
489907431
755994736
421627330
1028417474
255963618
434243261
113077707
1056336809
366107034
285344446
42493963
1066911900
108846424
422127054
597864540
1069370422
765949181
60847224
1055145959
1052989216
526628346
119454027
353765876
66076669
908015907
378253259
952165450
26817348
653069509
695993333
106049154
19537734
879602025
507107149
690743996
146608679
1029509790
877891721
935511157
58610900
402850632
74634518
570226723
1035165360
65684255
358610811
907852798
363831736
1069223097
896246129
96957904
835276979
885913434
12255808
2453987
3768849
86353247
13156343
616829075
618167882
932821187
500535538
636810568
38125229
947722531
780323659
769653541
93104998
129300464
237390323
826633886
383490364
953676722
114400131
936825740
130659296
661538250
624772567
92885787
162716596
112773197
905610984
993583374
994504970
495059359
983212095
439381956
922075410
252010499
272569665
846675676
727462595
900814823
983269453
253613963
106563688
72069152
990031126
754531134
470243386
54336749
89020641
688959756
305026635
722688098
234779591
987075126
114497680
40636261
283216022
103719209
14341882
973452022
982477627
25452298
973012952
295542453
239200819
985961711
108442685
501614488
85959553
1073536295
859085664
1013575558
502586395
783180492
927338337
456150854
899904828
520128580
426208272
611661566
1035095220
1008305991
37567553
76265974
861263218
244550163
772009719
301681812
232038643
366553570
563387209
247355926
165775260
64660154
148457071
428887519
190461177
787467986
845347819
251677961
905276593
38354124
38157655
888428003
27577665
767582636
205924685
796054616
541763976
16002484
422209225
923326791
406979794
924231123
631988732
1020778141
489967106
681630729
648287666
79699653
513449177
986182313
600191661
310634494
1071770659
142681270
18214897
1036703525
993029527
150425604
600873837
861626624
756036261
333449550
66296051
842803173
761341606
1016301466
499442447
125764236
672033547
1027410772
465091380
557442776
802469640
107144590
471331785
653514529
942410873
1043229633
7211047
1048586994
880109265
209030634
1045830638
250554322
1025819947
40151651
840601915
716923521
268409209
1061901400
581819426
966495258
886080898
50047580
871243130
1057778557
20298078
83513556
719989901
818103403
832312090
788215429
161304792
21700036
623702392
102892577
756792896
310796149
953811408
262460784
398979547
566882581
419048283
237802888
131128633
1049408062
47830319
98219770
1051186783
178978124
809140902
772789311
692068235
603542538
719136390
1051796641
1004659218
985922475
74730559
793402478
830274726
377422007
1052305624
387931207
695898669
418689639
681446906
111067679
420788488
1049494653
737274797
32629749
138509944
26141456
603171390
973759927
511067318
27360559
299178471
711874106
986451538
678768743
482923612
334386510
997974995
42582315
936868264
409149817
975281662
616411363
908147320
39618989
1056110953
153994404
240171019
552107580
914516888
258570585
876299630
521617720
827413273
911800090
1003370138
336689935
798558700
810610069
712399330
128144800
240990844
667279555
94069067
486913460
305881950
790046876
77473730
395830737
446764450
965839388
676792835
315878866
142417712
825368921
676446875
196403574
192976561
52281144
454370290
358681238
1005104447
668456366
737963943
112391280
105857863
584929442
819944645
592897947
610295903
8216052
221231120
57536017
264315342
600454091
224862173
931894560
1040255740
228529414
961940879
112511456
313310848
938654493
304443405
269319429
429397307
984878960
418592760
501534775
1043359752
606731903
451294143
959030871
243719213
55396079
984681089
786011784
1009883703
843166986
80083260
705908429
446853680
234465287
331240001
87776234
75589803
677577881
619517304
520522550
101032276
96602613
115266855
121629504
1009640446
170386779
293972598
371158047
538300197
990357203
85640930
1008543775
76189589
574245379
605605691
415392778
648749795
1003358854
327389212
555932662
976071829
647021597
695221522
1044760977
610578293
256235376
247038910
954237328
64724914
323274033
902446958
889410243
649885829
194020253
116783098
835586465
971578096
87173129
320693350
1011567572
411516412
932767923
3970270
99477015
192125987
333064124
799768031
1070943311
778202149
21522763
473263727
997410023
842674388
73757016
223154442
269646613
73128493
559799407
801602816
998246313
672234149
131569543
20742484
101845414
132020361
653289902
285939362
947141348
457873127
