11068
7895
15171
14094
12800
6461
4911
10202
4381
3251
11004
16380
8287
4311
7791
9388
14469
12331
7494
2356
3227
1819
158
13646
1420
12682
12679
12901
39
1204
4444
12766
11281
13520
6955
14501
4428
32
4957
11644
174
8653
6420
11724
4698
948
1716
4087
3601
1397
14080
884
14872
12418
10330
10218
11760
972
3854
11499
3297
9617
841
15375
13622
9982
9493
7091
2562
14883
2498
14849
4237
8276
4670
11098
10896
3390
7840
16079
63
15587
4470
9047
1494
2447
1502
16250
13015
6348
1822
7200
923
10006
1638
8337
8150
4225
1148
13009
12855
11201
4129
671
13536
3997
11676
5228
3720
15906
6076
11456
11554
5257
3336
5261
2058
15746
5652
11702
4954
11600
1829
5168
4332
6320
14216
15437
5277
997
15648
4140
7007
3136
8952
8754
9720
967
217
5774
10022
8187
4605
9857
8454
5932
2936
10360
11523
11588
16196
12658
1450
5960
9226
12921
789
2501
8915
1313
5207
8400
87
9405
14488
15619
14320
7524
11637
15860
11350
12698
15766
3465
16046
2708
1928
13239
2708
13210
13831
2246
2220
10716
13730
14933
316
13494
3413
12914
11034
11905
4508
5080
13597
8272
11044
3919
8376
14803
5609
10182
8365
12361
8678
11336
16057
10972
8992
13000
10110
12382
10387
15534
6930
3221
3945
11139
11245
16077
16294
15262
858
5125
13311
14568
6667
5506
11735
12340
5540
5531
7370
2936
3957
1822
11114
5375
11370
1137
9547
8857
542
5082
15511
9038
2753
11765
12951
11653
5287
13315
7018
968
1023
11985
8649
8798
4998
11593
3111
406
7978
12121
7440
10977
1000
4215
2445
1466
9776
9580
9293
9020
6615
10007
562
9921
15227
15752
13404
12880
14475
14685
14116
767
12491
1310
5243
14772
830
3915
829
6721
6872
6658
11901
5900
6954
9097
7287
253
12563
1725
15356
1172
9453
13310
10384
10665
7476
3945
247
12717
8688
6389
14176
1373
13003
2359
2977
5342
2187
12857
1597
8798
13968
7617
9566
12197
16202
5809
7493
1250
12331
9482
9597
14964
4931
14034
6263
12391
12510
12664
13127
6678
9154
13570
8284
4348
11674
14124
10399
7524
1394
3391
9540
8212
4467
12128
8973
10243
1143
4653
3475
8014
12600
16209
5937
6916
2362
4501
7651
6266
14157
16335
158
14487
16079
13908
1288
16244
3917
7246
12649
12221
5217
1010
14546
2100
90
1392
8149
14761
6499
9197
1786
13497
3985
16287
12777
3419
16112
7411
5499
11116
10392
7826
6472
70
16072
2922
14903
10970
15647
7264
13802
15523
4914
1043
13220
2321
7127
5719
15786
14788
2561
9584
15507
13228
13913
11892
6059
8413
2273
10999
14535
15599
9346
13027
5132
10442
11945
9053
3622
6233
3077
14112
3045
6877
7656
7930
15356
8762
4801
9184
3876
10245
14053
1806
7855
11806
14210
14735
1998
12762
12956
5201
16100
2960
2522
10994
1803
474
265
3685
2231
1536
12705
12319
14696
3585
7788
7199
2729
12712
13589
14479
14234
6610
4407
3007
985
6019
6300
7311
11267
463
11302
3819
15724
4947
15734
7863
1918
6385
3131
294
9382
3827
6385
5567
5661
5383
9522
16081
6539
2643
15449
9571
9297
15388
11452
1773
3153
10071
6922
3037
14666
4280
438
3321
12426
9055
3298
10117
16373
7536
8412
6034
14930
14475
8076
11005
4208
5950
8584
3356
14302
12679
8080
8675
4239
13604
10014
7229
1695
8923
2848
2934
13139
2741
16025
8864
10551
4066
11461
8238
8398
12341
15714
6986
1382
11266
11186
11914
13027
9380
10261
7996
8447
12977
9319
7511
3703
8682
13227
15925
4417
16205
6001
133
4210
15696
7630
4163
10497
4146
3967
13033
11445
1684
6185
3106
430
1703
79
5296
10998
1520
6571
12947
5556
16005
5788
2031
12357
14164
15546
7574
16160
6546
9414
9960
11315
6861
14076
13240
6910
11762
5103
12922
8887
14238
3209
5620
11168
7121
15733
11631
9503
6889
8869
11887
3214
6103
10749
40
11075
3273
2749
11370
12153
5986
1724
529
9543
11719
15036
11137
3028
11396
3430
13436
8462
10944
11647
16033
5003
12323
10176
8735
3749
13430
12985
14263
7335
10761
1648
16102
12098
6783
6681
5647
281
2501
13845
11493
10978
682
15266
12633
7367
9872
8199
14362
781
8625
4149
11061
15888
5058
3241
2686
4985
10197
8299
5283
9039
3160
3291
2870
3127
6989
7575
12915
15282
5771
15813
6290
8289
7766
10538
6796
11204
199
6246
4682
12757
10348
9650
12820
5659
15249
832
13692
4018
67
6980
682
14217
627
12578
2540
9248
65
6229
3278
11068
3201
14890
14595
11816
10050
11636
8935
11631
15424
4132
12695
14662
4731
212
15864
7735
14307
3885
389
11568
13713
10013
8244
10289
4518
8979
4929
10516
3987
3723
1712
16184
5691
16282
6680
1136
13998
6456
3628
8822
2496
1593
2326
5033
2006
1452
33
9009
15925
7559
2184
15190
6815
714
1745
7652
8784
15053
7716
4748
8585
7965
14093
11279
3723
5831
352
15899
6932
16134
14292
8848
6972
4901
7481
15426
3378
8698
16357
7201
11742
16091
90
846
5318
15838
12515
15968
6099
8917
5684
15925
7748
14606
15357
15517
3404
14184
3434
14680
9909
11907
2071
4467
13510
11074
13583
2089
11336
6278
3544
14371
15560
16258
6775
9443
1759
404
15056
15684
11581
13895
12551
13902
8281
10212
16163
498
12232
7208
11853
12981
12451
14084
4983
8925
8407
12672
4488
58
229
8413
4779
7293
5336
13711
4550
8043
8487
3087
3204
13202
8770
8988
15440
2556
8878
2416
14265
5792
15218
13939
9573
9420
2560
1445
8836
11444
4426
5436
15715
1534
11951
11544
4307
11875
5217
7066
11906
1733
5605
8413
4229
5936
13570
11584
6895
6665
6246
6373
5094
8693
13873
4359
13490
14163
10558
13514
7751
15391
4369
9300
11354
16201
106
10468
8652
6085
11369
5186
7850
1852
14515
8886
11245
5663
6589
12216
6534
3508
9766
6455
16105
6805
7904
1498
9367
1856
8757
553
14754
8284
260
12749
13673
1436
774
554
10324
11350
15128
8013
6064
9237
15037
7539
4378
4457
10592
9644
9437
12190
7745
11322
855
440
14438
6152
9625
11996
3939
1868
13087
10394
8455
13586
7856
15779
2877
15920
397
6323
5949
14368
623
4779
682
3105
9466
8508
615
10216
12811
7966
14934
3868
7927
15124
5580
10647
14448
10263
3782
1195
10601
14283
8255
12506
600
6481
14027
11383
2421
8524
5124
4149
11244
9819
5531
2043
1501
12126
9942
4731
10884
12206
2443
15353
95
7562
11241
1040
13546
6976
1418
10819
1206
3207
552
13588
6654
10552
3488
15833
597
7627
7299
13569
5179
12639
9063
12989
13654
10064
9971
11270
3674
6062
5021
4516
11409
13086
14271
12566
10504
4632
7875
3226
2365
450
11005
8468
2620
7791
4005
1641
12552
12492
800
7220
10158
11919
1289
5420
14952
7625
3328
4052
6384
11678
8457
220
4062
12969
3921
8189
8571
13217
2535
7699
9556
11785
5144
612
4924
13494
11374
2073
5580
9738
829
14097
6560
12754
736
9054
15843
2588
12817
4472
9895
14169
6887
12405
1413
2215
13046
13043
6435
6876
9705
2956
2293
14555
13217
2904
7327
15021
3160
925
14342
2541
8355
2674
12942
4650
11154
14691
2542
5711
2382
7560
803
4362
13984
2020
3641
9049
6094
3436
14439
1141
12376
12983
9199
1539
8631
2949
2217
14021
16193
1998
11622
5311
1040
11123
3357
15135
10640
11738
5074
723
7416
4956
10620
747
4023
15419
2337
10127
13016
4647
2666
10099
12252
13524
13288
2931
12933
5803
1674
854
10563
14169
7418
6285
10245
12297
10518
9571
6957
2688
15910
1111
10092
7896
14893
6002
14034
9800
7017
9320
1508
16239
10595
7441
8520
14024
9020
8375
8083
16353
825
9385
923
10593
5300
1620
12751
12987
6086
524
6471
8585
422
4240
6341
12838
11719
11821
10189
5467
10918
7183
15676
9184
12069
11904
10919
16198
12312
15510
4248
13421
5781
10085
14133
8982
12599
16328
6385
5648
16154
16371
10222
492
11757
6593
5977
11789
13610
9685
13491
11075
13909
1078
7169
1472
12293
15836
6049
14242
15329
6029
10472
15358
11735
15051
8038
12241
6891
4757
8816
9302
3395
12001
8400
14374
10082
15495
490
15966
5047
2234
4855
14705
12142
6881
13042
14579
12019
4945
12488
3087
7909
4022
5449
12154
11096
8877
7849
12550
7687
13246
2041
12845
12388
14341
288
4619
3254
2249
1684
15016
61
10232
9622
5598
13401
2624
1223
13744
5164
7975
3676
14486
5342
16039
11087
3148
8305
16118
14211
6796
9014
9790
6882
5738
8004
14755
8087
13325
8888
9097
15798
14908
1642
2167
8417
14852
10479
6072
15604
1065
8428
10890
9434
2594
11126
6125
14213
2713
8187
9377
3402
11351
15163
11396
14203
28
4188
14005
6002
13855
10592
6420
5641
3399
1205
8102
10666
1637
1455
637
5690
1358
15966
1468
8660
862
3655
4527
2473
14299
13353
8245
15041
10248
9233
7156
11192
5914
6543
5404
12727
9993
13335
11778
3740
13413
0
5283
5022
9005
9887
13214
3573
14770
11150
2698
2969
7358
15840
5043
6834
6339
15044
14903
4795
3992
4227
3416
2003
13738
14462
14881
2661
1304
7344
13939
10387
11525
2634
13285
4204
15226
63
7053
5531
1090
16071
1318
13561
3810
1204
14120
10887
8909
1338
15241
1628
12459
15290
9407
5435
7246
15512
15349
12162
15490
4374
5610
6248
1733
6893
14548
250
1701
15948
5322
5146
5451
10132
397
10261
1065
13048
6306
916
3444
14396
2917
7993
15999
849
10202
6525
6715
10168
13340
2242
10998
6069
10071
10433
9564
2645
3176
9650
9194
14992
526
1636
7977
7134
6816
3024
4592
5817
7102
4892
10757
6116
12416
14484
14582
12677
12637
12137
7354
14911
4000
8878
11959
10578
8108
8918
15419
13166
14795
6173
5277
3654
2469
8144
8647
15287
4529
14446
4610
15939
5121
9662
6842
15066
13640
11006
14841
7381
510
2121
22
11925
803
5401
1005
8763
14623
8267
14284
5887
1028
15763
16024
12491
9779
11605
14724
15379
4049
16042
13326
10645
3898
198
365
12425
2280
15671
5883
9128
16199
988
14093
2867
4268
3833
5018
15788
2195
5600
13388
5263
11058
6298
113
2810
834
10730
6802
2996
8223
7271
3957
5049
2600
15291
5807
2487
4256
10959
4262
5031
412
8414
597
3805
10252
4829
14688
10455
8064
4209
11807
317
819
4268
9442
5243
7239
15508
8918
6816
8829
13879
6621
6545
13146
3232
15555
12146
8323
12376
14118
11229
4743
8616
8191
2112
7507
15730
626
13979
10496
859
6913
13305
5140
1445
10875
13174
9265
12643
1268
9588
3428
4230
16269
3490
3792
3046
10981
8167
1297
10628
11495
6046
4481
14227
9761
10132
2488
8938
11618
14460
1727
10514
5566
2092
6234
1581
12754
13461
1573
13524
2916
7734
5183
9513
951
10998
16040
11632
9639
6645
14218
4117
6438
12952
7335
4945
1659
8634
12901
15904
61
12729
10028
12172
2958
2203
3607
11929
839
6031
14247
15562
1338
13954
9422
9849
3000
1878
3148
13873
8000
9043
12738
13743
7728
1806
15052
10124
5005
1661
16024
10973
15163
12334
11842
3940
15755
6208
8568
12436
3326
14016
432
16313
6188
13016
6323
6835
3740
3190
14770
12132
5064
7192
264
1570
6913
5474
16216
6755
8023
1349
11234
8996
11584
2792
2347
7870
191
12110
9149
4919
259
5262
5076
1851
2515
9630
4716
6514
12319
2207
14092
7208
1163
3299
9493
4332
3450
690
7251
8237
5684
9520
7536
5655
9105
525
2288
7194
9980
5322
8803
14733
6433
10730
2015
8501
316
5210
14052
6240
14655
5198
10456
6041
2085
14557
12069
9051
7437
7410
5362
89
5339
14443
8768
912
6557
8209
6780
6700
9886
15610
15579
16200
8209
11935
11141
7771
4680
935
4672
12343
9112
11217
15482
2272
13243
2738
9681
7420
13356
5694
6424
353
12522
13066
260
1950
7283
16350
9432
7745
203
3983
538
12110
8900
534
5346
15813
10035
459
15479
14346
10973
14398
8950
1423
12012
9877
4826
1167
13559
7500
1595
12007
3071
1528
15364
10399
15443
7544
2920
4484
13781
11460
5554
11952
13381
13970
3502
6660
7492
9814
13649
13725
7782
12648
6577
13732
2679
6297
11344
10054
5724
2881
12835
10007
13833
15214
9568
1484
13854
2231
2759
6888
1825
4716
15164
10901
541
7429
14357
11348
11944
12523
15389
15773
2929
12185
10497
12598
12667
14581
15363
12137
4263
6387
11069
10071
8936
13394
6876
13133
14683
14457
7868
5731
11557
666
5236
3215
3058
3255
15738
8486
10212
9087
13149
8295
14094
10487
10052
15456
16066
15618
3647
657
5262
5197
9146
10027
6190
1308
2301
2669
10842
1730
7153
7129
3135
441
7358
257
9585
9981
4592
8862
13923
13893
11326
2048
8157
9520
12660
4762
2026
16180
1768
9504
13117
6591
6232
8657
9720
1561
11819
7160
16209
14742
12539
4658
9779
6388
1951
6678
13259
12792
532
30
12913
13706
14764
7469
6541
5865
9833
9946
8732
9698
13567
320
3301
905
4052
10856
5683
5328
12585
9419
5313
10148
6639
9958
16135
2323
10182
8074
1531
10713
16382
11638
9901
12618
8904
1016
9134
6845
14725
13002
2818
15653
4426
14833
14174
1601
1261
2346
3971
9256
4415
9814
14446
14276
1840
1323
12134
11880
15913
7409
4013
7711
11951
13887
15337
11787
11148
14057
8819
7036
7371
4262
380
5626
6953
1095
4437
4860
5312
826
2724
2411
6662
14969
5138
15856
4190
2966
2655
4996
13966
12576
8644
14444
14188
14216
8429
589
1429
5881
8721
6480
5080
7989
12687
11603
7621
1701
14194
13324
7707
8990
15078
2385
15483
5709
9583
7087
2416
3112
12153
15616
15529
3871
2717
7760
1699
11274
13852
6971
9969
8327
2716
3365
68
2516
6260
8907
6345
12511
9352
3075
5878
6886
2043
4987
6521
4819
1429
12163
11935
15363
4339
3276
4215
12255
15717
14012
10288
9821
20
12359
6469
11186
2209
7767
12379
11962
14434
13500
4075
1613
15910
9358
12863
10062
3357
8724
14192
8794
14781
14167
14169
5410
1464
11341
11522
6239
3266
8178
5379
12063
13969
2182
8324
14556
6739
6104
2008
10948
3458
4937
11702
13026
12399
5346
8731
12135
15962
2831
15073
9992
1172
13255
14566
11159
9864
10717
8139
5895
1460
8150
7906
3156
1970
10281
16216
2636
11759
10861
6975
1652
3884
10183
6710
2301
16336
11969
13956
14252
3742
5437
14263
336
1578
3583
8455
7207
3775
10901
3770
13241
12896
16136
7614
8083
7630
1542
13711
3608
11728
4621
5715
7770
4725
7453
11408
1172
5265
7248
6242
11580
2392
5046
10335
6167
13314
15916
1098
1235
15559
1898
14190
10000
11266
14718
9861
14940
1624
10338
12081
10981
12304
6752
14620
3026
13119
959
13227
10825
14962
12465
7399
1230
13833
5775
7103
6512
11772
11138
3010
8281
13806
7943
11053
4968
12353
2374
5800
3264
69
11795
16349
8465
4593
4055
16213
11252
1868
5706
2297
8323
10562
12572
10916
4987
12781
8936
1425
12626
715
9257
198
14748
14110
2669
1177
4594
3555
8292
10105
5679
5631
5416
10611
3478
4945
8765
14248
2986
8932
10053
8108
2177
11574
5993
9022
7883
16371
5602
6774
11235
12796
8125
3535
14303
97
886
9129
8552
10587
7830
3578
925
6981
3641
1875
2077
1852
8654
11740
7119
8646
15513
8321
15193
12396
8100
8437
11917
15181
4115
15196
1732
5081
7311
4455
4650
5477
14024
400
5439
9995
204
10739
9902
4163
11640
949
11952
15346
5229
2393
1360
16370
6074
7213
13267
13758
10911
4776
14185
10875
7241
13845
7307
440
2545
9024
8619
12217
5582
6887
14569
8047
3496
9918
10215
6334
141
7464
9359
15585
14777
4455
4811
15505
8903
3076
14466
12764
4136
13665
15119
11812
2965
14498
13432
10149
11179
12817
2187
5474
775
13231
9475
1051
7944
7003
16020
10609
1606
11172
14848
14501
7329
11288
14824
4628
11978
5124
6154
8808
8211
3038
13395
1969
3272
16270
5878
10059
6024
3464
1436
15881
201
8127
2045
14444
10285
2841
13298
1355
6073
13374
9044
9337
5359
11375
4290
10484
4565
5808
14224
6502
9520
494
1290
15868
336
3448
3166
8614
9202
10973
15554
14889
3488
11709
13674
11480
15680
7550
9612
4168
3085
14145
8380
15333
13872
492
9352
15123
10703
8665
14438
16360
14028
15806
8106
1650
6087
1894
13212
13335
12244
8561
14593
11075
7122
14460
13128
4789
8314
12324
11383
1871
1061
355
10252
10629
11041
12029
4993
1749
9778
1308
4647
9062
9790
16136
8569
9328
13219
16024
12767
8518
12959
14496
9155
5588
7284
5631
13387
2018
1438
7115
4404
14602
15304
3885
13384
7335
3772
8108
1377
1761
13984
3011
14903
5071
12599
8660
4421
12168
767
9502
673
4425
432
964
10419
571
2623
5241
15589
12254
2935
11314
8977
10238
4524
2786
8390
11372
8024
13280
5900
4535
14278
1750
12413
14860
3440
259
12908
1108
1013
3824
16278
51
13641
16249
224
8673
2734
1927
1905
15246
6248
15136
10151
15386
6168
1556
15012
10734
13724
2834
14401
6688
11936
4165
5414
5684
2070
8147
10454
10812
1849
5087
13444
15113
10900
8232
6799
15294
4442
11522
14499
16136
16010
11380
246
12894
15946
12732
14479
15832
4994
10138
9984
583
15038
11781
3499
13881
2041
10485
8285
14371
3952
13821
13283
6310
14953
12768
4625
2035
8076
13827
11068
12132
3082
10900
12945
14463
11237
15483
8768
3666
2704
1568
8328
10719
3727
14910
2472
5082
8073
3502
1664
15951
7615
7700
4869
5345
10632
12223
6386
718
7587
14629
11816
13485
3516
2443
15051
11222
1529
14941
5981
2880
14287
7921
10165
15510
2418
5274
13607
10464
2520
10205
12193
5878
7493
11278
5881
6592
14855
4596
1607
9223
12402
9340
12226
13506
855
8840
7920
3959
7747
8268
8191
1309
10375
11880
9873
540
9190
9469
14463
1160
405
10549
11741
7430
4711
14773
9077
12319
7739
8236
8437
11579
1493
11408
15015
7703
13332
8449
12935
509
12933
515
5630
7057
3258
12170
16034
3578
11425
5770
5845
7200
10766
1447
3850
7193
15099
10721
4167
12268
10687
12237
8921
81
7092
5218
15935
15653
4049
1707
1513
14839
26
3124
10305
7869
9346
7396
10902
1571
3159
10430
11529
4921
10402
5457
7169
11414
2386
8264
11291
5374
14056
9935
15825
8420
6002
15272
5206
13342
2273
14590
15747
1688
307
9623
11990
14893
964
3488
11393
16182
12439
1524
253
10342
5944
12690
7866
14100
12617
2815
10935
4336
6763
4293
10087
6607
9051
1002
10767
5711
8625
13097
5873
2937
456
2765
4648
7556
2135
3944
3312
2021
13005
3591
12314
501
11995
8360
7646
8929
954
13404
13581
9887
12401
11592
12635
13189
11587
15345
13237
6087
3837
8196
12758
1958
12511
3134
13283
6033
2563
8343
10016
1481
4277
13540
12253
13958
10488
13782
2470
4082
5090
11252
3764
2432
12487
2258
13384
5525
5977
4869
12673
5520
5788
10331
5924
4356
15177
11008
7553
11675
2699
5664
3873
1318
12299
5556
10301
7234
14915
7454
5983
12339
3767
16309
2803
2191
11277
8397
5946
921
1975
1802
9634
3350
5626
6509
3491
9567
13701
14844
4616
1222
2151
11525
12553
12985
1338
9034
12333
5039
2111
7142
6207
13692
3301
2578
9906
6716
7628
11529
2498
8340
14482
7251
8151
603
7359
423
136
7449
879
4590
11612
9669
1658
744
5311
10272
11605
1596
15031
2168
4719
15260
10547
9364
12451
416
12003
15591
3592
1754
1558
9829
14844
11534
10110
6253
4084
1457
13971
15680
10369
3964
2749
8493
6359
7820
2099
13819
3964
5561
14214
2595
16309
11098
1636
11492
15160
10021
11065
6242
14791
3870
10600
15608
12297
13629
2258
7242
13075
4041
3567
14540
1411
3154
15995
1669
3952
12399
7293
5439
4179
6422
15654
747
3911
8329
2945
1368
7697
4656
13598
14904
9483
1929
3439
6624
648
14502
11050
13276
14045
11523
4164
589
2107
10835
11010
9875
15913
6387
10716
5977
12174
8279
808
15409
5217
5186
11453
5644
4536
12050
6046
12049
15581
10436
6274
7767
13569
87
13964
5683
16284
1878
14685
11793
7565
2900
10778
10965
1239
5037
12381
15212
7671
11683
4872
8180
16078
5779
409
4210
8984
13551
15735
2598
7511
8566
13135
845
11196
8381
916
2215
464
5925
3460
4440
15030
10873
4321
384
11067
8010
15305
6303
6022
8810
5133
2487
16226
12896
10536
1873
6603
7049
12226
15237
14123
15356
6119
2455
10454
14060
5946
5744
11677
1115
4672
3368
4168
5013
10177
5059
4453
3623
7294
11789
8050
710
7396
11017
11639
9943
5690
5214
9167
4125
11574
1269
11678
12520
3006
15521
10962
11874
13839
284
1411
6036
2134
16349
3268
15695
15024
12770
1188
8804
8842
14141
13545
13823
6818
795
2063
10816
374
12523
11351
12007
16144
12966
13093
16037
5394
6243
13124
9707
1523
8143
8892
16324
11291
11022
7951
15131
5122
9067
11534
9168
10984
5208
9354
12617
7966
13468
12828
14084
5864
10035
8475
6222
4350
9945
15733
4104
15409
13161
14703
5120
2221
13410
13634
12423
12390
8188
14016
16367
3515
13672
825
7030
14680
9611
5214
5231
14294
12641
7053
11192
1644
8750
12120
6469
11362
11686
11148
7913
7335
80
9062
9084
2399
11027
5939
232
6642
4241
7060
694
1633
12718
4369
10053
2664
6297
14382
1816
4469
15166
14984
5409
16047
6452
823
5313
15122
8176
8481
14668
11313
15637
9407
8508
13671
10525
8739
12181
6482
12721
560
14604
14453
5295
16098
4053
12626
1590
1234
15911
13917
4282
11024
4071
13858
4741
12906
15559
544
8452
9889
3407
7260
2558
3980
13207
12624
605
5572
11304
955
16082
2818
2013
2813
6127
12003
2213
15406
4661
13240
12179
1531
13952
9953
14798
252
9799
14386
11182
10557
2468
14056
11957
2061
6680
4411
5946
14211
15314
15145
2250
14778
14310
15443
1990
15581
12583
6330
12767
5596
10087
2927
11419
13562
12753
5839
15016
12788
7258
13784
7349
3506
4080
1753
15334
5028
2846
14249
6830
6773
4511
12985
8547
11103
13418
5444
13461
9636
8239
12205
6164
9373
11192
5757
9398
7689
4394
377
6336
4197
12286
2187
2507
2751
9461
12054
456
11614
10476
11894
2425
7154
6547
5400
14434
4190
2253
4515
15736
3702
1611
762
6975
12666
3265
7588
6269
4356
9072
15439
9123
6206
2091
2722
1461
3689
5906
14110
12099
13320
15830
11557
10677
1384
5787
11213
1356
14322
10557
9235
4905
6034
5576
12495
8854
9507
9475
16201
16284
10891
15181
2470
3248
3856
7532
4317
16330
4538
11108
4213
4487
14320
12725
8755
10039
7295
14177
12893
5316
306
8111
15448
3975
7639
3373
5932
3689
7067
4437
5924
13043
12386
12806
11636
9971
4625
12413
1665
9378
2929
14563
11591
234
3504
14078
8642
2839
11909
9320
49
14518
7220
10717
7790
10420
8885
12397
8392
1769
12356
14394
14332
9669
6349
11501
3776
3055
5240
15045
1419
3659
12512
12042
9471
11308
1885
5936
4529
5130
10621
13333
2747
14555
8120
13343
9598
2258
1471
10777
3679
7081
6912
3158
13571
4697
2484
3341
15713
6769
4973
15182
1506
12027
6551
9916
6077
7019
2254
15652
6608
1539
9541
7395
3370
13935
13255
13450
5265
12862
8197
7315
12525
1500
6744
4466
4534
11806
4279
5138
5230
14789
12850
10724
11203
900
11628
5542
13088
2615
7353
5528
12687
11312
1492
4585
3480
7190
5321
9570
9952
11020
4474
989
3394
14897
6215
1879
12865
3395
16256
3520
4392
10464
15580
15909
9043
13619
13416
11119
7337
2839
5011
11718
3774
4691
15341
14837
1059
11536
14517
2180
15967
11269
14873
12384
8063
5420
5802
13127
1246
3837
6474
12541
4484
6946
9377
729
15958
13362
10535
10950
6929
12157
10880
4632
8450
7290
4478
15761
10316
2984
13417
1561
14171
4392
10872
5083
5745
13226
14666
247
7746
557
4232
16005
3239
1070
10573
7447
4620
592
2908
2959
13887
14954
10626
14024
4199
6263
1341
5730
16011
288
8453
3509
2231
4851
1347
14138
12890
6183
3240
7327
9577
757
15411
1679
11578
13169
4350
3102
8057
12319
1710
7766
2020
3365
4148
4354
11922
5780
12167
7869
8002
1642
1125
659
12447
3137
10923
12968
12625
3759
12284
8405
3818
14293
6013
4766
12736
16033
7357
25
12114
11172
14803
7168
3699
12675
3515
353
13906
1734
210
9776
12750
2656
14812
12819
9821
6236
13081
14929
14789
9475
15640
5953
46
10364
10738
5610
1108
7696
2318
7559
12577
9848
9845
1090
2080
16106
5085
3754
7086
807
8795
4517
9475
2279
1950
1124
12396
4934
8499
2769
12528
4510
9662
5868
8922
7766
1669
8186
12576
202
3951
5995
118859
119271
10388
127807
9930
116635
4803
119423
5859
119629
120518
16246
129102
117802
397
126221
129789
12194
127932
2255
15406
118182
7172
130335
2801
5882
1970
124257
123462
120176
126386
116935
116455
2660
129418
118287
116804
9580
6515
4557
122270
124194
10247
6637
9940
11160
7401
119049
118069
126618
1169
3611
124612
126117
14160
8227
123595
126300
1981
10119
115623
5757
3816
118835
5597
122217
11778
130369
8710
4519
126776
128228
16174
5812
1176
9936
119582
13423
5366
114933
118097
11731
118916
10587
4482
126374
127445
12531
15707
9840
117140
1438
128427
8302
3762
15479
14681
7809
1052
13618
2562
5927
117943
127513
118626
2098
119641
672
14699
126836
127000
129622
3833
130874
130731
282
120265
6726
176
128201
118259
118499
12575
127777
5559
7363
115812
14626
127556
6636
16358
115639
14030
117490
116822
2238
14587
2112
126885
4497
4324
15750
3438
9656
119881
121871
209
126657
115440
118867
130701
125612
129434
13320
121559
6211
6322
128765
124568
15663
119989
15967
7960
122921
16367
7611
130211
123140
117424
15937
16107
4666
7416
10795
126688
130609
126832
6890
129654
121275
123648
11568
1508
11424
119611
123473
124507
5962
1871
117064
123631
116986
125672
1048
2268
120359
12458
2524
123177
12335
1708
127647
122088
121633
1243
14070
119062
126565
125790
124813
116790
127344
7555
11940
123434
8948
130834
129726
880
120168
14985
10395
124507
6280
118052
2635
116988
121287
6740
121895
1827
118295
3617
123002
13618
117863
126203
9449
115914
9949
13792
11857
123562
120400
3737
118129
3605
121927
12074
118387
123368
124347
8478
10243
117230
127241
120560
2058
14199
5702
3395
120707
2714
128996
8909
121732
120887
2685
130731
10798
121364
14615
120351
119415
4643
121959
120612
8282
119713
125144
14457
125283
115295
120914
5830
122024
124080
117654
127939
12505
7637
127627
345
11070
130789
130977
14560
126281
15194
122647
119097
127324
116250
127883
126454
119197
14198
12527
2657
118511
12752
116427
7973
120353
2182
10182
129279
12930
10082
129262
116497
6468
14166
11127
15639
14618
6439
125005
1231
122186
7874
115087
123952
119807
124226
323
11024
6430
11878
130683
12100
9942
117901
119126
1047
128309
118596
118641
7271
14758
1265
124375
14550
130608
129137
15191
118153
128277
119599
10840
3168
115190
13205
116246
118988
124003
124526
125960
121802
7511
7883
128602
15517
120874
119617
9342
125550
511
125325
5149
120113
5450
130423
15401
13428
127715
115394
120879
9592
8561
125929
15048
117355
9090
125324
12972
123637
118010
13713
124859
14232
12667
12734
119478
12712
16241
7771
121826
1996
579
3578
123168
130582
15783
120824
118796
16350
15479
125175
3854
130946
123266
120181
115257
120433
120208
10197
930
122232
130856
116953
5179
118120
117934
129508
3758
120578
5193
8639
116601
4006
8669
129965
15234
129704
8814
115572
123612
115707
10006
2346
123566
9722
14456
115599
128427
129863
127870
7316
2516
130066
12778
115119
8045
11748
129542
115643
10445
120844
116789
2830
9929
115375
121899
130729
116830
122408
122282
130565
5652
13872
129025
116519
925
128564
130907
1594
13236
3153
1442
5588
14445
126538
1258
5459
7681
119728
1192
123401
118430
3581
127288
117680
2430
127062
10495
130163
127422
8190
129920
163
116959
14361
15076
118490
128642
116020
4295
8160
10316
125332
4608
127473
9534
121070
14631
3729
117641
6884
127139
128557
125987
127176
117512
4059
520
130566
128194
13700
10488
119589
116061
117495
122930
114905
7686
125747
123672
20
8624
3146
11050
11635
123318
128061
11983
7618
128212
126319
10174
165
12727
126533
9373
122573
8658
10578
125334
14217
127645
8327
10702
11506
13077
8345
128687
11671
119145
127952
15090
115114
130924
15315
124590
126959
129198
123224
6767
4183
5777
126879
2360
130506
115422
11342
5922
15769
9511
125013
16073
116806
115741
2008
10215
12659
115104
2903
8405
123810
4411
5322
119917
127020
122031
8270
7440
124293
11349
120729
123876
128827
117660
13461
124882
249
119888
126623
4754
124060
616
115868
11915
11533
9320
11154
9717
117636
128079
115368
115622
117084
128302
127913
129587
128142
4928
11206
123641
120778
15202
124625
8918
13670
125856
14077
8091
12365
122683
121187
1096
4700
7845
4316
118959
1199
3797
12205
15727
116487
13192
6427
994
127858
15137
9448
122516
4449
130715
130995
117030
15170
1634
128405
4700
6461
7745
2007
120771
123712
130655
117566
116212
126234
14111
11142
130802
119947
126341
120897
129201
123722
129712
124501
117872
128375
124654
9911
125447
7441
124618
6943
6204
13192
120718
5587
12703
122396
118989
120673
8432
2642
119578
124427
7934
8415
5599
2349
121499
749
127456
129215
5248
10053
117880
130865
8982
2775
118648
6925
127129
120564
123582
124870
7833
122295
118445
1719
120930
2618
4308
125933
119076
116918
127307
130269
121880
1423
1435
115224
121880
11191
121458
10194
3604
123169
9957
3932
126733
16337
7404
15183
125804
114983
126895
15058
130615
9824
11388
12896
1072
3565
4009
8337
8205
121795
125190
119729
121856
15255
4779
3838
3107
12451
12424
127371
121348
2208
11329
1032
126088
5191
2342
14256
130594
3261
123857
117645
117186
124579
128479
116179
121370
126727
127038
15962
119919
124251
4039
736
15969
130443
2424
125086
15170
117804
2732
4016
117156
4846
12734
118361
124273
147
126822
10458
1644
11
2069
130631
122931
7962
128299
6772
3564
142
128516
116578
9000
124594
7699
124610
124404
3583
119375
126648
116133
120425
0
6543
123131
123673
123557
12206
124239
114948
6855
123604
117541
11522
116338
13085
116318
15044
12212
127115
127254
10117
9871
12435
2080
124486
10516
119052
3916
128505
130476
121177
130383
118207
3277
119374
124529
6511
120546
115737
4904
6768
117436
3041
3271
121025
128542
16359
6604
125956
742
11444
1683
128711
130750
124116
115268
12629
115030
15108
1699
118115
129624
12274
13205
2702
6784
14546
126993
119680
124906
127777
128922
121794
46
130454
125763
114793
1841
4382
117207
16324
8505
9283
118027
5029
121138
10242
115358
2887
11525
15369
3474
120307
14113
126236
122582
119011
117874
120278
124258
4233
126118
15768
9629
14951
602
7133
11930
117339
10121
117134
10916
121844
14972
123930
117321
5604
7958
8993
123207
12796
118054
119333
3152
7483
385
126830
14765
3686
16123
126287
127210
13290
129492
129222
12616
120950
5350
121879
124378
8410
130589
12806
1907
123292
117171
115982
128430
3405
816
12356
125870
6096
9827
114875
117620
129833
12622
5629
12342
1773
128541
4728
126833
114775
116118
12726
115971
129066
1360
117890
116242
6085
4990
126352
10989
115796
8330
117927
115040
12923
9767
4265
1140
128291
120364
13458
122693
119157
9817
3076
126527
16028
14099
128616
117155
12924
124112
1369
125782
6934
115321
620
117961
7041
9225
9550
10844
14983
121432
5570
9704
15283
122685
13581
15184
125978
12110
119687
128196
11857
1218
122974
642
1376
129236
4579
117141
119936
122395
2906
115332
118647
14241
117904
12022
2056
9963
126467
14578
124988
11396
125580
127654
129153
119747
13041
14167
117173
129196
127774
12429
126712
115131
128820
124712
8313
8160
12006
126514
127887
119006
836
11495
4000
124384
115356
118582
669
118627
126759
130195
13917
9939
4694
126861
114738
122353
126266
430
8136
116629
122041
1995
119399
118926
5797
2273
128177
6912
14720
119662
2272
2102
1880
5649
12641
119288
4689
122943
117285
128092
15162
124447
125763
126200
123418
127061
115098
126972
16203
122884
119248
122021
119910
347
128072
125076
4733
124449
120294
4443
119236
115934
7144
13491
127828
123896
124753
1946
3141
13513
118350
122794
130199
7959
12466
118310
124065
5003
130401
1496
6248
13742
14368
129027
7681
115035
958
115535
117860
16364
118269
127756
10593
308
116722
121544
8792
128775
116630
122574
119980
126979
127138
122711
114999
116361
126147
129167
120810
16074
10315
4747
3357
114857
118864
2599
2194
2216
13598
122078
121666
123929
7452
125624
121703
10901
120374
128135
123540
124951
115180
11686
120602
11946
14596
10909
1748
11006
8688
116912
12161
125198
116828
117816
124847
117040
4068
11122
7916
118885
116256
118069
4075
11751
115006
123115
123838
12099
13197
7564
8649
4756
7871
120784
130037
124261
7034
125925
125337
12809
11437
10250
3168
5877
123949
120963
114893
5034
12455
117504
15359
10697
6581
16282
121983
125990
15936
123758
8244
119905
6378
195
122698
260
13671
117224
130001
120335
117027
5133
124305
11386
4332
128032
131025
130120
11826
129740
117930
1723
128627
126021
126741
126779
6123
3698
124993
128857
12886
10078
128760
7113
115836
3302
59
6943
123429
11228
4412
10564
7277
123790
15911
121556
125718
119870
128536
4802
126008
12802
115081
123826
2009
127265
14282
4640
4574
122164
10640
730
12833
15272
698
124749
4969
12010
12210
129
5010
121016
4482
121471
13023
8268
1902
126123
116821
121708
129206
119638
129368
12162
13204
654
13251
122562
124157
7578
11389
124313
4558
644
10932
3321
126718
128843
5296
2521
126146
128064
118865
4127
130075
115087
7858
7055
122465
122756
116181
13546
14372
11402
127528
116807
118426
15446
11674
13839
6195
6307
117452
124046
1741
118974
116696
121573
127275
118329
125853
118617
115397
117773
127593
14160
124964
10728
125365
120988
12270
123258
129087
129324
126174
123229
115420
119157
13901
122637
124440
16067
122828
704
119154
2478
4790
127301
121989
1711
125299
3780
7416
119084
9979
122304
119818
6230
115732
120166
127708
117587
6193
119999
9822
13336
9571
116687
123394
119356
118066
127246
123032
125874
120761
8703
123824
118858
117877
118289
5876
3279
127621
3723
122644
116206
4449
128802
129990
127153
11797
115764
118635
128521
4639
8930
118418
5215
117763
127568
120254
120253
128809
2219
117683
11254
118220
6964
123583
114964
124365
15283
128866
5612
4649
121169
15573
123081
9574
123586
6603
115657
2665
8988
124185
15812
14372
123876
122030
117856
117310
119757
9530
120330
126144
129439
126120
5763
117622
127402
1660
13756
890
6409
126132
2047
123348
124426
128874
115466
123662
9443
126651
3229
4674
128788
6126
116042
10132
124284
11630
4441
2894
128697
7214
6164
7671
12764
2970
12103
121127
125366
3732
1093
126603
119419
120428
115728
120267
115588
127520
12472
14647
12785
1227
116337
127318
124777
116839
123038
120614
2659
14252
130615
9211
120767
13146
128389
16289
128139
118442
115829
7951
121194
114898
127620
6908
124083
11174
915
7021
6231
122790
119331
114726
125745
7813
128329
115023
127306
124320
9949
1119
13443
7695
10844
9357
8611
13807
123761
11067
127190
7584
9487
1645
121824
122053
2965
1339
129309
122688
13953
126823
121860
12755
116819
12058
13219
2105
161
121029
8262
9257
15440
118800
7258
1394
128745
122538
127532
129769
8208
128498
3188
1441
1792
115594
116981
2611
3069
128416
128522
127370
7704
1407
1959
13992
12771
15027
115311
15102
119915
123229
5192
130391
8140
4842
129107
115099
6884
117386
124667
128602
13597
117754
14175
122046
15026
118168
116740
10910
124409
122406
5995
1334
4668
116476
11067
2435
11779
122466
128580
3086
6961
7669
11984
118687
114763
124661
7720
126811
127359
16179
13126
4165
127302
14743
128998
9050
2379
982
117786
11789
8793
118656
3551
13543
14163
122034
13965
122030
15233
3850
9301
122062
129451
1001
2096
122372
1485
129640
122145
115895
121828
11366
6775
8969
6289
9118
3880
128105
2486
129073
12903
9295
2255
117656
119961
125902
241
127412
13019
128721
124732
12419
3497
121723
123770
12540
11742
10932
118695
130206
15022
120459
123970
11092
9042
115732
13707
123692
1091
8433
4275
126952
117469
129313
125062
128010
126332
1306
125329
125081
5999
118535
117237
125417
5364
7187
7052
128965
129549
7550
127275
1677
6346
126201
128010
125544
126065
6973
7846
122923
126495
4440
4172
5514
2492
6612
1790
3147
3480
4700
127528
124677
7390
127007
8078
123633
131014
1195
124985
124832
126570
2283
126452
130459
1865
4653
8009
6470
125871
126935
3880
130576
130771
127480
129806
124179
3754
130631
131031
6774
123982
6476
126401
129867
125958
5688
127500
2496
1832
1102
128339
3040
6933
368
126600
1985
128626
126485
5155
5372
2147
130543
124744
128279
129212
4678
1005
129405
4161
6239
5213
630
2510
1167
2374
5772
123823
2978
4027
127532
2703
5469
5528
125787
1680
4053
6542
125586
124344
123343
6766
6137
6703
129502
4298
128832
5272
4617
125467
129857
130874
124122
129589
420
6870
127857
5114
2291
5885
130033
125045
126260
130009
126316
80
127229
130504
1747
7715
6744
130351
6486
323
122999
4824
4193
3117
129413
130095
127573
123692
4904
124036
128421
6048
123122
113
126065
130868
4063
124238
126
2275
5183
3265
7793
131000
124049
4133
4815
5109
128480
130223
123642
130013
3865
6276
129524
7140
6189
6860
5381
6095
3018
123042
5955
4766
513
129668
128411
8155
125930
124807
127702
128183
2481
130920
127769
2535
130750
125860
7876
126216
126131
1138
407
4894
125426
5970
129508
126016
545
7746
1790
129155
4768
128304
6545
123854
3432
4140
129042
3693
2451
129656
5245
125114
126156
8061
124669
123817
6896
125753
128372
4594
6076
128773
126434
125526
125380
125280
5652
128222
127307
209
2728
4192
3429
7997
5542
4520
3584
124913
3014
4795
5523
126941
127237
129110
187
129124
127105
126007
5873
123606
127432
8045
125654
128649
125677
5087
124209
126996
5702
122931
127774
6165
8021
126398
2417
130534
3123
124359
3637
3729
1990
126299
7317
127287
7259
4496
2789
128524
5404
128089
6893
128400
5684
128606
126359
126306
125058
1660
124028
897
127831
5899
128136
130338
4335
878
658
127566
5051
128784
125339
125531
128658
213
127654
123513
125727
2319
127968
129858
124228
130168
5675
7788
125644
1100
127088
2701
123028
6163
127226
128262
127500
7189
3531
127773
128941
125442
4727
123197
1232
234
126384
5448
130702
2612
124453
7029
6656
5808
1847
125732
128490
7275
125099
126000
347
124084
129324
128795
6956
129587
2018
6761
130411
5578
399
1109
130906
4421
126038
123429
127264
130389
123765
123650
1515
123211
6113
7349
3345
130192
6047
806
3169
91
7182
125151
129936
129543
5719
123295
129237
128637
2369
130377
3100
6773
128855
126248
126504
124042
126493
129547
2766
126564
379
2823
6524
559
130318
1177
124825
8112
3013
944
126207
5557
2291
126162
129336
8117
130423
130786
129893
2922
6584
3341
123168
128197
128017
6019
124377
5137
6666
125170
126157
7734
5435
1101
124817
125467
130036
130736
130078
127689
6841
7212
129994
3899
130013
130148
125107
4629
3297
123625
1031
124121
127593
1096
4725
4476
128953
124022
127075
129822
520
215
7784
125154
124830
129211
127748
2483
130507
5368
130947
6809
126997
130521
7785
123414
6056
126140
965
127802
5124
2795
3256
124494
3377
7241
5694
5196
4838
7721
5255
123505
1947
125258
125522
125523
123909
130163
129878
129585
2019
4919
129114
7280
123849
1975
4345
5252
123567
669
127075
4597
127632
124569
124512
124077
123951
130518
124364
129383
123424
4028
125268
3862
7086
4861
122893
129745
939
7
130387
129837
123372
130772
124497
4841
129669
125600
129791
987
3279
4881
2
125207
1878
125249
7943
130655
5199
126355
129879
5518
123580
124212
123553
127711
1242
124052
626
124179
1153
128763
125098
2236
3551
6308
128001
6693
2658
4218
367
3315
2569
5929
123144
126944
127774
128793
4431
127795
129201
2455
123340
129477
7997
303
125254
128692
128348
3327
124359
126285
127119
2157
4105
1157
126079
7002
129088
3642
4864
3552
5752
2835
7711
7702
3979
7728
8190
125448
3719
128317
5823
520
2506
127050
5956
6837
6497
129759
1819
4179
124909
6513
2330
4048
122
2124
2860
126077
130108
129327
2889
7280
124567
129769
1983
4792
130400
126757
124503
3377
2821
126506
129650
6766
126556
123621
130862
1848
124652
126516
1077
130251
126639
123039
787
129321
122921
8099
2852
127400
127858
5792
125424
3576
130127
7930
125516
2497
129812
2261
4477
124310
127024
3958
126984
714
127016
4773
5136
6059
123593
127890
3741
129593
1709
130059
4219
7627
127131
123423
3689
126130
124555
8107
125010
3060
124082
128372
1189
6727
3513
130306
1092
6107
126900
125095
5876
6683
2860
124743
827
126914
83
125463
7945
130326
6896
131017
126678
127762
124963
127337
7832
124812
126522
126254
129359
124590
5228
2187
4501
126629
123527
124131
127750
128798
5405
126822
124195
3152
123271
124052
4483
130103
5270
126247
124508
130402
130348
2040
128917
5123
124182
7336
5025
6713
5755
4795
6142
5659
7293
5846
1096
124771
2715
2177
5479
6092
128701
7764
127362
130229
130281
123598
1377
2522
4014
828
3043
124864
5935
126274
2556
130743
124788
126893
4343
3180
126444
3938
904
2893
6531
7445
6726
3546
869
4924
125668
130722
127785
129426
126350
258
3817
6971
3258
123694
7262
3913
129074
5203
128036
124053
125636
227
130645
130955
128410
126040
128173
123771
128570
5656
123986
128026
7977
3296
402
3558
5826
124971
124520
3158
124250
2226
6331
4802
7399
7798
124424
124664
128320
123938
5780
6370
125446
7577
129503
130698
591
5876
131039
126729
126992
835
125775
130135
6121
6779
126014
1188
128609
796
6641
128265
129483
288
3167
8126
124618
3744
3014
1500
5228
3049
2117
124709
7109
1590
126056
3347
5386
129526
942
127910
123293
124120
13
488
3330
123460
2957
6643
453
130114
129481
129291
128881
126009
125350
1985
983
6547
3889
128285
128645
125477
130347
126571
3332
128085
3618
122970
4204
129503
7828
128314
3153
128063
128492
124433
6736
130815
127313
124164
5728
130288
127320
125550
130289
6528
5562
123382
3557
1795
6823
7145
4713
123817
1731
4122
128614
128345
127102
7789
6436
874
4160
2300
129164
126473
7153
127163
362
462
123162
437
128653
7440
1604
125834
126997
129903
49
4080
126044
1223
129400
2058
6577
123036
3260
5269
499
1451
2306
123871
7370
126097
6144
129122
6747
1505
3520
368
2234
125215
124262
123943
4771
128060
7169
123592
127425
1764
124344
128311
129236
3016
125680
125183
6511
128661
5282
6247
123730
7594
2959
125594
129261
5323
127157
129268
3985
3109
130272
7750
4541
1457
124246
124604
6154
125492
127402
123412
125244
124772
123119
129823
128669
127232
3530
8012
128570
4567
2414
6641
691
128114
126251
123211
6069
2073
2069
7836
4650
4517
124224
124670
6300
4699
130107
130253
805
4381
7852
5261
123748
6805
126860
128975
129912
1935
6424
44
3627
4671
4003
125320
7829
733
130441
129461
129243
125435
3140
2891
128485
8112
4655
6848
122978
127997
2801
5716
126342
127923
128854
737
4181
3896
6471
1410
129832
128312
127283
128106
5974
1610
1597
6279
5194
125683
128947
128268
126336
130987
123791
2198
124874
2055
4767
4340
128619
7672
4479
5410
126429
6492
126835
128610
124338
124620
2583
124002
2435
2485
126874
1262
1021
123407
7477
8039
3372
5985
5257
978
130473
130533
6905
126329
3999
124412
124301
127346
124701
127589
126485
126364
126588
4622
126726
128425
3068
3503
127219
129429
128364
3400
124149
7210
5864
6422
2636
125351
127653
124081
7982
124328
2538
124119
2099
7018
126769
127138
126118
127718
127159
129488
5285
125568
130882
126351
1618
7770
5684
4493
4878
7881
125208
125530
125478
4242
125108
128665
125821
4031
124653
123067
127303
129242
4809
130964
6419
459
129803
130307
128205
4175
129311
124498
3397
7980
6307
126600
129693
123718
131035
5350
124625
124164
6604
629
6450
2503
130433
129264
128205
5217
130728
7124
1811
3819
129523
130259
988
128054
1706
1719
130178
129953
129002
126175
2198
128854
7271
1715
3810
127830
110
2247
6191
5623
127016
123703
130029
124054
124515
128656
129381
127825
127092
129253
129175
122954
5409
6350
3776
3640
6875
8134
123086
124988
125311
3415
5486
7047
123555
127728
129126
4919
125702
126818
125529
124215
128818
128587
127740
6557
127945
7619
130256
2040
123280
6987
6965
7748
124094
3244
4300
130511
131016
123191
126362
124361
129716
123937
7686
127605
2012
100
128634
130666
128030
5199
413
123043
2208
1523
472
6199
123015
697
7868
128073
2625
6660
3869
129985
3972
1686
213
4986
2886
128076
7279
2618
130815
124227
128723
124928
1757
127259
122957
4827
129995
126001
128891
3163
125483
124069
6594
2053
126845
6976
3277
2290
124610
4107
124915
126323
128700
7186
7449
1879
73
4188
7862
128211
5376
123158
130627
123917
129774
2508
5326
130658
4708
3186
6381
124131
128420
1152
130262
223
125969
124729
129474
5887
2688
128883
126222
128053
4910
130574
129075
126858
5270
5584
6710
2185
130486
5410
126560
528
129814
6899
3190
126651
127715
126661
6260
123948
128753
126123
5234
124485
129215
7074
125416
126712
1250
126919
126815
2341
127802
131052
1193
124868
127319
7037
124525
127022
8087
128470
3873
122921
6197
127870
4212
123153
1605
130601
5949
274
7349
4258
5447
128141
3989
125201
126080
127612
124229
126208
124195
6769
128275
128602
4528
3835
4324
129652
7103
125494
519
130916
123429
1973
3946
128158
129089
5691
123788
124503
128039
1575
1710
6757
130613
127292
128330
5790
128549
129947
129386
130909
125767
130364
125940
126662
130679
1643
123099
7465
127927
124685
127779
123537
130398
131043
129709
128906
128961
4507
123546
123898
124982
826
123370
4417
130896
123665
3799
125794
128868
6476
900
130394
126409
5750
125676
7648
125116
3650
7754
3168
3962
127786
125403
123609
128808
125271
2576
126000
128772
5125
131047
2893
127418
5924
130711
6658
127999
7619
129868
127652
1371
123506
704
7384
127741
126229
128361
130763
6633
2083
124930
130214
126818
5935
4880
6282
125995
1460
127990
123102
1532
3624
6615
7122
130808
6037
6662
125099
4685
127053
6491
3373
7608
123736
126168
129459
127075
129975
125798
124380
125876
123244
125733
4259
128142
2185
3065
125467
126397
5229
129123
1698
123771
130189
127962
7151
129481
127767
125619
124689
125842
123138
6353
2123
4542
127339
1009
3692
125034
328
6215
123296
126683
130701
129162
472
6580
128250
128217
3985
1032
3858
126200
4308
123624
125094
123702
3525
126754
123567
1691
6294
2906
3033
6274
123067
126287
124083
3646
4037
130044
5211
3176
5144
888
5280
124445
125936
4315
7427
126756
126494
127017
123395
7558
123641
4576
124043
581
4473
129787
7514
2989
130499
129191
2892
126416
3706
126867
5393
6437
127417
123804
7516
126920
127699
4072
123297
3272
126230
125762
129495
123250
129659
125338
7676
123344
1038
5873
123436
124472
8152
6982
124928
129108
5905
127931
124791
3323
4139
124540
963
5864
461
2217
126015
128119
127501
1405
129990
683
129833
128050
125056
124259
126615
127230
6389
129989
124737
124980
7641
5082
123183
126318
4549
7354
127975
126185
4849
123373
128519
5233
2730
4447
3639
2885
130898
6020
129216
3198
1208
126241
125297
128657
2924
4325
1352
5754
124168
4857
5648
1725
2372
128683
4611
126525
127525
5249
2919
130574
2709
3300
127155
125411
4364
123423
5474
6753
123717
7618
2281
1288
128500
4465
124806
127127
1115
129070
6913
207
755
7410
130897
128588
5593
5173
123332
667
130332
130966
2001
126787
129027
5619
123122
126868
3009
130410
4511
128562
125917
2129
2641
3176
6024
130407
7608
2376
7793
123419
7
130803
123083
492
3547
3996
7389
7857
4026
1843
1167
121
129099
2649
1595
7563
125539
131067
125486
1777
6800
2269
128271
128057
3047
127354
130127
128792
1807
127413
647
2507
4288
129583
5252
6005
130039
127371
123981
124308
130845
127204
130634
3789
127378
4145
129023
127533
125778
127690
125563
3857
127426
8125
5516
7705
1190
125378
129203
8141
130791
125327
124276
5550
1133
5386
124483
128385
6999
130186
488
129261
124653
124829
124821
7355
126253
124239
2650
125677
5010
125047
123875
4217
4865
128476
123502
124151
1930
2900
5421
126933
6277
129438
125819
129912
3217
8039
5388
130153
4190
128439
126960
504
130931
130193
129058
5184
123729
122919
123560
4640
131022
3833
5627
545
5681
2746
127858
4763
2699
6301
129773
126439
123617
5850
1943
3935
4911
915
128349
130590
7265
1746
127748
124659
891
126169
126872
5560
331
129891
123073
127461
123451
2616
126926
128132
129440
123480
129957
5786
129267
6737
6106
129987
363
124932
110
7995
126548
123098
126950
7461
1979
4465
127381
3732
124081
6206
127733
126473
1996
4744
127654
4907
4356
2413
131056
1821
126934
2161
1369
1181
129637
129306
123292
123050
127501
1319
3374
1352
123094
1172
7742
6155
124651
1779
124393
126635
4111
124175
6623
129905
130415
6474
262
389
1495
130532
129048
130011
123509
124475
1639
4670
126841
3820
7272
3581
6383
130358
123770
1033
6086
7669
128481
7922
128535
891
123745
125011
130826
3109
4159
5487
5212
128832
4503
125318
6665
2130
943
128243
130360
7080
4723
124315
125097
130861
8065
4256
130245
6844
4650
3326
126527
123359
4461
125248
3134
4735
128656
3545
6557
124570
127314
5223
1081
2613
125682
125384
124725
2757
4512
3521
130267
130811
129523
125813
5200
3169
129455
6523
6319
7080
6512
1753
2935
5784
130530
4277
7302
130771
122944
122899
125795
129948
126307
5424
7419
8191
1210
130250
7972
3783
4840
6024
8128
130664
5010
127029
129913
129539
3386
128696
425
997
3935
130514
126822
3647
130303
3776
124460
4718
5595
5550
123326
2498
442
127224
6863
128464
6476
1288
130227
123083
956
6694
8070
4019
4309
5062
859
1111
7313
128110
130476
2246
4112
1706
6322
124927
129027
2681
125478
130521
123567
129542
124598
126007
127665
2610
793
125922
123675
130730
5590
126770
178
2316
6273
1680
127525
5047
1488
7056
130177
126543
123204
130140
128006
125987
1612
1234
6188
38
7367
127052
6278
123832
8097
124912
252
126052
5906
165
323
123176
7665
126308
124181
126583
126403
123998
129628
126752
620
123507
4090
123416
128060
2462
128977
7280
1023
126529
125812
123777
6633
4409
49
127104
128203
538
1199
2897
124135
7033
3890
127933
775
5099
2957
127364
129866
2353
967
7967
125976
4019
130800
2418
1293
124340
123669
2742
5298
128307
7917
1953
5360
128065
130914
123019
1840
127072
124287
4173
3364
128315
125031
123071
124553
380
4480
128406
1299
3183
127678
125685
575
6035
125925
130607
124001
129272
130820
126837
1802
6023
123261
7702
2870
128117
129929
130482
5888
1071
124133
125750
6849
129613
8031
124240
124879
3521
123224
7418
123282
129511
124101
5983
128970
129553
124765
4523
5439
127493
129575
4118
123075
3221
5303
2271
126784
128662
127696
123890
129397
125424
7636
128116
7637
128675
883
123406
128104
123816
1536
124040
7429
128363
127490
5690
418
125116
128461
125218
123818
3157
124344
129893
124398
126283
125765
2222
6448
5209
2979
127152
2726
124199
237
126329
6781
7773
126679
7963
129213
125516
130226
466
4802
6781
8038
1894
5074
676
2244
129237
126286
127395
123997
4286
1319
129514
131047
1987
127101
128123
6439
5173
130295
122986
3890
6217
123505
5890
7959
124114
1507
124936
130488
962
2246
127259
127668
125435
679
1025
1816
2076
5429
130651
129976
123690
128539
124735
126828
127080
125565
127863
721
620
3413
130477
129099
6851
125083
6060
127906
3047
127187
5331
7806
95
125713
126775
127788
4980
6795
123762
5896
6957
1907
126371
4373
130450
22
6934
4896
1483
4871
5046
1336
7619
5221
130396
131006
22
7334
1016
125343
128190
125645
856
3776
130323
123952
3322
127602
127917
7409
126847
128840
7389
123219
2107
128788
125201
128707
127712
126273
3995
127159
6144
128061
125092
129474
1830
130885
1007
129765
2539
129569
7240
127437
22
2145
125533
4158
129195
4329
124595
6072
423
1960
1518
5765
1156
127898
130855
7267
1249
2422
6020
129611
127443
124998
7352
130539
124882
129882
5967
4116
1038
127927
123219
7538
126798
6494
129934
2700
3951
3779
126898
4485
130452
123993
126910
125511
127600
128928
130748
128183
2554
946
5109
127864
127897
128071
125674
3997
127816
126846
129297
130941
124140
3107
128491
129739
127133
130345
124781
3583
123452
4512
125420
125745
4760
3728
4627
126269
4642
125791
128599
5604
3172
7156
3292
3157
126632
130787
127263
48
125305
123630
126568
5739
128296
811
5586
124074
127679
128941
6391
5544
125821
130360
5396
128604
123155
126351
6880
122971
125521
6513
3439
126785
2183
130187
1128
5339
7150
127974
3420
6776
7769
127421
8187
123861
129319
130661
6528
126373
126065
3710
1469
127329
2051
1036
8052
123796
128874
5829
127536
6262
4418
5401
129436
123577
7798
1981
133
3510
125364
126259
128062
128146
124218
5452
126529
5114
126354
6151
6026
7041
2017
129973
661
129739
128186
7152
129613
124396
129418
7888
638
4660
6669
7284
127942
127506
7295
6416
3284
123206
232
3225
5519
125990
6616
129279
125309
122896
1255
3596
361
123746
5895
1959
124698
124997
163
123855
123377
5721
129713
7132
125455
7561
1576
6754
2718
129834
129036
124785
128498
32
271
4063
3356
130553
3006
5822
124713
124581
123820
5901
555
123849
128244
130707
129443
123030
123368
2712
127521
130824
127080
124501
129832
129680
123513
7983
123937
7791
129059
2986
130689
130640
8022
1919
4042
7414
2680
2520
124417
1946
6869
130964
3125
3057
126643
129962
123444
127826
125813
5610
128298
1869
129236
124009
455
2485
5287
125396
5253
123556
726
130648
124730
130988
1768
4638
126846
412
127021
129134
124824
911
125479
124094
127854
127392
126922
4903
5551
128160
129474
6970
4633
126181
129743
6648
1660
125836
127331
5271
126555
128935
3975
129323
127964
3972
122972
128341
6963
129948
126032
5967
6634
128090
127487
4739
6649
127869
126557
2131
126818
129762
130647
129457
768
2706
125973
124611
123956
126585
126381
6778
125466
124107
7124
123714
124053
2399
124243
129092
5990
3844
128516
2354
123341
127879
125672
124488
7201
2218
128467
705
6762
7868
127415
2182
1255
1482
127063
1402
4698
4869
3129
130096
129246
129230
127766
367
126017
123308
129984
7097
127460
6091
123207
6124
4801
130275
7908
125163
6776
129218
1591
126492
123827
2823
1387
479
129173
122904
124511
127705
816
1326
123479
125182
5255
1281
6867
125204
7480
365
128353
1334
130183
5485
7793
3891
127770
124151
610
125221
4081
5019
3957
129909
5116
3332
3871
1885
3102
654
129762
124850
125266
2352
123016
130717
130485
124829
123821
7716
126858
129292
128705
4544
127894
125631
126348
3755
125443
4216
260
122895
130030
128566
125997
126951
2091
5715
6991
126422
129484
127808
126173
123334
123038
128496
127800
6972
7511
130840
123145
127066
6503
4832
124797
123084
706
125180
127829
130504
127965
128573
123305
127208
5092
2488
6301
129262
127166
127094
5087
2027
128184
7937
124386
7347
2865
446
128873
129628
129491
6857
4751
3812
5994
5192
7485
934
130438
129598
128935
124286
125349
127284
128784
6121
3645
123780
125481
1553
124159
6530
2709
127561
129929
4827
126194
130380
1637
126395
4975
126722
126766
125880
129570
128267
911
126363
124748
124549
123241
123346
3089
127009
123049
129524
123917
6379
4790
130813
126348
123578
4026
579
620
5846
127540
127496
8015
1103
123981
2723
129682
128090
124079
130054
428
6126
3967
130940
128171
2452
6696
125323
2641
3787
6888
5497
7139
4295
5481
7979
4467
3411
295
125445
130636
129901
123948
3768
127019
129254
130124
6412
6739
2836
125613
126472
5254
937
126867
122969
125251
125085
127803
7910
7766
124389
6232
101
127781
123064
4998
4932
123789
124102
123247
128553
123836
4128
130785
127865
126418
128588
130513
126376
130021
124543
3701
116
3170
7163
130753
3379
1089
130052
827
129817
130866
128251
4858
130610
143
5107
1217
128123
690
125829
124298
128323
1866
3703
129561
8132
1811
128835
128069
123705
5834
127954
367
122941
123497
128892
161
6413
125991
4824
130550
5715
4333
1996
126965
4025
128404
129230
642
4600
6555
685
5395
129877
125625
128986
730
5292
7722
3546
123163
5047
130535
128228
7581
253
128218
1416
131003
7284
1507
128101
127476
123113
129787
4344
4
127450
129776
126359
129891
128908
125134
6131
129339
126701
124015
125753
1818
129347
3771
4515
3803
125401
7984
126718
124177
7701
1132
505
5540
713
3035
124642
122996
5468
5722
124615
129362
3228
6470
123067
128234
130291
125852
5081
59
124159
952
124486
3826
6098
4371
128776
127046
123604
7690
130052
125266
124954
130956
127691
459
125697
127511
129589
125810
3633
128433
127329
2492
125543
127798
3196
7678
1250
124539
123515
703
123267
123912
127098
879
123085
6329
126140
123559
7828
130606
126899
2343
126595
126380
8003
123910
123649
125564
5224
129837
123389
8184
130894
128612
124028
124936
1619
5364
127182
124665
123121
2304
123111
4704
126453
124142
124224
3756
90
7393
126152
2661
6779
128969
127177
127703
125036
7932
130989
124047
5204
5458
129202
6679
128677
129936
129771
126756
123850
126104
6600
125322
125477
1170
6397
5745
126761
7380
128473
3073
124868
6235
127498
123639
5827
3611
125912
4294
130151
7437
2060
128008
623
126111
126557
7323
970
129082
3179
127124
130174
5420
1289
130140
130125
127531
2991
3554
7086
6025
7104
129116
123715
2531
130171
5869
124155
128609
130694
5847
549
3618
417
123875
6800
2134
128165
5530
124820
129718
125906
124360
2955
3619
125997
124374
7126
127106
125729
125154
127347
128928
123324
130501
125627
4861
6875
124442
4207
126792
124131
80
126150
127488
124447
4135
130333
1620
126204
123992
127805
127352
125153
127662
3932
4293
128855
7423
615
127659
125856
123006
3782
126008
127894
127511
3273
130764
2977
124202
1429
130837
127662
6928
2932
126182
3
123125
128527
400
6844
3118
3554
127167
7266
3889
470
7453
2754
122886
3291
124683
127680
130536
1947
4235
123266
128003
123726
4900
125314
128970
128137
123372
6456
125312
122906
364
126487
129387
6818
1421
125761
6314
129645
123349
125067
126157
128362
4352
6387
4834
128951
124564
6097
130743
1562
3364
126995
123033
3789
125178
4356
2314
127949
125351
129546
4271
130157
127363
127974
127402
128944
5324
128154
126374
1499
6383
7389
5026
124420
5427
125202
125088
129981
126433
129096
599
7923
123788
127561
127796
124715
6336
127157
122907
129089
123949
129737
129209
5254
123899
4400
4006
130178
124930
670
128065
126310
123766
123938
1749
3215
122992
7758
126312
7071
4721
129549
7016
129685
129191
6150
3363
124008
126947
3731
2215
123962
130700
6041
125551
126905
124258
130176
130038
294
130216
5612
3361
127258
5982
128090
3356
125414
5063
1469
5313
129328
130205
5048
127117
129021
7599
127231
130642
124623
264
124777
124445
5527
124588
131056
5257
7913
125949
3857
5067
4130
124569
127171
127705
5326
126879
7640
5618
124833
4900
130292
6914
124861
129882
125531
126947
130582
126780
5721
128691
2149
4413
125022
124732
5619
126914
8132
6822
126852
3044
5315
3766
123232
126293
7581
3389
2689
1063
1733
3820
6704
2511
127372
6779
130061
3242
128044
3676
7177
2497
124931
5269
128245
123469
2490
8115
6007
126349
127737
2856
2322
129453
1730
6912
4703
129606
5197
123856
386
126536
129948
124922
6643
2902
3996
2775
5842
298
1955
122973
128890
128738
125140
123004
128919
4742
3686
128748
1047
123241
7313
8059
124319
168
124066
125769
6513
123411
124899
474
124479
6606
2479
125089
124024
397
123305
125201
5550
126119
125609
128120
3410
124700
608
6825
1982
131014
123654
3141
2561
124778
127145
126075
660
128643
128141
6571
6729
8187
128741
123024
122994
737
126829
123680
6242
122985
126554
125732
145
128787
125700
4172
7463
126939
6287
4130
124728
129835
4557
123469
123617
130228
125216
3419
129140
1380
5611
3940
126807
1518
130783
129223
2492
128900
3425
126630
604
7369
124999
128079
128774
4449
7638
5501
130876
5519
129986
123052
124370
3473
1752
123890
125618
5116
2728
126738
1855
129246
130852
6290
1180
126302
7486
5683
3672
7322
7927
7071
125085
7921
130314
123713
1243
125660
6367
126114
124193
125587
129187
5811
129015
126986
123225
125692
128229
125368
127135
1591
124243
130
130658
124425
128869
129763
8060
155
4375
127319
125670
123175
3397
1702
127633
2408
1793
3441
127475
713
7593
128968
125672
1281
3611
128880
6769
129049
2063
6069
3348
2509
126214
126010
126253
128989
124648
125812
124863
7471
8019
124016
715
127884
7583
5536
124901
1276
126175
129332
2480
2117
6460
3298
2726
3774
7858
127114
2469
130871
127944
6874
125412
128945
127103
7322
127828
4256
128356
4799
124384
3916
127170
129410
5186
130222
1855
2623
4968
128287
5050
129280
4310
125750
130893
2599
6897
124433
125866
44
123779
123010
4750
5874
129373
6007
3326
126631
130141
6366
5930
123825
130169
6562
3658
5093
123307
605
1824
130200
1353
127872
124877
127148
125286
126991
130142
123185
124422
129790
5363
124468
123715
128703
1222
128108
124792
128687
130248
124275
129977
126695
126246
8057
1207
6670
130148
4728
1081
6502
88
3558
7629
129710
7491
1732
83
130053
129535
4267
5717
6799
2323
128221
3953
1992
7186
129884
4731
129404
171
5281
126920
128533
6198
123784
5861
7823
124715
4690
4245
123194
7850
126764
590
4015
126603
834
126998
1118
6450
130943
3674
6599
129611
2072
127887
128903
1261
129929
130357
1128
125948
127616
3680
126239
128214
7274
126508
125408
128451
128793
122985
4572
123306
7666
123382
128482
123088
122936
36
794
6827
126858
126791
129677
127912
123290
1890
125123
2832
127348
123854
130867
3148
5338
129626
1326
7776
127205
128511
128855
247
124639
125541
127072
7303
128645
4625
3745
125048
7986
125604
3852
125872
126871
125255
4367
124869
127894
7617
4606
127322
7033
129930
8147
5917
129738
7415
129083
126254
128117
2406
130634
123204
124247
5302
4980
