13877
7472
14720
16279
15657
14138
4982
4966
13249
672
13220
6976
14775
3541
1766
11951
7683
8644
6073
2361
7393
12340
815
5106
9350
5714
3069
15117
15521
15470
11381
11286
12965
12233
7423
14408
11609
6315
7730
11906
12910
5362
4154
11058
8595
4507
652
5177
2539
624
9792
11170
10312
353
13677
6130
4260
9791
2079
5267
10071
13128
12958
14153
1311
4796
15694
12883
2262
6583
16140
6986
7521
12127
1444
1075
6715
874
6391
8560
10398
6583
10155
9275
11119
1021
10552
6728
15911
4531
10619
13656
14174
16000
5546
10212
13901
10292
8569
734
14568
15924
5551
13556
38
6316
6842
5993
5987
1513
698
15733
14619
5602
2886
8829
3808
9507
8369
1243
14505
12196
4991
2725
16316
4403
13842
3945
14183
12740
11808
3171
8073
2208
15571
756
10186
15404
5594
13607
3087
7661
14272
12599
10941
844
10320
1792
6075
3844
2779
5462
7610
4792
3173
11328
2574
8021
7386
12691
6801
6453
1022
3144
15110
4187
2511
8427
2564
5894
3441
9853
866
9992
11551
12430
7842
1474
6392
13514
15139
5428
5906
14429
9040
15717
14028
5493
563
6044
15531
4602
2896
2454
9007
1202
3603
15847
6730
4939
10052
12230
13864
417
16030
11993
10804
1290
12760
3741
4242
10546
3822
1895
12692
10374
362
51
10386
10043
6904
1983
14513
3963
12658
1750
11157
5253
1115
6711
10427
8753
7872
5550
8321
9443
5622
2413
699
10235
11301
1859
11792
12916
5470
4671
12066
5878
9908
2980
13807
6713
900
12149
13427
16362
13641
10363
16185
8712
11953
2142
5992
576
3732
3316
5024
2631
2246
2954
2413
12731
12703
11509
6689
9252
5492
15439
11836
3323
16218
15227
2886
7310
1553
7771
2045
10343
6724
5929
7786
4685
8839
6889
7759
10460
10176
4077
285
8992
11977
3151
2021
5270
6602
7900
6137
9978
6633
2287
871
14431
7940
4805
2012
6352
405
8896
7593
4878
8830
3852
403
6274
6377
7117
10186
846
3587
13194
884
7239
4818
7791
147
12998
15836
10123
8552
12816
7162
868
7759
510
6915
5591
8499
5302
51
6981
11613
9542
10546
15333
16077
11081
11512
13765
11720
2534
1189
9167
12267
417
2088
10523
6650
5225
8099
3551
7084
6980
10089
8192
7009
9588
8031
1919
8774
8158
1548
14040
10831
10167
10103
8815
12482
9587
11357
2281
13379
10675
12230
15292
6310
130
11681
7092
1059
11675
5485
4243
10425
12877
3875
16055
12429
2166
14947
9024
13904
7197
1956
13371
535
884
11055
7606
6882
13293
14185
15488
6968
15738
9085
2347
7390
7799
13660
15874
2197
12166
4271
1508
1328
10694
1645
1871
2122
10390
15579
14042
11444
8582
13368
9930
7545
5088
735
14105
5637
2177
819
3097
2912
2609
4922
1567
9660
11454
10555
9938
8352
7999
1028
5430
11365
7916
5724
4264
1904
4012
2754
13388
12080
10886
9440
957
4365
8768
2530
4996
15667
583
2448
12228
5814
12211
3765
9435
13916
8272
10136
1078
12066
6098
7228
12455
12040
16126
11985
6049
15322
9081
4821
9249
13257
15016
5895
3900
5630
6954
12551
12601
7094
16077
9777
4808
1467
5072
13237
13878
7610
12785
7186
1977
14384
10055
1878
195
14338
1998
9790
9969
6070
13007
15429
7714
8493
3958
8400
994
4103
2922
1262
11412
2870
677
10691
10817
9520
8991
15149
5718
13543
13415
10278
15390
1227
5487
7422
11684
1493
2693
3410
7799
8525
14326
5869
13565
5750
14000
3406
9546
4431
1448
54
15326
7751
12768
2765
12679
12316
3800
2586
3000
1142
1759
11763
7308
6892
9225
11747
1284
11918
8707
7954
16019
9935
10811
535
9196
4000
9589
12155
6916
5934
6990
2227
606
14036
14330
6294
887
7245
7626
2127
3341
4073
6004
5498
9390
4233
14229
13147
15277
7454
8335
13539
7758
16100
15073
8621
10060
12752
4444
3958
3833
6287
5938
16232
13642
2517
15878
10805
4943
9190
11148
12329
16182
10904
1330
14748
11204
2528
3570
7287
12815
10545
7436
6536
11077
3985
13709
12493
4411
9628
5679
943
3255
12020
4734
6005
4822
1180
7524
8491
11455
9249
10887
14660
11330
6258
4395
2588
16364
1875
11951
13944
2741
6407
4036
7799
1708
6920
16101
11115
11744
1704
13361
8239
7011
3929
14773
14242
5952
9706
4213
15226
11281
14669
15619
1501
12698
14777
14525
13219
13379
2404
9233
1827
7326
4474
4846
1055
4808
15505
16313
10577
3816
4953
6083
12870
16153
14903
12102
8327
15944
15817
6438
7776
13922
40
4004
12332
4586
13903
5838
5155
14485
9430
15162
8759
8443
8902
9713
9316
3732
5948
8881
13914
11792
10126
2389
398
10271
4220
11759
14881
3486
7147
7358
6001
2579
11495
4120
8717
13535
10001
3988
8038
6132
14158
3645
13494
87
13563
167
9672
8943
9466
4245
10141
7614
11807
10859
258
8762
10860
2061
7206
11449
11369
203
2772
4862
796
13644
14879
11531
12095
6743
7923
15119
7405
3423
15989
7024
5765
13167
2059
5333
16021
14633
2884
15514
2878
7740
2167
3002
4453
8720
3577
11287
5687
4130
12673
5028
8805
10475
6587
5410
9264
7286
11108
15713
4523
1193
9013
7374
14828
2194
3687
9785
6090
13666
10973
3936
10737
16303
11268
15416
2900
7667
12728
7699
7114
15512
5069
12302
4056
3610
2892
2857
4216
8551
6848
12276
15846
3034
5973
6541
6377
6019
7917
11972
14964
2479
4198
11007
3564
742
9627
1785
6418
3440
14571
255
8032
4522
1058
4108
2151
7729
5714
3145
2215
14421
5890
4444
8901
6728
3695
1192
11055
1354
1774
11112
3947
13421
5947
2347
2121
4230
10475
3670
3822
2114
10297
15691
11619
12512
2671
3857
4880
523
11601
13349
8794
10133
6170
6954
16201
1790
15831
13931
6142
1511
289
15176
5229
1222
2167
10924
513
6820
6011
13296
581
9924
5400
3856
1926
6122
609
5045
6436
8817
14154
5735
5845
15019
6582
12896
7130
9352
8877
993
13969
8398
11545
15627
6600
4909
16312
8478
1936
3876
1773
5918
3934
4471
10556
2506
13255
14928
4685
2621
7565
15030
6015
5594
5405
7751
15063
299
6565
6766
232
12151
2867
2495
14024
13838
57
10827
1774
1669
11843
1432
4203
6540
1691
14062
1706
5371
4936
7356
419
10322
9066
1098
6792
1936
5025
3332
11508
13603
10365
15033
12315
5646
3384
14117
8614
7789
10867
9557
14908
15684
3570
15612
6388
16048
4708
7128
2079
3321
9014
12264
2215
13162
14049
951
10388
8963
7470
6253
12270
13024
6015
3101
14880
14195
7185
11298
11086
8345
1504
9672
12699
9107
1786
2528
4406
15297
2810
4012
2798
5535
171
11749
4339
9929
13879
1264
12764
9589
8898
9370
2263
9823
1952
4671
11060
4504
14300
3858
5463
3754
10603
3295
10394
14919
16294
3557
14824
658
11453
11279
8565
13362
5049
11285
13824
2611
12118
133
3389
594
4710
13260
16051
11043
10015
7473
1562
14108
1623
15485
13767
4929
10855
2411
5721
13645
1436
876
656
2187
11121
9405
1820
13768
11131
12916
15932
13088
8014
13229
10390
15212
12466
14954
14727
13795
15602
5643
937
2925
15278
15633
2394
15283
5600
4437
14790
11866
5995
6458
8286
2922
12617
6479
4035
7260
11932
14976
4566
8199
4726
11379
14495
14223
1897
7514
7601
6920
11473
3288
4810
16166
4892
3696
5844
13881
6573
9115
11520
663
10878
8364
2784
10713
2541
8141
12770
9244
7807
2173
11166
6292
5566
14360
10419
4199
1728
5577
6469
4514
12201
15439
5383
4905
12305
6430
7016
16162
4089
10540
11702
14767
8265
5725
15172
5153
15231
2370
2698
2220
13039
11570
6227
13642
6765
11973
15190
7533
15084
12107
9121
7016
13375
2176
14847
12223
12615
12904
8008
9678
1636
13158
8029
16323
4618
4743
5208
11380
4502
8050
12447
15749
12796
15511
12648
558
16237
3267
12340
9564
5814
5936
14761
10544
6593
13461
14418
6757
3855
376
2297
14692
11489
1433
1606
1005
5832
6100
13634
3421
12302
13337
14291
7722
3924
9247
11046
13309
3205
9712
7449
10236
4042
7866
171
9394
12004
3186
508
10180
4362
1125
10649
1504
10310
10291
13763
10204
366
12588
5623
8470
15705
1531
5429
11490
3679
2575
13613
11473
2385
12137
9200
15101
4341
5918
5787
14862
798
14788
16323
7580
14882
8727
4471
6998
10326
9286
10680
12534
8064
5911
1637
6546
16053
885
6703
70
1022
8590
14127
9225
758
1191
5014
1252
8272
14092
5533
2782
5583
7666
14005
14360
14189
12162
11166
3899
15603
9975
2989
2026
14920
8912
15639
6482
6913
7786
7811
3188
776
3219
11517
3895
6035
4449
15259
13269
12926
795
13761
11316
16242
184
14524
8643
14871
3867
395
15068
5132
13987
508
13613
15826
3123
2371
3704
7452
16165
11545
13106
4456
15072
6989
7645
6215
6995
6276
11804
9363
5306
9437
15752
11970
7226
2326
484
13961
15229
4311
14206
15100
7634
11292
57
15815
6510
14339
10334
11751
15479
11719
151
6481
1219
7879
8105
3737
9290
1305
1329
12883
1784
6268
7442
12805
6096
3769
8872
9091
14215
13924
15072
11848
15972
11005
4735
961
12764
15704
12461
4056
2843
4873
4172
13751
1349
6160
8393
3689
5397
4371
2577
14267
10372
2058
12202
13591
9566
1686
15583
13852
11411
829
1669
5478
3667
10124
564
4782
1941
12748
5277
9196
9970
9151
10350
3727
9204
11738
15121
13837
9380
14400
16217
7968
8100
14302
4067
7087
13003
12375
11789
5427
13479
9801
2284
14163
6884
389
3878
14153
1650
12313
5021
206
3706
4456
11906
15239
9835
5957
12353
2692
10256
14762
15801
11071
8888
3845
12887
4346
1807
6595
1508
11959
16036
15852
10261
13092
11928
4602
11629
15685
14110
10611
7810
12018
8063
6188
5649
724
10394
15929
11605
1819
8449
13003
6972
5104
4716
14107
8540
11545
9136
13886
5949
16252
4880
2837
16138
9102
4831
14971
7911
7012
1837
699
987
1678
6145
5308
1511
7092
12064
6821
6797
3963
11612
8558
3469
13419
7168
11254
3838
7343
3915
13957
13897
12777
5440
3505
1311
1168
3131
13174
13992
15319
11459
1117
2849
10867
8709
11005
10644
5498
2135
8854
6293
14592
3246
2204
4273
12740
11283
3821
2782
13860
15582
759
6692
2055
12167
681
2374
10175
2584
4107
284
10537
12451
4131
16237
10544
11478
8166
10519
6949
4247
12113
15518
13529
16209
5802
13396
13360
14295
4538
3731
2429
2719
15413
7326
3626
12993
8790
5100
14875
7194
10435
13325
11340
13470
7311
12479
4343
14269
8267
371
3903
4685
3350
889
9043
13273
2635
1123
11402
561
10826
12645
11032
15140
686
11420
2038
7996
386
3451
8375
6379
15726
11106
13431
4081
11404
13195
11645
13161
8897
12174
15510
10838
1772
6113
2257
13177
14621
1137
4868
7145
12294
5406
5348
1428
14060
7312
13264
7807
8863
14755
1132
1862
14266
15274
3108
13641
8371
6959
11109
1106
13136
9613
4608
10328
10796
7168
15535
1935
3675
4141
7367
2374
7058
14182
11330
14157
2323
9384
14487
3881
12943
797
12159
12732
3919
5805
5128
14148
8337
1992
13500
7635
6305
11123
10327
10095
9975
11472
2865
1033
5074
15458
4286
1507
6050
9088
8669
14729
9497
11419
10371
14085
9245
13262
10026
6964
14279
8177
9711
2903
3493
16172
24
7283
4691
2687
13233
2614
4435
14239
6487
7417
5949
2055
9008
11117
10574
10663
4885
2227
1564
6864
8529
12689
3312
772
3503
13542
11450
15221
7631
6139
15813
3779
11958
3805
8339
10699
11149
1403
9696
3264
3632
12352
89
12447
5986
15156
8055
4421
8605
11781
16381
8479
16292
6959
8282
3872
14390
3281
5113
12194
13194
15501
1073
13321
13806
9016
10387
1011
7946
2864
14749
9749
15249
15612
2279
15730
3016
3426
3362
12053
9292
5222
2674
5340
6594
4140
6356
2093
4672
13179
6416
751
3121
15771
3053
12771
5579
11559
584
4603
3994
15296
10502
9518
12338
10043
3652
10808
1818
360
11754
3576
11171
12508
3978
12123
14398
9989
5171
6414
17
121
13712
3739
12849
1878
1936
4403
1485
2816
10498
12880
146
10438
11037
2854
8964
4587
1153
9185
11151
1131
3893
3858
4243
8717
5084
13749
12891
3536
14946
86
921
4626
14648
8028
15802
11415
3499
6825
9619
9809
6109
9303
5765
15800
5166
8483
7423
2099
5404
11244
3171
1827
10359
11294
9224
5844
10742
608
13537
5336
10396
7846
3063
2894
2988
9744
15178
10827
10788
10706
1718
16207
16215
1684
8043
1673
1745
3506
8534
6489
9141
6312
15665
945
1114
7957
9061
7895
3234
1706
8046
6792
14548
1797
569
6233
8718
14824
1934
3873
15600
3002
6462
996
1797
13829
13612
7092
15986
14087
15277
7551
15520
9722
9429
10647
14161
8244
8097
15323
16290
7339
14277
15136
2609
4653
13192
15102
7477
4795
7387
1708
4742
12993
6753
3465
10647
12651
12630
5540
3027
2509
13260
11164
5200
15489
16207
15412
12071
9730
11986
975
11538
15750
13668
2094
15369
11605
8867
15566
9669
9520
10014
5143
2692
12100
4215
617
4225
7681
11582
4910
14993
11174
1302
8439
7427
15998
12555
15485
10979
3413
12317
5621
10342
16189
13145
7021
2735
14334
6551
9615
4500
11823
12992
2898
8756
12625
4623
3707
5577
5052
3619
15045
6599
6330
9066
3640
4787
13236
1882
4534
1896
7292
9477
8904
9446
515
10027
12359
11530
1091
5461
15464
15858
9234
9858
13105
10306
9202
5149
868
3672
11878
3415
12062
5619
7230
5644
10146
9890
14077
3791
2019
14152
2469
5638
596
16359
14906
780
159
1627
5310
3360
7392
9807
5445
13321
9567
12882
13156
8756
5650
8772
14999
10657
14703
12986
10944
821
15644
4755
10576
827
15410
1064
13036
6979
568
10035
13074
12385
15762
13932
13289
9271
1732
2368
7089
3893
11247
4377
2834
15755
7070
13114
12075
15228
9976
7530
8552
13373
5712
474
108
7737
2641
3021
11490
10304
13981
13298
10804
12364
9936
12884
7568
8966
10900
7838
4908
10546
8308
14375
8488
6028
5595
3278
997
13799
2188
12589
3766
8509
6146
5644
9166
10043
2769
11446
6156
822
5072
16211
12076
8966
4685
12866
13228
6125
16181
7781
10537
1754
14737
2303
13421
12828
4046
13514
11145
14437
474
4532
15089
9342
4547
14900
2796
3704
15578
247
2772
2178
2487
12101
13890
14722
8743
13635
1292
871
13871
7661
11394
1063
7514
9107
16011
8296
6566
9117
16338
14629
15823
778
14147
994
452
11043
4484
5592
15423
4936
5304
6208
2557
9297
12421
14669
12129
15971
7782
11882
13740
11656
3254
7608
3983
14454
438
1579
8288
3645
4060
14739
781
9768
1595
14048
16076
11118
10430
4535
6514
13357
6004
16144
13708
9155
200
16050
3764
7290
10550
15040
5421
13017
15603
8695
11003
7643
6850
8280
1522
11871
888
14083
2418
9840
13149
1313
832
7318
9139
7075
3899
5671
5551
5895
2850
5908
2227
7247
7613
3696
13232
11328
10948
12399
10738
236
6398
7665
4234
7111
13043
10780
15982
5088
1754
15216
11451
9183
10476
4568
15274
5310
11827
5021
6120
12781
14423
5899
4777
15533
13096
12450
9403
14164
6754
8506
9693
11285
4150
2806
10347
16382
7652
8520
9604
6942
5066
9919
15307
11451
10341
7069
13881
10380
10486
15917
12030
16157
8305
7041
12138
14222
8000
8919
215
1922
14823
5131
14807
1601
6616
1087
13310
4278
2960
5529
200
8674
623
6098
2686
16245
9156
14989
10913
15633
14473
161
7358
8254
7955
3139
2295
3894
14437
8146
4913
11853
12041
13123
6466
15203
16114
11246
16248
15611
13121
8896
11033
3749
12803
9082
16055
6811
10776
11858
14074
9230
11684
79
14245
16289
4344
658
8586
12073
927
11138
15376
11863
15287
13387
2537
3980
5991
6179
6251
8203
9564
14233
7808
2584
1110
11861
15554
8663
7144
8922
14996
6865
5440
15133
6529
12105
11463
2594
4691
11514
7902
10874
6253
3353
9612
15233
1622
2704
12828
12135
13152
8429
7193
3687
6180
13182
3447
3623
131
3836
2075
2304
13385
525
10730
1349
1069
5233
11329
6834
3739
14895
3798
10617
14910
9390
2872
13627
14587
4091
3525
12995
13652
15742
15024
10522
5024
14915
11110
6509
5168
10094
6257
11534
12526
14190
3519
1785
11532
12248
10354
13180
5974
689
9137
11380
15748
5767
14623
3578
490
7375
2811
11848
15636
2463
9751
6680
5016
5863
1748
11356
5389
3825
16241
3080
8234
8106
12930
698
15516
5429
10195
4408
2579
14485
11665
6974
1752
15115
14632
15344
6231
13142
14688
5090
15309
6963
15138
7937
15137
6835
6560
7100
10878
14009
6275
16010
6708
10197
1141
12179
10464
11551
6472
14570
7792
3837
14391
5372
2948
15588
307
8306
15890
9643
2560
7741
12777
4005
13445
13028
9700
3157
13600
1968
29
3339
13104
15665
7348
6949
4651
799
1231
8853
7556
2010
9719
8717
15771
4628
14743
1931
1528
7093
13482
2199
926
425
10052
9255
14689
6900
11971
1854
1297
1941
5719
2617
10504
2594
3697
14471
4694
5388
3163
4048
11437
9873
11266
11054
4054
997
10941
14421
149
13349
1070
9455
11591
4028
3099
3362
14203
10258
8913
8926
11295
9847
2118
7852
16297
14856
15900
14855
924
5146
13708
5411
11702
5024
7006
4189
15931
6677
2629
14067
147
15088
6213
16229
977
4074
15726
14878
10216
11588
14139
8542
12127
1218
5208
12543
5793
12926
2756
12258
7215
3210
13931
9368
8378
14438
6288
10788
8975
6070
652
7838
11360
4676
13357
1510
3331
679
15209
6575
16144
7409
6125
7579
12827
13943
8008
8246
16016
12474
8755
893
3954
11253
6372
537
14093
6293
6547
7533
7148
13218
1830
7326
12533
11787
4674
12185
7685
2759
10927
4179
5643
6699
2506
12039
10206
1016
1960
4508
5399
10716
8282
5210
313
2321
11633
12282
16193
2550
11755
10102
14775
10911
3224
5322
3810
8369
5493
12014
13078
9205
14044
2260
8372
566
6519
8031
9690
13299
12096
2359
13541
15387
4030
9012
7772
4438
8898
8672
13497
8168
6396
15864
14422
13194
2795
14672
14962
6503
4482
3017
13632
6574
4534
10640
15239
13422
364
7173
3213
13127
8288
13253
11018
3006
512
13572
3669
13033
9348
9391
7629
3993
9817
3638
11615
13482
13929
10743
10951
12391
14413
5235
11243
7309
12187
14332
4362
12488
3892
11270
2579
3054
1341
11087
2930
2389
12823
6036
10969
14004
6733
1525
15162
10686
3639
2459
16183
6214
12516
11333
15995
10621
9327
11452
11980
9471
4626
13483
9957
4821
14021
6484
8837
6630
14666
11563
5524
7791
11862
3042
2810
8873
14495
12569
11008
5938
1845
11900
13975
15609
4956
11985
7266
16162
9789
11339
4577
3522
7003
8164
12144
590
8559
14915
8114
4637
12315
3724
11763
3
4370
5212
9844
15164
10994
12579
13524
15215
13836
12441
16181
11879
2550
15794
6503
7027
9374
13424
5414
560
9552
8540
12501
5252
15172
7777
2877
6460
10462
963
10462
13673
15736
14561
2492
5362
4245
10157
12222
10833
9654
5702
13514
12894
1758
3016
3664
7839
5174
2293
10360
7098
8710
15819
11294
8187
13005
14175
11894
12629
3032
2287
6098
4045
1416
13706
12744
11496
13020
1655
3925
13460
10109
15293
2258
13469
10386
10642
7794
2563
9602
6990
9602
15579
11037
15918
7431
2087
10341
14496
6001
8915
11088
11084
15329
7336
7380
516
4296
15845
13983
7479
14584
14459
14091
5849
14748
12870
13212
3035
14580
450
3164
8139
14195
12017
14648
970
14553
9667
2137
6943
7355
1079
9315
272
6682
15066
7398
8737
3702
10704
13334
5286
9172
10306
650
7813
11320
15323
4485
2428
15584
6919
5750
5976
6035
5769
5509
8679
6314
4356
10926
176
6906
3059
4453
16236
6317
14163
7318
3485
1922
12762
8107
2189
686
11817
11496
3684
13723
4013
9802
12547
3630
12939
2163
8498
11796
2744
13051
6494
15764
3606
9224
13206
1783
6676
14867
11321
12489
1014
14257
9844
10491
6557
9220
9755
9615
7103
12756
13701
14332
7625
3607
10707
8269
11628
11581
5616
8132
4228
13912
3399
12193
11553
4127
4220
13622
13462
3945
14564
1442
6075
11425
5394
14873
6535
4350
1270
13799
194
6207
5887
3362
15711
4786
2540
15676
803
7881
13934
824
2485
4030
2367
6263
11843
495
6513
11485
4326
15569
13519
14631
4416
15409
6804
5264
6116
6333
12820
7731
13440
14682
16125
7195
11707
7893
4733
14930
9630
6047
4272
7733
9462
7436
3885
8462
7506
11827
13457
15828
14500
15022
14265
2809
14660
5716
14488
11580
12922
14909
16230
5583
14157
3020
11252
13762
2500
8098
12900
5380
7504
7377
2493
13232
5632
12683
667
15641
5184
436
16038
10377
7153
8166
15588
876
7966
5296
3697
10399
14224
931
5803
2532
13077
12985
10297
7060
13530
14347
1981
5628
594
10339
12377
15292
9969
10472
14839
11587
1964
3693
13379
4659
10595
13495
6194
2852
2775
4588
5283
11582
9326
13839
2930
8836
970
11651
7650
4571
3869
8284
12543
9300
5743
11241
13964
34
6721
6845
3662
11792
7224
16169
3620
635
1294
5248
4930
5068
10436
5736
14249
2185
1510
900
14696
14268
4373
173
14536
7980
1604
15908
15274
11445
12988
1985
13790
9245
14994
2254
11652
4155
3742
14721
7706
13714
4537
15316
9741
4406
9542
12228
11781
4101
13157
670
10607
2759
11760
14362
1135
14597
581
15235
5438
4631
15578
2659
4072
13564
15504
2518
14668
11188
9909
2609
4063
4259
15549
13183
12286
14
2205
15700
5279
2480
1399
4658
8424
15391
13143
4560
4025
2760
8067
5708
7386
2068
12106
7268
5569
103
15685
8096
9705
1038
7562
15507
4959
7564
11708
1876
7950
15898
5867
6338
4946
13110
16203
8414
2159
1239
7120
7962
11856
13199
1287
1237
14796
13104
12579
9395
14812
15762
3419
16356
11841
13257
11208
4814
4261
4547
1675
14967
7351
14101
4027
10019
14014
10148
14862
7518
5669
7403
6375
14142
6890
13830
5418
14365
13461
7284
3267
8812
14778
801
14438
5583
7081
14925
6884
14299
13717
9428
16013
7895
132
14154
10325
7982
7357
8086
14739
2291
10355
8112
4049
9262
11727
2788
3748
3448
5959
15602
6824
15240
5242
279
11394
4333
9633
14476
6242
447
6809
11632
10576
15242
3934
395
8136
1193
8653
9262
15871
11972
801
5221
12382
16189
10661
10354
6584
8889
4312
9204
11875
170
4580
9775
278
13330
11251
939
15037
7247
1084
378
5583
610
7203
4219
6650
4335
7103
12773
15069
1790
5843
5814
7287
250
11898
6397
16107
13051
8716
15733
5006
9346
9980
13884
7368
14749
9740
3608
12007
15045
5158
14819
10914
6763
10672
7276
6012
15898
4570
9375
16290
15159
6284
4786
2688
2288
11027
9233
12462
1674
6241
11878
6050
10272
11090
10108
10231
12813
9152
9758
10173
15987
13097
2003
5252
4842
9006
16067
5711
14518
15836
10853
14074
12238
10671
13749
7014
4061
631
14778
12674
5596
6900
14070
12441
15048
13747
879
68
11299
1726
13103
12077
4432
5647
13967
3779
10889
10490
6795
10887
13414
5926
12819
11286
9995
9767
1233
10908
1084
1154
13920
1284
9240
9786
8523
13834
7804
11976
6154
4924
13592
8132
9890
8078
14390
12268
5607
10496
10278
2359
11548
9026
1767
3959
15637
12501
11997
982
8399
1249
7657
2479
2386
10483
14286
12107
1796
7102
11188
9771
766
7298
3421
3469
2090
10430
4654
2525
10555
8360
2722
10350
14184
14758
5488
15479
14785
7822
8605
13631
15761
9591
7896
8057
4156
5311
1368
14733
8136
15378
2222
2095
14825
2454
12269
6550
13567
11269
2709
12447
8802
1851
9354
15670
13366
13345
12934
682
6111
12703
6952
11942
583
6089
5023
4440
14845
8203
1507
7741
11816
5575
14504
7394
9511
12495
8140
8642
3228
5840
5182
2723
11986
8339
2186
1542
11093
3840
9281
4064
6724
9830
3673
2411
14819
8536
9250
6935
11715
6903
14661
1132
12419
7839
6702
4669
3205
10037
14635
10034
14469
6926
14261
7231
12313
7600
382
8260
1824
12294
6797
241
1390
10602
6204
15011
2955
14442
4727
14016
7364
11383
6022
16279
15384
8926
6514
4686
11847
14040
3948
4
3041
12237
8455
10250
15932
8634
706
2542
5449
5387
5286
7625
4216
2342
1707
8362
8103
8486
3648
11076
6524
465
2305
12725
5960
4875
7239
15666
13119
13815
1226
7678
14398
3322
5065
3166
5268
9824
11407
4521
13546
7846
3857
1595
9930
14762
15791
15690
9271
16291
10011
7428
2644
6835
2800
8086
5510
16084
4759
6455
5087
535
9009
8630
9803
4139
13968
7683
4158
1431
7381
9137
12247
13623
3900
10826
9564
9957
7628
6011
4620
4308
14373
3650
7381
12921
7056
13932
637
554
14544
6823
13563
15054
5689
9385
970
14540
8939
5178
11055
14447
15574
120359
1992
114850
2571
12788
2121
127837
115828
123399
130593
125533
16055
1016
124358
116645
124649
8763
10702
8157
124814
128034
116880
124347
122329
121506
2061
129602
2491
130716
11659
15393
117962
2214
119392
124185
117038
8409
12383
10089
12831
1941
119225
2554
120719
16130
126402
128197
116800
116547
12602
13077
129008
121851
117855
114883
115304
402
6125
5975
4272
9654
129075
1119
124786
10358
1648
121838
10267
124670
14131
16200
471
118653
125168
11663
123685
3721
11238
124929
115337
117954
130903
8522
1773
2029
6042
116961
120141
13074
123720
3412
491
124408
12285
14282
116254
3937
13812
124145
12173
125983
14549
115956
13425
121971
125336
121766
5800
6564
127073
14587
14003
6099
5772
1497
14082
3694
7188
6889
116162
125853
2338
117419
6060
118534
123567
8037
120011
128651
11341
116724
16056
128227
120137
122196
1977
122881
124125
16050
14077
4984
117019
127206
7081
118047
127659
116069
120271
123993
12632
719
122959
121629
14052
15057
126141
126064
14859
249
5172
122477
114882
116036
115822
117010
4626
116845
6476
1453
16140
124104
114943
121576
4113
3643
127706
7499
119995
677
124599
14761
9219
12795
5525
12391
5528
118402
126601
117052
122286
121205
118086
15208
130414
121976
126693
115297
16030
5121
125682
3214
12720
128825
128426
4218
127806
376
7678
7084
15511
117140
5208
119367
1644
116784
6840
3697
3151
11155
15551
115685
10603
12872
1552
125189
4275
129349
116327
13049
14665
14340
3118
116475
124918
1384
5991
2043
13738
6752
126627
127457
2265
116167
4148
127035
14835
2488
13868
8524
120871
7739
15143
122004
118150
118836
15042
125924
126560
2175
115206
126320
115461
14143
9960
115960
2762
129997
117515
9203
130339
10931
14541
129718
121581
123820
126277
123530
127154
124481
8299
5977
15911
116942
7912
3836
10108
122595
13420
6583
127121
126867
15333
121841
4235
115319
117988
9745
125957
10571
7769
13839
126595
123240
12043
1760
129546
11361
10162
15555
115334
130291
119245
12347
115114
116219
121677
122362
14859
121068
122495
117483
15553
117397
5914
5032
11589
123467
124330
14749
8345
8240
116688
9036
2325
14157
1354
2568
10994
129724
13745
12608
5916
130832
118168
7602
122586
5154
125734
125609
118599
693
129498
117510
126188
5281
125093
122793
124217
13164
128086
120539
130260
8218
6311
116065
117349
120717
127986
14694
2963
122049
129635
5920
8217
10937
128093
126904
120087
3022
129796
117255
120386
12732
115005
12858
7735
131068
5258
125055
6880
122995
118742
122752
749
122738
130494
119876
127864
13379
8574
6244
116930
8734
122403
117265
9751
124973
3207
120746
124031
120834
123229
14216
119302
7703
8279
125507
8846
6807
126035
129898
14850
10038
2597
10397
126662
9043
2152
13038
7729
120130
6292
124563
563
124048
2300
126723
6746
130443
2786
118206
128236
129106
124816
5723
118913
124143
118120
125693
7285
123897
2423
120930
57
1916
126153
14389
123219
114812
4032
12858
12403
9835
4670
126432
9221
122237
9171
128330
126134
119875
124286
4951
125657
124983
127344
4936
6240
121086
126608
126361
6008
15975
125759
6023
5477
2083
6287
5028
116433
127088
125209
130892
10780
6109
518
127879
120201
120003
9803
3133
116529
124918
9868
9145
120591
7290
125675
6099
122088
15949
127613
117158
13523
14265
15715
7312
6420
125875
12473
116033
123195
5092
124596
118791
11812
12265
126129
117632
116925
128369
12450
2958
125878
4173
121232
120730
6290
13620
118687
123897
13941
10222
12617
1246
118030
11680
101
125120
129103
124458
128521
15425
120375
117177
11539
13109
8018
7996
13289
124695
119300
11926
119806
5472
114971
7894
735
1018
886
8346
2979
6889
8476
4203
125058
6561
279
6264
118819
130492
13280
7417
115924
120620
5265
126182
9309
118604
12204
10228
128379
128813
127820
120404
16115
7579
118377
128958
117134
120171
4853
125055
6031
13291
119032
5094
8251
10801
115956
10418
9835
7571
130860
115721
119076
9754
925
126856
10013
3156
7602
129395
118411
117397
116186
1176
120898
119081
119993
1806
447
128927
13491
4783
115405
5703
3160
129878
12610
126143
12469
14197
123180
128153
116641
124064
117779
13458
8289
13468
126765
124567
746
11557
4423
127523
4321
127526
6934
11209
125317
123073
3285
120153
7222
3233
13034
15740
124868
8271
12990
129012
115568
115588
14436
13319
10434
10614
6370
9172
130616
6134
119235
122558
1563
127066
10774
117144
115482
129701
116113
120624
119991
124183
8108
118561
16167
118436
16035
125372
118231
129512
125648
1380
3913
127160
115216
130368
11188
127289
129677
116867
6197
130891
116876
123362
124253
4807
8474
129974
125881
9427
123956
466
13116
119655
122650
125964
130473
116854
8218
126581
4943
7465
124808
8199
120048
127472
9240
122653
126662
115884
116575
375
7242
15408
4025
125714
9104
5546
2890
14160
128483
8838
125107
5628
14939
115127
13933
115001
8179
121769
9709
120727
12519
117808
13238
7450
12129
6328
7464
126394
129833
120030
126439
121053
122963
15087
121965
116148
9176
16199
4162
15354
3747
10429
8638
9184
4028
2239
130741
130772
215
13617
130764
15664
118375
116371
10916
6112
5657
119522
11066
122393
5013
2823
123541
116238
15184
115041
119589
121625
144
128972
14585
15399
12385
116911
383
116177
120610
126120
5121
126821
125364
122027
130222
116745
15204
119409
9551
1713
118672
122177
11363
120289
115953
329
117617
15210
15845
3123
130545
6408
10478
1087
117005
3008
13538
15181
122761
128378
119177
10505
6171
125845
117773
129446
127092
128017
115701
2477
14444
116926
125300
122075
14098
3711
122506
10219
118077
7399
123538
8618
6794
16136
123523
3999
5034
122149
12030
115944
125261
126726
121306
1192
7036
4758
128058
11499
4851
120308
122814
122559
120821
12818
130731
130238
123147
13428
123724
123886
123120
115390
129068
130949
114796
9324
121446
122125
115268
120087
117797
8851
128984
12524
115035
126767
15161
14584
122609
14612
128953
119989
118154
125791
126122
117931
124945
131040
116888
12257
2680
9690
126368
3807
125863
5974
119633
116449
8855
116319
129922
117138
124299
13984
126810
1094
130205
123578
119314
4675
7438
12801
13488
123789
129857
129891
13987
127921
7603
128759
3682
8456
124634
122659
6542
127270
126469
2761
121771
15104
126960
14393
15756
2620
1742
129437
9855
1688
711
1531
10881
128375
119486
125838
117258
11851
116244
122470
8698
2029
127799
130037
2714
4442
12457
9515
129838
12210
129195
16231
13214
121123
4925
122898
11848
5706
121451
4907
15133
119858
5536
7896
9523
11789
7060
5557
6004
11686
115314
9177
122608
6097
3210
5765
13856
126655
15833
11708
12603
122300
129000
118567
14374
117487
117791
124781
8205
15559
128425
85
14818
115512
130093
3127
2401
15254
2389
120879
130064
2815
14939
124717
2453
119806
9931
964
6755
125075
15472
6192
7185
127249
4440
124930
10117
15112
121105
127890
6688
130342
13191
123717
14867
117525
10356
130370
6750
8822
7253
115654
9405
14920
126575
118187
11281
254
129367
654
121889
126069
125954
8034
125430
2311
127811
121968
120148
118738
13249
7912
6279
117013
10237
4024
130378
440
3285
11781
14699
10326
127403
122455
126553
11399
130718
551
130361
13048
129268
12405
4526
116110
121537
117764
116180
56
1505
7284
127005
13412
10814
15
6751
122127
118721
127537
122113
13566
14361
115462
117207
12225
118941
1257
15346
796
4775
14095
124002
124286
475
129837
124522
421
118408
12327
115313
119847
6821
8177
2286
130934
117239
130392
1149
123784
130312
6312
2190
130501
12010
7787
9765
782
126353
120947
5423
121723
118399
7653
115786
116478
122552
2018
123251
15478
15923
6563
12422
120094
130993
13461
12712
10994
8893
805
120177
1453
121915
10613
118769
130913
128607
128377
9669
125719
15240
117961
120707
13017
130954
122092
122761
8217
7027
122096
119787
7716
976
2957
10009
13870
119686
39
15479
116701
118840
118877
6182
13066
128610
14385
326
7597
126526
118366
115271
12541
11897
11960
10600
128376
125874
4018
5595
118400
125592
115870
1188
126536
10109
123361
121641
126736
116099
16011
115773
5060
7356
4785
3397
119286
14804
602
123409
124775
2952
128211
3540
124659
14006
126921
201
3279
10946
119907
125164
120751
128406
3863
9560
116187
118546
5620
12727
12494
10087
2021
128895
9745
119719
15205
123815
2779
2483
15871
118600
127157
11145
123808
129230
125932
121813
10028
2198
123868
6729
4468
6392
11842
129848
122366
121688
5785
15089
4247
118351
10896
2345
15797
122520
3434
115912
119053
114688
5327
126297
13352
126889
2298
5485
126419
130282
122443
8616
126313
9095
118945
10641
130318
14546
5903
15762
125183
10448
124395
126257
10893
117352
7522
120254
3451
127810
13172
121087
9541
117575
126394
16044
129877
4657
120535
121677
7301
1982
5507
4336
119785
10771
123523
126867
4945
1033
118828
118532
5192
122232
129180
12368
117100
118794
15606
121985
10129
15187
119215
2596
117421
1113
118854
127690
8099
125125
115293
116915
115112
3012
13837
122437
14400
14136
126380
118220
116004
14065
12501
115255
14554
316
123850
116302
4893
122582
3028
123633
4587
14126
8319
8228
118084
1264
731
15752
9358
9553
121301
407
120177
12
3783
4611
124859
2396
126982
126529
116575
125620
11074
120578
1120
13210
1526
127153
9379
120205
116011
8195
267
123457
118530
122136
9034
129811
118395
125630
130323
126700
120124
129187
123461
4545
120510
128080
115746
125391
126996
130827
2503
8453
1438
10527
117276
129571
10948
2156
119953
124329
117760
12882
3023
4889
5893
122019
10479
1592
14618
116520
2788
120663
120526
121196
3126
128644
6117
10084
7203
121855
122802
5599
127
7338
11861
125182
116825
116201
130589
7219
127412
119867
7904
7022
127944
7119
129252
7224
120206
7505
117659
14
14282
12020
5842
115348
11989
12013
120669
7829
116699
128671
128085
15525
118406
8858
8720
2457
118102
121062
124857
118548
5598
6889
115120
8102
119067
8442
127770
1503
4435
15945
6998
124157
3710
114805
5686
9121
9368
125163
121995
118958
10680
12973
15894
124653
119788
124479
116442
125429
129211
956
15133
117451
13070
9317
126909
2195
128677
117331
130737
6261
4329
117902
124550
11189
3282
1310
116035
121448
14490
125182
9213
128251
126059
11184
4981
2789
127836
10470
120051
13187
117721
13391
14645
6444
13193
123949
8951
11742
119969
126637
129613
129935
119014
5130
118740
8667
4007
5203
13687
6195
34
13138
129870
125962
118233
124795
10509
119893
4134
6493
118920
5640
128320
3293
128899
123773
129638
10454
6654
13448
123664
12221
123868
7596
119223
115727
126245
2447
4001
15823
1811
118661
11640
14174
10314
118654
2838
9226
128400
6525
122483
125855
12706
15034
7802
129246
121984
127962
5692
9180
8583
1245
14911
122075
4413
119031
7485
470
124155
7193
124707
124917
127771
11041
129397
123476
121979
128878
10670
121985
121692
7570
129840
124161
3064
123884
14825
2169
130757
126390
130616
10583
5051
5028
127572
5352
122716
10023
115192
120147
7967
15865
2351
4082
123306
16127
124280
118619
126320
4402
3123
121203
8467
129196
129086
4583
127902
15139
5924
2692
116750
129941
14372
12518
130068
126450
6324
124094
2387
7633
129278
2949
118074
122569
7344
124894
432
11476
116808
116688
119254
122753
117754
117585
125970
5434
11371
7435
14931
10351
126905
118208
124691
5606
122635
7722
15474
114791
8376
116766
123323
2128
5874
9996
4520
123523
123507
4660
9854
123500
1591
12689
14561
16226
13328
129838
9414
14514
11951
5083
4764
9530
123397
125515
8644
125623
121318
13820
116274
5842
118986
125840
117650
127598
130720
2459
126504
8842
119109
16280
2963
559
130727
129487
818
3227
126084
7370
2630
7287
129513
130360
5319
845
6954
6257
1027
7709
5338
5180
124221
130559
2716
128796
5613
130930
124822
3231
124132
5644
123124
2870
6653
2152
1180
6702
3893
5069
128243
130729
8047
2167
1253
130668
126050
6916
126356
123555
553
123828
130479
122979
8070
6151
128110
126220
123243
123470
124995
1531
125611
130046
2335
127663
6230
2413
582
130792
1661
127437
3577
946
130456
659
124941
7965
129943
129405
3597
123587
1137
7447
8020
128322
131012
128538
319
126581
124635
126551
123624
3191
6432
129334
175
696
128132
127635
6822
2768
129757
438
127908
128993
644
123096
7108
127041
1368
124221
262
123960
1763
125652
129086
6672
5917
125432
125824
123156
125536
125177
122963
125665
4120
127733
126674
130042
123385
125108
123981
1646
125011
5622
123324
5434
6609
3313
365
130948
131045
3179
1107
127529
3474
124667
1923
124773
6722
4017
2661
123858
922
7784
129851
714
128364
3599
127296
128525
126170
2575
129579
125709
129040
124995
5098
126993
126562
5399
124070
1136
5624
130813
127473
124994
127129
3159
1630
1808
124053
125056
1464
123594
3727
126156
6752
125171
3016
125390
2841
3937
130056
128368
126125
129558
130799
3862
880
1154
2125
4927
1923
124940
6614
127067
454
710
4802
123572
5407
130687
125756
130946
129817
6053
8070
126956
128769
5362
1211
127187
6524
7789
2535
130104
124926
122897
7749
123353
2122
4230
6298
126639
4118
127136
5510
8018
127927
128242
128347
130510
124209
124111
8154
127771
128566
125986
129398
128798
124618
5107
127800
127037
125236
6382
5648
6876
127840
127101
4162
5847
1233
2692
127384
125527
1659
128515
2099
128394
5236
274
123732
6768
4565
129670
129382
979
127334
657
126393
836
2287
125448
4963
551
1032
5595
129559
3801
6170
7411
123426
124258
7438
3176
1204
1970
124364
1845
124775
6282
6793
127503
3149
4520
7906
4979
2889
129301
612
124594
1505
1008
5929
130388
4313
125027
129219
123178
127402
123606
129135
129266
128789
2635
126762
2896
8100
126438
130807
125570
2047
2023
123236
127988
128980
7148
126753
129682
2591
130714
4137
127858
5052
2430
5697
124326
128672
124828
129147
5526
124708
130958
126955
2907
128961
129794
6198
2341
127086
7909
124568
128779
8183
632
126102
5889
127572
2225
711
7345
124823
122998
5631
3811
129267
7438
910
1498
4849
6875
965
123088
5545
126039
2009
8159
127745
127231
124767
128487
123390
127338
123480
130794
129251
4136
2669
5597
4099
130907
4505
126875
7467
126209
6778
6252
130593
844
124907
123957
124395
6988
7673
7627
128748
3353
701
129335
129311
128066
2492
128676
125932
3357
124867
124636
125585
7694
126090
5429
3677
128619
5607
8179
3287
122962
128771
126694
7306
6440
130408
129671
129724
124093
224
5746
128672
4517
124803
129686
124621
125007
123701
5530
5919
111
6203
2645
129288
124976
3015
123820
691
4501
6911
1701
128731
5042
1423
125860
130463
931
5580
7554
649
2508
2340
122943
130653
2280
959
128889
7792
3970
128418
127977
5845
5072
127465
2739
127574
3079
300
3700
2346
126073
7668
7978
128724
7286
126938
346
128118
129110
13
2788
2845
7466
124394
5093
129220
5707
5815
4198
129431
2745
128404
3017
123092
5225
126305
125260
127458
124195
128537
3328
6688
5363
7674
125404
129265
6275
6857
129915
864
3445
1007
7458
125055
123714
124715
1764
127209
3042
7614
7773
6922
130999
126224
128993
130078
126270
3416
129989
124750
5770
1092
124407
4054
3336
1314
125228
127463
4186
123250
126612
8077
125887
127610
6974
6108
130490
4621
2394
404
129637
129326
129729
127561
1065
125339
124438
4338
2953
125663
6229
125932
125204
2371
3972
5275
5314
130769
5249
376
123585
127173
125856
123633
126070
125924
3442
1503
2093
2227
125950
126201
128485
129097
123508
126032
2401
124253
5847
4088
127445
125078
4160
708
125603
129492
123683
3969
3701
124339
124322
8177
5204
657
3392
128427
126724
6144
129608
128876
669
130792
125447
5113
128945
1611
127118
721
128212
1323
330
128489
130031
8061
124780
2624
5999
127512
125625
6180
4949
3144
7951
126593
123558
126258
127448
126819
129315
126532
125725
127851
127306
1733
2732
124114
5674
126626
3028
128706
3756
1478
124291
125602
3963
124223
130142
6581
127241
1498
128248
125806
124059
129813
75
7454
3142
8098
28
128468
129100
4604
4691
128624
5774
7283
130833
129442
6161
123095
128585
130772
127293
130744
130220
127668
2082
2620
130947
7966
125000
126878
1347
123639
123214
4859
6862
125198
123975
124231
123989
3134
129292
7563
126207
7395
126461
2238
5038
127864
5848
129674
2880
7006
129804
128239
4541
130129
124072
4716
124779
4845
2212
125545
3280
2874
125542
129255
129503
126828
7286
127423
126957
130120
127870
6609
3101
130833
3401
732
123520
5712
129850
4633
7060
128895
126351
6067
122990
1144
5925
165
4184
123637
7846
784
5668
6280
4266
6525
3775
130922
127574
4576
123599
3649
154
4202
128968
2034
3850
127723
130570
126603
128590
123244
130704
123391
130867
128944
7025
3274
128865
7236
124552
124381
3649
679
5549
5431
129576
7186
6085
125977
127726
302
125971
8002
128679
4897
3192
1159
6935
5339
128052
128542
5738
4720
1886
125671
2887
4147
6192
5636
6707
5180
130553
7096
127444
125701
849
126375
3987
123019
123161
128821
128172
127190
1012
1193
124340
127631
5617
2338
123056
6318
2066
2688
274
4110
130139
128290
125469
123466
290
4207
125204
130876
130570
125704
35
123036
125670
2363
125822
4291
127606
128750
3193
127397
2519
124616
2515
128229
6753
131021
127357
129023
129952
123501
2665
6499
3386
123433
125915
125398
130004
125707
587
130808
3071
126304
123925
129117
5537
125529
123382
4834
127882
5671
126802
1164
128782
131069
127920
123690
123505
7382
1822
125753
7690
5777
6244
124849
130296
128449
126592
129681
125361
128915
127430
1510
124021
130279
124686
2583
5108
5356
1388
124882
128741
128807
127659
507
106
124095
124934
125672
2093
127158
127990
130731
4452
123975
6417
130744
7300
7265
6737
5136
125405
7287
5272
203
4208
1140
7407
3107
5430
6868
128432
130083
4173
3524
128180
4720
5181
127817
4776
130478
124727
127681
128954
124654
130362
123450
1078
128515
4847
126086
126998
129590
6766
127651
128348
126711
7396
6912
6084
4126
127112
5714
124484
127678
128060
4913
1300
127808
126412
126110
125400
7347
2596
2062
6263
807
2067
125200
125176
5280
4599
130562
123987
6405
8131
126493
5504
126341
125693
124519
129458
130095
3693
125395
124404
122911
129848
6531
7212
1292
642
1644
3606
5028
130157
7932
7326
4057
127918
1687
266
3365
125032
8023
4880
130786
124295
5023
3838
2842
127445
129003
125341
5175
7629
125586
1602
126200
7763
7391
1690
413
5610
7693
6735
129292
1063
126142
7017
8024
127004
130469
3642
5588
123461
124413
1419
123078
124412
4263
6598
129933
129133
128456
124166
2509
1164
5954
124780
6341
123507
127011
122986
127101
6719
4738
126135
124257
5605
1248
5462
762
5490
7050
127292
124582
3692
7149
2980
167
1515
123728
5805
753
6399
7617
129422
7503
127868
128807
340
270
1477
1883
1874
1715
125858
123486
1124
7971
128847
124559
1783
6890
1034
124318
4451
123772
1498
126810
7560
7270
841
4727
124201
130277
130396
153
3076
127388
126373
6477
7475
127919
123573
126668
2507
5504
3725
128237
6985
8094
4936
8052
130722
2024
6614
5370
3798
7345
5207
3346
128129
127895
126024
4425
125315
968
125939
6255
130455
3999
128169
123511
127733
7470
3400
6132
129846
1679
126298
8171
129988
7420
125644
123077
124047
5611
421
130371
4310
1911
2929
7280
1941
1296
122998
128941
124094
6228
2927
7135
3139
125117
4585
2047
123509
2212
4643
129729
4067
7651
130506
461
4339
124323
8178
1177
123295
5438
4308
7494
4231
7487
125850
6505
672
3978
4890
3321
3835
128936
6971
4501
6516
783
7929
5431
123203
123976
129375
122977
5582
1752
2102
5000
6797
129540
128747
5143
125590
130933
6588
7286
7649
2660
2683
126352
5818
6840
3769
129568
130538
1258
129197
124469
1523
129413
7435
127411
130136
126500
2667
130550
5101
2466
2157
4977
125022
7563
6074
125642
129821
3250
6320
124096
125997
125624
129954
123509
125966
3200
124773
83
5852
3993
7879
3720
6685
126496
3362
1760
129453
129950
230
129555
5079
4393
126322
127533
123137
123268
126915
2975
125618
123004
125705
6088
124621
2774
124773
5859
125195
4895
127556
572
1933
1359
6269
212
2795
6026
3367
130831
125540
6430
124109
7132
5620
124255
125284
124276
125865
124181
128429
6060
129026
5863
3432
130601
127676
127730
127252
130582
2522
130857
125295
5728
7782
130310
125788
128227
130520
126091
3926
129154
124312
7285
125143
126806
6258
3726
697
6274
2979
7332
5222
127753
124204
4245
128296
333
129833
6546
7449
1132
129380
3041
124025
124402
127242
2276
125213
124352
130864
2589
130902
124464
128568
6072
127236
5566
7798
126475
7776
122981
123980
124805
2881
4421
128802
5684
5171
128556
4917
3755
6262
129712
128650
6046
124631
128232
129085
6678
126625
129110
124896
650
6175
5625
128666
124585
3665
3982
2090
2076
124181
612
129829
4906
6977
126910
3544
124113
128411
6582
5441
124637
5314
6616
126287
4000
128248
6224
7385
127926
7238
130959
129319
67
129227
127124
124823
129488
6106
126207
6590
123452
2380
127693
128623
6372
127989
1709
129489
127651
126847
2094
130336
1149
125448
125661
125721
128492
129125
123807
4386
4412
125570
4620
3202
5431
4990
129010
125509
612
2446
126667
4678
130638
4754
128993
130396
6778
128821
124433
124034
629
125518
7676
1541
123506
2642
127693
129091
130640
126454
126312
130875
6856
127609
130216
128144
127962
5072
130935
128739
4020
125531
6591
125603
3276
128337
129292
130775
127684
129195
124956
126049
338
5968
3837
6521
127225
126352
128009
126273
584
5068
2792
128036
5095
125753
122904
126252
7207
122898
5694
126881
124297
126762
128336
130969
867
2069
2395
261
130131
127648
130305
124030
130685
911
1941
3399
127473
6699
130168
123064
128777
126814
127605
128388
7389
125130
127693
127157
6421
4110
4455
6118
599
1955
130174
125864
6101
127497
2704
4394
126407
7124
128314
4537
126487
128727
7042
125337
3575
127211
2085
128510
127549
1691
3217
5670
4042
6343
7815
123238
130856
125582
1536
123779
6211
129568
127842
7507
4856
7359
943
6829
7780
8053
3931
126965
4888
7506
127629
129286
5877
4701
1521
125489
128295
129113
123169
3512
2691
127177
127178
2977
123273
125716
2928
32
127754
127955
3250
125980
5726
129228
124273
96
123695
124090
128374
124426
130107
5496
3086
127624
5358
124432
127706
124746
2745
3997
127906
130217
128898
123692
124446
4987
5872
5766
2510
5345
5365
2519
979
123069
2207
534
348
3099
5839
6764
128040
3693
636
130225
127151
124061
124100
3327
127063
2460
128295
959
123800
2838
123474
124902
5054
128970
130056
7810
126519
123123
1307
129625
6939
127152
128305
6504
126293
2123
5957
130625
127824
823
4258
127689
7177
7542
697
125354
5008
7743
124580
129644
126183
126324
126971
5528
128102
129669
1144
532
130565
6343
3245
127383
128483
6499
3715
7727
127484
124210
2061
124100
125269
125960
131024
1315
6352
6333
123866
8184
3560
1199
125809
128754
7930
126163
127751
124229
1890
1298
127930
123949
6956
2029
7302
7797
125642
129896
1901
6383
5276
124309
126510
5380
127175
580
124371
7284
130096
123790
125042
1608
127884
1546
1378
162
1285
129669
4060
1521
128071
127660
943
130179
6078
127723
130298
309
123397
931
128565
126264
4606
124681
3441
125528
127466
129211
123517
7771
129289
4757
126020
127608
123715
1939
124842
126887
127488
126289
5642
164
126773
510
552
129937
125459
126677
128033
3572
128515
124710
128214
130219
125389
5056
2868
122996
3073
125873
1017
127090
123708
727
123611
5766
5052
6204
125742
127171
127338
1946
3814
123542
124755
129997
123139
4440
129222
4831
3711
125978
123394
2818
4566
6796
123354
1110
7151
124761
131022
123632
127826
1197
126169
124936
1049
130476
2287
130118
2841
124736
125297
131052
128539
4104
125805
6624
924
128016
4881
1024
130382
849
2830
126074
127680
8096
7513
123276
726
124516
5976
127307
2191
126116
123706
127096
2931
2759
126151
126324
2632
1186
123507
126180
7923
2873
129979
4411
127417
7007
4866
637
6837
123118
5908
126156
127389
123902
1754
6695
1387
3564
125294
128707
129989
601
128661
125874
123595
128886
125795
6920
128571
1404
127938
7480
123247
5432
130272
2982
126236
2877
126170
126402
2247
124793
126244
126452
190
128935
3474
129916
5287
123215
5276
7650
125671
126296
126629
122895
3623
130436
129951
128691
125885
7268
3916
2740
3246
130000
128678
6298
7148
7556
2977
2260
5066
2212
128066
130533
7291
6936
1802
4514
1816
669
123283
127249
3898
125763
7661
6694
127378
5125
2919
129022
123720
2744
127420
130976
2411
126983
128565
5359
124929
3204
5533
1420
128073
127837
127060
4301
6663
7144
123263
129975
126023
127124
1643
129587
125464
8001
123061
3570
124654
126270
128092
1476
5601
130994
857
125139
6445
125317
5253
2091
7740
127867
127684
126382
2228
128662
2485
124999
129028
7352
7328
128090
124465
129114
123285
4031
125993
7391
118
123692
127834
125437
128126
124009
7496
126269
5504
127207
5848
125543
4793
129789
1724
127261
1517
123258
129160
127447
125935
7527
4044
129159
130311
127150
4615
130909
4387
129826
6765
126746
127957
454
125521
125460
125174
124793
130428
2617
128786
125237
124457
127299
6640
124248
6519
125986
187
818
127610
129119
125063
674
656
124505
5589
8148
2676
128228
7214
124060
131041
4589
915
2202
124868
127733
2131
126756
1295
124354
128921
126433
129268
8132
124717
128200
7542
123384
4017
5331
124900
126084
3109
129370
7170
125135
462
123649
3821
5583
127037
128010
122996
123664
126128
6356
127505
129228
124569
123602
476
4205
129348
126299
130649
130626
129127
7826
7086
2809
124154
2584
123529
1145
7861
7166
127961
130686
1518
2680
130133
7563
725
4394
128692
1621
2519
122992
128304
6600
2771
2001
3724
7449
127101
3349
129662
128033
4065
4578
7717
7711
4077
3725
125804
124510
2200
138
1307
8113
127823
1457
122952
4105
124485
130768
2878
2586
129235
125707
1154
5059
129025
4129
5016
245
573
126313
1212
3033
7372
6759
124089
130739
2718
2004
4791
129111
3790
6615
123472
6655
5241
4981
128140
128659
5168
1366
126352
1562
6839
125517
7720
126085
124512
130332
130203
7957
125321
6739
123384
7055
130139
1461
1270
1843
700
123881
5315
4488
128917
6596
123112
125934
124546
7090
6883
124838
3063
7426
124118
126495
4231
124839
3030
127535
4507
123853
127328
4222
3836
129958
148
126451
5081
3209
129573
125759
1373
126862
125032
4133
3056
124183
7156
127462
130109
128699
7671
128796
124508
3479
126594
123480
5926
130896
7578
126863
6967
124834
130166
125033
128258
125504
4215
5659
129353
129376
6033
126171
6317
125799
129952
914
129427
124745
128035
2987
3813
4803
126825
6087
4744
127604
128482
125901
125298
4363
130688
126211
126226
4191
5354
129186
5893
3050
129893
1280
122919
124580
5520
1539
6698
128810
125928
6171
2649
3035
124685
1583
786
124449
953
127665
131002
128401
126495
3268
130243
129669
129840
873
128863
4167
1449
5917
5268
4310
129317
2626
127743
6519
129907
4267
5424
2137
6233
7845
5948
129435
129051
122957
592
125673
2419
123484
3645
122947
123357
4853
1681
4913
6403
654
5617
126596
2796
130033
3515
2292
124970
7281
124062
128299
6090
123948
6607
123591
2208
8170
127546
4996
125645
130905
123691
6183
3859
1933
3381
1215
130922
339
127477
123480
124039
129171
4316
817
124566
1774
7535
7747
2075
130679
126322
1974
4389
4546
123050
123062
7918
129529
129534
7512
130203
125687
128734
5559
908
24
4989
3275
125086
124630
2556
5470
7377
124311
127854
124365
5080
126130
5511
5054
2562
6089
2098
123507
128800
129537
2435
203
6630
7461
799
1364
128113
2270
7638
123601
4613
658
644
127150
3341
124439
3564
2107
126084
129244
7442
125760
124716
124362
125522
128956
126496
5792
128041
123205
5082
7670
3491
151
3987
124615
125926
2005
5501
3994
1021
4708
128737
2793
7962
5335
7996
349
6392
125812
127361
1016
4002
8138
129649
7211
123419
1269
996
130148
126913
5525
130691
130754
123238
127580
124606
200
4691
3862
1505
3635
379
130561
125254
6961
2895
123405
5382
126275
123797
6416
5065
125308
7345
124951
3049
126182
127915
3464
5924
222
797
6658
128852
2794
5
4034
129104
29
126652
124083
128934
2488
3865
125886
129819
126043
7244
646
129704
492
129395
2686
125440
7292
130938
6801
3201
123303
5416
127342
123667
6810
127840
5416
130843
129137
3865
124117
125731
2024
128457
127683
8051
1677
126085
3238
130474
130093
3706
8143
8071
125840
5390
7619
125860
125452
127028
129450
6868
7391
130873
1277
1068
128296
123007
3941
128611
125513
125332
7460
129412
129870
126446
2498
1131
124881
1831
6135
5818
5266
3871
4408
130703
129121
127758
130862
127726
126730
6754
2756
6712
126366
128829
5436
89
125448
125713
5876
3925
129266
5813
127171
7
128391
130247
6636
128330
617
124033
1056
5799
127690
130291
123609
124091
125319
130560
5098
4085
5327
479
125738
2437
127993
6329
549
7742
1419
128882
124393
130822
128514
7320
128203
4058
5287
129907
4573
127418
130731
126782
7079
495
128715
2299
126934
123024
125076
125355
5444
4236
824
6688
127112
6769
2776
4836
125195
123758
124224
128031
126077
3311
3369
126726
3214
124937
126285
6044
2379
128653
124295
130821
128765
5828
4813
130433
3373
5904
2564
746
129347
123748
5455
126293
126808
1227
130253
127990
7089
1699
124889
8066
129467
130181
242
818
730
125085
2378
4125
7868
7743
126009
3854
7377
7303
128358
6440
128203
7125
125804
125039
127639
1766
6266
125707
5461
3565
8018
122925
4242
1043
5320
125692
128952
444
5177
4582
4145
130631
128244
123781
127132
6281
2376
126797
131057
126292
124041
130405
4337
7863
2425
126015
4636
129606
124676
7364
6115
125057
128791
131045
126026
50
683
124077
126330
125203
123730
123403
126108
2374
129645
125002
130487
126887
122904
127101
6598
127374
124757
129366
123366
130365
1505
123976
125545
7872
7760
5578
4546
972
127051
129341
127418
4998
6058
2087
126707
125909
130477
1150
7406
2241
127542
6164
185
4283
3035
3604
1079
125374
1321
124753
7085
130126
2677
6324
7447
123767
126304
130438
125532
2868
128752
124030
130255
130474
194
128734
129143
127593
415
6922
1520
129762
7555
129906
127763
3246
2443
1865
126679
7015
130207
4849
126794
3938
7350
450
123842
8060
1853
4497
7348
124063
125317
130523
130267
128991
383
127649
2037
6496
7997
127416
124540
7204
126297
127127
5701
6769
5297
125328
1042
130304
128789
2280
125185
129747
1520
565
8000
6270
123603
6658
1901
730
5644
128299
8116
3054
130068
1230
4026
128440
1672
123691
5110
127993
129455
7291
5905
5354
130057
129678
128172
7840
6270
589
125268
1456
5553
2580
124932
124834
130352
2670
126447
1073
125263
4942
128906
130067
131058
3176
129753
123113
129670
123553
898
3491
2629
8107
4228
130012
130244
130480
128843
7629
123486
126026
8174
6083
5397
4613
1601
123431
124347
124207
129707
1358
127409
842
127159
7011
5354
1489
123549
5376
126937
1335
126254
4931
4231
126215
128933
127085
125241
128661
3263
128438
127731
127204
129746
124113
2084
125795
127514
4856
125454
3004
125638
4253
1416
124519
124816
4324
129990
1334
130278
129383
126816
123362
130950
125555
129684
4142
124073
3209
128817
125684
123685
128123
5231
4305
125571
6274
5266
130551
260
123198
4133
130344
128626
4340
129831
958
128351
1236
126159
126893
186
2198
5203
129411
125199
6640
5282
129944
124244
235
127136
127736
669
1727
124008
127911
7958
130160
125253
1651
1431
130653
126043
125019
7819
8098
1134
124372
126938
1418
125172
3970
125322
572
1163
123188
127493
129643
128658
128786
2606
7100
129073
683
130807
129208
122949
1089
123287
123323
6960
125918
6258
128515
129918
131015
3842
123435
6980
7422
3740
3704
3673
127704
126530
7233
126669
263
123004
130110
126131
4211
128571
2201
5890
130386
125968
125198
126303
7226
6095
125401
6719
128597
2662
2846
126137
127628
130382
124381
126142
130237
6370
1615
128421
744
1871
7318
8011
3789
659
902
7527
6081
125038
5673
125701
3113
130280
1959
124074
122962
1720
6514
6801
123736
129425
123244
2638
2035
126768
283
4611
619
4915
128267
126724
2737
4788
1971
6854
129203
126853
5320
1989
130671
122933
6257
130233
126580
123329
127410
3054
126075
124244
4573
7013
4531
1417
130871
1844
4547
130895
130740
127435
2251
5469
2945
1592
5485
7088
5155
130025
127784
5051
130298
123160
126829
123398
1193
130030
128641
128686
128370
1244
7698
4957
514
4458
5606
128789
7362
129157
3927
3470
411
130761
129901
5863
125197
130068
6293
129166
4221
5383
6473
126962
8039
127946
2091
7329
123098
7888
125448
127365
5346
129347
1475
125134
124098
127666
3300
128705
126976
1858
3751
2703
1245
5759
6141
126958
127580
125261
1878
624
131011
124265
130506
125145
6258
126874
128575
124973
127146
127547
124619
131068
123868
122992
2148
5555
3835
1763
236
3893
130892
123473
124299
128831
128282
7711
4870
6872
6068
129297
4346
6090
126240
128438
39
7556
124784
127144
126098
126639
123160
129137
126947
130746
122912
705
125497
127057
127255
123507
129823
122930
125785
5902
5732
128398
3298
124707
7316
1876
1110
128896
124368
124914
128065
124897
2521
133
124431
564
125643
3696
127181
130405
127038
123721
8037
126290
123497
129988
640
888
5673
6805
130094
5200
128297
125600
129017
1133
6344
2452
5467
6724
124744
128369
126388
3388
7513
126641
126191
126361
127749
127575
125263
128610
1002
162
907
699
1483
130552
125216
125979
130417
124644
909
5358
127085
127631
2108
129355
3706
6658
129204
125250
128051
128136
2583
130971
125905
129092
127859
6129
3923
127752
123908
4752
497
125198
7983
129171
2390
431
123867
129152
128316
5507
3540
8122
7312
126223
1010
5660
125537
128743
1692
124805
6916
129591
126134
129571
148
130524
127703
126190
3440
126898
5106
124494
129219
7382
124033
1696
127858
128310
128941
4637
130167
124690
127066
2074
519
3832
126458
128045
128771
7260
124070
124831
1312
2226
2205
128165
7821
3841
125998
124030
130234
130012
126803
7602
127730
123515
130323
130729
130571
2024
8128
122940
130605
128937
6087
4815
5731
5989
1470
4083
1027
131060
123434
6847
127282
127429
127118
130385
1874
127320
139
923
5035
128558
731
5924
123195
128823
125693
130462
302
129675
3893
4260
882
1485
124503
126381
126049
4182
127405
128018
128941
125099
123388
7478
1288
3306
149
3235
2967
130031
127471
123259
73
7461
128162
6557
123248
7447
1445
124575
125963
126990
129570
3857
4679
7301
519
1948
124539
7209
126445
128819
5417
127160
129439
125371
126986
1589
3682
5573
123412
5871
4560
5756
4163
123648
29
130032
4169
130511
3128
8118
125240
2828
906
6608
2979
27
126475
126981
125586
5765
129260
5091
837
6648
126537
123342
124828
1809
129411
125265
4908
130287
126592
232
122882
7255
125477
5074
123587
5891
130063
125210
127117
124942
126190
125658
130955
130816
1783
4347
130222
126770
124901
3344
127437
128897
127733
3942
7883
796
3499
1686
129281
1524
128837
129108
130340
124086
6509
127972
4654
7437
131052
4887
123342
129635
129644
4079
7709
125338
124825
130444
7798
128925
3039
128282
2834
129624
122933
6559
126
3819
126308
3861
1522
129304
126089
2895
5253
127236
129817
5174
7807
4460
4380
125356
126929
199
2142
125556
125106
124719
850
3635
125791
4133
128388
124579
124031
127967
126860
5673
5591
130317
1665
8136
123529
5594
2825
126784
124624
128346
124225
127408
126814
4905
7541
7685
123371
7804
129914
129591
126496
598
2197
124531
6110
7415
127815
846
5635
4671
130355
4239
2547
4234
5340
7991
6066
130153
125139
126770
129326
129924
125018
128900
97
128055
927
5332
123555
127747
129041
871
130869
2063
123739
129812
129665
124460
6846
6268
123951
128428
130258
6740
797
124142
3340
125023
129811
127955
123917
4833
4769
6766
128818
4351
128194
5060
6912
85
126182
7891
128259
123210
130619
130009
130335
1842
129017
7144
1498
128785
124261
1103
123679
1273
125255
4258
5865
4685
779
125366
125167
569
127407
123441
129410
3097
123285
378
129700
4034
1211
128790
3154
14
126607
127619
125662
130297
363
126761
127238
128323
126372
129389
125176
129131
125223
126816
123847
126812
2314
126478
129190
128687
124822
130416
123666
130449
124216
128767
124170
129002
3788
127708
124300
1350
7821
7771
130044
7367
125818
2897
6218
130230
125602
166
2278
1226
128538
130850
4825
4428
4449
1131
130307
125195
5624
123075
124199
124825
5350
7476
130692
128565
125887
127178
3245
887
123994
4544
1035
4305
125322
130646
126725
200
4214
822
6598
208
7826
3806
825
5599
124080
1608
4607
1210
2040
122887
5532
126553
130760
124286
1559
127283
128161
4177
126258
125604
2793
2328
7322
130395
127989
130524
123258
1192
7430
126166
128461
3094
497
127795
788
2581
124738
129777
2641
1331
4695
127374
5590
130277
281
127500
5892
124151
1590
128893
1214
8077
129800
6342
7992
127880
4321
129831
6656
128746
124030
5329
123878
5566
129786
130305
3516
129706
7483
1064
127397
123808
3711
2784
126566
123427
127247
130792
2446
130832
3650
124346
129124
127557
3856
126399
125695
2666
5570
128735
128256
5671
7456
125039
5207
1950
123376
127214
125869
1244
187
128625
128878
129648
127484
5492
3122
1218
6660
7064
123414
129339
122978
130645
4997
6447
713
6444
123027
31
130058
124340
5766
130324
128489
6052
545
130185
128764
123273
3549
124473
340
6442
125481
5811
3204
182
