0
5000
6342
4742
3014
4586
2913
5550
1630
4794
6918
630
1130
3674
178
5000
2638
623
314
6662
4897
7402
4210
2158
2622
5482
306
5094
4038
5826
4705
5086
4558
5362
178
7203
6214
4986
4362
5016
3358
7122
1286
4326
3110
4458
0
8131
7626
4242
1222
6998
678
290
2318
5112
2494
3290
7850
7574
3654
6458
7314
2238
4302
6650
1906
995
3578
5000
0
1518
478
4282
1798
7926
8170
474
3233
222
74
4122
146
6150
7622
5082
4705
643
1850
8154
7430
582
5446
6138
6430
2686
0
4170
3910
35
4294
6498
1938
3822
4993
1023
5638
5016
298
7898
2106
835
3278
6426
1862
2019
1958
1511
818
3630
510
7218
1706
5542
230
3778
3610
5310
2506
5256
0
4934
38
39
1938
7790
0
4538
786
2166
2822
5272
5370
4958
4298
6418
146
2566
486
5256
1650
5304
5694
287
3890
2278
166
5570
274
1406
1486
5322
5574
7715
2118
2938
1426
1454
0
5674
2817
5606
38
1282
5566
5246
0
914
1298
3206
422
4778
3594
259
0
562
114
6726
298
5368
0
1342
2634
1786
5594
2246
1062
7463
4362
4782
7066
5562
4737
2214
4737
4826
7546
5256
4814
7194
5434
1187
0
5994
2290
5304
5694
1258
1586
5990
422
3650
4577
3678
7246
4170
5825
3382
6086
2914
4618
579
538
82
146
4918
7978
5272
3774
1630
4737
4938
0
6371
1434
4954
5390
5166
8126
50
7082
5240
4609
5418
402
5598
462
5512
1266
6134
7718
8170
2446
5528
1434
5528
4737
7798
0
7554
3578
606
2506
7954
6970
7894
4385
5354
0
5560
1598
5722
3078
867
0
423
8090
4574
5377
7410
2625
5126
2022
5512
658
4206
5402
5162
42
6150
5126
1794
0
5758
6273
1170
198
6534
4294
6058
2058
5422
1406
5338
3754
3142
6502
1850
6290
7486
2126
7730
370
5254
38
807
2190
4782
3738
959
2282
1030
7686
5546
178
5598
0
530
198
931
4198
5594
8178
5560
4670
4074
562
6038
0
5560
1822
6782
1870
8050
346
4102
3430
1890
6154
4846
1886
7722
3986
3382
7686
5528
0
5630
1230
5512
6778
5334
2202
6314
7950
558
506
4906
682
5062
0
5418
146
4286
0
6522
6746
5256
6854
2282
7310
5294
6298
7098
6762
1542
1642
7810
2302
4702
0
623
2118
419
0
2026
1650
2670
5121
8042
5638
4550
0
5058
786
5886
974
2490
4038
5430
442
359
8082
5272
1818
6010
402
5272
5418
2922
7226
5598
1934
6090
0
1379
0
4826
2610
5368
7034
7642
8106
2198
0
5434
0
830
3658
3122
3034
739
5958
4258
0
4846
4097
6074
6674
7158
8038
1154
946
5256
5761
5962
5697
1110
102
6754
4362
5358
0
5304
562
3734
3910
6762
274
510
5377
5194
0
4918
1466
682
6666
5272
0
5370
5633
3078
5505
7938
4666
1886
3022
1199
18
6614
1702
4522
1842
5240
2298
4906
4870
1222
486
2874
5146
6024
6990
4554
6342
5766
6086
7330
658
6574
2970
5818
5761
7798
3334
6746
6138
323
1994
3354
5825
4614
0
5858
266
4910
1022
5482
2881
1379
8042
6850
3102
5502
586
6024
4673
4102
3770
6010
266
6040
2177
6010
146
4326
3110
679
1138
1502
6273
5322
7954
867
0
6024
270
5934
378
31
4417
3478
4678
4583
7314
5982
206
562
1242
8134
5793
5738
7946
4014
6942
1471
6017
6566
4993
359
3710
963
270
530
2246
7766
0
6106
498
2606
7742
3034
7402
1606
0
7162
0
7934
458
4170
4934
3894
870
4346
914
7342
538
6040
5633
4918
2346
2778
498
2654
842
5450
6778
995
6298
1058
7438
622
0
7218
2730
1571
0
6850
538
5310
5454
5322
6086
1891
2758
1258
778
5294
5377
82
5738
4214
7786
602
5370
3934
4298
4370
3142
5590
4897
5256
0
643
6714
4186
818
1942
3782
5304
7710
4862
3658
8122
0
6086
6113
8039
4897
4206
7454
5498
3846
6
2177
1959
7226
5256
398
5578
8134
2566
666
1314
2570
5368
378
5368
3078
1606
7238
5946
5402
2910
0
6906
6726
6022
2810
4202
402
5870
1310
191
1002
4102
0
5850
1402
734
0
751
0
3235
3174
5338
3169
3822
0
31
8170
7238
1002
679
1310
7806
6858
1967
1714
5256
0
5114
3105
1454
350
4178
1066
1030
294
2522
0
5374
6474
5402
5754
2182
6470
3930
522
4142
4350
6442
4358
5798
2090
5240
414
5598
7882
5066
7258
355
5242
2490
6542
110
1434
4794
0
2678
4870
5528
3578
4958
458
5578
402
6870
410
7402
114
4398
2618
2922
4970
3558
5505
5610
3102
4574
206
1266
4058
5126
998
6370
3730
4206
1306
6610
6186
5528
0
4970
0
5512
1994
4298
0
5512
922
5512
2830
5624
7034
5418
6826
7062
358
3138
3866
5310
6350
2610
0
5494
2042
5562
2314
2030
666
6098
530
5528
2538
3458
178
5342
7242
3602
0
8099
102
3170
1010
2030
7742
7146
1798
918
5505
4714
2202
2814
0
5194
434
6150
5473
5546
545
579
862
594
914
2918
7978
5850
1010
1347
1934
5914
18
5510
422
6314
4878
3
6650
1834
3334
5240
4650
3778
2586
259
970
5256
1010
3830
7878
418
2314
5272
0
1983
0
5272
5761
6786
4346
5182
1614
5256
0
419
7322
4698
3598
4398
7742
5106
2410
5350
4458
3962
0
4830
8142
2034
730
5256
7910
2986
5409
4206
0
895
5377
6454
3201
5994
3006
7294
910
7706
0
5638
934
5802
7730
1582
190
3615
5441
4246
358
743
5914
5256
0
762
5702
2246
4934
7975
1422
5806
3294
6762
0
5286
4102
871
638
1219
0
6170
3474
3158
102
5338
4362
4654
894
3290
3334
662
0
5698
0
3
5377
1722
690
5638
3526
5626
4129
579
2586
3327
146
1030
5505
2818
7870
3326
3914
7058
18
134
2970
743
4914
5240
7614
5930
3846
4774
486
4906
7058
5086
8014
4986
6342
867
1146
5050
1934
67
5406
7250
2154
4726
5382
8066
178
5182
270
623
3654
5638
0
6882
4210
6254
8190
7530
306
2246
6086
8058
3102
5000
206
3314
4570
198
0
4986
1682
686
222
2090
146
1059
5505
5016
5690
4734
5578
146
0
2902
5345
8039
6414
5614
4737
7730
114
7238
5702
2114
1170
6334
3658
2554
8050
1910
0
4714
4238
5038
478
5586
7402
5126
6017
5016
5281
8131
270
26
4922
7942
2970
5082
6410
643
7994
5048
562
4454
3306
4714
6430
5000
334
1394
8026
70
0
4346
0
1198
7706
5114
3590
3875
806
5016
498
862
5962
8111
0
4870
4006
5466
818
5678
1018
5978
774
918
0
7288
7201
574
0
6706
4698
867
7585
6330
3986
1646
4894
4538
786
7320
1766
7770
3322
7230
202
714
3142
2566
7322
7304
5345
7352
766
3570
7489
6374
166
746
0
7550
0
3274
7898
4614
6214
7304
7969
110
1502
1234
6913
6966
0
6506
0
2014
0
7599
5185
1158
0
4778
1546
3630
1214
5418
0
7334
3942
7210
0
3390
0
7930
4929
7046
7930
6250
4362
195
2970
7320
7430
6646
358
4826
4513
3267
4814
7304
7482
7174
6342
8042
5898
2435
5434
7386
3050
1094
6785
7352
786
2046
5834
2930
326
7715
0
3815
0
3566
7809
6394
7681
7526
294
4570
754
7518
462
3354
838
4054
4422
858
3233
7214
0
31
2986
6822
42
7482
414
7560
2382
367
0
6470
7841
162
1682
7576
7578
7866
0
4102
106
8106
6142
606
2506
7962
2874
7686
1254
90
7137
3182
3582
7770
1030
5318
2470
7608
6042
478
2254
7560
198
7174
7238
1194
0
686
4894
3455
0
7398
7174
7770
8033
7806
970
202
0
7686
4294
7642
562
7672
3962
1586
1030
3990
7425
6186
2194
5438
2126
4682
3142
483
4934
5738
2314
5102
5786
7274
2310
7926
4586
7554
7034
4926
7553
1050
1089
2310
4038
7642
6670
6126
3966
2026
562
1606
838
1447
3870
7774
0
954
346
6
3270
6394
2190
4334
3934
1618
1938
7686
0
2818
7614
4446
7374
8010
7494
7382
4705
2218
306
6190
7553
1074
3334
966
5062
3431
0
7390
846
6522
6746
4854
2758
7354
6410
7320
2202
7098
3346
7320
3690
7770
434
606
3854
7954
1170
5638
998
8170
5898
6766
7934
2034
0
454
6506
4842
5662
8062
3790
7154
7898
7304
2118
7304
0
4206
6942
8058
7425
6150
7174
7018
1982
3267
6529
8138
7233
3206
4762
730
6414
7470
0
543
5126
7416
3142
7210
1938
446
0
7919
582
4294
3910
7304
1938
4526
0
8122
1798
7334
234
7320
3710
7304
4682
3823
3898
7304
4294
5338
4362
7406
8062
7199
3334
5190
5958
6762
274
510
3786
4794
6490
4614
0
7304
146
7320
1886
1106
3078
870
0
3034
3826
8030
7809
5914
7105
134
3750
6690
5281
7278
6398
810
426
7288
0
7978
7070
4542
974
4554
5210
4934
3622
551
910
7598
2970
8170
6250
8088
3178
2650
8097
3422
7809
1647
1938
4614
2886
7906
266
7278
6657
7770
306
8120
1898
5098
7777
8158
7937
3314
0
6
1510
7338
4362
1710
6273
6186
42
5942
3370
4458
4286
8072
6222
4242
6906
3590
5318
290
0
7982
0
562
682
5526
1894
66
7450
4926
586
7754
882
7302
3745
3690
5898
451
6942
3519
7402
3078
0
1962
1662
318
1486
530
2246
1622
3994
6506
498
6702
2874
7658
3334
3654
166
7786
286
1790
334
3442
0
2118
8033
4450
914
7406
8065
8088
7681
803
6273
6874
498
6750
4938
282
2682
8072
609
7338
5130
7288
6138
858
242
7590
7622
6458
7838
7304
3406
7034
6642
8070
5242
3306
6497
7342
7966
82
2822
422
5894
2218
1278
606
7758
7882
1094
1955
4934
6746
0
6766
7169
287
3590
230
4970
4474
2714
4830
0
2479
946
7304
742
482
4897
7320
0
3455
914
7990
7978
3330
114
2270
202
7626
506
7302
666
7527
5902
558
4474
7466
5126
7318
2346
743
3354
7102
7041
2810
4466
198
6906
7866
402
5038
8090
1642
3334
502
7174
7320
434
6462
3790
7186
966
7304
1126
551
2826
1774
7482
1138
2026
4758
4422
679
8090
7304
3406
4015
2906
4678
5062
1018
5642
6638
350
255
3114
7526
810
258
4798
6750
6474
6546
7802
4358
2374
1962
3342
1539
7297
6490
4358
7846
6342
4034
402
4030
334
5170
1266
646
3194
6306
0
110
4894
7576
3334
7334
486
5034
7585
3678
4737
4890
7750
6662
4506
5354
778
2435
1534
1823
1030
2198
422
3562
274
4574
0
2746
0
6454
3142
7338
0
195
0
7576
6186
6
3078
602
4961
6782
4042
687
7442
3414
922
938
1586
6190
7809
7386
0
2966
7425
5186
1818
7518
2254
7754
7386
7302
1862
7610
6410
3758
666
8146
530
7078
6662
7576
3962
7646
7553
7560
1338
5126
410
7560
3681
7150
5694
3615
3634
739
3238
3578
6298
606
846
8122
0
35
5306
866
4641
7576
1562
4650
914
4614
5930
4519
0
6494
6017
431
18
7430
2202
6314
4878
3694
7553
3122
0
1430
4038
1730
146
259
718
7370
4550
7558
929
5306
402
7342
6430
8122
3334
5030
1286
2690
2482
3422
7758
7882
1170
7686
5446
4698
626
7790
5690
1010
6506
4550
0
1914
3858
4862
1998
8178
730
7478
5601
7546
3338
4014
2842
4986
7425
2054
3370
602
1082
2270
7246
7304
2042
2902
934
7850
6666
5422
0
6706
3078
7416
3142
3138
5790
3902
4046
4858
8154
6534
4934
1831
4874
7918
3870
6866
7809
7320
870
1754
4018
5598
3658
751
0
1110
2246
5482
6386
750
5694
7352
3634
7352
7078
7418
5530
4734
0
3770
1862
6726
7610
3426
0
579
4737
6186
2561
7320
2346
6914
3297
1278
1866
7498
7802
7942
6982
7304
782
515
2298
2098
0
150
486
3943
6046
1598
4993
4986
4801
4742
7110
4586
7434
5550
3358
1106
0
6
1130
7770
5025
5000
270
6090
314
5000
1946
2786
4110
5934
6718
2802
0
4246
8134
6122
1054
1406
206
1711
1222
4294
2118
3298
4362
195
794
4986
4138
4326
7206
5722
1138
5598
4174
4242
1786
2950
0
5000
0
46
6590
1834
0
3478
870
5112
5402
1854
5706
5000
3905
5254
1062
7586
778
451
666
7634
5354
4518
3942
474
6782
5000
5582
5000
6342
2646
2970
4458
6410
5614
1850
2162
562
5048
166
5048
274
6782
4865
7538
946
822
4961
2402
2190
5016
1562
594
1426
5638
3590
3802
6202
5118
8010
5450
1658
7382
2374
1194
818
7790
1018
5240
774
454
1578
7874
6290
4670
6602
5322
4698
5256
7290
1954
4449
579
154
4538
786
6566
7910
487
0
7774
0
2322
146
6662
0
4586
1650
1667
5121
1522
7986
7110
0
5570
6753
3838
5889
5322
5185
5942
7137
871
1166
5272
3457
5498
1938
5606
38
602
114
5246
398
1455
506
7302
422
4778
7690
1582
2426
5082
3078
1827
298
5368
402
5256
1102
1074
4929
6342
1786
2154
2450
5272
5406
5562
8170
1507
5126
4826
638
1219
4814
5450
6086
1110
2246
5730
6386
6894
0
5304
1798
7830
6785
7746
1310
5256
5889
4794
5978
5256
5985
6138
6542
6638
538
255
0
3078
3882
167
7738
3326
142
6546
18
6102
1702
3618
5281
4142
4030
5240
4801
6822
998
5240
6170
5598
6478
1074
1222
2374
3194
4074
7826
7086
4865
5818
1130
6
486
1767
0
1859
6602
5914
2630
5638
7398
5512
0
302
6657
1898
818
5606
5574
5610
3994
3
5706
3314
178
5512
5190
1895
7054
5528
4318
5498
42
4406
38
5994
190
5758
2126
1170
5697
5462
4294
802
1806
5624
958
31
7850
803
4678
1850
2974
5470
6222
6138
370
2502
0
930
6410
963
0
5226
0
6054
3590
5546
7034
5598
5194
530
146
5126
4506
4647
2826
3630
5434
4570
774
7750
4934
5738
1822
5726
1870
3954
5569
4102
5473
1890
2058
4846
3614
3626
7722
5528
3590
2778
5178
5630
7041
2706
5825
5334
5958
2218
0
2094
8190
3122
0
547
3626
5240
1562
3646
1742
3634
2502
4422
6049
39
2314
3694
0
5272
1286
6054
5382
3714
0
5182
2250
794
7314
3590
1178
2026
526
6766
1790
3946
4929
5350
6785
5058
7710
5854
1742
6586
5185
4614
0
5498
3986
5272
1818
6010
5674
5094
5418
7018
5985
5246
6529
4498
6598
1878
5574
802
6414
2286
4478
5368
1138
5368
1094
5162
3986
446
7754
7930
0
5256
5958
4258
3850
4846
4097
3690
4737
3062
0
730
3962
1219
586
6170
0
5126
102
3434
4622
3630
1850
5234
5313
6627
8006
679
798
1630
0
5256
1714
7750
358
682
2570
5102
3934
5370
0
7174
4394
3050
4666
1886
7118
5450
634
227
1946
4442
1842
5240
6398
4146
0
150
2246
7618
3986
574
2894
6024
3162
5766
6086
2538
0
67
606
6122
6250
2214
1130
2650
178
5182
7758
6418
5825
4614
7066
5210
0
5230
1594
6072
1386
2198
4006
6072
4506
5502
462
2746
0
5942
0
1383
0
2158
222
2002
146
4326
7206
2306
190
6366
0
6024
3270
6024
3270
4967
270
6136
378
5338
0
7574
0
5162
5402
5982
0
5706
1242
4067
7206
6074
2190
451
5121
1471
5354
2470
2566
474
7346
4414
74
530
146
3670
1478
2146
1550
6072
3646
6072
0
1606
166
5738
0
3838
458
1394
6081
6214
5985
4071
142
3651
538
5714
554
5478
1830
6040
5054
6024
842
6024
0
5894
2374
5290
1842
622
4090
4954
242
2502
2602
5930
146
5310
6602
1586
6081
7926
6854
1258
0
5294
5918
2490
1810
3590
3690
602
946
835
4298
5834
146
5638
4934
6626
0
6766
0
4186
5441
4326
7878
7618
2714
4830
7754
5322
5574
4918
6214
4522
0
3502
2330
5498
7942
5272
6150
1282
0
2270
0
1938
1298
6662
0
1314
0
5934
378
1322
7174
5286
2346
5162
402
7102
1102
3658
5953
5256
7494
4202
2314
5806
1946
722
1002
4262
5761
4778
1402
2014
782
1050
1338
5126
7270
2658
6670
5358
6913
3306
562
4758
1665
7418
6625
1022
1358
6002
1714
5430
870
5114
6542
1454
4737
4178
146
5478
294
6618
4666
1859
0
5962
18
4358
0
743
1294
5240
4346
2394
0
7203
8166
5418
26
6078
0
5066
3162
4742
4769
6306
658
5528
5889
3562
7274
5286
5505
5034
1202
4958
458
5578
402
2774
1254
738
4874
5230
4670
4698
0
6294
7530
706
5018
5512
586
2746
6342
5512
1094
2274
7826
3758
222
3114
2090
6
38
679
6258
3038
142
5512
0
355
678
5594
4257
3331
2938
31
114
4006
358
8167
7962
5310
0
5706
1094
5254
2042
8098
5345
5550
666
5306
4358
1030
0
7554
6010
5598
3022
7698
198
2310
4506
8042
5898
643
3386
3050
234
582
5505
5698
786
5758
6401
6074
434
2054
7366
5546
142
2286
862
594
6698
7014
5249
5850
3130
5512
1934
5778
3706
5382
2886
2218
4106
4142
3774
1370
7430
4038
0
7527
5153
190
2689
5322
7770
5510
3782
5256
402
6766
2334
5272
1286
4614
0
2690
4346
5726
1921
5256
4545
4614
3398
2018
7694
7811
0
5106
6506
1430
4806
8130
2714
2942
2766
5256
966
5430
2490
2018
7058
1966
4062
5674
2450
2054
7174
4698
0
1219
910
3610
1810
3427
0
5802
2318
1795
190
6706
7082
291
5190
7482
914
4542
5505
1074
0
6342
38
2154
1422
1219
0
2770
5761
7174
4737
871
1970
3806
718
2890
7570
6918
6342
5338
4362
4654
0
7199
7430
1094
5761
5698
3482
4702
0
1722
8006
5638
0
3815
0
579
0
6186
1066
5430
6442
6122
754
6750
0
2842
0
5894
678
426
5642
7214
0
5978
8178
1222
42
3898
3998
259
1738
5000
2246
4598
0
3623
2913
67
5377
5016
6918
4726
998
4522
5025
3678
6734
3354
7750
5000
4897
5210
4110
3182
0
4698
1030
5048
6086
3962
7198
7166
0
7855
5697
4918
5857
5346
1682
195
1310
4986
4138
5016
1062
4458
7282
5000
4174
146
3834
6998
0
4386
3082
5614
0
3634
4417
3142
5702
6631
1170
3902
4302
6650
3954
3206
5446
4714
4321
451
0
5586
0
4518
0
5034
3250
4414
74
5000
146
419
6246
7719
2574
3566
4670
543
562
5048
7402
1959
274
6910
4865
1394
3930
5126
1894
2402
3986
5358
3610
594
7686
7990
0
5016
498
835
0
3402
0
5334
6470
7338
3082
11310
9089
1322
7850
11686
15814
9002
11297
8414
10698
2610
498
4998
11681
39
8082
579
154
6226
0
6262
1766
11416
8114
9054
270
14610
12225
11400
11418
4578
6410
11448
0
12378
1842
10470
16234
11448
8734
11400
15822
15562
11994
11400
1978
871
11406
8302
5505
9426
0
11750
10246
15618
114
10206
4174
11722
13254
9350
422
11400
9738
9006
14206
5082
0
11430
9286
3815
402
11400
12161
12026
1606
2934
3110
14498
0
8878
15258
11416
3334
10246
15594
11416
434
10558
13006
11594
4038
15446
1126
11482
14578
11822
0
11482
15922
12134
8170
11448
0
6782
13390
12986
11969
13622
8134
9898
1170
7598
12826
10490
0
11416
294
4586
754
5374
462
14738
6778
11400
16038
9050
7690
12334
11393
31
7082
15395
998
13250
414
11656
14670
11656
3270
2374
1146
162
0
6062
4865
12370
7274
13942
0
13698
3250
8798
11905
11656
6726
11782
1254
7906
12042
11704
15934
11704
1030
11704
6566
3778
3102
11656
12238
11656
178
2358
8166
11656
9994
11672
222
11306
8966
11494
11270
12034
11834
11656
142
8394
15634
11782
6042
11656
562
8238
0
11482
1030
1094
14634
11768
11297
13502
14414
1586
7238
11638
13126
11706
14478
11672
4382
11672
11649
3078
13830
11650
178
3550
11338
11656
9281
11862
102
15458
2034
14318
0
12762
562
9798
0
11882
16146
1790
13258
11338
8538
6454
15546
3559
11809
5294
12673
1578
0
5430
294
15106
11322
13918
11137
14994
18
3462
6298
15394
1806
11384
11649
11610
4778
547
13866
14138
146
11486
16078
9778
10226
11654
38
8610
10506
13934
6298
1106
7442
3590
742
11416
6394
8798
8782
11400
14406
13830
998
12266
0
10542
0
9306
4929
355
2410
4986
786
12158
974
11400
11994
3382
9697
359
7434
4206
990
12154
402
4406
11270
11866
9274
11390
11342
402
14790
15715
4762
15018
11681
771
15226
13786
0
11512
7238
11512
1938
259
0
14074
11585
13027
7930
11962
1422
11416
0
9407
9990
995
234
3943
6010
12094
7438
11282
15814
11270
3226
11400
242
11448
3966
11498
0
2531
14826
10858
0
7806
0
431
7858
11400
15802
5626
0
11416
1886
11514
15366
803
11782
11242
7922
3934
142
11594
15686
13062
16282
4442
2570
11310
1470
50
774
15558
14378
15162
2974
259
11086
6194
5210
13126
0
12218
658
12184
0
12184
14086
10406
9478
10666
12193
15710
270
1647
10554
12806
15590
8999
14
110
11838
11626
3078
10390
1958
13178
11873
12286
12494
11722
4570
7990
1510
11434
398
1710
0
10282
8234
14134
12294
12650
12478
6366
10318
3759
1810
867
0
426
562
7939
0
31
7174
10662
12033
4410
11546
7939
586
12168
9025
14278
1350
1319
14478
6062
3738
7634
11498
10662
0
12184
1662
990
12161
530
0
9814
15814
12250
15886
1667
9790
12216
15922
8598
5446
11882
286
11870
334
12168
0
14371
0
13226
11809
10990
12161
12282
8746
12184
10758
6402
0
12286
398
8474
6982
3286
934
3559
0
558
10750
1322
242
15907
230
10946
146
11400
1742
7730
2546
12166
38
4282
8970
2670
14490
6890
15110
118
0
11416
946
8798
0
274
7482
11782
0
6634
14862
15982
10810
7666
15210
8422
0
4474
274
4830
1486
10170
3526
4918
6214
482
15502
451
0
15743
9990
11416
10369
7426
114
11400
78
14874
8698
10758
8858
5802
14094
11512
11134
11826
14450
11414
870
11330
402
771
11726
751
10822
12166
3110
11400
402
11950
3994
722
530
8694
11498
16090
0
10558
7886
3098
0
11270
14490
551
14862
11502
2622
9330
562
11448
0
14914
3358
1662
7502
8050
7858
11574
13254
11400
13345
11416
350
12370
0
15366
0
10730
4666
11518
12430
10642
14150
12550
1434
10154
13473
11310
250
31
0
11384
2246
11384
414
11656
334
13362
3777
326
8646
1575
658
67
0
4794
0
10870
2154
13226
9722
11326
12929
786
0
10966
4385
10330
12257
12590
8766
15210
8513
14486
1386
706
7777
12798
4682
11656
14298
11656
7238
2919
14222
4206
222
7551
10282
35
38
602
2162
13534
142
687
4673
12806
198
359
14346
1283
0
11562
12097
15430
11846
11066
10010
11614
14922
11258
12658
8646
8186
7975
10382
11694
0
11450
4330
11672
10758
11690
15998
3550
11214
5146
198
11656
102
7719
7777
11246
11009
11704
0
582
15594
8810
6942
11656
846
12218
11713
5190
5306
15786
3474
12014
1562
4650
5638
4614
294
12711
3518
2398
13518
4938
10945
11478
422
10410
2354
7726
10746
12074
0
9622
230
4922
146
11486
5066
11466
12742
11400
38
5306
10506
11438
12033
9298
5738
5030
14954
11434
6398
11326
202
7962
1170
3590
5446
13290
7393
7790
0
1823
12097
11670
12998
10178
10906
2942
0
4082
9158
12742
1766
11642
7434
12398
15130
895
15622
10550
38
8794
9274
11400
11342
1967
16146
6998
3526
11400
10762
5422
3962
11738
7082
8774
810
743
12058
259
0
11850
15942
2246
11681
10938
3470
10670
7966
11416
15890
11416
870
871
0
11400
15630
11400
1478
9302
0
11482
2290
899
894
1138
0
10598
2982
3650
3870
12894
0
11400
0
11400
358
11400
7054
579
862
13562
0
11416
6442
12266
1726
6750
6094
11034
11898
12422
2886
8618
818
11384
1470
12122
0
15558
42
10042
14238
259
3786
12746
0
12934
550
15522
3338
13742
1946
12986
0
630
0
13208
15354
15422
3018
13594
0
13192
3910
13192
12302
13240
2046
13240
306
13240
874
14247
1054
15358
12750
13770
474
13110
16097
15530
12554
12398
794
13178
146
13110
3370
1703
3425
13192
15502
13192
1222
1891
0
13274
2318
15854
2494
1834
15366
1315
1834
13304
12702
1854
14414
13192
1906
13446
3578
12906
12513
451
666
12474
13546
1251
15878
898
0
1987
270
15890
2246
419
13089
98
0
13806
382
13240
562
582
13546
13240
13025
1539
0
3442
946
822
13153
12538
15370
13208
0
13208
12801
14134
15878
16090
0
13150
398
1682
14017
13062
0
1511
818
3630
13185
15658
774
454
1578
12602
2194
13502
13646
16250
498
13126
3194
39
14090
13464
154
14418
0
2566
13953
1666
13562
13374
0
12570
13626
13782
14113
13448
1650
14958
3642
12378
12806
3014
166
13762
1690
16126
3790
431
13766
12806
0
482
1166
13464
15838
13866
1578
13798
14342
1282
13758
222
78
914
506
13830
422
12970
0
259
15550
15658
114
1827
1894
1767
402
1342
1102
1074
0
2246
1786
14442
14222
2798
14558
13754
1286
13464
13546
14466
0
14654
13953
13642
13626
1110
14490
13530
13409
2798
14081
13530
1798
3142
2374
13930
0
13448
14081
12362
0
3382
3942
3754
0
579
2590
13464
146
13110
13830
258
754
835
330
13594
838
13448
14433
15274
13473
13432
16318
2346
15274
13432
998
13432
2074
13790
2382
14282
1114
14691
15910
14778
3730
67
1434
15850
0
6
486
1767
3578
13374
2506
16146
0
13704
3302
13546
0
387
1594
1898
818
13798
13697
13690
14945
12766
2254
13258
178
13704
2022
13704
0
686
13594
2514
774
14342
13318
13720
114
14302
142
1170
198
13830
12486
14250
562
12334
1914
13610
3078
803
13569
999
14482
13662
2126
12874
370
483
38
3690
2314
963
12574
959
2282
227
0
13720
2938
13118
14286
530
0
931
0
13162
16370
1667
13626
12762
14570
14182
3238
13818
14049
13918
12878
13704
434
1094
13498
1890
1426
3246
15902
13720
3626
14182
15878
13720
0
12638
2945
14994
14970
483
14150
999
16142
558
13697
15410
1286
13254
15914
15042
1057
13534
1742
14714
0
13702
15046
418
15502
15939
14490
15442
14954
14246
742
13482
2298
12894
14538
794
3898
518
1350
2026
1650
2670
1790
16370
0
12742
2410
13034
786
14046
1742
13514
0
1571
742
4010
15502
2990
990
1234
1286
14342
13441
2922
16318
13438
1226
13448
2502
1158
13793
13018
13729
558
12670
13560
1138
2214
358
13626
13082
446
13262
2634
582
15734
14074
13448
16138
12974
13086
16082
12929
15350
12294
1154
16250
734
1294
1042
1478
1798
102
15722
12385
15918
1850
13426
15850
13496
1958
679
798
510
1738
13386
1714
13110
358
1378
14858
13294
0
1279
1066
3078
14118
15322
702
1886
142
3866
18
227
0
14882
1806
13358
2302
15391
1010
13432
12801
3522
16274
14216
714
2098
0
14216
13985
14826
658
14232
13569
1727
3846
6
0
14938
14330
12894
3662
3695
14017
1542
1254
13546
481
14264
14849
3826
1386
14534
13254
14264
12698
14302
206
687
14514
14534
3770
13482
398
14446
1818
14378
146
1059
0
12890
0
13950
15818
14216
16146
1926
0
12578
2209
14126
894
13530
0
3478
3942
12354
15506
14174
206
13898
70
13446
3398
3367
16138
3758
1690
13418
0
1030
13185
474
0
963
74
530
12353
15110
1478
14216
13921
14264
15934
1514
15297
406
166
13930
274
13918
14081
12730
14273
14216
0
13226
142
13550
538
14232
518
2566
2566
1959
498
14334
842
14994
15174
14086
14662
14216
1842
622
0
13146
242
1571
0
1895
146
13886
0
1586
13914
14214
2758
186
0
13486
1630
13464
13930
12406
0
602
0
3934
0
12570
13626
13830
13126
295
13537
2670
14910
1522
15210
1942
3782
3239
15002
3
3658
16314
946
14278
2118
14202
1426
12398
1502
14890
914
6
2054
1282
13665
13438
398
1938
16326
1891
0
13448
0
558
2942
1586
2162
13478
13569
743
402
771
0
751
13786
14214
3398
14498
0
13464
1310
13754
530
3555
1258
12970
434
734
782
751
966
3334
0
15210
2574
2606
1406
15594
16362
15430
1002
3322
1946
12894
15050
14194
2374
13830
0
743
1170
1454
15902
13464
0
13670
810
258
1778
14942
142
14154
0
13448
678
13448
15521
13422
12538
14682
12550
13990
2246
1986
0
13790
0
13704
0
13704
12742
2210
0
13720
798
703
3713
13478
486
13226
13729
13374
12929
13082
1850
14854
1254
738
13066
13422
0
12890
3078
3558
422
423
13921
14206
206
15034
2246
35
1094
13482
0
195
1306
15402
0
13542
1030
602
2238
15326
2126
3218
0
13654
922
359
3634
16366
1982
13816
15018
13816
0
3138
0
13630
14542
495
1242
13704
13985
2666
146
1987
2049
14290
530
227
2406
13720
178
13534
782
3098
0
14934
0
13704
1550
2030
15674
15338
2497
918
1862
3495
2846
2814
1994
2930
434
14646
1382
13738
0
13720
14878
594
2561
518
294
13546
1010
13822
1934
14106
15994
13574
13921
14170
12298
13432
15358
1370
13249
16326
14278
3431
2718
1246
970
2610
1010
13702
13217
418
402
13486
