700 200
1 1 1 1 1 1 1 1 1 1 1 1 1 1 1 1 1 1 1 1 1 1 1 1 1 1 1 1 1 1 1 1 1 1 1 1 1 1 1 1 1 1 1 1 1 1 1 1 1 1 1 1 1 1 1 1 1 1 1 1 1 1 1 688 1 1 1 1 1 1 1 1 1 1 1 1 1 1 1 1 1 1 1 1 1 1 1 1 1 1 1 1 1 1 1 1 1 1 1 1 1 1 1 1 1 1 1 1 126 1 1 1 1 1 1 1 1 1 1 1 1 1 1 1 1 1 1 1 1 1 1 1 1 1 1 1 1 1 1 1 1 1 1 1 1 1 1 1 1 1 1 1 1 1 1 1 1 1 1 1 1 1 1 1 1 1 1 1 1 1 1 1 1 1 1 1 689 1 1 1 1 1 1 1 1 1 1 1 329 1 213 1 48 135 1 1 486 245 1 34 1 367 1 1 1 1 1 1 1 1 1 1 1 1 1 327 1 1 1 1 1 1 1 130 1 1 1 1 1 1 1 1 1 1 1 80 131 1 1 1 1 1 1 1 1 22 1 1 1 1 1 1 1 1 1 132 1 1 1 683 1 1 1 1 1 1 1 1 422 1 1 1 1 1 1 1 1 1 1 1 1 1 1 1 1 480 1 211 1 1 1 1 1 1 1 1 1 267 1 1 1 1 1 1 1 1 450 346 238 1 1 1 1 1 33 658 1 1 1 1 1 1 141 1 1 1 1 549 1 552 1 1 1 1 1 1 1 1 1 171 1 1 1 1 1 1 1 1 1 1 564 1 1 1 75 1 1 129 1 1 204 1 1 1 1 431 1 315 1 1 1 1 1 423 1 1 52 1 1 509 1 1 1 1 65 1 1 1 1 1 1 1 1 1 1 87 612 1 1 1 1 1 1 1 1 1 1 1 1 1 1 1 1 1 1 1 1 359 1 1 1 1 1 1 644 304 1 490 455 1 106 1 1 1 1 191 1 1 1 1 1 1 1 1 1 1 1 1 1 1 1 1 1 541 1 1 1 1 1 492 1 1 1 1 1 1 1 1 1 282 1 1 1 1 1 699 429 1 589 1 545 1 1 1 1 1 1 1 1 112 349 1 1 1 1 258 1 1 1 1 579 1 1 1 1 641 46 1 1 1 89 584 1 1 1 1 71 1 1 458 97 1 1 1 1 1 1 1 411 1 192 278 514 477 1 215 1 209 236 642 1 1 221 1 250 49 1 1 628 1 587 1 1 1 1 1 1 255 1 1 139 1 583 425 402 1 235 1 1 1 1 1 1 1 1 1 114 1 1 1 478 1 262 441 1 93 626 1 1 520 1 32 494 1 1 276 1 1 1 1 1 445 1 500 1 1 484 380 1 1 1 577 551 575 1 280 188 453 1 1 676 444 700 585 1 335 587 1 1 475 1 485 437 109 1 1 429 1 359 1 570 169 1 1 1 1 1 461 341 1 218 152 1 72 700 674 1 467 70 13 1 629 1 1 659 1 1 1 699 686 140 84 26 1 600 81 1 372 623 527 1 1 669 236 37 369 255 226 400 524 160 511 258 219 692 376 104 64 460 472
90 26 37 67 39 55 41 80 24 63 37 64 100 79 98 19 98 52 83 70 11 40 36 73 41 27 68 35 2 35 15 57 67 91 76 43 25 58 64 36 96 45 29 24 31 8 92 21 81 45 32 99 31 43 80 15 96 64 93 73 40 36 61 58 81 56 98 10 69 24 53 83 41 18 79 16 12 28 55 15 58 38 30 68 21 5 2 63 8 89 7 70 63 40 85 21 48 49 28 36 81 58 95 5 64 14 45 87 34 71 95 80 36 77 49 68 89 62 40 43 77 68 94 55 43 35 58 72 29 64 75 30 11 46 10 50 44 61 13 66 45 26 89 84 95 52 81 7 85 43 48 14 16 31 43 43 49 93 16 50 7 99 44 83 58 83 79 11 69 16 38 67 17 36 16 72 12 67 42 65 87 98 49 5 40 85 89 26 76 83 44 95 74 69 98 43 98 42 88 11 71 53 29 24 59 29 20 2 29 4 61 23 58 21 16 2 77 75 56 97 76 27 56 71 74 50 62 66 52 5 35 6 11 78 61 32 69 62 57 96 92 57 93 76 62 48 87 83 55 64 4 58 74 72 70 11 52 42 14 73 87 22 95 93 4 27 9 27 42 69 12 86 25 1 2 36 59 57 16 39 67 3 17 35 45 7 26 14 7 14 72 90 99 72 53 42 98 6 4 74 3 76 52 26 82 13 21 83 90 98 2 38 95 79 24 100 9 5 94 100 59 77 91 31 28 52 56 3 78 37 95 16 81 98 89 10 73 91 40 82 26 30 2 89 69 33 48 47 78 51 48 73 76 43 24 64 3 28 60 19 18 67 4 13 37 12 63 93 85 93 41 52 39 33 34 43 13 91 5 82 68 32 19 46 99 25 57 99 50 86 1 39 88 44 22 21 14 93 2 91 62 66 95 57 9 92 12 76 21 56 20 52 32 69 51 22 31 17 44 70 11 89 35 74 92 1 65 77 65 32 95 57 13 50 35 74 97 97 7 24 19 40 76 17 85 92 60 97 40 81 68 32 46 50 27 31 100 36 1 56 80 32 21 9 20 38 96 57 6 78 40 48 82 43 69 9 7 71 47 63 2 81 21 97 93 38 28 53 58 83 87 82 65 70 1 45 10 89 2 76 76 83 81 78 83 46 55 53 27 21 71 81 90 91 56 94 18 38 62 81 61 58 66 59 3 60 45 85 84 23 41 82 7 54 96 93 92 100 95 100 43 70 12 42 51 81 56 66 52 89 58 45 89 23 6 24 15 45 79 47 59 52 13 20 40 53 96 42 23 61 63 62 97 31 46 58 13 2 97 25 27 40 95 76 90 36 55 72 35 21 14 93 52 53 91 12 78 51 50 10 39 9 77 8 45 23 90 85 48 10 23 51 32 5 53 86 5 36 6 55 13 64 18 94 78 53 90 48 5 56 48 82 36 69 37 77 5 94 75 4 65 85 83 4 70 2 76 63 21 43 42 97 100 3 4 86 37 4 22 3 30 64 12 73 11 36 73 84 59 56 33 62 95 16 28 45 45 34 16 28 74 22 19 55 53 45 75 54 38 90 36 14 15 76 49 48 11 70 95 76
3 697
8 191
17 454
22 539
26 429
28 590
30 607
31 630
33 109
34 454
38 592
51 308
52 198
54 460
57 418
62 64
65 237
71 177
72 256
72 366
73 361
73 577
74 477
83 561
84 236
84 431
85 613
90 632
91 260
98 286
102 533
104 617
105 197
106 540
106 689
117 543
126 626
134 202
138 216
139 269
146 288
148 396
148 507
149 307
152 531
152 672
155 583
158 189
158 584
159 315
159 355
162 618
167 194
173 652
174 298
175 374
179 618
181 496
183 323
183 621
185 425
186 193
188 426
193 200
199 385
201 567
202 328
212 380
215 676
219 224
220 330
220 481
225 470
230 602
236 246
237 639
245 587
255 323
258 649
260 316
266 652
274 436
280 491
280 642
281 377
281 506
281 596
282 659
286 623
288 309
299 501
302 512
307 696
309 517
311 351
315 694
321 368
321 532
322 534
324 358
330 479
330 490
336 476
336 623
338 340
341 529
341 669
343 538
346 694
349 545
365 673
368 690
369 577
385 520
387 397
391 428
393 549
399 543
403 685
406 673
419 558
420 490
421 536
425 662
426 602
427 511
441 673
443 565
446 546
448 685
449 612
453 676
461 622
466 654
469 608
470 637
480 551
480 581
480 637
484 670
496 604
497 543
498 551
506 511
506 616
508 624
512 517
519 521
527 659
528 536
528 545
532 564
536 665
545 586
548 565
549 563
552 614
555 627
558 700
564 648
568 671
573 630
573 675
584 656
587 593
588 596
589 651
591 592
594 662
595 634
595 686
596 633
598 627
602 691
604 675
606 642
611 680
612 658
614 687
616 660
616 686
619 641
620 671
631 697
635 698
643 655
645 693
650 678
650 691
659 690
670 688
672 679
673 694
674 684
677 683
680 692
680 697
694 695
694 698
695 699
