700 2000
1 1 1 1 1 1 1 1 1 1 1 122 1 1 1 1 1 1 1 1 1 1 62 1 1 1 1 1 1 1 1 1 1 1 1 367 1 1 317 1 1 318 1 1 1 215 1 1 1 1 1 1 1 1 1 1 1 1 1 1 1 152 105 1 1 1 1 1 1 1 1 1 1 1 1 694 342 164 158 1 529 1 1 1 1 1 71 517 1 1 221 1 619 1 1 1 1 171 597 665 1 210 101 1 91 1 1 69 1 1 1 230 590 1 412 1 1 1 1 1 42 1 1 1 1 587 1 69 136 318 1 1 1 1 594 1 115 1 1 290 96 1 294 1 1 1 1 1 1 667 623 350 185 202 617 1 95 1 401 163 1 1 543 1 403 1 1 417 1 424 673 419 451 238 213 1 375 1 1 1 1 1 1 1 43 688 1 73 80 417 254 511 1 1 1 657 1 668 1 261 577 197 1 279 351 1 258 1 662 71 543 94 11 250 6 1 1 206 1 176 83 117 35 224 471 695 53 1 1 1 318 1 346 332 199 124 481 683 60 195 1 1 322 54 208 112 505 1 94 185 127 1 223 27 664 455 1 1 515 294 124 27 1 234 1 506 112 1 1 464 13 669 18 685 309 320 592 1 380 469 1 103 506 243 50 1 117 258 21 474 586 1 477 655 289 225 418 401 180 105 527 134 1 686 1 365 425 1 1 1 292 163 399 321 1 230 1 546 1 173 672 660 127 146 494 486 103 1 110 301 529 574 402 122 305 530 493 599 1 260 666 431 1 376 125 470 317 362 296 560 563 1 205 632 630 1 57 452 357 288 529 684 55 452 633 385 504 379 659 248 81 663 617 194 121 425 266 432 221 107 653 515 299 609 437 90 565 493 376 291 3 581 466 317 663 317 75 398 506 1 424 255 257 346 324 350 659 598 627 54 322 520 215 696 410 244 430 52 606 180 1 168 533 513 13 643 256 195 298 422 319 1 62 528 679 1 1 1 283 577 77 544 36 679 145 417 369 528 308 452 576 228 534 565 27 493 342 541 492 631 6 65 145 152 335 67 562 611 194 36 437 335 315 578 65 257 177 442 453 34 604 98 205 238 518 256 512 193 382 658 125 359 348 649 116 424 167 634 70 404 490 448 318 145 331 54 233 491 1 261 426 565 302 225 28 313 358 274 125 61 598 163 627 364 125 206 419 617 230 163 435 108 656 425 296 522 480 276 93 46 406 11 560 217 489 103 116 495 273 316 498 60 141 138 461 613 614 74 125 480 615 556 530 222 277 325 503 478 159 302 150 209 578 459 191 579 336 213 534 589 425 371 275 50 423 555 87 23 444 163 65 508 323 292 83 452 65 529 463 19 649 652 207 334 670 678 1 699 542 166 351 312 118 144 609 263 76 253 255 649 261 616 386 414 636 8 149 109 264 205 664 253 124 235 142 68 378 447 526 503 580 466 169 541 45 244 131 643 144 208 386 621 392 147 687 225 264 50 553 690 55 464 538 104 178 126 552 536 480 364 145 155 699 577 120 75 403 646 31 62 353 267 578 511 223 692 329 114 504 67 617 268 662 282 426 624 483 173 579 85
62 71 54 16 4 51 66 99 24 91 60 18 71 19 47 20 7 58 71 31 96 55 74 52 87 7 88 79 54 5 28 44 86 11 56 72 4 94 53 6 45 70 12 14 74 75 30 41 17 57 6 15 26 85 58 92 62 74 45 84 71 9 31 99 74 29 91 69 84 64 72 95 86 39 74 20 37 50 46 5 15 38 93 66 72 82 41 30 89 63 30 35 29 43 83 56 71 37 74 5 5 43 100 22 24 71 31 32 21 67 6 15 33 78 48 95 82 12 17 79 33 93 20 4 2 11 95 75 67 16 62 79 89 37 36 60 73 21 28 87 1 47 82 87 24 39 16 86 9 85 37 2 49 39 21 80 60 38 35 41 4 48 38 51 58 21 48 80 43 46 46 32 44 8 74 62 63 87 20 79 60 8 18 43 13 66 31 70 82 38 35 4 77 91 50 74 75 59 17 15 85 8 72 71 33 8 15 59 50 25 32 95 47 82 2 2 53 76 61 82 32 21 32 6 34 85 10 38 5 8 14 39 96 5 6 24 1 54 88 78 78 42 92 13 75 57 31 96 58 88 12 25 7 27 41 42 68 32 62 93 62 59 91 58 38 16 13 16 98 6 89 7 29 52 53 9 43 15 100 24 34 2 26 57 70 46 18 5 90 86 79 51 100 88 56 7 61 41 88 98 59 49 50 39 53 49 85 99 47 75 13 62 75 86 57 40 41 52 96 26 8 90 60 34 58 83 85 54 4 49 3 46 64 6 39 45 70 64 95 56 3 14 7 55 9 77 80 82 64 16 93 97 82 84 61 24 80 8 7 16 44 59 54 72 9 85 61 25 94 70 48 51 71 30 29 41 74 66 48 49 96 30 7 86 17 17 63 88 95 100 49 91 31 87 6 65 35 58 15 71 39 9 13 72 96 5 31 2 8 9 95 35 91 6 85 53 32 83 32 54 2 90 3 57 59 53 93 43 77 54 98 40 32 43 39 67 5 30 89 41 74 58 47 95 11 49 28 3 3 28 86 99 25 14 46 54 71 61 81 56 67 40 24 71 9 3 21 25 10 18 12 3 72 78 75 37 28 10 43 55 98 95 52 57 100 13 72 100 20 48 38 48 37 8 79 8 66 21 76 13 48 48 71 46 47 48 36 93 24 5 89 81 54 57 79 94 76 18 31 45 92 49 38 77 92 42 22 55 84 42 30 47 5 71 34 84 9 80 68 80 89 79 81 86 73 93 74 38 40 45 15 84 73 13 11 93 71 55 69 77 70 25 21 27 67 82 13 56 4 79 33 85 30 50 96 84 58 95 89 67 60 46 82 37 6 54 44 67 26 73 37 97 4 22 12 26 38 66 13 15 16 59 15 12 39 96 92 21 42 31 68 79 12 85 58 33 24 50 9 91 62 67 13 3 35 49 56 67 40 49 85 12 71 98 20 37 69 84 96 73 70 9 51 73 73 27 18 27 69 52 39 30 13 62 25 59 81 91 19 2 39 85 5 42 31 15 30 29 15 75 60 70 83 54 55 53 94 27 50 23 55 16 60 47 21 91 9 50 76 55 51 7 58 37 45 56 35 19 67 35
1 327
1 604
2 108
2 135
2 640
3 170
3 301
3 313
3 662
4 445
5 12
5 160
5 165
5 508
6 23
6 417
6 486
6 537
7 46
7 201
8 189
8 363
8 686
9 234
9 548
10 376
10 698
11 245
11 337
11 435
12 36
12 46
12 220
13 87
13 211
13 567
13 599
14 358
14 406
14 543
14 585
15 143
17 333
18 115
18 355
18 615
19 225
19 240
19 267
20 196
20 490
21 484
21 487
22 282
22 550
23 42
23 351
23 383
24 121
24 367
25 62
25 236
25 555
26 126
26 130
26 221
26 426
27 600
28 112
28 332
28 445
29 331
29 511
30 299
30 455
31 100
31 362
31 621
32 39
32 323
32 528
33 579
33 645
34 79
34 100
35 165
35 561
35 586
36 238
36 276
36 290
36 501
36 643
37 77
37 93
37 112
37 196
37 453
38 76
38 143
39 135
39 185
39 213
39 618
40 98
40 140
40 458
40 493
41 155
41 233
41 381
41 416
41 565
41 648
42 63
42 191
42 451
42 682
42 689
43 172
43 270
43 376
43 584
44 565
44 619
44 643
45 88
45 222
45 235
45 266
45 349
46 76
46 354
46 404
46 577
46 609
46 658
46 689
47 288
48 151
48 284
48 295
48 519
48 564
49 102
49 189
49 657
50 508
51 215
52 63
52 290
52 415
52 533
53 91
53 413
53 428
53 555
53 561
54 78
54 237
54 359
54 669
55 261
55 584
56 102
58 113
58 398
58 426
58 497
58 625
59 171
59 383
59 455
59 662
60 358
60 366
60 408
61 152
61 205
61 681
62 501
63 412
64 469
65 175
65 204
65 329
65 693
66 211
66 285
66 404
66 614
66 635
66 682
67 151
67 279
68 108
68 668
69 87
69 105
69 522
69 556
70 327
70 504
70 681
70 694
71 210
71 419
71 659
72 81
72 174
73 393
73 573
74 209
74 312
74 684
75 409
75 537
75 654
77 177
77 222
77 336
77 632
78 300
78 407
79 320
79 327
79 422
79 622
79 641
80 676
81 270
81 401
81 599
82 246
82 327
82 358
82 411
82 609
82 659
83 141
83 420
83 502
84 115
84 353
84 521
84 623
84 635
85 88
85 223
87 93
87 103
88 99
88 487
89 172
89 330
89 630
90 190
90 215
92 103
92 306
92 446
92 527
93 204
93 279
93 380
93 488
93 631
94 685
95 128
95 239
95 300
95 385
95 420
96 205
96 545
96 646
97 151
97 189
97 586
97 615
98 391
98 537
98 687
99 528
100 462
100 581
101 185
101 267
101 340
101 390
101 422
101 523
102 137
103 244
104 327
104 393
105 262
105 427
105 567
106 326
106 430
107 632
108 467
108 575
108 679
109 168
109 253
109 357
109 364
109 533
109 577
109 627
109 692
110 359
110 664
111 150
111 154
111 454
111 587
112 326
112 397
112 410
112 661
113 289
113 384
114 159
114 439
114 536
114 552
114 604
114 660
116 186
116 211
116 325
117 331
117 347
117 463
117 559
117 574
117 659
118 277
118 318
118 333
118 577
119 121
119 429
119 564
120 497
120 511
120 624
121 290
121 478
121 591
122 159
122 561
123 672
124 390
124 507
124 646
124 652
125 275
125 289
125 654
126 572
127 389
127 398
127 470
127 544
128 129
128 250
128 357
129 214
129 515
129 576
129 580
130 280
130 369
130 605
131 188
131 227
131 372
132 606
133 173
133 324
133 563
133 591
133 593
133 626
134 264
134 287
134 546
134 553
134 614
134 618
135 275
135 307
135 359
135 571
135 626
135 671
136 153
136 382
136 385
136 606
137 408
138 368
138 567
138 630
139 168
139 224
139 304
139 323
140 490
140 496
140 508
140 659
141 342
141 666
142 163
142 247
142 529
142 609
142 650
143 295
143 415
144 226
144 246
144 349
144 526
144 621
144 673
145 334
145 527
145 581
146 222
146 504
147 212
147 243
147 469
149 159
149 331
150 157
150 357
150 362
150 451
151 417
153 202
153 215
153 407
154 487
155 175
155 300
155 480
155 490
155 516
156 274
157 211
157 368
157 387
157 538
158 390
159 351
159 414
159 477
159 573
160 173
160 192
160 238
160 350
161 209
161 548
162 407
162 601
163 632
163 682
164 351
164 667
165 322
166 298
166 448
167 293
167 416
167 677
168 262
168 442
168 506
169 528
169 539
169 681
170 231
170 236
171 285
171 347
171 477
171 620
172 214
172 238
172 488
172 616
172 622
172 651
173 585
173 696
174 301
174 370
174 495
174 626
175 282
175 360
175 429
175 604
175 654
175 699
176 523
176 579
176 597
176 611
177 260
177 600
179 571
180 581
180 590
180 696
181 247
181 530
181 550
181 579
181 670
182 353
182 414
182 679
183 243
183 301
183 318
183 409
185 198
185 316
185 372
185 402
185 693
186 225
186 267
186 460
186 513
187 521
188 200
189 524
190 238
190 347
190 425
190 429
191 384
191 431
191 637
192 215
192 518
192 562
192 585
192 616
192 661
193 347
193 464
193 474
193 688
194 207
194 320
194 521
194 551
194 570
194 584
194 625
195 213
195 291
196 335
196 367
196 597
197 249
197 323
197 640
198 336
198 388
198 433
198 586
198 661
199 200
199 237
199 475
200 233
200 630
200 638
201 266
201 397
201 614
201 615
201 688
201 690
202 215
202 321
202 435
203 461
203 683
204 332
204 628
205 628
206 246
206 458
206 628
207 333
207 441
207 520
208 394
208 553
208 616
211 481
212 658
212 697
213 355
213 661
214 369
214 445
214 541
214 674
215 239
215 370
215 524
216 227
216 375
216 433
216 464
217 218
218 481
218 510
218 647
219 325
219 332
219 513
220 235
220 440
221 237
221 350
222 375
222 657
223 296
223 631
224 289
224 353
224 424
224 562
225 491
225 526
226 234
226 251
227 396
228 260
230 273
230 363
231 465
231 557
233 482
233 576
235 304
235 479
235 499
235 527
236 568
236 642
237 239
237 256
237 394
238 314
238 370
239 260
239 304
239 551
240 323
240 544
240 619
240 688
241 555
241 627
242 576
243 277
243 490
243 669
244 271
244 601
244 699
245 634
246 452
246 456
246 597
246 602
247 349
247 351
247 466
247 517
248 387
248 540
248 559
248 568
249 255
250 441
250 555
250 565
250 570
251 626
251 691
252 522
253 254
253 289
253 391
253 403
254 604
255 259
256 449
256 559
256 646
257 272
257 385
257 637
257 657
258 299
258 469
258 542
258 691
259 365
259 379
260 276
260 330
261 297
261 601
262 279
262 302
262 422
263 338
263 344
263 355
263 542
264 618
264 642
264 650
265 330
265 698
266 283
266 406
266 582
266 620
267 696
268 427
268 572
269 458
269 471
269 635
269 643
269 647
270 546
270 561
270 639
271 477
271 560
272 508
272 641
272 662
273 462
273 521
273 545
274 326
274 618
274 683
275 614
276 401
276 410
276 680
277 469
277 699
278 302
278 311
278 374
278 391
278 547
279 335
279 453
279 485
280 499
280 665
281 359
281 379
281 483
281 540
281 563
281 602
282 602
283 543
284 369
284 382
284 404
284 405
284 435
285 294
285 366
285 424
285 603
286 288
286 290
286 369
286 494
289 447
289 647
290 422
291 351
291 540
291 668
292 301
292 451
293 377
293 419
293 501
294 318
294 349
294 366
294 382
294 676
295 347
295 415
295 504
295 636
295 640
298 361
298 403
298 416
298 595
299 433
299 467
299 469
300 476
301 322
301 483
301 516
301 539
302 370
302 503
302 533
303 311
303 346
303 350
303 564
303 600
303 654
304 329
305 599
305 664
306 361
306 434
307 404
307 414
307 419
307 511
307 580
308 483
308 495
308 530
309 423
309 510
309 678
309 680
310 478
310 640
311 618
312 409
312 449
312 501
312 550
312 642
313 359
313 668
313 683
314 369
314 641
315 341
315 345
315 612
316 448
316 511
316 578
318 445
318 481
319 332
319 397
319 458
319 496
320 348
320 507
320 535
320 660
321 396
321 428
321 492
323 420
323 459
324 351
324 364
324 630
325 360
325 380
325 505
325 622
326 550
326 692
328 409
328 419
328 422
328 649
329 423
329 481
330 357
330 389
330 410
330 542
330 642
331 366
331 419
332 538
332 631
333 378
333 565
333 622
335 452
335 473
335 561
337 483
337 485
338 383
338 435
338 588
338 590
338 615
339 398
339 491
339 599
340 481
340 567
342 460
342 473
342 511
342 525
342 626
342 629
343 391
343 468
343 479
344 457
344 466
344 558
345 503
345 684
346 523
346 672
347 392
347 399
347 527
347 684
348 448
348 472
348 617
349 373
349 395
349 503
349 566
349 689
349 699
350 663
350 666
351 381
351 403
351 409
351 543
351 562
352 579
352 597
353 692
354 417
355 379
355 570
356 560
356 625
357 375
357 596
357 641
358 407
359 383
359 440
359 629
360 444
360 516
360 622
361 371
361 455
361 560
362 442
362 483
362 535
362 681
363 386
363 457
363 462
364 422
364 505
364 515
364 651
365 414
365 446
365 596
365 622
365 651
366 534
366 582
366 584
367 371
367 453
367 477
367 486
367 637
367 649
368 518
368 543
368 574
369 448
369 454
369 564
369 597
370 419
371 465
371 659
372 583
372 615
372 645
373 467
373 514
373 614
373 667
373 668
374 474
374 490
374 604
374 613
374 645
375 444
375 632
376 685
377 536
377 557
377 565
377 605
377 626
377 677
378 425
378 465
378 621
379 620
379 666
380 541
380 545
380 661
381 476
381 521
381 522
381 562
382 482
382 568
383 639
383 679
384 487
384 581
384 646
384 697
385 512
386 458
387 454
387 539
387 611
387 668
388 455
388 541
388 552
389 597
389 639
389 664
390 395
390 449
390 512
390 602
390 688
391 398
391 402
392 468
393 413
393 548
393 549
393 550
394 439
394 481
394 591
394 700
395 627
395 690
396 499
396 626
396 662
397 502
397 524
397 568
397 580
397 684
398 623
399 446
400 403
400 621
401 406
401 464
401 631
401 634
402 413
402 483
402 527
402 693
403 551
403 637
403 694
404 522
404 527
404 566
405 673
406 442
406 466
406 593
406 610
406 667
407 424
407 477
407 493
407 633
408 546
408 568
408 610
408 673
409 425
409 684
410 452
410 678
411 533
411 535
411 556
412 506
413 416
413 435
413 470
413 493
413 499
413 506
413 588
414 490
415 418
415 610
416 602
417 447
417 472
418 423
418 508
418 525
418 582
418 632
418 665
419 450
419 507
421 441
421 539
421 578
421 590
421 601
421 610
422 442
422 465
422 477
422 531
422 549
422 557
422 631
423 625
424 540
424 554
425 442
425 477
426 503
426 511
426 571
426 621
426 634
427 479
427 532
427 572
428 466
428 597
428 652
428 654
429 443
429 628
429 650
429 658
430 448
430 463
430 538
431 689
432 549
432 591
432 651
433 593
434 476
434 507
435 499
435 508
435 635
436 474
436 499
436 512
436 513
436 547
436 556
436 681
437 544
437 608
438 614
439 482
439 541
439 623
439 660
440 451
440 504
440 612
440 649
441 475
441 562
441 571
441 596
441 640
441 660
441 667
441 685
442 463
442 605
443 534
445 580
445 647
445 700
446 451
446 483
447 461
447 465
447 640
447 689
448 668
449 614
450 539
450 601
451 466
451 628
451 644
452 582
452 594
452 615
452 696
454 470
454 691
454 694
455 488
455 597
456 560
456 572
456 584
457 475
457 543
457 563
458 499
458 526
458 537
458 551
458 571
458 679
458 688
459 490
459 642
459 685
459 696
460 614
461 467
461 575
463 466
463 539
463 592
463 666
464 495
464 625
464 635
465 479
465 538
465 572
466 470
466 550
466 571
466 594
466 604
466 646
466 672
467 492
467 500
467 528
467 593
467 646
467 654
467 692
468 553
469 531
469 541
469 565
469 599
469 652
470 484
470 683
471 537
472 643
472 662
472 682
473 479
473 518
473 641
473 680
473 683
474 587
474 592
474 642
475 484
475 560
475 643
475 657
476 489
476 617
477 644
477 699
478 504
478 595
478 675
479 481
479 485
479 506
479 640
480 498
480 584
480 630
480 642
480 666
481 596
481 654
482 501
482 502
482 589
483 498
484 497
484 506
484 508
484 658
485 602
485 619
485 628
486 515
487 491
488 524
488 622
489 493
489 525
489 527
489 550
489 611
489 617
490 619
490 661
490 671
491 631
491 669
492 506
492 599
493 507
493 511
494 632
494 663
494 672
494 699
495 611
495 634
495 659
495 661
495 664
496 594
496 654
496 676
496 679
496 690
497 648
497 673
497 698
498 557
498 568
498 675
499 541
499 556
499 589
499 627
499 655
501 537
501 540
501 553
501 600
501 665
502 667
502 682
502 697
503 541
503 585
503 686
504 506
504 550
504 657
504 699
505 554
505 563
505 631
505 671
506 553
506 639
506 693
507 534
507 614
507 679
508 524
508 570
508 610
508 618
508 620
508 629
509 650
509 663
510 559
510 586
510 597
510 660
511 596
511 613
511 677
512 624
512 665
513 577
513 583
513 601
513 612
513 615
513 631
513 645
513 670
513 691
514 653
515 590
515 631
515 645
515 679
516 517
516 568
516 626
517 597
518 523
518 569
518 700
519 545
519 602
520 522
520 536
520 624
520 673
520 684
520 697
521 544
522 542
523 531
524 562
524 616
524 648
524 661
524 689
524 690
526 542
526 571
526 587
526 699
527 569
527 582
527 593
527 667
528 572
528 610
528 618
528 650
528 696
529 570
529 588
529 636
530 564
530 572
530 596
531 668
532 626
532 640
533 666
533 680
534 600
534 637
535 554
535 606
535 650
535 685
536 555
536 584
536 598
536 635
536 673
537 551
537 591
537 617
537 620
538 598
538 605
538 606
538 652
538 668
540 569
540 627
541 614
541 682
542 546
542 579
542 670
543 677
544 573
544 582
544 642
544 668
544 688
545 601
545 649
545 660
545 667
546 547
546 645
546 660
547 559
547 650
548 620
548 628
549 567
549 570
550 592
551 600
551 645
552 555
552 608
552 615
552 674
553 570
553 572
553 578
553 586
553 639
553 652
554 557
554 569
554 644
555 573
555 583
555 611
555 680
555 690
556 574
556 661
556 662
556 698
557 670
557 683
558 630
559 584
559 617
559 623
560 569
561 589
561 600
561 653
561 667
561 674
563 602
563 695
564 638
564 647
565 577
565 621
565 645
566 569
566 587
566 627
566 691
567 608
567 640
567 664
568 595
569 662
570 590
571 584
571 603
571 673
571 675
572 604
572 669
572 675
573 596
573 664
573 672
573 682
574 631
574 643
575 620
575 652
575 661
575 662
576 592
576 669
577 627
577 684
577 698
579 580
579 602
579 632
580 595
580 597
580 613
580 623
580 648
580 672
581 660
581 666
581 684
582 647
583 618
583 621
583 659
583 677
585 653
586 599
586 601
587 658
587 683
587 687
588 613
588 691
588 698
589 674
590 621
590 663
591 599
591 608
591 609
591 620
591 626
591 630
591 640
593 600
593 603
593 612
593 618
593 663
594 606
594 612
594 676
595 616
595 621
595 646
595 647
595 677
595 685
596 646
596 669
596 696
597 639
597 687
598 658
598 660
598 687
599 658
600 622
600 636
600 694
601 604
601 700
602 619
602 622
602 643
603 610
603 612
603 613
603 639
603 661
603 685
603 693
603 697
604 639
605 640
605 641
605 647
606 656
606 689
607 611
607 649
607 679
608 647
608 662
608 665
609 623
609 635
609 637
610 613
610 700
611 615
611 635
611 668
612 617
612 677
614 652
614 658
614 664
615 623
616 682
616 691
618 655
618 658
619 653
619 659
620 629
620 672
620 683
621 625
621 627
621 656
621 678
621 681
622 625
622 639
622 640
622 649
622 655
622 690
622 692
623 638
623 651
623 654
623 677
623 680
624 628
624 635
624 638
625 629
625 642
625 657
625 685
625 693
626 655
626 676
626 691
627 640
628 649
628 663
628 666
628 685
629 645
629 653
629 660
629 679
629 683
630 633
630 650
630 658
630 665
631 643
631 647
631 654
631 682
631 699
631 700
632 636
632 662
633 643
633 647
633 649
633 652
633 658
634 651
634 656
634 669
634 679
635 660
635 670
635 694
635 699
636 641
636 644
636 664
638 646
638 669
638 691
638 699
639 641
640 645
641 650
641 684
641 689
642 675
643 654
643 669
643 689
643 697
644 664
645 669
646 660
646 698
647 649
647 657
647 664
647 666
647 669
647 688
647 694
648 695
648 698
649 659
649 664
649 671
649 674
649 679
649 692
650 674
650 676
650 687
651 658
651 667
651 697
652 653
652 666
652 671
652 672
652 674
652 675
652 687
652 697
653 682
654 672
654 689
655 666
655 692
656 661
656 677
657 672
657 674
657 681
658 662
658 675
658 676
658 681
658 683
658 684
659 666
659 681
659 690
659 693
659 694
660 687
661 667
661 679
661 696
662 668
662 682
662 697
662 699
663 664
663 667
663 683
663 685
664 683
664 686
665 675
665 682
665 687
665 698
666 668
666 669
666 686
666 688
666 689
667 682
667 683
667 687
667 697
668 670
668 689
669 681
669 685
669 694
670 679
670 693
671 678
671 679
672 676
672 677
672 681
672 694
673 676
673 694
673 699
674 679
674 700
675 698
675 700
676 679
676 680
676 687
676 689
676 691
676 699
677 683
678 686
678 698
679 688
679 690
679 696
679 698
680 684
680 694
680 696
681 686
681 696
681 697
682 687
682 690
682 695
682 700
683 691
684 685
684 694
685 686
685 687
685 691
685 695
685 698
686 687
686 688
686 689
686 692
686 693
686 699
686 700
687 690
687 691
687 693
687 694
687 698
688 690
688 699
688 700
689 696
689 698
689 699
690 697
690 699
691 698
691 699
692 693
692 694
693 694
693 695
693 697
694 699
695 698
695 700
696 697
696 699
697 698
697 700
698 700
699 700
