200 350
1 1 1 1 22 1 1 1 1 1 21 1 1 1 84 1 1 1 1 49 1 1 40 48 1 17 1 39 1 39 1 1 53 127 1 47 59 9 1 23 1 73 1 5 15 18 20 14 1 45 3 65 1 9 56 2 57 1 105 1 1 1 22 1 43 6 3 34 8 56 78 1 12 47 18 75 2 50 17 12 27 37 1 13 54 15 2 11 36 13 24 52 138 10 35 17 44 15 38 22 54 29 3 55 16 24 31 11 42 86 13 12 115 28 81 64 34 32 45 56 29 62 2 62 25 51 70 21 33 36 11 140 31 68 7 67 4 72 8 69 5 33 55 115 64 30 17 16 19 37 22 115 4 6 31 17 109 14 46 56 14 32 34 38 21 48 25 49 19 58 31 25 18 7 14 86 2 5 22 22 109 10 21 78 7 36 48 113 7 61 18 54 30 88 2 49 1 15 20 51
19 5 13 34 99 2 4 35 9 3 80 45 15 4 61 25 7 15 1 68 11 28 51 99 7 100 8 88 7 87 36 23 69 97 4 86 87 68 31 85 24 95 2 56 63 47 100 88 3 96 99 77 5 68 96 100 97 24 84 6 12 18 93 15 93 95 95 77 76 80 99 3 73 62 78 92 86 52 97 74 68 100 12 96 56 95 63 44 95 60 95 84 56 89 58 83 39 77 93 92 23 87 100 77 96 97 90 87 84 88 85 99 83 57 94 84 89 70 100 69 79 75 71 79 85 99 80 22 100 71 52 63 90 57 98 82 84 75 79 75 95 95 84 77 73 63 99 92 89 60 84 57 91 83 70 98 47 94 96 66 39 68 93 61 47 75 89 89 60 92 89 94 73 79 81 74 95 91 93 72 70 66 48 92 63 68 100 51 92 99 57 88 96 97 80 49 9 75 78 45
1 5
1 46
1 108
1 111
2 121
3 66
3 70
3 78
4 11
4 36
4 92
4 102
5 46
5 84
5 107
5 182
7 30
7 45
7 66
7 74
9 30
9 46
9 96
10 26
10 51
10 69
10 95
11 15
11 23
11 97
12 67
13 20
13 57
14 40
14 104
15 24
16 50
17 37
17 86
18 56
18 86
18 93
20 119
20 199
21 77
21 120
22 24
23 96
23 165
24 120
25 38
25 47
26 42
26 79
26 93
26 96
27 66
27 107
27 111
28 197
29 44
29 121
30 34
31 47
31 76
32 110
33 100
34 84
34 89
34 101
34 103
34 153
35 48
36 151
39 76
40 66
40 76
40 81
40 124
41 74
42 55
42 80
42 113
43 59
45 77
45 109
46 85
46 112
46 114
47 55
48 86
48 97
49 92
50 52
50 124
52 84
52 116
53 95
53 192
54 85
55 63
55 75
55 90
56 79
56 109
56 113
56 116
56 125
58 75
58 79
58 87
58 105
58 112
58 169
59 96
59 103
59 117
61 88
61 105
62 69
62 73
62 74
63 75
63 88
63 99
64 81
64 102
64 196
65 182
66 89
68 120
68 172
69 87
69 91
70 71
70 114
70 115
71 86
71 114
71 116
72 75
72 114
74 76
75 125
76 80
76 82
76 94
76 115
77 101
77 104
77 113
78 82
78 103
78 110
78 114
78 121
78 122
79 86
79 116
80 82
81 85
81 99
81 124
82 86
82 96
82 111
82 166
83 100
83 102
83 124
84 91
84 93
84 121
85 102
85 116
86 115
86 123
87 92
88 93
89 91
89 107
90 93
90 99
90 107
90 109
91 95
91 100
91 111
92 99
93 101
93 102
93 103
93 110
94 120
95 111
96 97
96 99
97 108
97 121
98 161
100 108
100 117
100 121
100 125
101 102
103 120
103 122
104 115
104 124
105 106
105 124
106 115
106 116
106 119
106 120
107 117
107 123
108 110
108 115
111 113
112 120
112 124
112 125
113 114
113 115
113 118
113 119
113 120
113 122
114 115
114 123
115 120
115 125
116 119
116 123
116 124
117 119
117 125
118 122
119 121
119 125
120 124
120 125
121 122
122 123
122 124
122 125
123 125
124 125
126 19
127 32
128 29
128 194
129 13
130 35
131 1
131 61
132 43
132 72
132 198
133 3
134 6
134 10
134 22
135 188
136 4
136 29
137 17
137 61
137 93
138 2
138 3
138 26
139 193
140 7
141 41
142 14
143 4
143 78
144 3
145 29
145 61
146 62
147 25
147 82
148 72
149 19
150 17
150 29
151 152
152 153
153 154
154 155
155 156
156 157
157 158
158 159
159 160
160 36
161 162
162 163
163 164
164 165
165 166
166 167
167 168
168 169
169 118
169 170
170 171
171 172
172 173
173 174
174 175
175 176
176 177
177 178
178 179
179 180
180 181
181 98
182 183
183 184
184 68
184 185
185 186
186 187
187 65
188 189
189 190
190 191
191 10
191 135
192 102
192 193
193 53
193 76
193 93
193 200
194 195
195 22
195 128
196 64
197 54
197 198
198 28
199 20
199 33
199 55
200 192
