300 541
1 1 1 1 1 1 1 1 1 1 200 1 1 1 1 30 1 1 1 1 1 1 1 1 1 44 1 1 1 83 1 1 1 1 1 1 1 1 34 71 1 1 1 1 1 1 109 1 1 78 11 1 1 1 1 35 24 1 1 24 49 1 29 13 1 1 5 30 64 1 121 140 1 1 20 1 100 21 4 39 1 27 54 1 1 1 1 116 98 1 1 1 1 1 1 1 1 19 190 3 3 227 44 36 34 84 10 3 1 1 31 45 1 50 11 1 1 178 52 1 67 57 85 1 69 1 16 1 106 41 47 87 78 97 57 68 160 67 1 31 109 36 7 71 50 53 1 5 1 27 137 1 162 1 101 72 1 73 75 1 1 61 82 1 47 40 16 87 34 16 113 87 108 2 43 1 155 55 20 25 98 24 12 113 39 5 67 24 7 19 38 29 117 7 12 18 31 66 31 30 93 103 20 129 68 233 11 123 90 2 70 67 106 168 22 33 66 104 64 9 155 27 26 85 39 49 145 34 2 18 141 14 10 70 24 46 3 196 132 54 38 13 16 24 54 111 40 31 33 19 19 78 2 37 37 54 23 90 105 33 44 74 53 63 6 206 87 16 68 38 46 115 20 20 34 69 56 25 52 47 184 81 58 55 55 1 46 172 82 39 3 87 52 82 119 45 28 79 38 42
10 20 44 17 1 16 18 2 5 8 70 1 31 50 13 51 1 16 22 6 5 6 31 27 12 75 10 4 15 63 6 8 5 25 38 8 23 14 89 38 4 7 22 26 19 12 93 15 25 75 88 8 6 6 7 100 95 38 5 63 61 69 54 92 6 42 83 89 89 3 69 100 12 17 93 2 99 64 98 91 3 90 80 16 4 16 15 97 85 40 5 21 16 18 7 22 24 91 71 73 99 100 64 65 66 91 72 94 5 8 85 92 11 79 49 11 2 84 94 35 95 84 86 37 90 4 97 3 81 57 100 97 91 69 100 89 92 90 8 66 83 59 99 95 100 95 38 67 2 57 96 26 64 5 61 88 10 97 51 3 10 58 72 2 98 59 91 79 86 100 87 93 88 48 64 33 99 58 60 66 45 83 98 79 90 98 70 55 99 91 94 73 59 94 86 81 81 89 98 68 95 38 80 100 89 89 87 100 61 87 53 79 97 66 81 85 90 68 97 96 68 94 46 85 86 88 87 92 65 67 48 93 73 78 93 43 86 75 75 64 99 100 90 96 83 91 96 80 89 74 86 83 75 80 69 84 93 53 82 100 89 77 72 73 89 100 92 87 83 29 95 69 75 79 90 93 78 67 79 100 92 92 68 64 78 21 94 85 87 88 85 67 89 74 72 94 79 99 53 73
1 47
2 153
3 11
5 30
5 67
5 123
5 168
5 207
7 185
8 60
9 107
10 16
11 88
12 40
14 61
15 130
15 201
15 202
16 145
16 150
16 199
17 80
17 143
18 30
18 71
18 141
18 171
18 249
19 75
19 170
20 187
20 224
21 75
21 118
21 131
21 206
22 115
23 26
23 78
23 103
23 197
24 112
24 159
25 105
25 132
26 159
26 173
27 151
27 184
28 72
28 82
28 166
28 211
29 50
29 71
30 141
30 246
31 162
32 57
32 101
33 132
33 240
34 146
36 114
36 233
36 295
37 56
37 68
37 166
38 186
39 276
40 63
40 138
41 205
42 98
42 190
43 77
43 79
43 135
44 106
46 60
46 77
46 194
47 99
47 140
48 183
48 236
48 241
49 51
49 122
49 155
50 144
50 189
50 225
51 121
51 243
52 122
53 142
53 145
53 146
53 153
53 186
53 204
54 82
56 119
56 125
57 100
57 178
58 111
58 158
58 244
58 247
59 118
59 123
59 156
59 196
60 64
60 71
60 118
60 142
60 184
61 208
61 214
61 243
62 102
62 153
62 211
63 238
64 127
64 185
65 153
65 299
66 190
66 207
66 242
67 105
67 143
67 211
68 69
68 72
68 99
68 169
68 228
69 72
69 83
69 294
70 80
70 183
70 195
71 165
71 200
72 170
72 210
73 89
74 298
75 102
75 151
75 191
75 194
75 247
76 108
76 169
76 173
76 200
77 137
78 156
78 189
79 112
79 130
79 191
80 141
80 212
80 227
80 229
80 297
81 177
81 185
82 163
83 106
83 181
84 141
84 197
84 201
84 208
85 102
85 104
85 238
86 162
87 223
88 112
88 134
88 178
88 185
88 209
89 187
90 173
90 182
90 192
90 205
91 118
91 146
92 167
92 199
92 237
93 129
93 133
93 141
95 198
95 220
96 224
97 232
97 234
97 240
97 300
99 210
99 248
100 169
101 138
103 209
104 156
104 165
106 108
108 132
109 212
110 172
111 215
112 145
112 215
113 218
114 181
114 207
114 226
116 192
118 140
118 187
120 123
121 219
122 162
122 174
123 246
124 148
124 165
124 179
124 205
125 241
125 297
126 192
128 179
128 229
130 165
130 192
130 241
131 169
131 170
132 181
132 194
133 135
135 168
136 250
136 300
137 170
138 180
138 241
139 182
140 153
140 155
140 179
142 153
142 173
142 185
142 199
142 246
143 170
143 201
143 228
143 243
145 242
146 181
146 185
147 173
148 198
148 246
149 233
151 208
151 246
152 168
153 193
153 194
154 208
155 199
155 220
156 178
156 212
157 214
157 220
158 170
158 227
158 234
158 247
159 171
160 199
160 233
163 210
163 212
163 233
163 234
164 248
164 249
165 189
165 246
166 196
166 199
167 175
167 185
167 189
167 246
168 222
168 235
169 188
169 197
170 206
170 297
171 294
172 240
173 204
174 183
174 223
174 250
175 210
176 225
176 248
176 250
177 186
178 228
179 204
179 205
180 196
180 206
180 211
180 236
181 223
182 187
182 244
183 188
183 214
184 187
184 196
184 213
184 236
184 238
184 250
185 207
185 221
185 241
186 193
186 231
186 241
187 211
187 228
187 237
188 190
188 203
188 223
188 244
189 200
189 221
190 193
192 245
193 230
193 248
193 250
194 199
194 205
194 219
194 223
194 228
195 220
195 225
195 230
196 216
196 217
196 231
197 198
198 220
199 202
199 214
199 222
199 226
200 225
201 219
201 247
202 206
202 210
204 216
204 241
205 208
206 249
207 230
207 248
207 250
209 229
209 240
210 234
210 240
211 238
213 214
213 218
213 231
213 243
213 244
214 236
215 221
215 250
216 229
216 250
218 235
221 296
222 223
223 236
223 246
224 231
225 236
225 249
227 250
228 231
228 243
229 243
230 236
234 238
235 242
236 243
236 244
236 296
238 242
238 296
239 295
240 241
240 246
241 242
241 243
241 244
241 246
242 244
243 249
244 245
244 246
245 246
245 250
246 250
247 248
247 249
249 250
251 48
251 85
251 230
252 53
252 176
253 18
253 20
253 177
253 181
254 109
255 5
255 152
256 23
256 31
256 49
257 95
257 116
258 1
258 104
258 126
258 140
258 245
259 1
260 20
260 25
260 131
260 164
261 87
261 184
262 6
263 93
263 126
264 84
264 113
265 29
265 37
266 45
266 76
267 6
267 22
267 55
267 113
268 7
268 44
268 109
269 29
270 2
270 164
271 25
271 146
272 74
272 124
272 142
273 46
273 73
274 27
274 54
274 68
274 97
275 34
276 277
277 278
278 279
279 280
280 281
281 282
282 283
283 284
284 285
285 286
286 287
287 288
288 289
289 290
290 291
291 292
292 293
293 39
294 171
294 245
295 296
296 245
296 246
296 297
297 239
297 244
298 74
299 65
300 136
