400 1140
1 1 1 1 1 1 240 1 1 1 101 1 1 1 1 1 2 29 1 155 1 1 51 1 1 1 1 1 1 1 1 128 1 89 1 18 42 1 1 1 28 15 88 1 1 73 1 1 1 56 1 1 50 1 1 1 84 148 1 1 141 11 1 20 1 1 1 1 1 1 46 112 135 1 105 27 134 3 163 35 74 1 16 1 14 135 1 1 98 1 6 204 305 136 211 134 106 29 11 44 10 46 1 1 96 220 149 1 1 105 91 104 11 1 1 162 29 85 66 6 24 257 14 1 20 170 53 1 77 109 100 1 15 50 150 4 76 53 31 29 75 69 52 19 1 54 1 66 219 62 113 23 180 16 193 44 5 9 1 28 72 1 27 21 1 29 74 63 46 7 69 96 40 3 14 56 1 6 10 178 37 89 45 42 65 85 59 16 35 67 149 24 120 99 1 36 51 287 36 235 132 104 132 47 123 150 133 83 182 44 45 135 49 76 41 126 3 102 82 12 32 56 86 49 6 30 35 101 148 168 96 20 68 58 39 94 88 38 42 208 53 194 30 19 113 93 231 60 81 46 93 78 169 180 26 149 81 2 29 77 33 37 115 91 59 27 209 8 9 16 8 3 15 18 8 2 4 12 25 88 91 101 12 27 121 102 48 124 77 45 65 78 60 5 211 18 80 50 40 12 71 39 59 126 50 135 10 196 72 50 13 97 168 55 86 101 79 38 65 37 123 42 207 209 71 31 160 110 249 103 88 104 73 83 45 66 76 118 258 15 135 52 42 46 94 67 77 12 159 94 161 198 42 79 8 124 45 90 21 62 111 182 63 26 63 3 31 113 98 123 3 148 132 257 90 52 76 36 17 25 135 71 76 64 17 10 5 23 78 11 75 126 13 66 4 82 1 107 70 49
4 2 30 11 28 7 91 29 9 30 88 17 17 26 11 13 77 74 45 90 54 7 37 4 3 7 20 4 2 4 5 44 45 77 37 91 98 1 13 2 69 88 100 28 38 77 3 15 8 56 14 2 93 5 9 35 91 76 10 12 78 93 14 84 8 39 13 8 10 3 85 94 86 2 68 88 97 68 86 49 89 8 58 6 92 82 17 20 68 33 98 92 93 69 62 84 54 65 60 74 72 96 9 6 99 93 38 20 15 46 98 94 98 17 15 79 76 90 98 30 68 92 98 5 43 50 73 3 92 84 99 22 89 69 89 75 56 66 91 32 80 66 87 98 28 68 23 87 37 76 74 90 98 59 96 80 82 91 19 98 92 3 100 87 30 95 68 86 81 94 94 83 85 100 90 83 11 73 57 99 96 53 97 36 52 97 88 69 84 68 66 55 86 84 8 98 99 67 87 86 92 96 91 99 59 98 98 76 94 75 85 73 99 98 81 94 88 95 100 96 99 95 82 87 53 93 89 75 69 87 93 85 57 97 81 87 82 98 90 56 90 98 86 88 79 92 68 100 65 91 81 95 98 97 56 97 85 97 71 64 92 89 88 66 49 36 44 89 96 100 81 99 87 86 93 96 99 83 92 74 100 78 88 93 100 92 80 50 83 87 95 91 72 100 85 80 87 84 96 56 59 80 99 91 55 53 83 95 66 86 47 50 63 56 97 73 59 48 90 67 97 96 48 79 95 88 97 81 80 100 96 71 78 98 73 96 66 92 42 79 98 69 96 79 70 89 79 64 90 94 94 76 71 89 54 95 87 99 84 96 70 79 94 93 100 93 98 88 68 82 79 33 53 59 57 75 74 69 77 81 69 94 81 93 91 99 75 100 94 97 32 93 59 96 73 76 27 63 92 89
1 7
1 20
1 305
2 157
2 309
3 400
4 141
4 261
4 314
5 36
5 37
5 96
5 211
5 311
6 81
6 257
7 11
7 76
7 92
7 131
7 291
8 46
8 93
8 152
8 274
8 300
9 154
9 190
9 313
10 96
10 113
10 122
11 18
11 62
11 282
11 308
12 166
12 178
12 213
13 229
14 133
14 152
14 243
14 280
15 17
15 58
15 98
15 137
15 153
15 155
15 239
16 126
17 156
17 314
18 91
18 140
18 209
18 292
19 23
19 208
20 105
20 310
21 32
21 79
21 308
22 50
22 215
22 253
22 258
23 53
23 149
23 306
25 156
25 219
25 274
25 306
26 61
26 71
26 77
26 164
26 222
27 36
27 78
27 168
27 274
27 281
28 102
28 113
28 148
28 150
28 214
28 250
29 208
29 230
29 309
30 72
30 100
30 178
30 207
30 214
30 247
30 302
31 43
31 306
32 34
32 155
32 164
32 217
32 303
33 46
33 167
34 41
34 97
34 111
34 267
35 98
35 123
35 196
36 77
36 176
37 117
37 155
37 258
37 317
38 262
38 269
39 58
39 169
39 172
39 255
40 62
41 77
41 170
41 234
41 315
42 210
42 224
42 397
43 101
43 203
43 232
43 240
43 288
44 75
44 178
45 99
45 233
45 273
46 94
46 237
46 255
46 261
47 64
47 119
48 58
48 137
48 247
48 394
49 83
49 125
49 304
50 57
50 100
50 182
50 274
50 281
52 144
52 256
52 307
53 96
53 113
53 248
53 262
53 392
54 234
55 107
55 126
55 140
55 174
56 205
56 236
56 259
56 268
56 272
57 146
57 193
57 231
57 235
57 300
57 311
57 369
59 100
59 102
60 111
60 272
60 302
61 73
61 214
61 278
62 94
62 134
62 136
62 204
62 245
62 287
62 311
63 152
63 181
63 320
64 121
64 143
64 168
64 180
64 202
64 297
64 399
65 86
65 99
65 239
66 92
66 110
66 193
66 306
67 139
67 245
67 246
67 269
67 314
68 197
68 206
68 272
69 143
69 258
70 97
70 107
71 289
71 372
72 77
72 83
72 89
72 193
73 100
73 187
73 236
73 283
73 290
74 106
74 246
74 285
74 311
75 118
75 127
75 175
75 186
76 91
76 153
76 175
76 261
76 264
76 304
76 391
77 102
77 277
78 81
78 158
78 250
78 266
78 285
79 80
79 89
79 143
79 154
79 216
80 183
80 212
80 276
81 85
81 129
81 199
81 230
81 243
82 112
82 218
82 245
82 302
83 185
83 267
83 285
84 228
84 290
85 207
85 264
86 158
86 164
86 173
86 277
86 284
87 297
87 394
88 171
88 259
89 120
89 168
89 171
89 226
90 181
90 219
90 228
91 257
91 258
91 265
92 111
92 151
92 184
92 253
92 276
92 291
92 292
93 161
93 191
93 223
93 285
94 155
94 257
95 117
95 287
96 135
96 176
96 259
96 303
97 207
98 173
98 184
98 207
98 229
98 270
98 275
98 291
99 166
99 186
100 160
100 308
101 153
101 208
102 131
102 278
102 310
103 313
103 396
104 164
104 181
104 232
104 287
105 148
105 220
105 221
105 225
106 163
106 294
107 116
107 120
107 134
107 154
107 212
107 268
109 120
109 260
109 279
109 301
109 315
110 146
111 158
111 163
111 205
111 283
111 296
112 119
112 161
112 184
112 198
112 202
112 291
113 190
113 268
113 395
114 143
114 236
115 131
115 160
115 229
116 137
117 149
117 234
117 240
118 125
118 153
118 273
118 278
118 400
119 148
119 200
119 251
119 277
120 241
120 243
120 304
121 171
121 276
121 371
122 127
122 316
123 169
123 310
123 317
124 155
125 152
125 176
125 178
126 203
126 226
126 272
126 317
127 138
127 154
127 221
127 254
128 130
128 296
128 306
129 144
129 211
130 142
130 194
130 264
132 173
132 217
132 300
132 306
133 192
133 313
134 199
134 277
134 355
135 301
136 142
136 181
136 222
136 268
136 395
137 146
137 185
137 201
137 251
137 293
138 259
140 249
141 230
141 290
141 316
141 357
142 174
142 314
143 148
143 189
143 202
143 208
144 155
144 185
144 205
144 241
144 315
145 264
146 232
147 150
147 192
147 203
148 208
148 292
148 306
149 179
149 181
149 198
150 181
150 184
150 215
151 176
151 210
151 234
151 260
151 276
151 284
152 169
152 173
153 157
153 248
153 256
154 194
154 209
154 290
154 373
155 174
155 209
155 220
155 243
155 304
156 186
156 219
156 242
156 305
157 180
157 230
157 292
158 263
158 300
158 320
159 255
159 292
159 311
160 166
160 242
160 269
161 192
161 213
161 220
162 220
162 235
162 240
162 307
163 228
163 238
163 241
163 260
163 285
164 191
164 222
164 227
165 243
166 170
166 179
166 183
166 185
166 194
166 293
166 301
167 196
167 198
167 400
168 181
168 219
168 252
169 275
170 194
170 210
170 268
170 289
170 301
170 313
171 194
171 199
171 240
171 299
172 247
172 298
172 313
173 262
173 297
174 197
174 272
174 299
175 275
176 207
177 187
177 214
177 224
177 231
178 206
178 287
179 193
179 197
179 271
180 235
181 269
182 187
182 198
182 199
182 305
183 291
183 305
184 278
184 288
185 217
185 300
186 250
186 279
187 204
187 252
187 277
187 298
187 300
188 209
188 400
189 226
190 236
190 318
190 383
190 391
191 214
191 230
191 263
191 271
191 280
191 313
191 315
192 255
192 399
193 296
194 211
194 263
194 271
195 268
195 297
195 304
196 217
196 290
196 298
196 373
197 204
197 224
197 229
197 277
197 297
199 272
199 304
199 311
200 217
200 316
201 256
201 305
201 318
201 384
202 243
203 210
203 299
203 311
204 226
204 228
204 241
205 223
205 231
205 241
205 270
205 291
206 212
206 233
206 272
206 283
207 292
208 222
208 248
208 302
209 215
209 239
209 268
209 291
210 278
211 254
211 255
211 278
211 284
212 253
212 298
212 310
212 317
214 281
214 289
214 306
214 316
215 250
216 298
216 392
217 252
217 257
217 264
217 300
217 357
218 267
218 294
218 302
219 291
220 230
220 240
221 250
221 272
221 298
221 305
222 229
222 251
222 384
223 244
223 272
223 287
224 230
224 237
224 292
224 356
225 378
227 230
227 291
227 292
227 320
228 237
228 398
229 232
229 238
229 254
229 262
229 272
229 291
229 305
229 359
230 236
230 252
231 244
231 292
231 311
232 289
233 253
233 399
234 270
234 278
234 293
234 298
234 304
235 258
235 268
236 296
237 248
237 253
238 241
238 246
238 248
238 253
238 260
239 241
239 281
239 291
240 262
240 279
241 243
241 257
241 268
241 298
242 256
242 306
243 258
244 291
244 303
244 310
245 253
245 270
245 317
245 320
246 253
246 276
246 282
246 297
246 301
246 307
247 260
247 272
247 293
248 293
248 296
248 299
248 317
249 264
249 267
249 284
250 309
250 317
250 362
251 274
251 280
252 265
252 294
252 388
253 259
253 271
253 275
253 308
254 292
254 300
254 314
255 256
255 298
256 281
256 283
256 292
256 376
257 268
257 269
258 299
259 265
259 284
260 267
260 288
260 299
260 310
261 294
262 276
262 288
262 293
262 318
263 272
263 318
264 267
264 272
264 280
264 311
265 269
265 289
265 291
265 297
265 300
266 351
267 277
267 283
267 292
267 305
268 276
268 284
268 395
269 287
269 307
269 314
269 317
270 285
270 300
270 306
270 315
272 277
272 312
272 314
272 396
273 284
273 288
273 307
273 311
273 395
274 307
275 301
275 310
275 317
276 290
276 293
276 318
276 320
277 284
277 288
278 282
278 289
278 317
279 291
279 295
280 302
280 306
280 317
281 288
281 291
281 301
281 309
281 310
282 287
282 292
282 294
282 297
282 308
282 310
282 311
282 320
283 294
283 315
283 373
283 395
284 285
284 293
284 296
284 306
284 308
284 313
285 290
285 301
285 302
286 387
287 304
287 307
287 310
288 302
289 293
289 298
289 313
289 314
289 316
290 306
290 313
291 311
291 377
292 298
293 302
293 306
293 312
293 314
293 318
293 320
294 310
294 320
295 298
295 302
295 394
296 308
296 366
297 302
297 316
297 320
298 299
298 301
298 313
298 320
299 308
299 314
299 319
300 308
301 310
301 312
301 315
302 303
302 304
302 309
302 312
302 318
303 313
303 316
303 318
303 320
304 305
304 309
304 314
304 315
305 316
305 318
306 310
306 311
306 316
306 317
307 315
308 313
308 369
309 318
310 311
310 312
310 313
310 315
310 316
310 318
310 371
311 314
311 315
311 316
311 318
312 313
312 318
312 320
313 315
313 372
314 315
314 317
314 320
314 370
315 317
315 320
315 373
316 317
316 320
316 367
317 318
317 320
317 374
318 320
318 369
319 364
321 21
322 21
323 24
323 59
324 2
325 21
326 22
326 24
326 45
326 128
326 210
327 8
327 256
328 165
328 199
329 45
329 67
329 103
329 295
330 40
331 26
332 67
332 397
333 6
333 38
333 162
333 165
333 220
333 293
334 19
334 60
334 249
334 272
335 65
335 103
336 26
336 90
336 95
336 180
337 24
337 25
337 84
337 293
338 2
339 22
339 42
339 55
339 61
340 31
340 66
341 20
341 48
342 16
342 44
342 388
343 28
344 4
344 200
345 26
345 60
345 195
346 6
346 26
346 38
346 108
346 132
347 5
347 108
347 162
347 309
348 1
348 84
349 3
349 22
349 147
349 264
349 397
350 128
350 162
350 170
351 352
352 353
353 316
353 354
354 355
355 356
356 274
356 357
357 358
358 359
359 360
360 361
361 362
362 363
363 266
364 365
365 366
366 367
367 368
368 369
369 370
370 371
371 372
372 373
373 320
373 374
374 375
375 376
376 377
377 319
378 379
379 380
380 241
380 320
380 381
381 270
381 313
381 382
382 383
383 309
383 384
384 385
385 386
386 225
387 294
387 303
387 375
387 388
388 389
389 297
389 299
389 390
390 302
390 391
391 286
392 248
392 393
393 216
394 296
394 395
395 316
395 396
396 295
397 42
397 95
397 389
398 228
399 233
399 303
400 188
