500 1214
1 1 1 1 1 1 1 1 1 1 1 36 1 1 1 1 1 1 56 91 1 56 1 1 1 118 1 1 29 1 127 1 1 1 1 1 1 1 11 178 1 1 1 1 276 23 1 46 66 1 63 310 1 278 70 1 1 1 18 1 1 1 54 7 1 1 177 87 196 1 41 1 19 1 92 68 35 38 39 224 14 1 2 139 1 1 1 1 62 240 17 1 11 278 92 96 269 135 1 63 106 311 20 106 1 1 116 110 16 195 22 1 210 130 1 3 197 337 77 1 10 59 88 47 69 35 12 15 12 1 332 55 65 8 55 207 18 194 45 160 259 229 80 57 73 121 81 102 165 20 134 1 110 73 85 102 160 58 149 110 150 240 106 107 334 48 65 120 1 111 3 267 99 82 33 53 11 87 8 57 157 3 80 219 276 64 10 158 88 3 7 24 104 64 10 260 34 102 10 362 19 16 254 8 183 111 50 110 238 295 6 43 38 166 110 76 85 211 108 136 11 66 117 62 99 33 2 56 60 132 8 58 31 26 178 253 65 45 10 243 160 215 111 213 178 111 62 352 22 54 14 31 318 108 71 115 93 270 171 12 213 41 100 267 9 60 16 252 146 222 119 50 39 18 412 11 201 75 114 4 24 145 92 175 92 3 97 276 96 92 112 105 24 275 56 92 147 210 122 146 185 32 110 28 38 43 106 117 99 115 156 146 12 157 410 124 361 160 106 139 166 7 112 158 205 236 101 48 36 82 55 103 269 119 36 31 208 47 43 17 65 30 27 33 197 22 20 182 77 37 26 12 98 227 60 66 113 8 135 17 164 63 19 37 14 82 66 95 144 147 118 9 106 211 20 6 310 99 98 213 46 59 101 101 113 80 9 79 27 178 81 66 265 7 23 312 241 3 41 102 66 38 180 202 37 201 62 6 141 126 76 215 43 33 46 168 59 58 3 46 4 115 45 46 169 90 49 11 228 25 134 211 17 65 200 284 3 50 108 36 52 9 143 24 78 118 126 64 26 229 116 101 126 138 84 11 75 25 113 36 66 128 32 193 37 51 145 68 50 25 164 8 24 72 103 5 20 45 64 224 22 93 16 93 44 48 114 193 64 14 1 40 295 57 82 77 22 132 44 24
4 25 13 14 16 42 26 17 54 2 15 62 3 17 3 24 35 13 82 89 25 72 12 23 18 97 20 3 66 9 83 9 13 11 35 5 11 10 81 94 13 22 16 22 94 69 7 79 95 9 86 91 10 91 84 17 3 19 85 2 16 19 83 76 14 2 27 76 98 13 84 13 94 45 61 96 98 72 60 74 57 23 82 65 12 6 2 2 99 64 58 25 98 79 83 80 55 76 12 92 80 63 83 84 18 5 100 100 84 82 91 9 87 87 22 95 35 92 94 14 53 83 80 60 88 92 76 90 61 18 68 97 72 45 41 85 83 69 96 93 97 78 100 52 85 85 90 95 53 99 73 35 61 98 99 64 76 84 97 98 92 56 64 88 87 73 79 47 31 99 87 76 91 85 94 93 100 53 94 83 90 79 80 55 97 46 99 89 92 55 46 65 71 96 70 67 59 86 76 85 95 67 77 85 88 93 34 90 93 69 85 90 34 76 99 94 82 35 57 91 51 81 90 89 58 75 79 88 81 83 99 98 100 95 86 100 77 83 99 88 71 94 92 100 71 99 96 79 77 82 60 46 90 69 78 73 97 89 93 89 46 49 96 98 94 85 96 83 60 84 89 65 97 98 82 100 91 68 77 93 82 76 89 78 84 97 69 97 96 78 73 88 84 81 100 93 99 90 82 60 81 92 96 54 99 44 88 92 64 87 59 97 65 97 84 83 88 92 86 97 99 79 94 62 69 97 86 70 75 62 83 57 94 100 95 86 98 80 97 66 84 93 87 59 79 87 90 45 65 62 46 72 88 86 69 48 75 58 89 99 95 67 63 59 64 76 100 59 97 92 82 58 92 98 89 93 73 98 96 98 73 89 95 42 100 91 92 100 87 97 47 73 78 100 77 97 85 100 65 74 97 97 94 88 44 65 85 98 59 70 95 91 52 86 95 89 87 50 72 43 57 88 89 82 81 60 63 92 69 68 81 100 79 51 99 55 74 96 91 87 72 100 98 51 98 85 88 57 93 79 76 56 93 60 64 72 78 98 91 90 73 91 62 56 79 53 89 89 93 70 34 99 65 92 75 97 43 50 97 60 64 99 84 86 66 100 42 89 91 88 10 85 72 95 53 36 92 74 64 84
1 20
1 175
1 250
2 22
2 84
2 179
3 48
3 187
3 196
3 207
3 224
4 19
4 49
4 224
5 22
5 90
5 126
5 225
6 29
6 54
7 31
7 218
8 12
8 39
8 98
8 102
8 124
8 163
8 204
8 499
9 231
9 457
10 147
10 170
11 67
11 182
11 220
12 29
12 40
12 71
12 139
12 197
13 68
13 138
13 154
13 211
13 492
14 81
14 149
14 171
14 221
15 39
15 200
16 127
16 199
17 45
17 46
18 241
19 90
19 210
20 234
21 73
21 113
21 172
21 173
22 26
22 170
22 221
23 73
23 142
23 198
23 216
24 31
24 119
24 129
24 168
25 46
25 108
25 114
25 204
26 206
26 214
26 220
26 221
27 73
27 166
27 168
27 170
27 248
28 51
28 63
28 108
28 128
28 180
29 68
29 91
29 174
30 206
30 223
31 64
31 95
31 107
31 151
32 40
32 49
32 142
32 225
33 49
33 75
34 200
35 149
35 174
35 182
35 234
36 179
36 191
37 171
37 231
38 220
38 222
38 229
39 134
40 55
40 83
40 186
41 52
41 80
41 107
41 135
41 201
43 76
44 140
44 141
44 498
45 69
45 83
45 176
45 182
45 219
45 248
47 114
48 158
48 217
48 476
49 94
50 117
50 149
50 153
50 189
50 235
51 180
51 225
51 232
52 212
52 497
53 118
54 233
55 78
55 149
55 215
55 228
55 407
56 59
56 93
56 122
56 159
56 198
56 205
58 80
58 81
60 71
60 116
60 232
61 84
61 150
61 186
61 223
62 138
62 211
63 126
63 127
63 201
63 215
64 93
64 159
64 480
65 69
65 145
65 225
65 239
66 151
67 196
68 96
68 101
68 141
68 233
69 182
70 187
70 452
71 81
71 153
71 178
71 214
72 229
73 119
73 141
73 224
74 100
74 135
74 178
74 188
74 208
74 220
75 117
76 161
77 301
78 116
78 488
79 173
79 489
80 124
80 147
81 153
81 202
81 227
83 91
83 119
83 172
83 173
83 212
84 95
84 132
84 193
84 202
84 225
84 228
85 94
85 121
85 155
85 204
85 214
85 225
86 96
86 126
86 144
86 176
87 89
87 128
87 154
87 197
87 225
89 102
89 167
89 182
89 205
89 216
89 243
90 118
90 122
90 143
90 186
90 187
90 220
92 172
94 104
94 158
94 197
94 226
95 181
95 183
95 222
96 138
96 141
96 192
96 204
96 212
96 488
97 205
97 210
97 226
97 492
98 446
99 117
99 486
100 243
100 499
101 114
101 129
101 164
101 485
102 135
102 145
102 156
102 219
103 484
104 151
104 185
104 187
104 191
105 126
105 146
105 148
105 224
106 156
107 118
107 142
107 205
107 493
108 134
108 181
109 131
109 132
109 134
109 188
110 202
110 242
110 249
111 493
112 133
112 192
112 205
112 210
112 213
112 248
113 153
113 162
113 175
113 184
114 116
114 128
114 160
114 209
115 183
115 480
116 148
116 150
116 177
117 129
117 149
118 181
118 206
118 213
118 242
119 147
119 182
119 204
119 208
119 236
119 245
120 143
120 154
120 165
120 238
120 244
121 131
121 137
121 140
121 215
121 221
122 126
122 168
122 199
122 217
123 168
123 194
123 204
124 243
124 488
125 147
125 210
125 211
125 250
126 129
126 137
126 227
126 245
126 248
127 129
127 133
127 141
127 234
128 132
128 156
128 195
128 242
128 249
129 141
129 180
129 247
130 219
130 233
130 247
131 248
132 186
132 238
133 191
133 215
133 218
134 147
134 159
134 184
134 186
134 247
135 181
135 197
136 478
137 149
137 186
137 219
138 179
139 154
139 198
139 219
139 243
140 150
140 165
140 242
141 205
143 173
143 175
143 197
143 211
143 249
144 197
144 224
144 243
144 244
145 157
145 163
145 233
146 229
146 488
147 150
147 157
147 204
147 241
147 500
148 151
148 172
148 212
149 238
150 160
150 166
150 192
150 206
150 213
150 238
151 190
151 192
151 194
151 239
151 241
152 160
152 210
152 213
152 226
153 172
153 227
153 228
154 212
155 156
155 159
155 200
155 231
156 166
156 177
156 208
156 239
157 224
158 494
159 171
159 222
160 179
160 230
160 240
161 165
161 172
162 166
162 177
162 181
162 182
162 197
162 220
162 238
163 232
165 230
166 177
166 223
166 244
166 245
166 250
167 210
167 225
167 247
168 170
168 178
168 185
168 238
169 487
170 202
170 214
170 500
171 218
171 231
171 236
172 243
173 181
173 185
173 213
173 214
173 215
173 227
173 231
174 500
175 185
175 204
176 211
177 218
177 222
177 229
177 244
178 180
178 198
178 247
179 183
179 189
179 197
179 212
179 213
179 239
180 189
181 189
181 198
182 185
182 193
182 219
182 232
182 233
182 241
183 219
184 185
184 201
184 216
184 226
184 247
185 211
185 229
185 244
186 194
186 210
186 216
186 236
186 477
187 197
187 218
187 234
188 225
188 230
188 246
189 191
189 197
189 240
190 191
190 220
190 226
190 237
191 200
191 217
191 231
192 229
192 231
193 212
194 204
194 206
194 238
195 201
195 207
195 214
195 219
195 227
196 240
197 211
197 234
197 243
198 235
199 200
199 202
199 221
199 234
199 239
199 240
200 237
201 208
201 210
201 250
202 250
203 217
204 214
204 222
204 228
204 233
204 245
204 250
205 222
205 238
206 207
206 215
206 247
206 248
208 217
208 222
208 227
208 246
209 473
210 214
210 226
210 234
210 250
211 225
212 221
212 230
213 222
213 239
213 240
214 236
214 238
215 236
216 245
217 221
217 223
217 237
217 241
217 247
217 248
219 238
219 239
220 223
220 226
220 245
221 225
221 229
221 232
221 236
221 242
222 226
222 232
222 237
222 241
223 231
223 237
223 250
224 235
224 241
225 227
225 243
225 244
225 249
226 245
227 231
227 235
227 236
227 238
228 233
228 238
228 240
228 242
229 235
229 241
229 242
229 247
229 250
230 241
230 246
230 250
231 232
231 238
231 239
231 242
231 245
231 246
232 233
232 245
232 247
232 249
232 250
233 235
234 236
234 237
234 238
235 237
235 240
236 237
236 241
237 241
237 242
237 244
237 250
238 239
238 241
238 246
239 250
240 243
240 246
240 247
241 242
241 245
241 250
242 243
242 246
242 247
242 249
242 250
243 244
243 245
243 248
243 249
243 250
244 247
244 248
244 249
244 250
245 247
245 248
245 249
245 250
246 247
246 248
247 248
247 249
247 250
248 249
248 250
251 38
251 61
251 66
251 74
251 171
251 208
251 234
252 37
252 85
253 7
253 25
253 32
253 50
253 56
253 59
253 86
253 92
254 33
254 61
254 112
254 186
255 35
255 37
255 41
255 106
255 120
255 208
256 2
256 7
256 16
256 34
256 44
256 115
256 120
256 132
256 166
256 224
257 38
257 58
257 130
257 211
257 231
258 9
258 13
258 114
258 235
258 494
259 61
259 99
259 110
259 113
259 152
260 14
260 18
260 92
260 232
261 44
261 197
261 242
262 8
262 25
262 32
262 400
263 17
263 41
263 43
263 85
263 88
263 491
264 3
264 43
264 88
264 152
265 36
265 56
265 181
265 185
265 212
266 92
266 115
266 217
267 65
267 156
268 23
268 107
269 15
269 61
269 87
269 114
269 124
270 5
270 27
270 72
270 74
270 99
270 108
270 201
271 12
271 19
271 47
271 72
271 82
271 92
271 101
271 168
271 170
272 6
272 34
272 42
272 67
272 88
273 5
273 24
273 57
273 61
273 99
273 130
273 188
274 11
274 33
274 36
274 130
274 153
274 186
274 192
274 193
275 7
275 9
275 34
275 46
275 108
276 15
276 71
276 74
277 8
277 27
277 43
277 148
277 192
277 225
278 13
278 124
278 180
279 5
279 25
279 43
279 169
280 27
280 35
280 53
280 60
281 43
281 86
281 189
282 21
282 24
282 35
282 88
282 91
282 120
282 225
283 36
283 37
283 62
283 66
283 165
283 185
283 246
284 21
284 29
284 34
284 70
284 112
284 172
284 192
284 207
285 2
285 14
285 25
285 44
285 183
286 15
286 44
286 72
286 87
287 13
287 55
287 66
287 152
287 191
287 453
288 30
288 50
288 82
288 104
289 33
289 57
289 106
289 205
290 10
290 490
291 9
291 85
291 119
291 197
291 200
291 487
292 9
292 37
292 47
292 72
292 130
293 6
293 25
293 30
293 53
294 7
294 12
294 41
294 120
295 42
295 53
295 106
296 3
296 13
296 44
296 70
296 74
296 166
297 15
297 24
297 53
297 57
297 152
298 14
298 19
298 21
298 25
298 58
298 69
298 142
298 152
299 13
299 27
299 149
300 9
300 18
300 37
300 57
300 62
301 302
302 303
303 304
304 305
305 306
306 307
307 308
308 309
309 310
310 311
311 312
312 313
313 314
314 315
315 316
316 317
317 318
318 187
318 319
319 320
320 321
321 108
321 322
322 323
323 324
324 325
325 326
326 327
327 328
328 329
329 330
330 331
331 332
332 333
333 334
334 335
335 336
336 337
337 338
338 339
339 340
340 341
341 342
342 343
343 344
344 345
345 346
346 347
347 348
348 126
348 349
349 350
350 351
351 352
352 353
353 354
354 355
355 356
356 357
357 358
358 203
358 359
359 360
360 361
361 362
362 363
363 364
364 365
365 366
366 367
367 368
368 369
369 370
370 371
371 372
372 373
373 374
374 375
375 376
376 377
377 378
378 379
379 380
380 381
381 382
382 383
383 384
384 385
385 386
386 387
387 388
388 389
389 390
390 391
391 392
392 393
393 394
394 395
395 396
396 397
397 398
398 399
399 400
400 401
401 402
402 403
403 404
404 405
405 406
406 407
407 408
408 409
409 410
410 411
411 412
412 413
413 414
414 415
415 416
416 417
417 418
418 419
419 420
420 421
421 422
422 423
423 424
424 425
425 426
426 427
427 428
428 429
429 430
430 431
431 432
432 433
433 434
434 435
435 436
436 437
437 438
438 439
439 440
440 441
441 442
442 443
443 444
444 445
445 77
446 182
446 447
447 448
448 449
449 450
450 451
451 452
452 453
453 454
454 109
454 455
455 456
455 481
456 457
457 458
458 459
459 131
459 460
460 461
461 212
461 462
462 463
463 464
464 465
465 249
465 466
466 467
467 468
468 469
469 470
470 471
471 472
472 98
472 110
472 238
473 474
474 475
475 476
476 477
477 209
477 249
478 479
479 234
479 480
480 481
481 482
482 483
483 136
484 229
484 230
484 485
485 123
485 238
485 486
486 103
487 169
487 192
487 199
488 146
488 192
489 490
490 125
490 491
491 79
491 131
491 195
492 97
493 111
493 242
494 234
494 240
494 495
495 496
496 158
496 172
497 498
498 52
499 100
499 207
499 236
500 174
500 230
500 234
