600 1639
1 1 1 1 1 1 1 1 1 1 1 1 1 1 4 1 28 26 1 1 1 1 1 1 1 1 1 1 1 1 149 196 1 1 1 1 1 1 1 37 1 1 1 1 1 233 189 1 1 1 1 1 161 1 14 12 1 1 1 1 1 1 68 1 325 1 1 30 1 1 1 1 1 291 1 1 1 4 178 52 1 1 1 1 72 1 1 1 234 213 174 50 1 127 1 34 1 1 1 22 1 1 93 1 1 21 105 489 1 172 178 159 10 355 159 1 1 175 174 19 1 353 11 182 111 277 1 1 1 135 220 56 74 1 104 1 1 1 59 1 1 4 11 33 1 1 36 337 113 119 8 1 1 410 193 3 1 1 1 1 118 137 81 23 1 46 1 25 144 185 21 1 1 108 99 20 1 20 185 76 36 129 160 83 112 21 162 1 1 316 147 213 112 1 443 226 1 27 1 98 241 1 1 1 1 19 1 1 45 107 1 425 166 21 30 1 154 54 1 128 105 44 154 137 130 276 135 187 207 65 1 165 84 57 1 113 178 16 1 54 137 170 1 8 94 150 221 171 147 50 70 1 97 17 36 147 271 20 1 15 1 5 257 112 84 37 427 4 18 130 27 209 51 26 74 132 72 3 58 101 307 37 127 37 183 10 40 106 201 95 102 1 1 38 9 1 51 351 110 47 133 8 46 63 12 1 150 54 190 31 74 102 264 423 43 1 116 17 63 333 63 57 482 33 468 146 36 1 12 168 24 178 3 86 227 95 144 25 17 118 296 4 68 330 329 205 229 228 32 19 95 104 247 80 1 68 22 406 158 146 399 69 104 125 173 82 53 91 109 72 3 30 307 138 178 119 360 88 283 60 97 186 231 158 1 12 248 255 148 154 196 127 10 97 164 180 74 103 265 265 172 194 61 274 114 109 10 18 178 77 29 18 193 84 8 29 24 111 278 103 113 29 205 70 202 139 86 40 5 57 294 57 156 164 51 39 140 160 126 78 59 118 161 323 10 176 156 76 60 23 63 137 220 292 245 100 67 62 32 210 408 5 19 126 136 59 471 107 169 41 101 241 266 17 250 44 5 30 241 231 155 284 148 117 66 313 184 2 62 142 271 10 80 109 18 69 43 75 122 55 33 177 243 179 260 16 205 28 13 24 232 273 208 252 142 8 75 14 186 274 29 29 17 220 63 83 21 31 59 91 33 55 32 107 29 3 172 92 81 310 165 10 162 12 118 10 283 97 46 51 125 214 27 36 63 122 95 225 155 202 316 24 51 98 20 20 209 2 251 212 3 3 119 348 30 270 105 61 308 22 232 182 120 42 137 84 12 360 1 186 190 121 2 56 29 35 291 225 28 1
6 3 3 3 34 23 20 3 20 26 18 8 20 27 92 16 98 98 5 1 46 11 4 14 2 17 5 24 1 5 68 93 8 14 60 4 6 35 26 62 24 1 7 2 3 47 93 5 13 10 5 5 66 6 97 90 22 15 11 29 31 36 59 10 83 30 15 89 33 6 3 27 45 94 8 11 1 78 95 70 12 39 8 6 95 52 30 6 95 81 76 99 29 70 14 98 13 21 14 99 8 22 81 2 3 96 72 47 20 82 64 91 89 86 67 27 2 87 61 84 3 95 67 100 99 80 4 17 10 83 71 79 85 21 75 4 7 13 79 41 1 81 65 99 9 32 100 100 87 88 76 4 5 98 94 92 27 1 18 5 75 66 78 80 19 98 51 67 48 53 92 50 4 88 83 42 3 35 97 77 67 96 84 100 98 90 86 19 7 69 58 56 91 50 79 67 8 87 4 75 78 40 10 12 5 87 4 1 98 93 10 70 54 47 44 12 96 99 9 66 96 87 83 96 72 75 93 92 91 86 7 82 64 89 7 89 96 95 1 98 85 100 11 96 68 82 93 88 87 94 78 7 94 57 100 77 97 51 11 74 6 74 100 88 51 76 67 78 81 99 66 80 85 98 56 96 96 74 88 36 96 100 55 62 85 77 88 87 58 88 93 31 39 92 85 9 68 56 90 100 65 87 100 76 80 33 50 88 72 79 61 70 88 61 85 1 71 77 86 96 97 95 93 97 88 71 97 8 55 56 72 31 85 71 81 95 84 99 82 77 55 74 79 78 81 99 80 96 59 92 67 87 85 87 26 73 97 62 86 74 59 78 88 79 100 66 85 90 67 62 81 100 73 93 76 65 89 91 61 90 97 88 100 91 12 99 85 98 68 53 93 83 56 99 75 57 81 94 83 86 88 96 75 67 92 32 85 91 58 56 89 82 82 90 83 96 98 100 95 92 91 92 98 73 64 96 86 99 86 92 99 60 73 62 74 67 92 99 88 58 96 73 62 35 36 67 90 68 48 93 84 92 25 71 84 82 58 32 78 77 80 71 98 97 64 69 68 91 81 93 88 82 79 82 77 61 84 77 97 88 72 96 82 60 73 99 76 98 79 99 78 85 43 86 100 55 97 76 89 80 70 96 78 84 100 83 84 93 84 100 90 81 94 98 98 82 93 97 94 55 44 100 56 99 92 99 100 66 42 76 76 51 73 50 79 96 78 72 48 51 71 98 87 31 86 83 98 95 87 80 50 86 92 72 100 69 82 99 51 95 93 84 83 53 85 71 54 99 97 82 79 97 86 78 96 88 52 91 75 98 87 59 92 75 67 91 79 78 28 96 94 64 94 87 84 82 95 90 82 25
1 279
1 481
1 499
1 524
2 18
2 114
2 374
3 94
3 236
3 284
4 466
4 520
6 92
6 166
7 90
7 500
8 156
8 184
8 398
9 370
10 147
10 471
10 483
11 15
11 123
11 133
11 223
12 111
12 443
12 507
12 511
13 31
13 143
13 230
13 526
14 56
14 255
15 130
15 228
15 365
15 371
15 455
15 509
16 92
16 276
17 40
17 119
17 161
17 600
18 47
18 113
18 258
18 275
18 466
19 343
19 420
20 32
20 68
20 248
21 125
21 190
21 499
22 181
22 228
22 272
22 546
23 46
23 74
23 79
23 149
23 196
24 78
24 183
24 200
24 450
25 96
25 139
25 289
25 364
25 432
25 509
26 40
26 125
26 477
26 520
27 221
27 332
27 380
27 533
28 398
28 526
29 468
29 526
30 163
30 317
31 289
31 320
31 430
32 250
32 366
32 417
32 528
33 112
33 217
33 297
33 323
34 467
34 530
35 221
35 313
36 356
38 277
38 320
38 441
38 480
39 234
39 320
39 351
40 132
40 156
40 253
40 270
40 518
40 538
41 65
41 96
41 303
41 485
42 122
42 342
42 399
43 65
43 135
43 314
43 318
43 428
46 193
46 453
47 267
47 365
47 516
47 517
48 53
48 362
48 400
48 523
49 191
49 492
49 519
50 192
50 251
50 262
50 297
50 512
50 533
51 222
53 55
53 114
53 150
53 169
53 245
53 402
54 111
54 215
54 218
54 238
55 79
55 176
55 290
55 301
55 388
55 452
55 541
56 142
56 441
56 551
57 170
57 382
58 63
59 90
59 148
59 344
59 466
60 124
60 126
61 107
61 246
61 408
62 227
63 106
63 390
63 395
64 122
64 179
64 430
65 336
66 372
67 303
67 465
68 142
68 446
69 80
69 108
69 330
69 389
69 536
69 540
70 198
70 329
70 413
70 425
70 448
70 485
70 495
70 526
70 528
71 183
71 517
72 380
73 85
73 269
73 274
73 504
74 185
74 379
74 471
74 498
75 91
76 126
76 289
76 505
77 120
77 377
78 103
78 118
78 226
78 269
79 233
80 115
80 195
80 234
80 341
81 265
81 492
82 180
82 213
82 337
83 183
83 249
84 317
84 336
85 446
86 314
86 506
87 175
87 279
88 278
88 281
88 359
88 534
89 567
90 94
90 155
90 285
90 475
90 481
91 354
91 386
92 124
92 268
92 470
93 110
94 307
94 470
95 241
95 247
95 371
95 462
96 233
96 284
96 363
96 410
97 147
97 312
97 391
98 151
98 164
98 201
98 357
98 428
98 433
98 491
99 100
99 230
99 327
100 206
100 217
100 276
100 304
100 351
100 391
101 321
101 465
101 507
101 549
102 275
103 220
103 350
103 368
103 374
104 372
105 303
105 379
106 213
106 331
106 348
108 176
108 178
108 271
109 132
109 191
109 445
109 528
110 124
110 144
110 161
110 389
112 491
112 496
113 391
113 473
113 524
114 174
114 229
114 305
114 311
114 462
114 509
115 535
116 170
116 228
116 387
116 435
117 266
117 337
117 465
118 225
118 282
118 321
118 358
119 257
119 320
119 352
119 372
121 192
121 264
121 351
122 125
122 257
123 131
123 154
123 221
124 217
124 351
125 343
127 390
127 423
127 473
128 214
128 396
128 422
128 471
129 168
129 242
129 438
129 468
129 475
129 478
130 179
131 241
131 269
131 308
131 529
131 544
132 291
132 307
132 473
133 135
133 209
133 210
133 351
133 430
134 142
134 357
134 382
135 232
135 268
135 271
135 363
135 407
135 431
136 162
136 433
136 477
136 505
137 171
137 290
137 322
138 190
138 349
138 404
138 449
138 469
140 187
141 263
141 265
142 423
143 187
143 282
143 544
144 294
144 407
144 461
145 228
145 456
146 168
146 213
146 300
146 320
147 212
147 445
148 447
148 509
149 420
149 501
150 284
150 365
150 537
153 375
153 508
153 525
154 307
155 180
155 288
156 186
156 300
156 402
156 444
157 323
158 182
158 383
158 410
158 463
159 269
160 247
160 302
160 513
161 218
161 322
161 440
162 502
163 262
163 307
164 240
164 367
164 457
164 544
165 494
166 176
166 186
166 249
167 225
167 387
168 280
169 278
169 348
169 502
171 234
171 313
171 359
171 451
171 487
171 537
172 353
172 361
172 503
173 193
173 196
174 175
175 271
175 551
176 244
177 257
177 499
178 357
178 478
178 488
178 493
178 544
179 245
179 447
179 506
180 344
180 383
180 443
180 496
181 305
181 392
181 407
181 512
183 359
183 461
184 212
184 218
184 223
184 394
184 456
185 414
186 234
186 323
186 492
187 339
187 340
187 378
188 342
188 446
189 254
189 281
189 346
189 379
190 280
190 348
190 387
190 396
190 479
190 491
190 538
191 469
191 481
191 516
192 195
192 430
192 453
193 248
193 445
194 533
194 547
195 452
195 520
196 298
196 327
198 314
198 383
198 391
199 224
199 309
199 312
200 248
200 256
201 434
202 290
202 291
202 538
203 291
203 472
204 524
205 384
206 255
206 331
206 475
206 551
207 399
207 439
208 237
208 311
208 329
208 402
209 260
209 321
210 375
210 490
210 533
211 404
211 416
212 423
212 465
212 473
212 474
213 382
213 474
214 297
214 323
214 488
215 409
215 424
215 460
216 433
216 491
216 531
217 401
217 482
218 301
218 425
218 494
219 291
219 353
219 373
219 390
219 405
219 425
220 298
220 392
220 503
220 526
220 551
222 456
222 483
222 507
223 320
223 343
223 398
224 281
224 309
225 276
225 362
225 458
226 241
226 307
226 360
226 426
227 418
227 500
228 266
228 502
228 547
229 314
229 349
229 373
229 417
230 237
230 290
231 236
231 294
231 366
231 386
232 283
232 339
232 371
232 397
232 450
232 518
233 450
233 514
234 365
234 505
235 251
235 386
236 417
236 444
236 446
237 263
237 325
237 357
238 525
239 247
239 333
239 435
241 483
242 376
242 403
242 432
242 481
243 258
243 342
243 534
244 417
244 430
245 268
245 310
245 437
245 451
246 322
246 450
246 540
247 274
247 318
247 326
247 411
247 424
247 471
247 538
248 263
248 283
248 428
248 473
249 276
250 542
251 253
251 318
251 323
251 383
251 446
251 457
251 502
251 547
252 260
252 500
253 356
253 508
254 312
254 334
255 287
255 370
255 401
255 403
255 463
255 494
255 505
255 533
256 325
256 456
257 326
257 538
258 273
258 287
258 330
259 280
259 386
259 494
260 310
260 499
261 419
261 457
262 441
262 465
263 326
263 418
263 525
264 469
264 520
265 315
265 407
265 465
266 325
267 373
267 495
267 497
267 500
267 520
267 528
268 353
268 389
268 393
268 487
268 515
268 526
269 393
269 440
269 469
269 478
270 464
271 313
271 319
271 400
271 428
271 541
271 543
272 438
272 456
272 490
273 304
273 420
273 456
274 276
274 493
275 276
275 347
275 354
275 443
275 475
276 350
276 356
277 353
277 357
277 447
278 305
278 332
278 358
278 536
279 286
279 437
280 326
280 457
280 534
281 402
282 351
282 438
282 509
283 285
283 294
284 437
284 457
285 388
285 434
285 491
286 303
286 386
286 443
287 471
287 488
287 528
288 411
288 446
288 448
288 507
288 514
289 295
289 299
289 374
289 390
289 413
289 469
290 322
290 438
290 442
290 486
290 517
291 345
291 475
291 543
292 330
292 368
293 523
293 547
294 333
294 376
294 436
294 506
295 400
295 458
295 489
296 357
296 373
296 463
296 542
297 364
297 400
297 455
297 482
297 547
298 370
298 377
298 379
298 412
298 467
298 531
299 541
300 304
300 399
300 401
300 464
300 494
301 310
301 493
302 322
302 324
302 353
303 330
304 362
304 363
305 350
305 444
306 315
306 433
307 312
308 548
309 457
310 347
310 443
310 479
310 542
311 422
311 519
311 551
312 361
312 479
312 502
313 412
313 436
313 491
313 495
313 541
313 544
314 350
314 383
314 389
314 410
315 412
315 502
315 526
316 438
316 478
317 331
317 407
318 518
318 533
319 445
319 492
319 498
319 502
319 526
320 348
320 359
320 438
321 440
321 494
322 343
322 398
322 451
322 478
323 381
323 410
323 491
323 497
323 514
323 537
324 335
324 354
324 500
325 407
325 421
325 439
326 424
326 532
327 333
327 386
328 340
328 349
328 365
329 340
329 541
330 332
330 379
330 388
331 335
332 453
332 468
332 485
333 338
333 438
334 401
334 470
334 523
334 547
335 339
335 351
335 475
335 489
336 346
336 369
336 403
336 517
337 356
337 379
337 405
338 445
338 489
338 510
339 374
339 450
340 346
340 371
340 405
340 423
340 451
340 533
341 458
341 496
341 540
342 391
342 524
343 412
344 371
344 404
344 422
344 436
345 378
347 357
347 409
347 438
348 388
348 479
348 494
348 551
349 415
349 434
349 529
350 390
350 439
350 455
351 358
351 386
351 505
351 528
352 393
352 396
352 485
352 488
352 515
353 395
354 458
354 475
356 365
356 384
356 442
356 520
358 386
358 431
358 462
358 468
359 416
359 466
361 375
361 414
361 416
361 476
361 507
362 449
362 499
363 386
364 399
364 420
364 454
365 421
365 437
365 511
366 419
367 459
368 426
368 446
368 520
368 528
368 534
369 436
371 440
371 445
371 523
371 549
372 411
372 432
372 458
372 519
373 471
373 478
374 452
374 466
374 507
375 376
375 443
375 491
376 402
376 482
376 545
377 399
377 510
378 383
378 402
378 452
378 455
378 513
379 406
379 477
379 500
380 399
380 414
380 548
381 462
381 490
381 520
382 428
382 441
382 506
382 536
383 410
383 463
383 469
383 498
384 418
384 541
385 399
385 427
385 447
385 470
385 500
385 533
386 401
386 445
386 490
386 537
387 473
387 482
387 525
388 411
388 419
388 482
388 493
388 521
389 445
390 419
390 434
390 455
390 496
390 520
391 404
391 414
391 426
391 448
391 514
392 409
392 421
392 456
393 401
394 398
394 418
394 472
395 537
396 427
396 436
396 456
396 512
396 523
397 478
398 402
398 418
398 425
398 429
398 433
399 479
399 599
400 425
401 428
401 436
401 461
402 438
402 510
402 521
402 534
403 451
404 433
404 436
404 484
405 430
405 443
405 470
405 480
406 446
407 454
407 489
407 522
408 425
409 464
410 425
410 453
410 458
410 481
410 500
410 527
410 539
411 451
411 462
411 547
412 513
412 522
412 548
413 441
413 459
413 527
414 442
414 487
414 515
415 444
415 526
415 532
415 540
416 551
417 486
417 496
417 543
418 442
418 445
418 458
418 473
418 488
419 422
419 430
419 496
419 519
421 465
421 514
422 489
422 493
423 462
423 465
424 429
424 443
424 472
424 487
424 490
424 497
425 453
425 488
426 509
426 530
426 532
427 503
427 540
427 541
428 431
428 474
428 479
428 510
429 451
430 445
430 451
430 504
431 533
431 541
432 451
432 501
432 539
433 487
433 492
433 505
433 512
433 546
434 438
434 482
435 510
436 455
437 449
437 495
437 498
437 528
438 447
438 461
438 463
439 440
439 463
439 520
439 543
440 474
440 477
440 500
440 599
441 446
441 482
441 540
442 490
442 547
443 476
443 488
443 494
443 533
444 464
444 550
445 474
445 476
445 511
445 520
445 543
446 450
446 463
446 510
446 514
446 522
447 473
447 540
447 543
449 453
449 474
449 487
450 451
450 475
450 520
451 480
451 498
451 500
451 524
452 455
452 467
452 537
454 472
454 504
454 507
455 515
455 542
456 481
456 534
456 550
457 476
457 499
457 516
457 599
458 460
458 461
458 463
458 492
458 531
459 488
459 513
460 467
460 514
462 470
462 481
462 520
462 521
462 535
463 505
464 469
465 471
466 502
467 478
467 547
468 470
468 486
468 500
468 511
468 525
468 547
469 530
470 485
470 517
470 524
470 537
471 498
472 490
472 499
472 507
472 529
473 485
473 518
473 526
473 533
474 484
474 500
474 539
475 500
475 535
476 526
476 546
477 503
477 519
477 543
478 479
478 516
478 523
479 500
479 541
479 542
479 543
480 490
481 491
481 515
481 541
481 551
483 486
483 490
483 503
484 501
484 533
484 535
486 488
487 503
487 514
487 535
487 551
488 490
488 498
488 533
488 534
488 543
490 517
491 495
491 527
491 534
491 540
491 543
492 497
492 504
492 510
493 498
493 536
495 513
495 520
495 551
496 498
496 506
496 526
496 530
497 511
497 515
498 516
499 523
499 538
499 540
499 599
500 542
500 548
501 510
501 525
502 509
502 512
502 515
502 524
502 525
502 538
503 531
503 532
503 543
504 505
504 522
504 523
504 536
505 519
505 536
506 516
506 518
506 541
507 515
507 516
507 518
507 526
507 527
507 550
508 516
508 539
508 549
509 528
509 530
510 527
510 537
510 538
510 544
511 523
511 536
512 543
513 515
513 527
513 537
513 541
513 542
514 530
515 523
515 536
515 548
516 543
517 518
517 532
518 537
519 528
519 537
519 546
520 522
520 599
521 523
521 530
521 537
522 528
522 536
522 540
522 549
523 532
523 537
523 541
524 540
524 550
524 599
525 526
525 527
526 544
526 546
527 538
527 540
527 548
527 551
528 530
528 547
528 551
529 530
529 537
529 538
529 541
529 544
530 542
530 546
531 543
531 549
532 542
532 548
532 550
532 599
533 541
534 538
534 539
534 541
534 551
535 539
535 543
535 546
535 551
536 538
536 550
536 551
537 541
537 543
537 549
537 550
538 540
538 542
538 543
538 551
539 542
539 543
540 547
540 551
541 542
541 548
541 550
541 551
542 547
542 548
542 599
543 545
543 546
543 549
544 548
544 550
545 550
545 551
545 599
546 549
546 550
547 548
547 549
548 549
548 550
548 551
549 550
549 551
550 551
552 239
553 9
553 87
553 134
553 243
554 33
554 156
554 219
554 293
554 402
555 73
555 344
555 355
556 21
556 35
556 60
556 453
557 71
557 211
557 292
557 469
557 600
558 24
558 159
558 219
558 415
559 2
559 102
559 188
559 204
559 358
560 7
560 243
560 384
561 39
561 50
561 87
561 138
562 36
562 66
562 224
563 82
563 538
564 19
564 33
564 108
564 394
565 70
565 200
566 48
566 51
567 568
568 569
569 570
570 571
571 572
572 573
573 574
574 575
575 576
576 577
577 578
578 579
579 580
580 581
581 582
582 583
583 584
584 585
585 586
586 587
587 588
588 589
589 590
590 195
590 591
591 592
592 593
593 594
594 595
595 444
595 596
596 597
597 598
598 89
599 545
599 547
599 549
600 17
