500 700
1 1 1 1 1 1 1 1 1 1 1 1 1 1 1 1 1 1 1 1 1 12 1 1 1 1 1 1 1 1 1 1 1 1 1 1 1 272 1 1 1 1 1 1 1 1 1 1 1 125 1 72 1 1 1 1 1 1 1 1 1 1 1 1 1 1 1 1 1 1 1 1 1 77 1 15 6 29 1 259 1 1 1 1 1 189 1 1 52 19 1 1 24 1 1 49 1 1 149 1 13 1 1 107 1 67 24 1 1 106 51 1 1 1 89 1 83 1 1 81 1 1 1 179 1 1 1 108 102 1 278 1 1 1 1 1 254 1 105 1 42 95 1 1 124 1 199 101 1 1 99 140 221 1 153 1 1 35 39 1 89 96 1 1 6 30 1 4 174 1 132 1 134 290 1 260 68 267 22 1 85 30 220 37 1 1 1 51 1 1 114 36 1 1 164 1 218 130 196 20 1 54 1 113 1 178 41 207 200 119 13 1 1 47 39 63 29 1 215 273 197 1 130 107 7 158 21 1 122 24 182 1 38 46 137 27 19 55 128 291 1 69 257 108 161 1 211 93 135 35 1 199 194 73 135 183 56 85 127 40 58 78 3 38 9 126 39 162 62 32 15 123 93 205 27 56 150 194 1 1 103 121 78 1 77 1 100 9 108 40 96 55 20 245 24 191 267 77 105 103 40 74 198 59 22 79 170 33 104 119 51 63 34 64 189 62 73 35 15 20 137 71 79 25 45 161 264 134 69 50 67 103 82 144 126 361 325 126 2 107 85 50 200 33 114 29 130 236 238 150 371 38 180 126 333 131 18 48 379 60 21 28 24 22 5 269 35 174 16 51 102 372 196 168 205 144 194 91 136 47 123 16 15 31 71 60 66 124 44 38 95 87 102 32 71 17 185 90 65 10 261 105 117 277 103 97 5 187 38 177 108 108 316 27 64 71 27 111 57 89 173 19 68 27 92 264 51 119 92 11 209 15 81 63 150 23 16 45 37 184 67 25 43 116 166 138 3 44 67 129 128 110 28 58 68 248 247 185 193 120 255 2 234 173 10 138 104 14 123 110 25 75 27 118 95 14 37 210 286 59 44 129 169 347 218 63 127 93 45 99 68 311 7 67 268 451 211 84 52 60
41 9 29 7 18 14 8 4 2 27 5 28 20 14 8 2 1 10 40 1 12 85 16 18 13 17 18 12 21 38 11 14 4 4 28 33 30 83 10 1 44 13 4 4 4 5 15 21 5 91 32 92 18 14 30 5 4 15 43 4 37 19 28 7 17 19 10 5 33 11 3 18 20 59 1 63 77 92 19 89 1 10 10 61 6 80 30 16 89 80 8 6 95 9 24 95 7 22 85 6 49 6 1 86 4 100 81 4 5 58 90 2 55 9 94 5 94 55 5 52 24 20 4 96 25 6 16 91 93 25 67 19 3 2 12 12 45 12 98 40 95 73 7 45 99 14 100 80 40 2 93 98 58 4 84 1 20 57 86 6 98 88 7 13 71 81 28 72 55 15 73 5 84 86 16 57 84 93 92 11 95 77 91 91 33 7 13 91 3 23 20 75 1 5 90 19 64 70 96 51 3 64 15 100 18 98 55 94 90 93 29 7 13 38 89 57 100 27 85 99 64 51 66 76 48 97 87 2 93 43 93 37 82 89 100 72 93 90 90 81 6 96 90 95 61 14 92 99 77 98 23 97 89 91 84 39 97 95 94 64 96 97 85 94 79 64 80 99 85 80 52 86 100 95 70 68 50 76 1 4 95 88 40 7 99 6 85 31 87 87 66 74 89 78 72 84 96 96 97 75 91 68 98 95 59 81 76 87 89 43 84 82 90 68 92 100 83 92 96 66 83 81 92 100 52 66 49 90 95 57 94 91 90 78 89 94 69 69 78 92 95 93 99 56 80 100 91 73 79 91 99 76 89 62 71 91 62 92 42 85 85 90 30 92 87 88 97 59 92 97 68 89 64 90 92 65 85 70 46 73 91 64 91 94 62 67 99 90 98 67 73 99 100 100 88 80 59 33 99 59 52 83 84 68 99 95 69 77 100 100 90 35 99 96 86 44 93 97 97 46 96 72 91 50 20 96 79 80 73 63 83 66 86 93 97 90 99 98 96 88 99 95 82 92 68 97 62 99 63 99 58 90 98 98 94 100 89 67 90 99 61 53 96 99 74 78 96 72 91 60 92 99 35 68 93 81 86 57 44 95 33 77 91 86 98 92 88 99 62 15 53 93 79 100 75 42 92 99 58 87
1 292
8 99
11 52
13 161
15 275
16 76
16 115
16 129
16 247
17 22
17 263
18 166
19 86
19 159
19 229
23 131
23 215
23 262
24 96
24 104
24 227
26 107
27 115
27 166
28 152
29 111
29 179
29 244
29 254
30 38
32 74
34 271
35 265
36 89
38 137
40 50
41 266
42 90
45 290
49 93
49 177
49 221
50 139
50 148
51 266
57 153
58 260
59 101
59 141
59 161
63 137
63 276
64 80
65 294
66 283
67 211
68 161
70 131
70 166
70 231
71 209
71 294
72 110
73 173
74 78
74 270
75 252
76 77
77 288
78 182
80 124
82 158
83 120
83 245
85 184
86 93
86 111
86 117
89 271
92 217
93 297
94 210
94 237
94 238
96 162
97 239
98 200
99 145
99 220
99 248
99 254
100 255
102 151
103 171
103 216
103 229
103 260
104 106
105 233
106 128
106 142
106 177
107 181
107 263
107 274
108 191
108 192
109 181
109 195
110 230
111 137
113 178
113 215
115 128
115 227
116 254
116 290
116 296
119 234
120 256
121 147
121 174
123 208
124 151
124 220
124 285
127 260
129 155
129 168
132 159
132 197
132 206
133 215
133 283
134 202
134 289
135 207
141 254
142 145
142 270
143 274
144 274
145 162
145 199
146 195
146 285
147 197
147 296
148 260
149 161
150 238
151 153
152 177
153 261
154 290
155 165
155 269
158 285
159 204
160 253
161 169
161 253
162 225
163 252
164 176
164 183
164 300
165 198
166 249
168 236
168 254
168 264
169 177
169 242
170 275
171 237
172 179
172 195
173 240
174 214
174 219
176 200
176 276
178 292
179 249
179 259
181 300
182 233
183 270
183 278
184 297
185 188
185 254
185 298
187 295
188 199
188 243
192 248
192 269
193 239
195 223
195 300
199 211
199 223
199 248
199 299
202 234
202 296
206 258
208 248
209 230
210 224
210 250
210 252
210 259
210 294
212 233
215 274
215 287
216 230
217 238
217 245
217 285
218 282
218 290
220 281
221 226
221 229
221 287
221 293
221 297
222 272
223 296
224 272
225 233
225 273
229 283
230 267
230 268
231 283
232 262
232 267
234 235
235 277
236 300
237 259
237 283
238 298
240 291
241 261
243 282
244 257
246 271
248 292
249 291
249 298
250 261
250 293
250 295
250 300
252 289
253 258
253 274
253 275
258 269
258 289
259 292
260 267
261 266
261 287
261 290
263 265
263 275
266 273
267 276
267 290
268 293
269 273
270 273
270 277
272 285
273 294
274 296
276 300
278 282
279 288
279 300
280 285
281 297
285 287
285 291
287 297
287 300
290 291
290 295
290 296
291 292
294 300
296 297
296 300
301 91
301 113
301 187
302 97
302 149
303 66
303 87
304 49
304 132
305 14
305 21
305 138
306 29
306 221
307 67
308 17
308 44
309 286
310 91
310 105
311 203
312 11
313 1
313 76
313 88
314 40
315 218
316 112
317 27
317 83
317 91
318 10
318 64
319 143
319 180
320 114
321 2
321 16
322 82
322 246
323 48
323 113
323 132
323 212
324 6
324 222
325 13
325 269
326 44
327 54
327 83
327 143
328 23
328 119
329 28
329 79
329 81
330 48
331 1
331 28
331 118
331 201
332 75
332 185
333 36
334 1
334 14
334 92
335 40
336 53
337 8
337 49
337 263
338 143
339 100
340 116
340 171
340 284
341 48
341 228
342 98
342 119
342 222
343 79
343 114
343 126
344 5
345 39
345 156
345 193
346 64
347 170
348 54
348 111
348 228
349 5
349 41
349 140
349 145
350 25
350 31
350 91
351 34
351 118
351 189
352 11
352 144
353 9
353 79
353 166
354 18
354 241
354 272
355 190
356 279
357 75
357 205
357 286
358 122
359 280
360 14
360 108
361 91
361 133
362 79
363 25
363 50
363 232
364 71
365 113
366 66
366 203
367 1
367 2
367 185
367 193
368 194
369 256
369 284
370 164
371 1
371 56
372 59
372 212
372 255
373 23
373 113
373 251
373 293
374 37
374 80
374 82
375 57
375 125
376 222
376 294
377 31
377 71
377 88
377 101
377 114
377 136
377 138
377 163
378 189
378 253
379 24
379 105
380 61
381 48
381 220
381 251
382 29
383 10
383 167
384 8
385 47
385 60
386 73
387 12
387 220
388 4
388 14
388 212
389 48
389 108
390 37
390 95
390 154
390 279
391 163
392 75
392 113
393 4
393 12
393 91
393 114
393 164
393 259
394 55
395 83
396 70
396 300
397 125
398 228
399 130
399 213
399 279
400 75
401 65
401 140
402 113
402 284
403 70
403 133
403 282
404 150
404 180
405 284
406 24
406 40
406 167
407 11
407 95
408 68
408 94
408 150
409 15
409 67
409 165
410 28
410 146
411 2
411 88
411 94
411 259
412 19
412 27
413 218
414 186
415 73
416 28
416 164
417 19
417 39
418 25
418 112
419 45
419 279
420 29
420 226
420 234
421 9
421 90
422 83
422 154
423 108
423 201
424 172
424 194
425 246
426 21
426 58
427 121
428 182
428 193
428 216
428 239
428 284
429 68
429 196
430 125
430 248
431 49
431 193
431 208
432 2
432 105
432 146
433 14
433 53
434 10
435 213
435 247
436 9
436 41
437 84
438 43
439 126
439 130
440 63
440 133
441 25
441 175
442 284
443 66
444 134
445 9
445 259
446 20
446 189
447 24
447 150
448 33
448 72
449 72
449 105
450 108
451 251
452 21
453 30
454 143
455 40
455 79
456 97
457 25
457 190
458 122
458 172
459 18
459 58
459 214
460 186
461 58
462 118
462 122
463 57
463 122
464 65
465 146
465 293
466 75
466 193
467 67
468 40
468 67
469 8
469 61
470 54
471 32
471 33
471 47
471 97
471 126
472 11
472 15
472 118
473 284
474 56
475 156
475 157
476 68
476 175
477 201
478 4
479 24
479 251
480 58
480 94
480 109
481 28
482 3
482 6
483 56
483 85
483 101
483 233
484 193
485 241
486 98
486 205
487 21
487 208
488 83
488 222
489 34
489 193
489 196
490 88
491 75
491 282
492 133
492 155
493 125
493 281
494 7
495 5
495 39
495 45
495 175
495 294
496 144
497 26
497 34
497 109
497 170
498 30
499 69
499 213
500 185
