700 1817
1 1 1 1 1 1 1 1 1 21 1 1 1 1 1 139 1 1 1 1 1 1 1 1 1 1 1 440 1 1 1 1 18 1 1 1 1 198 1 1 1 1 116 1 147 1 2 1 1 70 1 136 1 133 11 164 57 180 1 270 1 106 1 1 1 78 132 1 1 67 207 35 1 1 1 1 1 60 96 9 121 1 275 1 59 117 5 89 75 1 1 22 1 1 1 1 1 134 1 1 114 37 108 15 1 88 150 1 121 30 1 158 55 1 100 167 126 148 110 160 1 20 218 82 52 92 1 1 199 2 139 181 151 14 1 1 1 50 382 123 62 60 1 1 1 14 1 1 46 513 28 329 57 1 136 207 168 1 23 1 280 496 100 139 24 1 19 23 314 518 300 80 126 137 1 82 1 380 1 1 53 493 79 277 156 85 18 67 1 64 92 251 11 391 112 228 155 133 28 1 55 1 80 190 93 189 13 70 349 133 118 1 78 33 27 1 250 108 182 217 270 350 28 187 57 1 10 522 221 145 117 112 97 163 197 188 266 21 359 336 88 44 142 35 1 25 208 25 454 145 1 125 341 100 113 30 68 256 89 214 89 44 169 192 202 1 177 136 288 14 33 114 150 77 95 67 134 233 101 195 169 12 452 42 129 105 92 621 18 32 182 3 253 17 84 134 59 100 43 324 94 235 29 96 91 7 167 81 23 139 107 395 204 43 121 240 42 91 55 156 127 104 45 12 20 436 259 150 282 5 488 78 159 225 41 38 17 536 80 219 231 205 396 275 199 145 101 302 31 348 420 54 26 245 14 128 187 70 91 202 34 79 134 238 26 562 87 444 59 244 64 477 279 11 155 42 47 248 41 13 79 195 145 348 188 62 96 5 99 131 125 45 96 2 3 90 53 19 295 53 254 46 29 106 12 10 182 27 297 230 306 148 165 132 187 31 184 412 180 378 94 118 212 96 54 54 82 288 124 72 71 326 59 174 40 177 140 154 11 94 84 88 51 46 165 250 180 245 103 237 79 231 10 33 51 9 25 210 43 4 155 235 127 79 194 85 372 318 17 155 78 155 65 140 121 282 164 209 26 271 114 25 26 255 50 425 208 40 87 128 171 156 6 34 95 74 123 218 305 325 190 21 170 52 85 309 362 103 119 25 313 24 131 61 36 64 227 105 67 148 188 287 132 139 266 65 179 21 190 297 70 271 355 370 4 81 89 62 218 175 27 64 21 407 15 213 110 131 136 25 69 107 227 46 285 76 27 100 63 10 114 445 150 153 198 48 81 50 78 243 212 138 334 28 43 222 5 67 182 43 83 161 190 118 146 277 230 377 113 185 340 44 110 482 84 45 423 245 337 271 299 27 4 272 149 235 228 87 182 146 64 20 18 77 277 416 45 193 59 202 44 136 101 96 420 116 13 153 157 65 253 74 264 186 319 251 145 112 226 55 83 158 85 107 487 27 73 110 278 360 102 219 132 77 239 82 176 101 155 64 159 159 64 31 27 26 260 28 13 88 77 238 180 194 302 232 249 195 31 174 7 226 82 43 1 105 389 8 426 335 90 1 1 75 205 216 72 116 16 166
9 9 11 7 45 10 13 6 15 37 9 15 22 18 7 64 33 8 19 36 14 17 9 5 16 1 22 90 5 5 18 15 94 6 4 13 7 77 22 11 7 7 82 21 91 38 95 48 17 87 8 76 10 99 79 100 74 76 19 73 15 75 38 8 38 81 84 21 23 60 56 76 3 45 2 29 9 85 88 98 71 10 85 18 87 90 74 93 81 39 20 78 1 15 13 5 34 31 19 57 94 74 63 82 23 79 90 36 84 69 3 59 100 40 47 67 89 78 54 100 12 92 96 62 86 100 21 1 94 99 49 86 94 84 31 16 35 75 61 25 41 94 11 8 16 80 12 56 98 55 65 54 56 17 68 96 44 3 76 21 98 95 98 95 91 5 76 70 69 100 97 79 94 99 29 87 4 84 13 14 92 98 54 36 90 80 87 88 46 100 77 75 83 35 97 69 59 79 62 54 92 35 80 76 78 50 91 96 87 83 92 47 42 97 79 16 76 62 61 35 77 94 90 69 98 32 89 85 99 89 69 92 90 98 79 89 90 58 76 94 88 96 34 79 40 93 65 63 63 65 8 100 85 90 32 93 76 91 92 83 55 79 69 65 28 37 92 86 72 90 70 85 80 59 88 81 82 75 46 79 96 78 99 78 66 79 67 47 81 86 81 26 91 94 17 67 69 88 45 66 86 61 97 97 99 88 95 92 75 42 61 87 97 97 95 28 79 72 29 89 88 84 95 87 81 82 81 67 61 93 81 94 82 93 99 98 67 86 92 83 96 81 35 58 54 95 61 75 100 55 99 75 100 91 68 95 97 57 96 92 94 99 92 78 85 71 88 89 72 78 100 88 77 65 94 94 98 93 69 58 99 45 97 97 100 96 96 92 88 87 74 95 68 35 51 73 42 66 78 96 77 75 77 58 38 95 97 96 84 91 51 67 96 36 89 80 53 62 88 99 58 63 86 72 100 81 48 98 68 38 98 73 53 100 66 98 90 74 98 88 60 74 91 70 64 91 93 73 91 85 90 43 85 83 95 90 84 75 49 96 70 96 45 67 82 99 77 98 64 92 89 95 84 93 98 71 71 91 92 77 46 77 88 72 66 73 98 84 100 73 75 48 51 86 47 77 88 73 86 77 92 43 88 81 52 52 71 45 66 98 72 97 70 31 74 98 77 97 90 99 79 100 95 96 97 63 92 52 89 89 99 87 95 99 75 64 89 74 77 83 96 88 71 43 94 50 94 64 87 92 73 96 92 47 73 86 48 98 80 93 72 72 68 92 96 98 51 90 73 76 87 92 91 85 88 89 37 95 65 99 97 86 83 84 93 67 90 87 76 75 68 48 61 93 79 38 84 52 95 79 87 90 87 50 77 100 63 71 43 83 94 89 74 92 89 57 93 37 67 50 92 88 99 94 66 76 70 86 85 75 89 49 46 88 87 44 79 96 89 90 81 92 59 60 88 79 99 93 30 73 86 68 90 84 87 41 94 82 69 87 61 56 79 72 50 83 90 87 100 50 66 99 83 100 93 81 76 91 99 86 60 83 89 77 9 87 89 73 93 71 79 12 9 74 69 84 98 94 63 95
1 16
1 45
1 164
1 192
2 81
2 186
3 126
3 219
3 307
3 620
4 399
4 688
5 298
5 344
5 361
6 28
6 70
6 247
6 259
6 317
6 341
7 55
7 332
8 131
8 233
8 254
9 56
9 132
9 311
9 322
9 352
10 115
10 237
10 324
10 693
11 176
11 225
11 384
12 87
12 171
12 375
13 303
13 354
14 79
14 140
14 141
14 182
15 54
15 134
15 214
16 83
16 134
17 57
17 92
17 321
19 52
19 327
19 383
19 385
20 237
21 50
21 119
21 168
21 330
22 323
24 80
24 138
24 259
25 126
25 142
25 196
25 321
25 334
25 575
26 57
26 156
26 215
26 356
26 398
27 123
28 153
28 168
28 308
28 359
29 33
29 103
29 215
29 306
30 78
30 206
30 293
30 305
30 330
31 38
31 159
31 172
31 229
31 291
31 301
32 101
32 190
32 262
33 85
33 107
33 151
33 314
34 106
34 172
34 359
35 138
35 336
35 369
36 687
37 273
37 360
37 669
38 193
38 239
39 165
39 395
39 396
40 67
40 113
40 157
40 223
40 374
41 343
41 384
42 281
43 692
44 174
44 284
45 60
45 197
46 88
46 188
47 533
48 56
48 253
48 357
48 386
49 357
50 142
50 157
50 192
50 274
50 307
51 86
51 376
52 376
53 153
53 227
54 116
54 297
54 316
55 188
55 348
56 118
56 152
56 211
56 317
57 66
57 220
58 612
59 72
59 109
59 157
59 218
59 229
59 259
59 326
59 388
60 205
60 300
61 310
62 272
63 129
63 150
63 221
63 307
63 310
63 357
63 377
64 71
64 89
64 193
64 207
64 240
65 253
65 271
65 352
66 187
67 196
68 81
68 107
68 146
68 157
68 203
68 387
68 400
69 78
69 104
69 223
69 322
69 330
70 384
71 357
72 98
72 181
72 375
73 153
73 190
73 285
73 309
73 347
73 382
74 259
74 340
74 347
75 326
76 278
76 326
76 400
77 130
77 165
77 254
77 395
78 81
78 198
78 330
78 341
79 139
79 382
80 601
81 155
81 165
81 240
81 268
82 206
82 218
82 242
82 272
82 289
82 294
82 314
82 318
83 218
83 319
84 208
84 259
84 370
85 132
86 88
86 122
86 330
88 138
88 195
88 255
88 283
88 305
88 358
89 119
89 217
89 308
89 358
90 300
91 168
91 274
91 321
91 343
92 373
94 229
94 337
94 396
95 120
95 374
96 163
96 277
96 384
97 129
98 191
98 217
98 238
98 320
98 354
98 370
99 210
99 218
99 232
99 323
99 369
100 193
100 239
100 261
100 354
101 102
101 119
101 169
101 298
102 112
102 161
102 163
102 167
102 207
102 316
103 261
104 110
104 238
104 312
105 117
105 632
106 162
106 257
107 152
107 352
107 375
108 690
109 184
109 267
109 323
109 384
110 209
110 364
112 167
112 237
112 250
113 279
113 355
113 398
114 333
115 122
115 235
115 242
116 211
116 349
116 374
117 306
117 312
118 124
118 149
118 290
118 366
119 187
119 311
120 133
120 172
120 188
120 295
120 318
120 322
121 164
121 529
122 314
122 370
123 152
123 191
123 314
123 380
124 178
124 217
124 334
125 679
126 188
126 224
126 277
128 239
129 306
130 178
131 193
131 333
132 186
132 246
132 253
132 314
132 367
132 384
133 146
133 194
133 208
134 392
134 397
135 157
135 204
135 254
135 302
135 369
136 237
136 324
137 219
137 292
138 188
138 196
138 328
138 336
139 267
139 292
140 141
140 142
140 171
140 257
140 303
140 378
141 305
141 322
142 253
143 263
143 299
143 304
143 342
143 354
144 271
144 299
145 170
145 332
146 211
146 224
146 354
147 336
147 700
148 303
148 387
149 236
149 324
150 221
150 330
150 334
150 343
151 157
151 256
151 388
152 185
152 247
152 301
152 321
152 661
153 162
153 211
153 271
153 396
154 211
154 223
154 291
154 296
154 308
154 371
155 196
155 289
155 297
155 313
155 325
155 340
155 343
156 209
156 372
157 193
157 237
157 289
157 290
157 333
158 184
158 363
159 366
160 243
160 316
160 373
160 380
160 386
161 248
161 400
162 191
162 326
162 368
162 394
163 246
163 295
163 343
163 399
165 169
165 235
166 257
166 268
166 303
166 317
167 229
167 297
168 195
168 311
169 230
169 247
169 271
169 328
169 351
169 385
170 188
170 220
170 262
170 293
170 332
171 299
171 330
172 335
173 192
173 207
173 217
173 397
174 213
174 312
175 249
175 260
175 323
176 221
176 292
177 273
177 376
179 183
179 206
179 298
179 342
180 257
180 305
180 320
181 229
181 308
181 330
181 362
182 253
182 287
182 674
183 218
183 263
183 317
183 322
183 325
184 237
184 242
184 275
184 313
184 363
184 389
184 396
185 207
185 217
185 244
185 295
186 276
186 325
186 362
186 396
187 268
187 354
187 371
188 331
188 400
189 214
189 234
189 356
189 360
189 380
190 207
190 258
191 280
191 299
191 349
191 398
192 220
192 294
192 375
192 689
193 201
193 228
193 284
193 295
193 331
193 359
194 214
194 291
194 375
194 399
195 241
195 315
196 225
196 230
196 331
196 688
197 199
198 252
198 284
198 361
199 211
200 232
200 276
200 328
200 331
200 356
202 375
203 213
203 234
203 262
203 350
203 538
204 351
204 387
205 271
205 363
206 228
206 263
206 336
206 356
206 370
207 214
207 331
207 668
208 247
208 313
209 243
209 252
209 322
209 379
210 313
210 653
211 282
212 305
213 272
213 299
213 347
213 380
214 286
214 400
215 232
215 259
215 262
215 304
215 315
215 395
216 356
216 378
216 390
217 250
217 265
217 289
217 368
218 228
218 237
218 296
218 302
218 303
218 361
219 309
219 335
219 385
219 691
220 284
220 347
220 378
221 688
222 626
223 397
224 260
224 272
224 345
225 295
225 697
226 313
227 366
228 307
228 353
229 304
230 531
231 535
232 258
232 313
232 322
232 375
233 368
234 289
234 305
234 350
235 288
235 311
235 326
235 341
235 360
236 256
236 313
236 352
236 394
237 301
238 243
238 302
238 340
238 393
239 284
239 367
240 252
240 276
240 312
240 334
241 247
241 267
241 321
241 512
242 268
242 275
242 370
242 393
242 678
243 244
243 342
243 348
243 349
243 357
243 395
244 295
244 306
244 360
244 700
245 258
245 303
245 378
246 254
246 264
246 369
246 372
246 397
248 326
248 356
249 262
249 366
249 386
250 291
250 319
250 369
250 371
251 271
251 330
251 356
251 370
252 278
252 324
252 390
253 298
253 315
253 322
253 332
253 341
253 347
253 377
253 385
254 296
254 595
255 305
255 312
255 372
255 386
256 323
256 391
257 330
257 368
258 262
258 272
258 366
259 349
259 368
259 392
260 298
260 315
260 347
260 383
261 300
261 391
261 394
262 329
262 356
263 375
264 325
264 340
264 354
264 359
264 361
265 322
265 342
265 347
265 364
265 375
266 357
267 292
267 332
267 345
267 378
268 324
268 337
269 546
270 667
271 306
271 327
271 355
272 293
272 330
272 373
272 380
272 395
272 399
273 298
273 307
273 312
274 286
274 304
274 364
274 374
274 379
274 381
275 341
275 392
276 286
276 299
276 319
276 330
276 371
276 394
277 297
277 318
278 329
278 360
278 379
279 312
279 318
279 382
279 400
280 296
280 359
280 391
281 319
281 352
281 378
282 343
282 347
282 381
283 379
283 690
284 317
284 347
285 321
285 358
285 362
285 370
285 397
286 292
286 341
286 363
286 397
286 398
287 310
287 320
287 334
287 383
288 299
288 333
288 361
288 375
288 379
289 290
289 295
289 310
289 344
290 296
290 342
290 387
291 368
291 373
291 393
292 308
292 319
292 326
292 334
292 393
292 398
293 317
293 379
294 298
294 351
295 300
295 384
296 305
296 316
296 370
296 381
298 300
298 315
298 334
298 371
298 379
298 399
299 308
299 334
299 389
299 399
300 301
300 323
300 354
300 360
300 374
301 386
302 326
302 345
302 372
303 339
303 350
303 373
304 314
304 350
304 365
304 380
304 387
305 322
306 316
307 354
307 364
307 372
307 373
307 380
308 339
308 348
308 379
309 314
309 324
309 368
310 345
310 381
310 398
311 700
312 318
312 345
313 330
313 331
313 358
313 388
313 511
314 320
314 325
314 354
314 377
315 358
315 394
315 396
316 366
316 394
317 343
318 335
318 532
319 320
319 343
319 354
319 398
320 347
322 356
322 371
323 342
323 389
324 330
324 351
324 366
324 371
324 380
325 371
326 329
326 340
326 348
327 342
327 392
328 368
330 345
330 346
330 351
330 361
330 379
330 384
330 391
331 337
331 347
331 359
331 369
332 340
332 351
332 359
332 385
332 400
332 512
333 379
333 381
333 389
334 355
334 369
335 387
336 372
337 365
338 501
339 367
339 394
340 347
340 381
341 366
341 379
341 399
342 373
342 389
343 349
343 376
344 373
344 393
345 372
345 384
345 400
347 361
347 375
347 380
347 391
347 392
347 396
347 400
348 353
348 357
348 379
349 360
349 365
349 372
349 381
349 397
350 361
350 380
350 384
350 387
351 355
351 363
351 370
351 372
351 383
351 400
352 373
352 388
353 355
353 367
353 385
355 362
355 366
355 368
355 376
355 384
355 388
355 393
355 399
356 357
356 370
356 375
356 376
356 378
356 394
356 400
357 368
357 369
357 382
357 385
357 389
357 395
358 387
359 361
359 372
359 387
359 394
359 398
360 363
360 379
360 390
360 393
361 374
361 381
361 382
361 385
361 391
361 397
362 396
363 366
363 379
363 389
363 393
363 397
364 378
364 381
364 383
364 385
364 386
364 388
365 380
366 374
366 383
367 379
367 381
367 385
367 386
367 392
367 394
368 383
368 387
368 391
369 394
369 397
370 382
370 383
370 385
370 388
371 372
371 391
372 379
372 383
373 391
374 375
374 380
374 390
375 387
376 379
376 384
376 386
377 378
377 386
377 395
377 397
378 383
378 388
378 389
378 393
378 395
379 380
379 387
379 391
379 398
380 383
380 398
381 382
381 390
382 383
382 387
382 397
383 384
383 386
383 391
383 392
383 400
384 386
384 388
384 393
384 399
385 391
385 397
386 390
386 395
386 398
387 394
387 399
388 390
388 392
388 398
389 394
390 398
391 393
391 395
392 393
392 396
393 395
394 395
394 396
394 397
394 399
395 396
395 400
396 398
396 399
396 400
397 399
397 400
398 399
398 400
399 400
401 19
401 145
401 154
401 272
402 11
402 84
402 99
403 11
403 51
403 304
404 21
404 22
404 121
404 352
405 4
405 381
406 2
406 10
406 168
406 245
407 44
407 233
407 242
408 18
408 49
408 144
408 153
409 7
409 11
409 20
409 83
409 136
409 266
410 46
410 68
410 216
411 148
411 379
412 34
412 251
412 383
413 34
413 82
413 127
413 189
414 4
414 7
414 33
414 121
414 382
415 11
415 96
416 63
416 114
416 237
416 682
417 18
417 76
417 87
417 143
417 219
418 3
418 21
418 59
418 147
418 189
418 223
418 230
418 336
419 45
419 189
419 230
419 687
420 8
420 17
420 75
421 20
421 41
421 226
422 136
422 216
422 249
422 311
422 344
422 381
423 91
423 95
423 219
424 39
425 36
425 97
425 111
425 143
425 219
425 380
426 6
426 91
426 148
427 74
427 117
427 195
427 388
427 687
428 69
428 75
428 119
428 257
428 688
429 23
429 30
429 63
429 76
429 93
429 251
429 396
430 11
430 12
430 21
430 144
430 179
431 245
431 307
431 399
431 684
432 33
432 212
433 103
433 105
433 251
434 96
434 368
435 20
435 40
436 25
436 29
436 34
436 69
436 77
436 111
436 157
436 199
437 1
437 61
437 127
437 335
438 2
438 48
438 84
439 9
439 12
439 23
439 145
440 4
440 46
440 97
440 143
441 59
441 687
442 21
442 23
442 39
442 94
442 154
442 325
442 339
442 375
442 524
443 11
443 30
443 32
443 158
443 230
443 272
444 111
444 175
444 309
445 19
445 346
445 693
446 25
446 43
446 124
446 354
447 31
447 42
447 46
447 49
447 55
447 94
448 53
448 140
448 200
449 2
449 32
449 46
449 66
449 226
449 228
449 307
450 11
450 144
450 202
450 317
451 91
451 316
452 22
452 59
452 88
452 175
453 154
453 305
453 685
454 23
454 96
454 128
454 160
454 310
455 256
455 694
456 22
456 63
456 257
457 9
457 13
457 73
457 136
457 175
458 9
458 26
458 151
458 189
458 360
459 20
459 137
459 156
459 191
459 202
459 256
460 18
460 46
460 69
460 608
461 31
461 46
461 135
461 343
461 687
462 21
462 49
462 93
463 64
464 12
464 36
464 177
464 235
465 12
465 30
465 63
465 87
465 135
465 228
466 22
466 26
466 63
466 91
466 331
467 43
467 68
467 262
468 9
468 11
468 29
469 19
469 121
469 354
470 22
470 82
470 101
471 23
471 43
471 90
471 135
471 144
472 10
472 93
472 105
472 185
472 348
472 361
473 9
473 156
474 27
474 38
474 76
474 108
474 202
474 326
475 10
475 35
475 178
475 245
476 114
476 158
476 175
477 24
477 34
477 128
478 12
478 99
478 123
478 154
478 183
479 13
479 22
479 52
479 53
479 91
479 177
480 23
480 136
480 183
480 189
480 207
480 388
481 45
481 143
481 160
481 248
482 68
482 75
483 26
483 128
483 189
484 37
484 69
484 145
484 154
484 190
484 687
485 13
485 400
486 14
486 76
486 160
487 40
487 68
487 146
488 2
488 51
488 147
488 173
488 200
489 1
489 34
489 226
489 291
490 7
490 147
491 84
491 99
491 116
492 15
492 17
493 23
493 60
493 143
493 183
494 8
494 15
494 112
494 121
494 216
495 6
495 7
495 8
495 13
495 75
495 91
495 166
495 212
496 35
496 90
496 145
496 249
497 128
498 26
498 40
498 243
499 5
499 6
499 82
499 245
499 341
499 381
500 35
500 46
500 266
501 502
502 503
503 504
504 352
504 505
505 506
506 507
507 508
508 509
509 510
510 511
511 512
512 513
513 514
514 515
515 516
516 517
517 518
518 519
519 520
520 521
521 522
522 363
522 523
523 524
524 525
525 526
526 527
527 528
528 529
529 530
530 531
531 532
532 338
533 534
534 47
535 536
536 537
537 538
538 539
539 398
539 540
540 541
541 399
541 542
542 243
542 543
543 544
544 545
545 231
545 320
546 547
547 548
548 549
549 282
549 550
550 551
551 552
552 553
553 554
554 555
555 556
556 557
557 558
558 305
558 559
559 298
559 560
560 561
561 562
562 563
563 564
564 565
565 566
566 567
567 372
567 568
568 569
569 570
570 571
571 572
572 573
573 574
574 575
575 576
576 577
577 578
578 579
579 580
580 581
581 582
582 583
583 287
583 584
584 585
585 586
586 587
587 588
588 589
589 590
590 591
591 592
592 593
593 594
594 317
594 595
595 596
596 597
597 598
598 599
599 600
600 269
601 602
602 603
603 142
603 604
604 605
605 606
606 607
607 608
608 609
609 610
610 611
611 80
612 613
613 614
614 173
614 615
615 616
616 617
617 618
618 619
619 620
620 621
621 622
622 623
623 207
623 624
624 625
625 58
625 79
626 256
626 627
627 628
628 629
629 630
630 631
631 632
632 633
633 361
633 634
634 635
635 636
636 637
637 638
638 639
639 640
640 641
641 642
642 643
643 644
644 645
645 646
646 647
647 648
648 649
649 650
650 331
650 651
651 652
652 653
653 654
654 655
655 314
655 656
656 657
657 658
658 659
659 660
660 661
661 662
662 663
663 664
664 286
664 665
665 666
666 222
667 668
668 669
669 670
670 363
670 671
671 672
672 673
673 674
674 675
675 676
676 677
677 678
678 270
679 680
680 681
681 324
681 397
681 682
682 683
683 684
684 685
685 686
686 125
687 36
687 47
687 62
688 395
688 689
689 221
689 292
690 347
690 691
691 283
691 301
691 306
692 43
692 400
693 10
694 695
695 107
695 696
696 8
696 160
696 175
696 455
697 698
698 234
698 699
699 225
699 271
700 311
700 357
