700 2010
1 1 1 1 51 1 1 1 1 1 1 1 1 184 1 1 1 223 1 1 1 75 1 102 44 1 1 1 1 117 1 1 1 1 1 1 1 1 1 1 1 1 1 52 1 1 165 1 1 84 1 1 248 1 1 1 1 1 24 1 1 1 1 1 1 1 55 1 40 184 1 1 9 341 267 1 1 1 338 1 1 1 104 1 1 1 70 151 168 136 287 1 1 1 1 1 368 68 111 198 320 45 1 318 133 300 1 248 1 1 3 1 407 1 1 118 1 211 146 283 8 231 1 160 1 176 32 80 1 1 9 1 95 172 259 69 1 314 8 139 133 21 1 61 224 92 141 363 139 2 1 69 77 135 52 43 309 1 33 198 132 469 204 118 70 543 275 83 276 39 228 1 10 108 82 1 1 19 62 2 372 1 270 451 41 152 25 128 105 260 132 1 94 365 111 48 1 338 1 214 1 16 100 5 62 113 129 38 1 107 594 95 262 298 110 18 154 262 44 304 109 1 6 175 113 197 140 15 200 128 20 1 105 209 497 184 13 144 227 220 202 94 1 219 220 357 109 48 38 57 195 1 12 36 171 132 44 88 239 268 12 287 164 1 202 56 121 225 182 1 90 1 96 31 42 91 60 102 432 49 56 302 151 80 364 149 69 330 353 111 47 517 16 245 186 106 127 550 190 31 107 43 119 137 70 115 52 317 69 96 353 122 1 41 89 66 11 175 269 118 130 109 19 83 242 274 38 113 158 154 46 157 115 312 229 78 43 142 124 4 131 17 80 117 94 229 161 8 149 77 179 71 57 317 212 9 195 39 113 130 21 242 46 76 58 275 127 72 52 83 130 192 184 206 18 71 154 142 73 251 5 183 34 25 184 103 151 507 40 211 78 266 84 61 166 79 20 138 160 13 281 290 437 133 305 354 230 242 186 25 148 88 76 3 26 20 46 286 110 272 430 71 50 33 21 25 110 198 186 501 162 115 89 160 153 87 14 210 61 236 106 116 528 221 91 115 166 272 49 131 62 127 21 3 324 297 134 18 119 413 127 31 74 105 162 21 19 46 111 102 295 85 222 47 174 3 76 16 229 174 73 118 27 152 31 59 77 201 168 200 67 90 259 363 185 23 249 221 37 61 204 118 130 96 23 391 49 196 183 179 67 60 208 8 372 89 256 206 376 109 252 55 406 19 101 50 32 220 254 159 139 33 241 3 4 71 80 236 151 402 158 172 163 246 32 221 19 17 121 449 30 298 234 217 207 21 49 61 112 21 97 164 43 172 217 171 363 47 14 494 257 249 69 143 74 180 231 119 44 108 424 35 44 176 101 231 102 66 160 78 201 315 117 54 281 36 58 341 124 30 1 2 320 147 3 333 25 184 287 68 472 8 380 18 50 39 28 289 303 223 100 132 112 91 101 35 298 251 327 20 17 293 151 58 279 516 308 153 90 197 62 194 4 452 313 85 422 108 279 43 33 101 392 21 1 32 74 179 32 75 321 181 204 153 323 13 261 8 337 42 263 46 225 146 235 260 81 59 58 55 8 371 75 48 17 90 58 52 363 347 20 382 13 121 1 4 65 1 34 46
11 37 10 4 91 4 8 8 18 1 4 3 11 88 35 7 6 72 15 43 15 44 8 85 81 31 19 16 32 61 8 29 20 10 27 8 4 12 31 4 14 6 35 71 13 7 77 23 14 96 30 25 70 6 6 6 5 6 76 16 38 28 2 8 20 3 89 1 70 74 20 14 57 86 89 4 6 9 81 13 6 3 97 3 16 8 85 69 88 77 98 13 8 4 28 8 68 47 94 53 87 91 6 92 88 88 7 35 8 19 88 4 88 5 3 66 7 58 64 93 91 27 28 81 12 11 91 86 11 19 99 2 92 72 77 99 14 90 68 79 92 89 14 75 87 99 95 98 86 75 23 90 49 71 73 67 99 1 86 99 61 58 62 83 50 95 75 77 85 75 95 32 94 99 64 14 47 100 62 76 80 3 99 96 94 97 80 97 76 63 65 8 87 66 85 81 35 64 4 99 36 84 29 100 75 98 100 76 24 82 93 72 67 75 80 60 55 98 80 86 43 10 81 84 94 98 54 97 30 68 82 6 98 95 88 98 75 38 93 97 55 47 57 65 82 80 19 75 92 54 100 7 67 86 50 69 95 89 87 89 95 95 96 32 71 88 66 98 93 11 99 6 89 75 83 98 80 100 96 87 82 90 76 86 74 100 94 79 94 91 74 70 74 99 89 89 30 88 99 93 79 98 76 96 86 80 91 88 62 99 59 93 29 63 89 56 83 86 84 79 89 84 100 82 99 66 100 97 94 64 79 82 70 94 62 90 90 92 89 99 95 82 54 97 94 98 82 97 83 98 57 40 49 65 61 53 73 66 45 91 57 66 92 96 75 54 60 66 91 37 60 79 84 84 69 69 96 93 98 51 97 91 75 81 92 94 81 95 100 87 96 36 98 99 50 88 60 85 95 91 97 69 99 76 86 70 90 66 53 80 61 83 93 77 80 75 99 64 50 65 97 94 96 92 82 97 97 54 91 89 72 97 97 86 59 71 84 49 37 23 88 98 69 100 89 65 100 75 93 82 84 80 43 96 78 99 85 56 94 30 97 70 47 42 100 73 83 87 92 92 59 78 83 96 89 99 93 92 70 57 88 91 68 96 98 89 82 44 90 93 79 83 79 88 99 46 94 73 98 68 71 55 56 49 51 96 100 80 79 74 74 12 100 89 97 57 96 95 97 64 93 69 80 87 79 92 87 72 55 55 83 86 68 61 100 55 80 96 88 91 89 67 79 100 91 36 100 99 95 85 68 74 99 80 91 89 75 97 52 67 87 90 49 91 72 93 92 75 94 86 69 73 76 86 90 90 69 95 93 91 88 94 82 62 82 91 95 72 91 89 87 79 65 69 96 62 58 63 85 95 14 38 94 92 95 82 85 84 89 64 72 95 99 92 83 97 40 83 84 94 85 69 100 100 99 81 74 88 69 85 99 94 67 82 65 93 48 72 81 97 85 98 77 80 69 94 34 71 80 67 80 97 58 91 33 79 96 86 89 73 68 52 99 87 87 60 69 97 78 96 70 82 42 80 55 100 99 64 92 92 98 82 65 100 81 67 64 75 95 99 78 63 62 72 19 75 74 17 76 96
1 18
1 44
1 102
2 368
2 411
3 195
3 386
4 25
4 241
4 333
5 287
5 369
5 695
7 262
8 24
8 75
8 245
9 140
10 175
11 14
11 145
11 226
12 22
12 88
12 124
12 131
12 226
12 263
12 274
12 329
12 373
12 395
13 257
13 291
13 297
14 50
14 349
14 428
15 286
16 74
16 90
16 441
17 111
17 120
17 173
17 226
17 440
18 30
18 287
18 324
18 431
19 157
19 211
19 400
19 433
19 439
20 386
21 67
21 438
22 304
22 371
23 254
24 216
24 280
24 366
24 382
24 448
25 139
25 155
25 281
26 118
26 202
26 207
26 296
26 367
26 383
27 179
27 401
28 265
28 268
29 124
29 258
30 204
30 377
31 70
31 118
31 228
31 357
31 410
32 59
32 169
32 309
32 392
33 47
33 373
34 385
34 418
35 116
35 167
35 361
36 173
36 223
36 321
36 322
36 438
37 416
38 150
38 241
38 289
38 351
38 373
40 119
40 170
40 188
40 233
40 323
41 274
41 281
42 106
42 139
42 164
42 434
43 53
43 155
43 184
43 279
43 402
43 442
44 233
45 98
45 316
45 420
46 79
46 99
46 104
46 164
46 236
46 362
46 364
47 83
47 312
47 391
47 412
48 91
48 152
48 181
48 214
48 224
48 281
48 371
49 233
49 357
49 700
50 263
50 285
50 308
51 152
51 260
51 290
52 105
52 145
52 332
53 124
53 289
53 425
54 154
54 271
54 311
54 374
55 70
55 149
55 163
56 219
56 235
56 438
57 138
57 311
58 379
59 161
59 180
60 89
60 153
60 180
60 194
60 237
60 426
61 384
61 699
62 128
62 256
62 405
63 360
64 146
64 153
64 185
65 302
65 352
65 378
66 74
66 318
66 371
66 372
68 69
68 133
68 298
68 347
68 380
69 88
69 379
70 122
70 189
70 280
71 246
71 367
72 73
72 202
72 449
73 97
73 148
74 122
74 138
74 173
75 121
75 331
75 357
76 157
76 212
77 79
77 408
79 179
79 190
79 244
79 350
79 377
80 251
80 367
80 430
81 135
81 318
81 385
82 218
82 348
82 394
82 423
82 694
83 101
83 126
83 174
83 180
83 249
83 339
83 398
84 333
84 337
84 358
84 373
85 275
85 437
86 260
86 326
87 696
88 244
89 186
90 113
90 165
90 179
90 189
90 278
90 328
91 108
91 254
91 268
92 147
92 281
93 100
93 159
93 206
93 357
94 186
94 228
94 428
96 213
96 240
96 388
97 212
98 202
98 694
99 366
100 206
100 250
100 261
101 111
101 273
102 271
102 339
103 113
103 170
103 226
103 273
103 425
104 246
105 156
105 191
105 331
105 448
105 609
106 108
106 213
106 235
106 241
107 203
107 282
108 141
108 220
109 304
109 435
110 118
110 134
110 361
110 418
111 255
111 276
111 366
111 449
112 241
112 386
113 188
113 200
113 217
113 301
113 368
114 116
114 126
114 206
114 227
114 234
114 376
115 221
115 230
115 271
115 300
115 310
115 406
116 127
116 284
116 288
116 438
118 274
118 300
119 325
119 327
119 362
119 376
119 415
120 159
120 335
120 336
121 144
121 168
121 274
122 223
122 338
122 435
123 351
124 127
124 248
124 287
124 402
125 148
125 268
125 368
126 162
126 292
126 301
127 320
127 388
127 418
129 304
129 324
129 413
130 285
130 298
130 336
130 404
130 438
131 136
131 268
131 348
131 418
132 281
133 149
133 159
133 183
133 221
133 246
133 286
133 407
134 175
134 216
134 304
134 330
134 370
134 387
135 166
135 398
135 403
136 250
137 214
137 239
137 256
137 382
138 147
138 389
138 444
139 207
139 408
139 430
140 148
140 354
141 142
141 236
141 308
141 318
141 417
141 445
142 168
142 188
142 217
142 269
142 316
142 338
142 383
142 396
142 397
143 145
143 315
144 161
144 289
145 178
145 299
145 326
145 418
146 271
146 349
146 401
147 325
147 393
147 433
148 245
148 251
148 438
149 187
149 277
149 366
149 426
149 442
150 218
150 335
150 361
150 429
151 318
151 323
152 153
152 210
152 279
152 292
152 324
152 370
152 382
152 444
153 255
153 289
153 296
153 348
153 425
154 163
154 395
154 421
154 431
155 276
155 293
155 423
156 293
156 361
156 377
156 379
157 298
157 436
159 225
159 247
159 425
159 426
160 623
162 175
163 692
164 171
164 261
165 372
165 420
165 422
165 428
166 190
166 211
166 319
166 431
167 198
167 301
167 339
167 349
168 191
168 300
169 324
171 219
171 295
172 181
172 212
172 239
172 335
172 343
172 387
172 429
173 186
173 212
173 293
173 303
173 330
174 382
174 423
175 231
175 296
175 406
176 179
176 261
176 298
176 320
176 399
177 406
178 200
178 246
178 320
178 446
179 280
179 420
180 196
180 234
180 299
180 306
180 359
180 366
180 438
181 440
182 311
182 383
183 285
183 321
184 229
184 258
184 394
184 401
184 436
185 240
185 297
186 229
186 301
186 333
186 351
186 425
187 348
187 372
188 196
188 412
190 258
190 378
191 239
191 302
191 413
191 420
191 438
192 205
192 249
192 266
192 394
192 621
193 551
194 261
194 384
194 412
195 388
195 416
196 213
196 276
196 376
196 383
196 439
197 215
197 228
197 426
198 398
199 230
199 317
201 208
201 414
201 436
202 206
202 353
202 422
203 218
203 256
203 275
203 308
203 340
203 380
204 240
204 365
204 369
204 669
205 300
205 343
206 271
206 284
206 363
206 400
207 291
207 411
208 310
208 361
208 373
209 266
209 332
209 383
209 447
210 227
210 267
210 310
210 340
210 347
210 385
210 386
210 406
211 228
211 229
211 242
212 398
213 294
213 331
213 377
214 288
214 305
214 320
214 344
215 308
215 364
215 450
216 318
216 337
216 368
219 327
219 364
219 418
220 237
220 283
220 404
221 337
221 386
221 423
221 427
221 430
222 224
222 367
223 250
223 281
223 292
223 427
224 237
224 347
224 378
224 398
225 250
225 299
226 240
226 314
226 449
227 289
228 334
228 443
229 246
230 311
230 340
231 275
231 305
231 359
231 372
231 390
232 285
232 341
232 381
232 408
233 278
233 281
233 339
233 368
233 449
234 274
234 285
234 392
235 282
235 366
235 424
235 613
237 300
237 425
238 659
239 269
239 405
239 407
241 271
241 344
241 352
242 257
242 262
242 289
242 389
242 401
242 415
243 256
243 320
243 360
243 383
244 276
244 300
244 317
244 376
244 448
245 290
245 300
245 337
245 347
245 372
245 384
246 292
246 353
246 428
247 259
248 334
248 358
249 308
249 344
249 430
249 438
250 283
250 286
250 338
250 365
250 371
251 416
252 284
252 298
252 425
253 604
254 323
254 424
254 444
255 288
255 385
255 436
256 286
256 324
256 367
259 296
259 332
260 279
260 295
260 363
260 383
260 414
260 416
260 421
261 317
261 319
261 409
262 291
262 361
262 422
263 309
263 323
263 435
264 292
264 380
264 385
264 406
264 434
265 266
265 296
265 310
265 387
265 398
265 448
266 318
267 278
267 359
267 420
268 331
268 346
268 370
270 314
270 356
270 364
270 392
270 411
270 431
270 443
271 277
271 297
271 323
271 348
271 382
271 396
271 404
271 423
272 402
273 333
273 342
273 351
274 302
274 358
274 403
275 390
275 419
275 428
276 407
278 317
278 450
279 292
279 299
279 373
279 386
279 392
279 404
279 415
280 337
281 315
281 369
281 411
282 376
282 445
283 300
283 329
283 407
283 700
284 447
285 297
286 334
286 374
286 398
286 438
287 337
287 342
287 369
287 449
289 292
289 307
289 388
289 418
289 441
290 327
290 330
291 305
291 390
291 416
291 420
291 423
291 436
292 320
292 345
292 351
294 324
294 423
295 321
295 400
295 414
295 421
296 355
296 447
297 317
297 384
297 421
297 436
298 370
298 427
298 438
298 446
299 351
299 418
300 303
300 312
300 430
300 439
301 324
301 344
301 364
301 381
301 408
302 332
302 422
303 332
303 340
304 331
304 362
304 370
304 442
305 329
305 343
305 365
305 440
306 372
306 380
306 445
306 448
307 319
307 388
307 393
308 322
308 383
308 440
308 442
309 320
309 395
309 408
309 432
310 312
310 366
310 369
310 401
310 414
310 450
311 312
311 325
311 415
311 423
311 443
312 324
312 328
312 359
312 420
312 439
314 343
314 420
314 441
314 444
315 348
315 363
315 364
315 436
317 344
317 444
318 323
318 367
318 413
319 359
320 333
320 338
320 391
321 352
322 341
322 386
323 355
323 416
323 447
324 377
324 405
324 411
326 330
326 341
326 366
326 375
326 380
327 377
327 401
327 410
328 332
328 424
329 341
329 360
329 372
330 383
330 404
330 425
330 426
331 335
331 340
331 370
331 432
331 446
332 343
332 363
332 429
333 374
333 385
333 434
334 391
335 387
335 442
335 446
336 359
336 415
336 429
336 432
337 343
337 368
337 374
337 379
338 346
338 421
339 367
340 386
341 446
342 347
343 382
343 425
343 432
343 435
343 449
344 384
344 417
345 381
345 390
345 405
346 397
347 372
347 422
348 365
348 399
348 418
348 426
348 436
349 373
349 430
350 362
350 367
351 394
351 441
352 377
352 378
352 411
352 443
353 373
353 389
353 402
354 374
354 377
354 407
356 361
356 368
356 406
356 433
357 424
358 400
359 398
359 439
360 365
360 380
360 397
360 407
360 417
360 437
360 445
360 448
361 376
361 387
361 388
361 409
362 364
362 369
362 371
362 409
363 367
363 398
363 416
363 423
363 428
364 376
364 379
364 443
365 381
365 389
365 404
365 406
365 417
365 425
366 367
366 381
366 383
366 397
366 409
367 372
367 380
367 423
368 386
368 413
368 424
369 383
369 434
370 408
371 392
371 408
371 415
372 377
372 383
373 378
373 387
373 416
374 401
374 413
374 414
374 429
375 377
375 379
375 386
375 416
375 436
375 443
375 447
376 380
377 396
377 401
378 383
378 445
379 383
379 392
379 411
379 425
379 427
379 430
379 444
379 448
380 402
380 422
381 405
381 412
382 387
382 398
382 405
382 442
383 390
383 446
383 447
384 423
384 433
384 446
385 407
385 409
385 437
385 440
385 443
385 449
386 393
387 416
387 433
387 449
388 405
388 430
388 438
389 400
389 433
390 392
390 403
393 409
393 421
393 443
393 446
393 450
394 406
394 422
394 429
394 438
394 443
395 396
395 397
395 415
395 440
395 447
396 419
396 425
396 444
397 404
397 416
397 421
397 432
397 437
397 448
397 450
398 402
398 410
398 424
399 423
399 424
399 429
399 449
399 450
400 405
400 418
400 426
400 428
401 403
401 436
401 437
402 416
403 410
403 440
404 407
404 424
404 433
404 442
404 450
405 440
406 420
407 415
408 409
408 424
408 431
408 440
409 424
409 426
409 433
409 447
410 420
410 443
410 447
411 412
411 420
412 416
412 420
412 430
412 432
412 443
413 417
413 446
414 434
414 443
415 422
415 424
415 429
415 432
415 437
415 449
416 426
416 433
416 446
416 447
417 427
417 428
417 431
417 445
418 422
418 443
419 435
419 442
419 446
420 425
420 430
420 435
420 441
420 442
421 432
421 447
422 426
422 433
422 437
423 432
423 443
424 429
424 431
424 437
424 440
425 445
426 428
426 436
426 437
427 441
427 444
427 446
427 449
428 437
428 442
430 438
431 432
431 435
431 436
431 438
431 450
432 435
432 440
433 445
434 694
435 443
436 437
436 444
437 438
437 442
437 443
437 444
437 446
437 448
438 442
438 443
438 449
439 442
439 443
440 445
440 447
441 444
441 445
441 447
441 448
441 449
442 444
442 447
443 444
443 446
443 448
443 449
443 450
444 446
444 447
444 448
444 450
445 447
445 450
446 447
446 449
447 448
447 449
447 450
448 449
449 450
451 9
451 12
451 125
451 158
451 272
451 371
452 15
452 23
452 39
452 49
452 72
452 202
452 443
453 2
453 10
453 32
453 39
453 46
453 63
453 65
453 560
454 82
454 110
454 132
454 166
455 16
455 23
455 164
455 211
455 270
455 281
455 317
455 624
456 33
456 39
456 84
456 101
456 227
457 8
457 35
457 49
457 176
457 220
457 272
457 437
458 29
458 33
458 46
459 45
459 65
459 68
459 95
459 103
459 323
460 21
460 29
460 60
461 33
461 71
461 197
461 272
461 313
461 398
462 20
462 29
462 34
462 46
462 52
462 81
462 85
462 172
462 201
462 277
463 19
463 36
463 270
463 330
464 13
464 35
464 39
464 235
464 336
464 389
465 11
465 19
465 135
465 145
466 56
466 69
466 85
466 94
466 197
466 209
467 36
467 55
467 81
467 276
468 81
468 107
468 114
468 146
468 338
468 375
469 27
470 52
470 63
470 182
471 15
471 31
471 58
471 110
471 338
471 410
472 87
472 182
473 58
473 60
473 62
473 410
473 422
473 433
473 442
474 7
474 68
474 77
474 92
474 233
474 274
475 2
475 48
475 56
475 71
475 207
475 230
475 270
475 272
476 21
476 34
476 40
476 88
476 243
476 413
477 11
477 28
477 119
477 208
477 222
478 152
478 176
478 385
478 419
478 598
479 7
479 13
479 82
479 181
479 201
480 37
480 54
480 124
480 201
480 258
481 58
481 140
481 323
482 219
482 696
483 8
483 19
483 176
484 41
484 62
484 76
484 182
484 245
484 249
484 320
485 45
485 60
485 131
485 397
485 699
486 17
486 79
486 92
486 257
487 68
487 82
487 106
487 137
487 429
488 9
488 45
488 165
488 336
489 7
489 82
489 107
489 137
489 274
490 36
490 134
490 177
490 218
490 696
491 34
491 56
491 72
491 123
491 693
492 9
492 72
492 107
492 222
492 440
493 1
493 16
493 17
493 60
493 72
493 151
494 8
494 89
494 176
494 219
494 222
494 292
494 378
495 31
495 259
496 7
496 46
496 56
496 71
496 121
496 313
497 17
497 58
497 63
497 308
497 379
498 16
498 29
498 32
498 78
498 91
498 332
498 348
499 2
499 6
499 60
499 113
499 119
500 61
500 64
500 158
500 264
500 272
501 57
501 112
501 176
501 269
502 65
502 66
503 1
503 27
503 62
503 222
503 264
504 26
504 48
504 132
505 4
505 12
505 14
505 65
505 132
505 176
505 204
505 433
506 6
506 71
506 197
507 29
507 37
507 47
507 83
507 87
507 133
507 152
507 215
507 257
507 411
507 656
508 21
508 49
508 85
508 247
508 645
509 51
509 176
509 188
509 270
509 392
510 77
510 80
510 243
510 285
511 52
511 66
511 264
511 347
512 26
512 54
512 270
512 330
513 84
513 93
513 95
513 132
514 7
514 34
514 65
514 164
514 264
515 16
515 20
515 199
516 82
516 117
516 143
516 228
516 366
517 129
517 148
517 600
518 15
518 40
518 53
518 129
518 191
518 299
519 5
519 7
519 65
519 243
520 2
520 16
520 49
520 130
521 12
521 34
521 151
521 293
522 12
522 34
522 64
522 93
522 192
522 201
522 274
523 66
523 68
523 343
523 346
523 391
524 192
524 196
524 208
525 10
525 150
525 256
526 13
526 41
526 43
526 76
527 19
527 197
527 699
528 28
528 36
528 58
528 64
528 273
528 337
528 405
529 6
529 34
529 52
529 172
529 223
529 440
530 2
530 11
530 32
530 85
531 4
531 7
531 9
531 32
531 37
531 201
532 5
532 158
532 199
532 358
533 34
533 60
533 177
533 192
534 20
534 33
534 137
534 355
534 360
534 404
534 426
535 36
535 57
535 95
535 176
536 23
536 60
536 86
536 158
536 375
537 45
537 55
537 96
538 65
538 71
538 172
538 409
538 416
539 78
539 378
539 436
540 5
540 132
540 336
540 350
540 388
541 5
541 15
541 19
541 37
541 76
541 123
541 199
541 225
541 248
541 300
541 361
541 391
542 34
542 38
542 59
542 116
542 132
542 145
543 23
543 103
544 13
544 35
544 80
544 151
544 170
544 218
544 270
545 3
545 27
545 45
545 143
545 198
545 223
545 243
546 222
547 28
547 40
547 55
547 62
547 159
547 270
548 11
548 109
548 195
548 317
548 353
548 447
549 17
549 27
549 49
549 54
549 252
549 404
550 125
550 243
550 313
550 338
550 393
551 552
552 553
553 554
554 331
554 555
555 556
556 557
557 558
558 559
559 560
560 561
561 562
562 563
563 564
564 311
564 565
565 566
566 567
567 568
568 569
569 570
570 571
571 572
572 573
573 574
574 575
575 576
576 577
577 578
578 579
579 580
580 581
581 582
582 583
583 584
584 585
585 586
586 587
587 588
588 589
589 590
590 591
591 592
592 593
593 594
594 595
595 596
596 597
597 598
598 599
599 600
600 601
601 602
602 603
603 193
604 605
605 606
606 607
607 608
608 395
608 609
609 422
609 610
610 611
611 612
612 369
612 613
613 614
614 615
615 616
616 324
616 617
617 618
618 619
619 620
620 621
621 287
621 622
622 253
623 624
624 418
624 625
625 626
626 627
627 628
628 629
629 630
630 631
631 632
632 633
633 634
634 635
635 636
636 637
637 638
638 639
639 640
640 641
641 642
642 643
643 644
644 645
645 646
646 647
647 648
648 649
649 240
649 650
650 651
651 652
652 183
652 653
653 654
654 655
655 656
656 328
656 657
657 658
658 160
659 660
660 661
661 662
662 663
663 664
664 665
665 666
666 667
667 668
668 669
669 426
669 670
670 671
671 672
672 673
673 674
674 675
675 676
676 394
676 677
677 678
678 679
679 680
680 681
681 682
682 683
683 684
684 685
685 686
686 386
686 687
687 688
688 689
689 690
690 691
691 238
692 346
692 693
693 163
693 422
694 434
694 445
694 450
695 5
695 407
696 697
697 311
697 698
698 87
698 242
698 266
699 61
699 233
699 353
700 283
700 348
