700 2912
1 1 1 1 1 175 25 1 1 1 1 1 1 1 1 321 1 1 1 30 1 1 1 215 1 1 1 29 1 274 1 32 1 130 1 371 1 1 1 1 1 91 260 1 1 138 28 1 1 215 1 289 1 99 208 135 46 1 1 144 1 78 1 1 1 1 95 120 361 35 417 141 94 59 1 24 98 1 447 290 1 247 148 1 1 1 61 143 263 33 39 30 1 1 8 1 140 1 99 38 267 113 174 408 77 87 4 1 41 65 1 22 178 114 124 133 91 133 258 61 40 101 17 38 109 1 91 1 427 42 333 7 28 183 1 85 1 304 358 178 1 151 2 139 1 53 367 48 68 181 179 32 1 240 150 591 178 116 11 200 47 42 82 305 89 340 127 148 34 135 3 291 39 1 1 258 87 232 152 128 63 374 277 60 100 116 279 59 10 236 23 1 1 2 30 42 413 300 85 13 59 5 17 1 3 68 7 94 391 145 206 56 213 147 279 14 53 1 367 150 1 94 66 129 227 141 40 1 14 56 66 21 207 305 237 179 241 166 105 19 129 463 222 249 43 308 91 1 219 1 128 224 58 1 322 31 110 1 81 215 249 156 43 237 1 42 339 1 1 91 5 163 90 113 21 47 167 73 336 149 261 88 173 96 32 117 343 251 113 154 185 38 2 170 477 217 221 396 132 99 12 192 23 149 10 358 80 143 68 79 54 37 207 126 139 243 110 164 9 101 70 279 167 249 74 267 173 274 103 113 54 20 300 86 154 147 151 35 139 170 21 90 144 176 127 182 17 104 260 25 65 29 350 115 68 295 378 21 37 244 170 247 7 110 125 63 99 37 1 269 74 102 256 236 90 27 299 115 2 129 261 471 256 78 135 370 72 166 137 65 208 169 38 297 60 214 55 21 202 37 322 40 147 70 44 15 136 109 12 39 286 2 202 29 18 181 95 297 52 253 28 325 36 170 6 49 30 5 5 391 36 72 78 16 113 60 37 41 11 58 127 90 161 61 140 196 5 112 13 90 380 93 138 78 20 88 197 89 28 97 30 56 53 69 12 186 72 84 55 14 88 43 12 187 75 59 96 169 12 218 96 103 15 29 143 195 443 107 93 58 11 61 151 38 76 4 89 169 118 422 164 31 4 31 43 28 268 43 169 178 55 129 106 302 243 382 5 359 226 367 142 33 218 250 132 66 127 12 14 272 216 113 176 197 17 94 151 312 151 10 68 305 14 106 199 39 108 11 145 82 89 290 9 45 135 38 86 96 187 72 41 45 373 22 64 96 118 364 233 293 95 248 59 52 490 507 103 173 229 238 66 42 8 61 271 10 132 50 109 410 48 266 509 126 77 76 179 103 57 207 238 12 29 83 9 19 152 157 39 35 10 50 4 252 76 50 6 137 332 123 308 65 235 151 170 468 34 65 139 290 4 48 260 11 138 103 17 159 107 180 253 75 46 96 82 33 57 515 90 256 114 11 251 220 364 282 105 7 390 144 13 392 43 311 152 1 62 87 157 160 34 216 62 1 285 173 167 116 5 129 97 32 254 277 150 181 124 217 137 23 35 288 94 376 391 82 8 61 174 106
13 24 4 24 2 86 70 2 21 2 34 2 3 10 13 66 21 5 8 98 3 29 25 77 14 6 11 85 18 69 36 90 9 64 15 72 15 22 58 10 36 88 64 7 1 95 76 23 8 92 17 84 16 99 69 50 100 49 29 100 7 99 27 2 3 4 83 96 69 49 84 75 87 88 6 94 99 7 88 89 23 67 77 18 13 35 87 93 100 63 58 53 12 31 58 26 93 8 84 88 70 50 97 91 74 49 88 1 76 67 28 74 84 68 31 90 94 99 62 80 55 75 99 61 81 21 77 4 99 96 91 82 71 100 21 89 60 48 77 76 18 95 90 69 5 96 83 82 99 99 95 73 21 86 80 76 83 92 88 82 89 98 97 96 96 69 95 50 99 57 66 80 85 10 3 58 75 98 60 100 82 72 68 82 98 65 90 82 89 92 54 7 3 91 100 46 71 83 71 87 87 90 95 14 77 78 94 73 94 67 73 71 51 78 87 89 56 5 76 82 23 81 61 71 88 96 65 20 94 72 93 62 75 84 71 100 94 93 92 89 61 51 89 42 94 82 81 13 97 4 68 92 70 2 68 86 93 31 100 73 76 78 84 77 13 50 96 27 5 99 76 87 80 97 70 78 97 89 93 91 85 97 91 98 70 77 61 99 91 98 98 78 46 59 100 100 89 94 89 92 59 92 98 83 100 88 80 72 92 96 93 72 74 76 74 79 81 9 97 99 82 41 85 100 98 73 89 68 65 97 59 87 89 55 85 74 74 96 61 73 88 92 100 85 88 83 78 86 98 58 90 82 71 78 76 59 97 100 94 97 59 71 81 95 100 84 100 95 10 77 35 85 98 97 92 90 83 91 94 98 97 93 51 93 86 65 95 72 63 97 97 74 68 88 99 46 100 63 100 62 91 95 71 98 82 70 94 77 79 77 95 95 81 75 89 76 64 52 63 84 49 69 61 52 84 90 98 76 95 96 67 83 80 77 94 98 94 92 82 74 80 98 100 99 76 97 86 97 82 87 92 86 89 60 92 88 92 52 100 92 87 50 68 96 89 57 97 63 89 51 97 79 93 99 48 89 86 97 98 89 88 94 72 95 81 75 66 76 82 82 51 82 89 92 90 60 84 80 91 97 65 36 93 97 97 82 92 90 80 97 58 86 88 94 93 95 74 66 74 34 82 83 64 77 86 100 99 48 35 83 99 79 98 34 75 98 74 42 87 67 52 92 99 74 98 77 62 98 91 74 94 81 96 98 76 85 64 72 80 88 84 68 85 78 94 97 53 69 50 84 47 98 91 87 100 92 99 98 50 59 89 87 87 87 96 97 36 98 100 93 81 62 89 61 86 79 75 81 87 100 91 83 90 30 93 57 81 79 87 92 57 54 88 41 77 97 51 89 82 59 60 78 70 97 82 93 75 49 92 66 96 81 87 85 71 100 30 97 77 85 97 87 31 86 83 96 83 74 93 65 98 63 78 88 83 76 46 36 71 82 55 42 73 88 94 12 89 97 48 89 100 92 66 6 82 100 77 78 96 75 75 58 93 95 89 81 97 84 99 74 93 65 87 48 93 69 93 75 99 87
1 67
1 151
1 252
1 320
1 378
1 432
2 34
2 196
2 393
2 413
2 437
2 489
3 6
3 55
3 151
3 307
4 50
4 55
4 149
4 240
4 295
4 302
4 405
4 505
5 7
5 54
5 143
5 144
5 198
5 332
5 407
6 95
6 357
6 456
6 508
7 24
7 60
7 180
7 200
7 276
7 379
7 459
8 30
8 46
8 104
9 47
9 54
9 71
9 164
9 365
9 394
9 408
10 16
10 118
10 132
10 229
10 474
11 112
11 125
11 330
11 345
11 441
11 517
12 122
12 203
12 279
12 321
12 391
12 428
12 472
12 607
13 20
13 69
13 105
13 171
13 185
13 195
13 341
13 410
13 488
14 32
14 68
14 99
14 278
14 311
14 344
14 347
14 465
15 36
15 168
15 251
15 371
16 336
16 522
17 74
17 165
17 234
18 52
18 160
18 220
18 229
18 287
18 365
18 411
18 510
19 89
19 119
19 424
19 497
20 293
20 503
21 28
21 43
21 119
21 385
21 422
21 431
21 504
21 521
22 50
22 56
22 99
22 144
22 195
22 281
22 304
22 526
22 533
23 43
23 523
24 77
24 439
24 441
24 639
25 140
25 443
25 503
26 91
26 163
26 502
26 544
27 119
27 142
27 176
27 191
27 364
27 482
27 543
28 115
28 655
29 57
29 68
29 116
29 181
29 417
29 424
29 453
30 73
30 195
30 217
30 354
30 423
30 447
31 42
31 71
31 73
31 209
31 263
32 60
32 140
32 223
32 330
32 360
32 368
32 395
32 452
33 158
33 700
34 79
34 117
34 182
34 201
34 242
35 79
35 449
35 547
35 693
36 105
36 152
36 169
36 202
36 377
36 415
36 453
36 479
37 416
37 492
37 501
38 219
38 330
38 444
39 62
39 88
39 154
39 181
39 214
39 299
39 367
39 456
40 73
40 90
40 298
41 76
41 232
41 312
42 425
42 511
43 99
43 103
43 134
43 205
43 503
43 514
44 110
44 114
44 470
44 539
44 695
45 104
45 140
45 173
45 298
45 520
46 124
46 211
46 223
46 312
46 435
46 442
46 488
47 120
47 170
47 215
47 232
47 302
48 129
48 286
48 330
48 335
48 360
48 480
49 72
49 201
49 203
49 303
49 479
50 87
50 147
50 302
50 308
50 344
50 398
50 549
51 80
51 113
51 115
51 121
51 212
51 379
52 142
52 274
52 371
52 382
52 512
53 97
53 147
53 189
53 205
53 224
53 242
53 405
53 540
54 95
54 154
54 426
54 622
55 264
55 471
55 510
56 101
56 133
56 322
56 438
56 444
56 540
57 365
57 502
58 80
58 95
58 394
58 545
59 79
59 89
59 92
59 124
59 208
59 329
59 422
60 238
60 241
60 417
61 166
61 327
61 549
62 249
62 372
62 450
62 534
63 79
63 166
63 168
63 188
63 220
63 271
63 330
63 331
63 501
64 134
64 142
65 124
65 143
65 163
65 201
65 318
65 360
65 449
65 455
65 470
65 502
66 99
66 180
66 199
67 227
67 234
67 361
67 401
67 498
67 520
68 104
68 401
68 525
69 87
69 109
69 290
69 410
69 487
70 669
71 294
71 524
72 242
72 307
72 540
73 107
73 289
73 346
73 383
73 435
74 114
74 440
74 458
75 187
75 190
75 261
75 361
75 406
75 441
75 490
75 530
75 698
76 124
76 148
76 349
76 388
76 426
76 466
77 143
77 245
77 246
77 281
77 492
77 514
78 83
78 142
78 162
78 303
78 420
78 456
79 162
79 233
79 238
79 240
79 378
79 473
80 177
81 158
81 171
81 217
81 465
81 484
81 522
82 395
82 612
82 691
83 102
83 160
83 185
83 195
83 282
83 308
83 364
83 547
84 280
84 283
84 385
84 527
85 91
85 100
85 288
85 322
86 123
86 229
86 420
86 428
86 477
86 525
86 544
87 182
87 187
87 512
88 130
88 328
88 342
88 525
89 207
89 301
90 252
90 292
90 301
90 487
91 311
91 344
91 347
91 491
92 249
92 275
92 429
93 113
93 235
93 255
93 300
93 401
94 106
94 183
94 321
94 456
94 484
95 130
95 131
95 147
95 164
95 486
95 503
95 509
95 518
96 138
96 159
96 203
96 224
96 344
96 346
97 302
98 150
98 273
98 340
98 447
98 506
99 188
99 220
99 450
100 163
100 351
100 410
100 462
101 200
101 210
101 231
101 285
101 312
101 315
101 547
102 256
102 376
103 177
103 430
103 518
103 522
104 262
104 333
104 347
104 614
105 127
105 132
105 333
105 366
107 121
107 191
107 222
107 271
107 381
108 159
108 316
109 309
109 355
109 362
109 409
109 538
109 689
110 239
110 293
110 407
110 541
111 161
111 303
111 397
112 166
112 303
112 366
112 414
113 195
113 237
113 289
113 306
113 418
114 359
114 380
114 390
114 414
115 136
115 172
115 211
116 165
116 181
116 242
116 356
116 358
116 362
116 368
116 687
117 255
117 363
117 448
118 226
118 386
118 481
118 505
118 547
119 129
119 190
119 237
119 310
119 337
119 491
119 678
120 240
120 273
120 371
120 376
121 249
121 297
121 312
121 338
121 419
122 396
122 479
123 182
123 223
123 383
123 396
123 418
123 616
124 418
125 166
125 209
125 389
125 395
125 470
125 510
125 535
126 168
126 229
126 260
126 505
127 338
127 370
127 384
127 437
128 164
128 190
128 216
128 270
128 361
129 136
129 259
129 286
129 287
129 296
129 328
129 371
129 429
129 446
129 470
129 472
130 227
130 233
130 357
130 365
131 158
131 274
131 326
131 329
132 161
132 237
132 280
132 324
132 498
133 208
133 275
133 283
133 304
133 378
133 425
133 479
133 503
134 166
134 263
134 311
134 373
134 403
134 409
134 473
134 498
134 530
135 156
135 176
135 198
135 433
135 479
136 139
136 149
136 255
136 419
136 442
136 447
136 520
137 291
137 334
137 394
137 419
137 498
137 516
138 142
138 225
138 251
138 434
138 440
138 447
139 187
139 407
139 456
140 257
140 274
140 444
140 485
141 222
141 338
141 417
141 439
141 467
141 503
141 688
142 146
142 167
142 191
142 299
142 432
142 475
143 178
143 355
143 363
143 415
143 474
144 168
144 209
144 245
144 300
144 306
144 425
144 497
145 184
145 274
145 376
145 696
146 342
146 386
146 441
147 154
147 449
147 607
148 290
148 318
148 321
148 361
148 409
148 440
148 522
148 532
150 337
150 517
151 282
151 314
151 421
151 487
152 490
152 491
153 350
153 364
153 367
153 404
153 461
154 239
154 272
155 623
156 229
156 528
157 383
157 546
157 665
158 162
158 165
158 190
158 216
158 477
159 179
159 333
159 375
159 492
160 270
160 307
160 385
160 442
160 490
160 502
160 503
160 539
161 337
161 422
161 475
161 526
161 696
162 189
162 203
162 208
162 214
162 232
162 294
163 241
163 251
163 299
163 306
163 385
163 441
163 485
164 202
164 329
164 358
164 417
164 519
166 179
166 196
166 392
166 487
166 500
166 549
167 180
167 187
167 188
167 207
167 243
167 340
167 353
167 459
167 476
168 467
168 547
169 197
169 287
169 297
169 311
169 391
169 427
169 437
169 450
170 171
170 435
171 295
171 451
172 173
172 302
172 323
172 368
172 379
172 398
172 441
172 617
173 242
173 287
173 352
174 209
174 210
174 411
175 223
175 267
175 363
175 470
176 223
176 236
176 307
176 328
176 354
176 368
177 189
177 194
177 231
177 418
177 433
177 491
178 186
178 260
178 266
178 314
178 333
178 368
178 407
178 424
178 451
179 296
179 299
179 480
180 316
181 220
181 307
181 453
181 465
181 466
181 487
181 541
182 190
182 224
182 234
182 421
182 466
182 529
182 548
183 197
183 233
183 294
183 534
184 188
184 376
184 389
184 418
184 472
184 481
185 252
185 284
185 312
185 370
185 424
185 504
186 435
186 491
187 529
187 532
188 299
189 239
189 262
189 348
189 426
189 493
191 231
191 348
191 391
192 198
192 226
192 247
192 418
192 480
193 283
194 198
194 244
194 460
194 471
194 497
195 415
195 464
196 199
196 206
196 276
196 318
196 495
197 234
197 251
197 429
197 487
198 264
198 276
198 368
199 216
199 471
199 509
199 517
200 531
200 545
201 216
201 385
202 234
202 291
202 335
202 355
202 405
202 426
202 462
203 217
203 230
203 393
203 429
203 440
203 526
204 271
204 293
204 308
204 386
204 394
204 534
204 546
205 208
205 260
205 352
205 431
205 435
205 445
205 503
205 516
205 535
206 303
206 326
206 396
206 508
206 522
207 257
207 298
207 409
207 452
207 493
207 502
207 535
207 550
208 213
208 302
208 356
208 418
208 505
209 279
209 310
209 346
209 385
209 434
209 436
209 503
209 689
210 216
210 358
210 394
210 426
210 530
211 324
211 364
211 404
211 469
211 473
211 545
212 270
212 390
212 428
212 525
212 526
212 542
212 550
213 214
213 257
213 287
213 373
213 513
213 524
214 223
214 240
214 421
214 456
214 478
214 680
215 253
215 267
215 409
215 532
215 696
216 328
216 387
216 452
216 526
217 267
217 284
217 299
217 303
218 360
218 446
218 550
219 231
219 327
219 359
219 400
219 471
219 496
220 294
220 402
220 453
220 479
220 516
221 222
221 273
221 357
221 386
221 508
222 355
222 378
223 234
223 275
223 510
224 326
224 473
224 541
225 281
225 291
225 341
225 413
225 437
225 493
225 548
226 255
226 293
226 311
226 337
226 523
226 532
227 390
227 441
227 526
228 239
228 301
228 332
228 358
228 410
229 236
229 303
229 324
229 371
229 436
229 440
229 476
230 246
230 292
230 299
230 302
230 399
230 519
230 547
231 260
231 297
231 331
231 355
231 443
231 486
232 249
232 399
232 412
232 504
232 534
233 295
233 307
233 436
233 491
233 530
234 544
235 459
235 494
236 296
236 321
236 457
236 499
237 247
237 286
237 336
237 375
237 458
237 478
237 493
238 240
238 262
238 275
238 326
238 359
238 372
239 319
239 353
239 355
240 332
240 473
241 336
241 339
241 393
241 430
241 460
241 517
242 280
242 320
242 476
243 356
243 358
243 379
243 383
243 396
243 427
243 480
243 527
244 400
244 521
244 524
244 538
244 696
245 264
245 273
245 331
245 363
246 286
246 296
246 359
247 280
247 316
247 452
247 487
247 497
248 283
248 461
248 518
249 329
249 339
249 370
249 457
249 487
249 550
250 262
250 319
250 424
251 278
251 426
251 483
251 493
251 534
252 253
252 376
252 383
252 474
252 492
253 259
253 341
253 449
254 263
254 344
254 386
254 421
254 434
254 435
254 488
255 271
255 392
255 420
255 472
255 482
255 537
255 541
256 275
256 287
256 301
256 375
256 515
257 312
257 330
257 379
257 417
257 472
258 338
258 376
258 479
258 512
258 517
258 696
259 290
259 312
259 383
259 412
260 317
260 420
260 436
260 445
260 509
260 517
260 532
261 270
261 352
261 368
261 374
261 499
262 267
262 275
262 318
262 344
262 412
262 428
262 489
263 350
263 459
263 474
263 486
263 526
264 440
264 455
264 472
264 526
264 688
265 275
265 322
265 459
265 534
265 698
267 497
267 500
267 511
267 531
268 272
268 319
268 350
268 500
269 352
269 522
270 293
270 426
270 523
270 526
270 527
270 540
271 276
271 281
271 326
271 329
271 379
271 388
271 429
271 455
271 473
271 486
271 535
271 544
272 297
272 343
272 417
272 526
273 317
273 320
273 345
273 518
274 334
274 446
274 448
274 481
274 510
274 537
275 313
275 495
275 534
276 359
276 365
276 385
276 446
276 464
276 481
277 603
278 282
278 406
278 435
278 463
278 483
278 497
278 498
278 523
278 542
279 335
279 352
279 396
279 402
280 320
280 374
280 404
280 433
280 469
280 507
280 696
281 286
281 351
281 427
281 501
282 293
282 372
282 379
282 538
283 306
283 334
283 379
283 470
283 538
283 539
284 348
284 361
284 365
284 367
284 409
284 459
285 395
285 432
285 480
286 291
286 294
286 316
286 334
286 414
286 432
286 464
286 489
286 515
287 348
287 365
287 414
288 518
288 678
289 402
289 416
289 496
290 363
290 398
290 438
290 472
291 305
291 308
291 417
291 476
292 301
292 405
292 509
292 533
293 430
293 477
294 360
294 374
294 402
294 499
294 517
295 324
295 443
296 414
296 448
297 382
297 430
297 452
298 339
298 378
298 401
298 456
298 526
299 508
300 323
300 414
300 421
300 461
300 525
301 371
301 413
301 504
301 544
302 306
302 327
302 485
302 510
302 541
302 696
303 440
303 453
303 490
303 501
303 508
303 528
303 537
304 363
304 370
304 371
304 396
304 411
304 450
304 468
304 495
304 503
304 517
305 358
305 368
305 420
305 547
305 549
306 310
306 423
306 433
306 445
306 538
307 309
307 365
307 493
308 410
308 462
309 332
309 351
309 396
309 459
309 698
310 316
310 327
310 375
310 519
311 333
311 370
311 460
311 477
311 512
311 698
312 372
312 392
312 441
312 485
313 317
313 379
313 386
313 449
314 325
314 336
314 349
314 379
315 331
315 342
315 370
315 461
315 470
315 483
316 342
316 402
316 409
316 465
317 365
318 366
318 411
318 483
319 389
319 447
319 471
320 360
320 489
320 525
321 323
321 415
322 419
322 433
322 471
322 534
323 353
323 373
323 401
323 414
323 518
323 525
323 535
324 335
324 353
324 397
324 416
324 429
325 390
325 470
325 534
325 541
326 445
327 342
327 395
327 471
327 481
327 531
327 544
328 411
328 494
328 500
328 506
329 342
330 332
330 333
330 365
330 372
330 427
330 492
331 412
331 435
331 512
331 520
332 334
332 440
332 466
332 478
333 354
333 434
333 481
333 516
334 399
334 470
334 518
335 345
335 348
335 360
335 365
335 442
335 530
335 546
336 518
336 526
337 349
337 434
337 446
337 524
338 361
338 400
338 439
338 495
338 504
338 527
338 528
339 381
339 394
339 402
339 521
340 434
340 499
340 519
341 399
341 477
341 530
342 370
342 383
342 400
342 425
342 429
342 441
342 491
342 532
342 536
343 487
343 494
343 512
344 353
344 372
344 432
344 450
345 361
345 413
345 434
346 422
346 423
346 483
346 527
347 356
347 359
347 475
348 410
348 411
348 469
348 517
349 378
349 396
349 425
349 454
349 547
350 377
350 385
350 446
350 483
350 489
350 496
350 520
350 699
351 453
351 550
352 367
352 402
352 462
353 389
353 418
353 424
353 474
353 541
354 417
354 431
354 515
355 364
355 391
355 408
355 429
355 467
355 513
355 544
356 403
356 431
356 536
356 544
357 380
357 385
357 386
357 391
357 402
357 411
357 445
357 514
358 404
358 496
358 518
359 366
359 431
359 454
359 538
359 541
360 427
360 478
360 485
360 489
360 539
361 417
361 428
361 455
361 533
361 546
361 688
362 387
362 393
362 397
362 425
362 481
363 415
363 451
363 495
364 408
364 420
364 508
364 542
365 368
365 379
365 406
365 421
365 483
365 512
365 525
366 367
366 450
366 477
366 497
366 498
366 517
366 534
367 418
367 695
368 374
368 406
368 435
368 438
368 499
369 386
369 471
369 482
369 509
369 541
370 409
370 465
370 534
371 389
371 405
371 411
371 429
371 434
371 442
371 469
371 473
371 519
372 378
372 403
372 433
372 499
372 504
372 690
373 426
373 437
373 458
373 477
373 500
373 507
373 522
373 547
374 412
374 429
374 507
374 698
375 407
375 412
375 469
375 486
375 493
376 424
376 444
376 476
376 499
377 387
377 412
377 433
377 534
378 430
378 432
378 465
378 467
378 530
379 407
379 419
379 461
379 493
379 524
380 462
381 394
381 410
381 420
381 466
381 467
381 469
381 482
381 484
381 538
381 695
382 512
382 697
383 396
383 418
383 433
383 512
383 544
383 546
384 694
385 390
385 439
385 483
385 505
385 516
386 393
386 453
386 472
386 511
386 527
387 391
387 394
387 432
387 453
387 469
387 517
388 470
388 502
388 538
389 451
389 509
390 433
390 435
390 465
390 471
390 473
390 479
390 501
390 502
390 516
390 539
390 546
391 396
391 435
391 441
391 463
392 409
392 422
393 426
393 427
393 465
393 472
393 481
394 520
394 528
395 426
395 444
395 474
395 522
395 535
396 430
396 432
396 450
396 533
396 547
397 414
397 438
397 440
397 497
397 520
397 533
398 434
398 501
398 688
399 425
399 427
399 432
399 453
399 464
399 506
399 521
399 534
399 546
400 402
400 433
400 453
400 486
400 535
401 465
401 466
401 473
401 508
401 539
402 418
402 457
402 461
402 469
402 489
402 520
403 410
403 478
403 482
403 533
404 423
404 448
404 449
404 509
404 541
405 439
405 485
405 493
405 515
405 528
406 422
406 450
406 488
406 519
407 416
407 424
407 447
407 458
407 462
407 470
407 522
407 534
407 545
407 548
408 428
408 429
408 471
408 472
408 502
408 508
408 540
409 420
409 431
409 502
409 509
409 537
409 696
410 411
410 445
410 469
410 483
410 513
411 429
411 430
411 460
412 421
412 432
412 449
412 493
412 496
412 502
413 418
413 436
413 449
413 452
413 483
413 497
414 423
414 468
414 477
414 505
415 456
415 696
416 429
416 437
416 463
416 488
416 493
416 532
417 437
417 456
417 490
417 500
417 512
417 695
418 446
418 462
418 464
418 519
419 423
419 471
420 422
420 443
420 483
420 486
420 506
421 502
421 541
422 452
422 453
422 462
422 515
423 437
423 486
423 549
424 443
424 487
424 492
424 550
425 428
425 509
425 534
426 452
426 494
426 506
426 520
426 527
427 435
428 464
428 474
428 509
428 544
429 434
429 466
429 509
429 538
430 485
430 505
430 506
431 433
431 483
431 490
431 532
432 436
432 438
432 444
432 460
432 462
432 487
432 504
432 514
433 447
433 483
433 519
434 514
434 536
435 447
435 453
435 509
436 450
436 515
436 518
436 528
437 453
437 470
437 473
437 509
437 511
437 524
438 463
438 465
438 473
438 475
438 483
438 492
438 498
438 548
439 487
439 489
439 522
439 526
439 533
439 547
440 470
440 480
440 485
440 515
441 449
441 466
441 467
441 495
441 522
441 528
441 536
442 483
442 497
442 504
443 484
443 499
443 696
444 475
444 482
444 512
444 542
444 547
444 550
445 477
445 493
446 457
446 506
446 509
447 453
447 477
447 510
447 529
447 542
448 455
448 472
448 487
448 526
449 455
449 473
449 483
449 489
449 508
449 515
449 517
449 530
450 468
450 483
450 539
451 459
451 476
451 486
451 493
451 513
451 520
451 527
452 475
452 479
452 499
452 532
453 503
453 515
453 549
454 494
454 500
454 509
454 533
455 472
455 475
455 495
455 515
455 535
455 547
456 458
457 463
457 503
457 520
457 529
457 543
457 548
458 461
458 498
458 501
458 534
458 543
458 546
459 464
459 475
459 494
459 514
459 520
459 523
459 540
460 467
460 468
460 475
460 476
460 479
460 481
460 487
460 504
460 517
460 535
460 544
461 480
461 502
461 530
461 541
462 475
462 484
462 512
462 523
462 542
463 469
463 471
463 477
463 487
463 514
463 523
464 470
464 474
464 500
464 506
464 513
464 520
464 526
464 539
465 491
465 492
465 494
465 525
466 467
466 484
466 500
466 520
467 472
467 488
467 490
467 531
467 544
468 477
468 479
468 494
468 513
468 519
469 486
469 526
469 532
470 509
470 515
470 521
470 542
471 482
471 500
471 511
471 527
471 529
472 479
472 516
472 524
472 535
473 491
473 498
473 503
473 507
473 531
473 533
474 476
474 488
474 500
474 516
474 522
474 533
475 490
475 504
475 516
475 522
475 541
476 478
476 508
476 510
477 480
477 486
477 488
477 496
477 505
477 531
477 539
477 543
478 487
478 496
478 517
479 494
479 495
479 504
479 515
479 516
480 500
480 507
480 541
480 548
481 489
481 528
481 546
481 548
482 501
482 513
482 518
482 542
483 493
483 515
483 526
483 536
483 547
484 496
484 521
484 529
484 533
485 493
485 501
485 503
485 530
485 534
486 489
486 510
487 488
487 507
487 508
487 539
488 496
488 521
488 541
488 548
488 550
489 517
489 522
489 532
489 534
490 502
490 510
490 529
490 530
490 537
490 548
490 550
491 515
491 534
491 548
492 493
492 497
492 507
492 509
492 520
492 533
492 536
493 502
493 511
493 514
493 534
494 502
494 508
494 525
495 539
495 540
495 548
496 505
496 506
496 509
496 518
496 531
496 543
497 506
497 507
497 510
497 528
497 531
497 536
497 541
498 513
498 537
499 506
499 514
499 542
500 506
500 518
501 502
501 521
501 523
501 533
501 534
502 520
502 527
502 533
502 540
502 541
503 514
503 526
503 538
503 544
503 545
504 511
504 514
504 518
504 525
504 529
504 537
504 544
505 511
505 516
505 532
505 536
506 516
506 528
507 509
507 518
507 523
507 531
507 546
507 547
507 548
508 517
508 518
508 530
508 538
508 546
509 514
509 525
509 547
510 512
510 514
510 516
510 524
510 536
511 514
511 515
511 517
511 522
511 532
511 536
511 538
512 516
512 525
513 515
513 526
514 529
514 532
514 538
514 545
514 695
515 518
515 526
515 527
515 529
515 548
516 534
516 539
517 519
517 523
517 531
517 541
518 520
518 538
518 540
519 524
519 528
519 532
519 537
519 542
519 550
519 695
520 521
520 523
520 539
520 541
520 546
521 525
521 532
521 534
521 535
521 536
522 545
522 547
523 525
523 528
523 539
524 531
524 532
524 534
524 536
524 539
524 545
525 526
525 531
525 534
525 535
525 538
525 549
525 695
526 529
526 546
527 529
527 530
527 536
527 538
527 541
528 529
528 540
528 542
528 545
529 530
529 533
529 535
529 537
529 540
530 531
530 538
530 545
531 534
531 540
531 544
532 535
532 537
532 546
532 549
533 534
533 536
533 537
533 538
533 550
534 536
534 538
534 540
534 547
535 540
535 541
535 544
535 545
535 695
536 538
536 542
536 544
536 547
537 540
537 544
537 546
538 540
538 547
538 695
539 541
539 546
539 547
539 548
539 550
539 695
540 541
540 545
540 547
540 549
541 548
541 550
542 550
543 547
543 548
543 549
543 695
544 545
544 546
544 547
544 548
544 550
545 546
545 547
545 548
546 547
546 548
546 550
547 548
547 549
547 550
548 550
549 550
551 26
551 51
551 163
551 330
551 519
552 214
552 700
553 1
553 44
553 63
553 126
553 135
553 368
553 380
554 5
554 12
554 175
554 193
554 335
555 19
555 98
555 126
555 228
555 313
555 469
556 27
556 128
556 145
556 153
557 11
557 40
557 315
557 339
557 369
557 668
558 58
558 65
558 94
558 315
558 329
558 344
559 2
559 93
559 347
559 668
560 39
560 41
560 126
560 164
560 254
560 319
560 369
560 419
560 438
561 11
561 44
561 49
561 94
561 457
562 65
562 66
562 126
562 190
562 221
562 248
563 14
563 45
563 103
563 263
564 66
564 348
564 459
565 10
565 25
565 41
565 57
565 65
565 156
565 177
565 185
565 248
566 13
566 86
566 98
566 111
567 4
567 39
567 66
567 88
567 269
568 44
568 51
568 192
568 193
569 33
569 203
569 470
570 3
570 37
570 40
570 63
570 221
570 536
571 14
571 145
571 204
572 41
572 85
572 135
572 176
572 673
573 79
573 221
573 268
574 204
574 329
574 345
575 37
575 45
575 86
576 49
576 58
576 438
577 4
577 85
577 94
577 145
577 528
578 59
578 221
578 268
578 413
579 8
579 14
579 84
579 137
579 153
580 11
580 23
580 41
580 86
580 492
581 3
581 11
581 141
581 397
581 635
582 199
582 258
583 48
583 135
583 204
583 265
583 535
583 698
584 192
584 268
584 507
585 17
585 80
585 135
585 357
585 511
585 700
586 15
586 22
586 51
586 95
586 272
587 8
587 40
587 74
587 128
588 23
588 64
588 107
588 193
588 269
589 1
589 96
589 105
589 126
589 137
589 334
590 23
590 64
590 180
591 29
591 58
591 268
591 365
591 390
591 536
592 1
592 44
592 96
592 108
592 137
592 181
592 328
593 53
593 72
593 153
593 203
594 12
594 23
594 40
594 53
594 58
594 123
594 348
594 416
594 520
595 48
595 49
595 175
595 258
595 261
595 545
596 31
596 53
596 93
596 319
596 517
596 541
597 3
597 233
597 276
598 31
598 41
598 78
598 313
599 39
599 49
599 81
599 234
599 243
599 394
599 534
600 174
600 248
600 320
600 419
600 458
601 63
601 73
601 666
602 93
602 218
602 221
602 324
602 413
603 604
604 605
605 606
606 468
606 607
607 608
608 609
609 610
610 611
611 612
612 613
613 614
614 615
615 616
616 617
617 618
618 496
618 619
619 620
620 515
620 621
621 622
622 277
623 624
624 625
625 626
626 627
627 628
628 629
629 301
629 630
630 631
631 632
632 309
632 633
633 634
634 635
635 636
636 637
637 638
638 639
638 684
639 640
640 641
641 642
642 643
643 644
644 645
645 646
646 647
647 648
648 649
649 650
650 651
651 652
652 653
653 654
654 655
655 656
656 657
657 658
658 659
659 660
660 450
660 661
661 662
662 663
663 664
664 155
665 485
665 666
666 667
667 668
668 157
669 670
670 671
671 672
672 673
673 674
674 675
675 365
675 676
676 677
677 70
678 544
678 679
679 680
680 681
681 437
681 493
681 682
682 683
683 684
684 685
685 686
686 309
686 687
687 288
688 474
688 689
689 498
689 505
689 533
689 690
690 398
690 446
691 692
692 127
692 355
692 693
693 82
693 285
694 384
695 543
695 544
695 546
696 443
697 392
697 698
698 457
698 466
698 468
698 532
698 542
698 699
699 382
699 385
699 389
699 404
700 33
700 115
700 299
700 504
