700 10289
1 1 1 1 1 1 1 1 1 1 1 1 1 1 1 1 1 1 1 156 1 1 71 1 176 1 1 23 450 1 299 36 228 70 1 1 267 1 185 54 171 17 284 435 92 2 1 357 245 138 99 85 41 287 144 511 1 154 1 29 1 199 1 53 148 2 201 22 162 214 113 55 80 274 271 181 374 143 1 51 53 33 144 125 253 156 282 154 370 1 66 41 70 171 103 50 54 126 397 36 211 327 214 174 119 30 81 1 240 146 243 48 165 207 144 7 206 20 83 33 141 1 35 59 11 503 24 108 355 107 23 445 81 20 99 85 71 26 184 339 90 278 31 128 126 40 73 99 137 266 385 31 89 1 105 192 3 179 411 162 1 2 2 242 113 1 63 52 36 382 283 72 240 51 130 212 175 107 195 103 51 306 258 87 34 55 324 12 124 275 491 76 29 57 355 354 86 36 388 67 180 333 124 4 369 1 130 32 66 42 167 186 161 162 270 345 33 58 380 80 186 29 150 185 385 121 2 194 127 117 250 191 84 115 246 63 114 56 124 93 78 148 71 7 139 40 36 147 80 131 212 59 208 4 152 303 5 189 181 299 341 137 4 211 1 23 279 124 193 57 20 73 11 51 186 34 137 435 168 101 115 137 78 172 106 172 184 70 263 117 30 37 96 223 14 283 170 14 56 177 87 194 41 30 181 66 3 65 241 21 99 155 378 52 22 75 60 2 43 234 70 49 28 40 9 147 191 121 32 167 243 184 61 238 105 222 196 101 65 31 451 66 83 74 45 231 296 313 251 44 17 165 294 255 232 153 248 22 298 103 113 449 195 195 49 5 85 50 148 34 48 68 339 134 3 450 6 4 96 181 330 10 7 145 145 346 140 6 277 2 179 197 236 8 260 275 115 330 603 204 154 124 9 74 31 248 68 151 176 30 114 369 8 148 74 67 137 72 122 68 120 257 24 234 212 36 42 22 411 199 133 193 4 400 183 208 54 96 255 360 153 217 81 6 234 7 217 120 113 70 152 18 317 109 24 11 262 256 44 12 10 96 182 31 167 137 329 225 44 51 25 85 36 114 53 131 81 79 13 130 51 22 331 131 347 30 173 26 2 40 294 248 16 128 357 256 181 115 39 413 17 170 80 15 237 51 107 343 51 106 135 125 119 295 143 9 51 68 142 104 138 17 186 86 90 34 461 65 53 91 373 36 32 143 29 286 52 422 298 147 158 7 90 151 16 274 142 51 106 22 161 83 83 9 89 192 2 180 268 374 34 75 447 47 114 88 20 15 16 65 227 140 279 129 56 13 107 23 75 6 69 100 500 66 121 78 89 99 51 151 177 103 231 6 6 98 225 235 161 329 142 183 166 252 124 251 21 48 55 96 78 344 120 161 182 58 4 88 34 114 22 77 83 111 181 29 56 209 369 7 135 106 180 35 174 28 36 10 34 225 20 87 96 203 152 77 188 265 135 195 118 209 235 321 244 191 66 16 4 30 227 121 132 25 156 63 83 286 203 210 13 102 167 181 23 189 243 46 27 280 7 72 102 546 131 64 22 16 22 170 86 24 170 66 513 227 478 357 235 27
20 23 6 11 15 3 1 7 1 17 6 48 19 24 11 5 8 22 29 88 39 4 100 7 99 2 3 48 87 30 18 78 45 100 67 8 100 1 88 98 76 68 71 92 93 85 2 87 84 95 53 72 81 55 72 66 67 83 9 96 2 73 19 71 98 41 64 92 85 91 85 68 98 99 99 98 98 91 9 99 93 96 49 97 64 51 43 86 91 5 39 97 44 64 83 98 71 95 74 100 89 60 83 91 49 65 83 13 100 94 83 96 100 72 88 89 98 99 59 52 88 2 65 69 92 76 64 76 94 72 95 83 100 88 71 59 64 98 55 100 88 96 95 99 78 93 99 88 80 90 86 78 66 3 91 89 62 97 91 86 23 88 90 73 31 6 78 70 91 90 64 93 70 97 80 95 83 87 73 57 86 75 95 91 76 90 81 98 82 57 72 75 89 99 85 87 80 38 81 91 98 42 69 90 84 7 98 42 95 85 76 32 97 84 61 80 97 89 91 69 87 88 87 74 77 85 91 71 83 95 86 44 98 64 88 90 79 83 82 54 94 74 95 96 85 92 90 99 68 54 71 88 65 56 88 72 64 76 77 84 91 62 72 87 5 87 90 100 43 75 93 98 43 98 92 83 62 67 97 89 84 98 80 41 48 96 92 86 84 95 61 85 88 68 58 74 98 98 63 98 62 94 80 92 97 100 71 67 84 38 93 77 52 83 69 98 77 63 96 89 88 98 91 88 74 95 99 79 67 56 94 98 79 94 77 99 87 84 71 66 84 90 88 54 80 66 74 100 56 76 100 74 77 89 100 76 99 89 75 39 67 95 98 93 92 40 97 68 96 78 90 97 79 73 88 97 95 97 99 98 77 65 89 86 79 95 95 42 93 99 56 73 83 82 61 80 99 100 84 100 92 85 100 65 80 79 75 94 99 92 49 57 66 84 91 61 96 98 96 81 97 90 95 62 97 97 100 75 64 57 77 97 79 84 87 8 97 92 68 67 84 98 41 64 73 70 98 86 57 96 47 93 86 100 95 66 65 41 62 58 55 85 93 95 91 95 84 88 92 74 45 98 94 96 70 64 86 87 84 63 61 33 95 74 92 95 97 91 82 27 90 90 85 63 100 36 100 44 46 75 69 71 79 93 67 80 95 98 99 49 78 82 73 79 82 97 55 88 90 92 94 50 68 35 62 99 93 99 82 77 94 93 98 68 99 54 75 82 44 81 90 86 96 83 95 100 80 99 96 85 46 97 84 88 80 93 87 52 87 94 92 92 80 77 88 49 100 80 90 97 49 81 36 65 25 79 74 93 98 94 84 88 91 100 98 88 89 87 73 88 95 94 92 96 79 96 97 39 95 88 81 87 73 99 98 85 71 55 77 100 91 80 90 85 95 48 95 67 100 43 79 68 93 80 66 73 73 91 91 87 91 78 90 79 70 98 90 81 97 92 85 65 97 97 89 30 45 96 90 71 87 97 35 98 95 65 83 67 53 95 69 93 88 44 82 64 83 93 84 77 96 75 52 89 85 85 65 91 93 96 99 50 96 99 97 63 91 96 91 48 46 97 91 89 99 44 61 87 92 98
1 34
1 77
1 170
1 178
1 216
1 250
1 311
1 318
1 353
1 396
1 443
1 459
1 506
1 514
1 551
1 561
1 635
1 648
1 695
2 69
2 93
2 103
2 168
2 195
2 264
2 280
2 284
2 300
2 326
2 337
2 340
2 362
2 395
2 484
2 501
2 558
2 612
2 619
3 20
3 70
3 120
3 146
3 172
3 187
3 193
3 194
3 313
3 316
3 341
3 357
3 439
3 483
3 509
3 588
3 610
3 618
3 620
3 648
4 58
4 104
4 117
4 132
4 210
4 245
4 334
4 368
4 411
4 453
4 552
5 95
5 104
5 133
5 167
5 223
5 229
5 244
5 288
5 367
5 368
5 406
5 558
5 584
5 598
6 85
6 92
6 118
6 149
6 165
6 173
6 181
6 220
6 328
6 348
6 362
6 397
6 432
6 461
6 511
6 524
6 561
6 598
6 622
6 638
7 88
7 140
7 292
7 402
7 441
7 464
7 492
7 501
7 624
8 31
8 46
8 149
8 168
8 172
8 213
8 308
8 315
8 490
8 526
8 533
8 577
8 583
8 591
8 626
9 126
9 135
9 199
9 252
9 428
9 457
9 494
9 509
9 513
9 550
9 564
9 576
9 650
10 25
10 128
10 134
10 140
10 172
10 241
10 271
10 347
10 368
10 435
10 485
10 494
10 527
10 533
10 555
11 37
11 73
11 81
11 150
11 163
11 240
11 278
11 320
11 321
11 416
11 492
11 551
11 630
11 642
12 37
12 49
12 71
12 109
12 115
12 130
12 186
12 207
12 263
12 312
12 346
12 351
12 366
12 440
12 499
12 502
12 507
12 522
12 528
12 621
12 650
13 111
13 263
13 298
13 309
13 392
13 523
13 532
13 610
13 627
14 60
14 112
14 115
14 169
14 288
14 314
14 332
14 336
14 373
14 380
14 488
14 491
14 513
14 541
14 542
14 586
14 611
14 650
15 50
15 69
15 86
15 113
15 283
15 344
15 352
15 373
15 376
15 404
15 442
15 485
15 497
15 500
15 521
15 540
15 558
15 561
15 599
16 23
16 67
16 131
16 143
16 189
16 266
16 331
16 439
16 450
16 451
16 504
16 554
16 577
16 620
16 627
16 636
16 638
17 28
17 54
17 64
17 67
17 72
17 146
17 163
17 268
17 291
17 310
17 354
17 355
17 356
17 397
17 402
17 456
18 51
18 53
18 187
18 232
18 381
18 415
18 423
18 480
18 559
19 43
19 56
19 71
19 81
19 130
19 150
19 228
19 252
19 254
19 298
19 336
19 376
19 444
19 467
19 519
19 539
19 562
19 577
19 591
20 41
20 46
20 73
20 78
20 91
20 116
20 125
20 146
20 152
20 158
20 218
20 295
20 375
20 537
20 568
20 608
20 632
20 650
21 29
21 51
21 86
21 101
21 106
21 142
21 168
21 193
21 216
21 301
21 305
21 320
21 335
21 349
21 353
21 358
21 363
21 381
21 412
21 537
21 601
21 611
21 691
22 32
22 97
22 117
22 119
22 233
22 246
22 267
22 313
22 330
22 358
22 372
22 384
22 399
22 438
22 453
22 468
22 471
22 528
22 577
22 629
22 636
22 697
23 179
23 183
23 192
23 203
23 247
23 248
23 270
23 292
23 340
23 402
23 404
23 411
23 434
23 440
23 469
23 552
23 620
23 629
23 647
24 48
24 88
24 119
24 180
24 185
24 241
24 278
24 461
24 538
24 639
25 40
25 95
25 114
25 131
25 139
25 181
25 266
25 366
25 388
25 451
25 464
25 491
25 622
25 633
25 638
25 639
26 93
26 139
26 201
26 209
26 288
26 344
26 378
26 502
26 512
26 574
26 589
26 630
27 46
27 176
27 212
27 247
27 259
27 297
27 330
27 356
27 383
27 434
27 454
27 482
27 495
27 553
27 582
27 587
27 600
28 33
28 84
28 110
28 118
28 133
28 138
28 172
28 220
28 244
28 250
28 297
28 299
28 318
28 347
28 366
28 367
28 455
28 490
28 501
28 529
28 543
28 551
28 555
28 564
28 606
28 642
29 68
29 84
29 106
29 117
29 225
29 334
29 341
29 400
29 413
29 436
29 471
29 486
29 509
29 516
29 521
29 539
30 33
30 46
30 56
30 150
30 152
30 228
30 238
30 257
30 311
30 366
30 382
30 407
30 431
30 502
30 572
30 593
30 691
31 75
31 137
31 146
31 180
31 302
31 318
31 439
31 465
31 492
31 508
31 522
31 557
31 606
32 94
32 120
32 212
32 261
32 266
32 282
32 402
32 404
32 428
32 465
32 504
32 562
32 601
32 638
32 643
33 39
33 45
33 55
33 66
33 69
33 115
33 147
33 157
33 187
33 213
33 250
33 253
33 292
33 302
33 329
33 369
33 372
33 443
33 450
33 473
33 507
33 510
33 566
33 581
33 583
33 646
34 127
34 338
34 379
34 479
34 487
34 511
34 513
34 514
34 538
34 552
34 580
34 611
34 617
34 697
35 81
35 131
35 132
35 173
35 189
35 273
35 342
35 348
35 377
35 445
35 540
35 559
35 562
35 583
35 619
35 621
35 638
35 648
36 65
36 120
36 157
36 181
36 246
36 344
36 346
36 392
36 395
36 459
36 492
36 496
36 508
36 541
36 548
36 624
37 42
37 105
37 132
37 148
37 162
37 202
37 209
37 247
37 267
37 369
37 392
37 393
37 396
37 427
37 486
37 525
37 564
37 593
37 606
37 622
37 630
38 50
38 56
38 76
38 107
38 207
38 226
38 290
38 304
38 312
38 319
38 365
38 433
38 461
38 473
38 546
38 550
38 601
38 611
39 207
39 221
39 293
39 320
39 424
39 455
39 465
39 552
39 632
40 158
40 160
40 219
40 238
40 274
40 293
40 306
40 375
40 404
40 471
40 511
40 535
40 555
40 560
41 44
41 55
41 222
41 284
41 440
41 445
41 461
41 502
41 529
41 559
41 577
41 642
41 644
42 44
42 127
42 131
42 141
42 176
42 198
42 234
42 247
42 290
42 449
42 466
42 475
42 486
42 494
42 544
42 562
42 596
42 622
42 632
42 640
42 644
42 648
43 46
43 52
43 96
43 117
43 130
43 131
43 145
43 196
43 307
43 339
43 356
43 370
43 373
43 446
43 452
43 487
43 496
43 512
43 513
43 545
43 561
43 564
43 582
43 621
44 50
44 96
44 150
44 160
44 172
44 186
44 222
44 224
44 250
44 340
44 372
44 386
44 419
44 466
44 470
44 483
44 501
44 601
44 626
45 62
45 82
45 83
45 86
45 100
45 109
45 194
45 210
45 283
45 319
45 337
45 406
45 474
45 479
45 523
45 534
45 543
45 567
45 640
46 54
46 168
46 177
46 215
46 231
46 261
46 318
46 441
46 447
46 510
46 550
46 556
46 559
46 613
46 619
46 639
47 51
47 68
47 96
47 176
47 192
47 209
47 242
47 274
47 303
47 359
47 378
47 389
47 466
47 473
47 574
47 601
47 647
47 648
47 650
47 679
48 148
48 150
48 186
48 243
48 247
48 283
48 427
48 449
48 474
48 612
49 102
49 159
49 174
49 304
49 353
49 373
49 388
49 411
49 454
49 464
49 468
49 512
49 523
49 575
49 580
49 595
49 623
49 629
50 98
50 126
50 156
50 165
50 217
50 372
50 381
50 406
50 459
50 507
50 547
50 588
50 619
50 699
51 99
51 182
51 244
51 274
51 361
51 413
51 420
51 444
51 498
51 545
51 581
51 610
51 617
52 307
52 315
52 418
52 425
52 438
52 459
52 494
52 502
52 529
52 622
53 65
53 101
53 131
53 152
53 190
53 209
53 260
53 266
53 381
53 419
53 427
53 453
53 454
53 556
53 574
54 87
54 119
54 195
54 286
54 304
54 333
54 336
54 407
54 415
54 500
54 570
54 572
54 578
54 581
54 589
54 592
54 600
54 601
54 691
55 85
55 112
55 153
55 181
55 224
55 226
55 337
55 359
55 371
55 399
55 497
55 580
55 581
55 583
55 638
56 132
56 179
56 249
56 282
56 324
56 329
56 473
56 530
56 585
57 96
57 128
57 188
57 192
57 268
57 298
57 304
57 366
57 393
57 404
57 405
57 449
57 552
57 577
57 629
57 639
57 696
58 74
58 83
58 96
58 233
58 259
58 271
58 348
58 368
58 378
58 404
58 444
58 490
58 517
58 519
58 524
58 552
58 642
59 107
59 120
59 155
59 228
59 273
59 345
59 402
59 411
59 531
59 569
59 604
59 621
59 646
59 677
60 103
60 149
60 174
60 183
60 208
60 209
60 218
60 257
60 391
60 414
60 432
60 438
60 462
60 528
61 143
61 238
61 288
61 411
61 426
61 473
61 566
61 645
62 128
62 143
62 170
62 174
62 212
62 213
62 269
62 351
62 376
62 382
62 395
62 405
62 412
62 425
62 443
62 460
62 527
62 557
62 576
62 589
63 76
63 140
63 174
63 196
63 309
63 359
63 447
63 488
63 558
63 560
63 589
63 616
63 641
63 649
64 66
64 100
64 110
64 169
64 176
64 208
64 239
64 252
64 276
64 290
64 298
64 312
64 316
64 399
64 459
64 460
64 531
64 536
64 565
64 583
64 650
65 77
65 83
65 132
65 158
65 165
65 181
65 182
65 242
65 253
65 279
65 301
65 355
65 361
65 400
65 425
65 567
65 626
65 633
66 127
66 136
66 160
66 162
66 186
66 251
66 263
66 276
66 383
66 413
66 449
66 520
66 527
66 567
66 593
66 598
66 624
67 228
67 230
67 368
67 370
67 449
67 454
67 564
67 582
67 622
67 627
68 97
68 175
68 288
68 297
68 308
68 381
68 420
68 485
68 494
68 510
68 541
68 607
69 76
69 107
69 113
69 119
69 124
69 163
69 227
69 254
69 262
69 287
69 335
69 354
69 356
69 371
69 418
69 450
69 519
69 523
69 524
69 546
69 555
69 566
69 603
70 124
70 137
70 162
70 259
70 288
70 290
70 322
70 372
70 429
70 446
70 466
70 473
70 490
70 586
70 595
70 601
70 647
71 180
71 261
71 382
71 399
71 400
71 408
71 444
71 556
71 579
71 630
72 88
72 142
72 150
72 203
72 211
72 222
72 223
72 264
72 329
72 403
72 415
72 430
72 438
72 441
72 567
73 187
73 201
73 222
73 231
73 266
73 272
73 305
73 372
73 387
73 392
73 455
73 567
73 575
73 583
73 595
73 598
73 629
74 112
74 127
74 129
74 130
74 149
74 160
74 179
74 204
74 210
74 223
74 315
74 342
74 344
74 356
74 367
74 409
74 420
74 426
74 443
74 510
74 538
74 583
74 590
75 193
75 209
75 216
75 254
75 316
75 335
75 379
75 393
75 405
75 479
75 486
75 500
75 509
75 523
75 597
75 645
76 99
76 123
76 134
76 157
76 167
76 176
76 245
76 303
76 358
76 386
76 462
76 465
76 486
76 568
76 576
76 580
76 593
76 616
76 619
77 78
77 116
77 130
77 175
77 182
77 185
77 362
77 395
77 416
77 421
77 466
77 468
77 531
77 607
77 635
77 637
77 697
78 135
78 181
78 182
78 186
78 203
78 414
78 437
78 490
78 548
78 571
78 623
79 80
79 104
79 132
79 157
79 202
79 225
79 283
79 319
79 339
79 353
79 386
79 389
79 424
79 430
79 461
79 512
79 585
79 593
79 600
79 614
79 619
80 97
80 113
80 151
80 165
80 177
80 207
80 208
80 305
80 349
80 356
80 364
80 396
80 398
80 439
80 440
80 449
80 463
80 467
80 525
80 554
80 562
80 607
80 636
80 676
81 97
81 150
81 156
81 224
81 363
81 394
81 397
81 453
81 481
81 519
81 523
81 563
81 578
81 592
81 622
82 112
82 116
82 128
82 202
82 207
82 208
82 233
82 251
82 289
82 322
82 363
82 410
82 429
82 450
82 454
82 524
82 547
82 606
82 689
83 84
83 85
83 171
83 209
83 232
83 262
83 271
83 301
83 357
83 382
83 384
83 394
83 408
83 431
83 442
83 483
83 492
83 507
83 518
83 525
83 526
83 585
83 606
83 627
83 634
84 159
84 184
84 319
84 336
84 354
84 363
84 386
84 395
84 431
84 461
84 503
84 529
84 531
84 535
84 568
84 601
85 110
85 136
85 329
85 369
85 394
85 504
85 526
85 538
85 551
85 570
86 131
86 141
86 288
86 295
86 328
86 489
87 89
87 128
87 202
87 240
87 242
87 248
87 253
87 305
87 427
87 504
87 614
87 620
88 95
88 114
88 129
88 144
88 194
88 217
88 229
88 270
88 383
88 481
88 571
88 643
89 104
89 114
89 121
89 139
89 211
89 226
89 227
89 256
89 328
89 355
89 457
89 503
89 508
89 534
90 140
90 247
90 264
90 393
90 400
90 433
90 450
90 483
90 488
90 517
90 612
91 100
91 130
91 151
91 164
91 174
91 224
91 272
91 277
91 316
91 356
91 362
91 372
91 408
91 411
91 418
91 433
91 473
91 524
91 528
91 542
91 571
91 583
91 623
91 636
92 146
92 167
92 189
92 204
92 234
92 256
92 264
92 303
92 333
92 344
92 352
92 401
92 414
92 466
92 480
92 487
92 498
92 529
92 568
92 595
92 637
93 95
93 102
93 178
93 199
93 203
93 245
93 271
93 293
93 349
93 370
93 388
93 393
93 400
93 421
93 511
93 516
93 569
93 572
93 604
93 614
93 621
94 150
94 171
94 197
94 218
94 236
94 313
94 319
94 328
94 399
94 435
94 482
94 533
94 537
94 551
94 612
95 257
95 273
95 307
95 352
95 400
95 455
95 464
95 487
95 552
95 562
96 118
96 120
96 205
96 248
96 270
96 346
96 359
96 374
96 397
96 457
96 482
96 523
96 526
96 543
96 587
96 600
96 615
96 621
97 169
97 191
97 212
97 234
97 247
97 272
97 276
97 307
97 308
97 323
97 325
97 350
97 353
97 357
97 378
97 386
97 415
97 423
97 507
97 513
97 528
97 583
98 125
98 163
98 300
98 313
98 315
98 320
98 329
98 351
98 356
98 377
98 389
98 413
98 431
98 503
98 519
98 554
98 577
98 601
98 608
98 629
99 137
99 143
99 145
99 155
99 184
99 204
99 216
99 255
99 275
99 315
99 364
99 475
99 494
99 551
99 554
99 558
100 152
100 175
100 213
100 319
100 351
100 398
100 455
100 463
100 513
100 541
101 123
101 173
101 192
101 270
101 305
101 306
101 335
101 367
101 376
101 389
101 440
101 460
101 532
101 572
101 620
101 621
101 627
101 633
101 640
101 641
102 107
102 123
102 160
102 212
102 245
102 395
102 443
102 452
102 501
102 545
102 632
102 649
103 109
103 127
103 160
103 182
103 331
103 346
103 387
103 397
103 415
103 446
103 481
103 497
103 503
103 507
103 574
103 595
104 111
104 132
104 251
104 270
104 441
104 458
104 638
104 647
105 110
105 144
105 158
105 159
105 176
105 208
105 220
105 237
105 246
105 295
105 305
105 310
105 315
105 324
105 381
105 385
105 396
105 401
105 423
105 486
105 522
105 561
105 579
105 597
105 609
105 616
105 648
106 110
106 115
106 117
106 139
106 240
106 259
106 260
106 275
106 284
106 315
106 341
106 400
106 405
106 448
106 465
106 470
106 476
106 483
106 485
106 515
106 555
106 644
106 698
107 130
107 140
107 229
107 248
107 353
107 398
107 442
107 526
107 533
107 561
107 573
107 583
107 636
108 197
108 199
108 293
108 295
108 378
108 379
108 380
108 428
108 436
108 459
108 469
108 517
108 565
108 608
108 629
108 644
109 179
109 260
109 272
109 276
109 293
109 327
109 386
109 419
109 441
109 466
109 506
110 128
110 213
110 226
110 239
110 252
110 254
110 264
110 276
110 305
110 386
110 393
110 414
110 421
110 454
110 494
110 514
110 551
110 580
110 633
111 194
111 242
111 249
111 280
111 287
111 297
111 370
111 400
111 402
111 518
111 563
111 622
111 625
111 649
111 698
112 138
112 222
112 266
112 294
112 343
112 386
112 475
112 488
112 494
112 497
112 536
112 609
113 117
113 142
113 215
113 228
113 260
113 286
113 327
113 398
113 432
113 445
113 533
113 535
113 536
113 537
113 543
113 564
113 615
113 642
114 168
114 196
114 453
114 471
114 488
114 494
114 504
114 508
114 524
114 535
114 537
114 540
114 575
114 590
114 639
114 642
115 167
115 186
115 295
115 323
115 328
115 387
115 479
115 559
115 581
115 695
116 124
116 188
116 191
116 224
116 225
116 235
116 255
116 285
116 320
116 361
116 370
116 426
116 448
116 470
116 518
116 568
116 580
116 615
117 291
117 298
117 339
117 353
117 373
117 386
117 404
117 450
117 521
117 533
117 603
117 620
118 136
118 148
118 186
118 212
118 306
118 321
118 340
118 371
118 377
118 393
118 399
118 422
118 461
118 502
118 530
118 536
118 566
118 588
118 589
118 637
119 137
119 145
119 152
119 160
119 193
119 231
119 409
119 435
119 445
119 478
119 496
119 504
119 513
119 528
119 597
120 124
120 152
120 185
120 192
120 197
120 277
120 293
120 321
120 347
120 431
120 444
120 487
120 531
120 553
120 567
120 583
120 613
120 618
120 619
121 126
121 155
121 173
121 184
121 209
121 222
121 306
121 346
121 359
121 380
121 381
121 390
121 404
121 420
121 472
121 473
121 523
121 526
121 544
121 561
121 569
121 606
122 197
122 232
122 272
122 320
122 329
122 358
122 441
122 460
122 546
122 564
122 583
122 629
122 633
123 130
123 179
123 189
123 201
123 202
123 297
123 352
123 361
123 367
123 395
123 411
123 468
123 502
123 518
123 536
123 554
123 607
123 616
123 639
123 644
123 646
124 167
124 175
124 196
124 236
124 288
124 350
124 356
124 396
124 398
124 413
124 424
124 455
124 466
124 474
124 503
124 584
124 617
124 647
125 188
125 240
125 298
125 316
125 328
125 344
125 412
125 515
125 589
125 623
126 148
126 169
126 222
126 232
126 271
126 297
126 425
126 456
126 500
126 532
126 560
126 649
126 689
127 133
127 136
127 174
127 220
127 248
127 254
127 303
127 337
127 351
127 384
127 446
127 460
127 547
127 589
127 604
127 634
128 186
128 195
128 205
128 342
128 386
128 473
128 480
128 499
128 531
128 639
129 144
129 182
129 216
129 232
129 246
129 272
129 331
129 362
129 417
129 421
129 444
129 457
129 514
129 538
129 553
129 618
129 634
130 132
130 171
130 177
130 200
130 216
130 223
130 306
130 422
130 466
130 525
130 564
130 576
130 599
130 609
130 617
131 163
131 192
131 213
131 390
131 408
131 409
131 412
131 425
131 548
131 549
131 567
131 573
132 134
132 159
132 167
132 259
132 278
132 289
132 290
132 313
132 316
132 353
132 392
132 396
132 420
132 509
132 545
132 562
132 569
132 578
132 612
132 637
133 230
133 246
133 252
133 258
133 296
133 309
133 342
133 373
133 396
133 512
133 530
133 566
133 571
133 603
133 631
134 339
134 346
134 395
134 444
134 446
134 470
134 547
134 611
134 617
134 649
135 226
135 354
135 379
135 408
135 437
135 439
135 498
135 525
135 588
135 629
136 156
136 164
136 294
136 325
136 355
136 377
136 412
136 430
136 451
136 470
136 497
136 515
136 562
136 570
136 640
136 642
136 650
137 141
137 160
137 162
137 213
137 217
137 276
137 344
137 399
137 424
137 431
137 433
137 441
137 500
137 505
137 511
137 531
137 533
137 545
137 601
137 606
137 639
138 151
138 155
138 157
138 188
138 258
138 271
138 278
138 315
138 343
138 363
138 375
138 400
138 457
138 496
138 562
138 609
138 619
138 623
138 626
139 146
139 200
139 210
139 233
139 299
139 312
139 315
139 363
139 369
139 373
139 375
139 403
139 429
139 480
139 508
139 531
139 534
139 544
139 552
139 558
139 570
139 573
139 575
139 626
139 629
139 684
140 208
140 222
140 267
140 295
140 394
140 436
140 445
140 476
140 581
140 635
141 167
141 204
141 214
141 289
141 322
141 339
141 349
141 383
141 410
141 453
141 466
141 645
142 171
142 178
142 187
142 261
142 275
142 283
142 295
142 309
142 319
142 379
142 419
142 494
142 526
142 612
142 639
142 699
143 146
143 254
143 306
143 354
143 365
143 367
143 414
143 434
143 441
143 446
143 465
143 488
143 574
143 576
143 580
144 149
144 295
144 309
144 350
144 368
144 376
144 426
144 432
144 433
144 446
144 459
144 504
144 559
144 561
144 571
145 146
145 163
145 167
145 192
145 281
145 303
145 320
145 353
145 425
145 438
145 495
145 500
145 513
145 549
145 578
145 616
145 632
145 647
146 205
146 222
146 240
146 255
146 289
146 312
146 370
146 373
146 378
146 397
146 449
146 464
146 581
146 584
146 590
146 625
147 159
147 229
147 239
147 243
147 260
147 311
147 317
147 390
147 433
147 440
147 488
147 511
147 544
147 568
147 615
147 631
148 181
148 196
148 258
148 365
148 400
148 420
148 457
148 500
148 526
148 538
148 552
148 566
148 590
148 621
148 632
148 633
148 700
149 185
149 222
149 240
149 319
149 343
149 382
149 466
149 479
149 548
149 594
149 620
149 635
150 183
150 193
150 199
150 200
150 210
150 272
150 338
150 384
150 497
150 505
150 544
150 575
150 576
150 649
151 196
151 211
151 237
151 245
151 246
151 249
151 295
151 311
151 341
151 345
151 368
151 414
151 438
151 449
151 461
151 515
151 561
151 577
152 228
152 274
152 300
152 303
152 310
152 312
152 319
152 351
152 370
152 381
152 404
152 421
152 437
152 455
152 512
152 549
152 584
152 603
153 163
153 178
153 223
153 250
153 278
153 330
153 340
153 356
153 446
153 499
153 500
153 515
153 553
153 575
153 584
153 632
153 635
154 203
154 267
154 345
154 406
154 440
154 449
154 471
154 509
154 520
154 530
154 554
154 574
154 625
154 700
155 198
155 230
155 238
155 264
155 271
155 308
155 326
155 347
155 413
155 425
155 467
155 533
155 593
155 603
155 604
155 621
156 172
156 218
156 243
156 254
156 270
156 363
156 378
156 398
156 407
156 408
156 471
156 527
156 562
156 576
156 591
156 620
156 622
157 299
157 302
157 309
157 369
157 385
157 428
157 437
157 450
157 480
157 506
157 563
157 614
157 618
157 641
158 164
158 209
158 226
158 283
158 294
158 296
158 303
158 333
158 356
158 412
158 443
158 465
158 513
158 524
158 576
158 600
158 610
158 611
158 627
159 197
159 201
159 224
159 253
159 275
159 290
159 301
159 331
159 336
159 355
159 366
159 396
159 421
159 437
159 445
159 498
159 550
159 558
159 609
160 181
160 190
160 214
160 216
160 221
160 240
160 331
160 368
160 376
160 387
160 421
160 441
160 453
160 455
160 457
160 472
160 497
160 515
160 576
161 252
161 263
161 282
161 309
161 334
161 339
161 357
161 364
161 372
161 375
161 382
161 395
161 417
161 441
161 454
161 484
161 529
161 568
161 631
162 171
162 217
162 279
162 300
162 372
162 400
162 451
162 459
162 468
162 470
162 474
162 494
163 245
163 250
163 356
163 391
163 413
163 451
163 488
163 527
163 595
163 615
163 621
163 622
164 181
164 230
164 261
164 303
164 412
164 441
164 452
164 481
164 526
164 568
164 601
164 616
165 189
165 200
165 202
165 219
165 242
165 248
165 305
165 306
165 353
165 358
165 386
165 387
165 427
165 457
165 468
165 481
165 540
165 585
166 184
166 197
166 250
166 251
166 282
166 300
166 306
166 348
166 372
166 407
166 411
166 439
166 494
166 504
166 535
166 542
166 562
166 593
166 608
166 630
167 172
167 226
167 234
167 294
167 362
167 393
167 435
167 518
167 589
167 613
168 195
168 202
168 219
168 308
168 312
168 371
168 561
168 623
168 637
168 638
169 175
169 212
169 241
169 282
169 287
169 397
169 434
169 436
169 530
169 539
169 545
169 598
169 648
169 691
170 192
170 202
170 229
170 243
170 339
170 354
170 470
170 523
170 531
170 619
170 626
171 214
171 228
171 304
171 336
171 357
171 401
171 441
171 448
171 454
171 549
171 551
171 570
171 590
171 609
172 175
172 226
172 228
172 230
172 275
172 284
172 318
172 348
172 411
172 444
172 460
172 471
172 501
172 504
172 511
172 540
172 556
172 700
173 239
173 250
173 256
173 271
173 285
173 289
173 329
173 349
173 367
173 420
173 435
173 471
173 504
173 510
173 527
173 532
173 540
173 553
173 558
173 565
173 605
173 619
173 632
173 650
174 251
174 301
174 302
174 312
174 343
174 353
174 354
174 430
174 478
174 482
174 502
174 552
174 555
174 557
174 625
174 634
174 638
175 223
175 257
175 271
175 289
175 292
175 310
175 364
175 397
175 409
175 448
175 479
175 485
175 495
175 510
175 511
175 525
175 528
175 531
175 563
175 572
175 595
175 609
176 201
176 204
176 227
176 234
176 269
176 270
176 272
176 287
176 291
176 312
176 379
176 433
176 454
176 462
176 470
176 496
176 508
176 521
176 598
176 613
176 628
177 188
177 192
177 194
177 209
177 223
177 242
177 253
177 259
177 286
177 288
177 290
177 307
177 377
177 382
177 386
177 390
177 418
177 427
177 523
177 534
177 545
177 549
177 556
177 610
177 645
178 246
178 250
178 255
178 256
178 262
178 305
178 316
178 325
178 362
178 389
178 417
178 425
178 442
178 496
178 499
178 521
178 530
178 556
178 610
178 619
179 226
179 308
179 316
179 322
179 327
179 332
179 353
179 354
179 384
179 389
179 393
179 394
179 441
179 451
179 484
179 514
179 565
179 567
179 634
180 217
180 226
180 273
180 325
180 330
180 434
180 461
180 502
180 519
180 537
180 540
180 566
180 608
180 637
181 209
181 218
181 239
181 250
181 348
181 433
181 437
181 459
181 491
181 519
181 581
182 248
182 280
182 282
182 291
182 298
182 341
182 384
182 404
182 443
182 447
182 457
182 490
182 525
182 532
182 612
183 221
183 237
183 295
183 309
183 324
183 348
183 351
183 367
183 371
183 384
183 402
183 478
183 480
183 571
183 579
183 583
184 195
184 255
184 270
184 274
184 285
184 320
184 401
184 457
184 460
184 478
184 517
184 523
184 535
184 539
184 578
184 587
184 602
184 632
185 217
185 227
185 258
185 286
185 320
185 326
185 355
185 382
185 460
185 561
185 619
186 199
186 236
186 269
186 273
186 295
186 305
186 309
186 365
186 368
186 422
186 438
186 475
186 500
186 528
186 534
186 573
186 578
186 634
187 323
187 372
187 383
187 402
187 455
187 472
187 510
187 511
187 590
187 596
187 615
187 635
187 700
188 290
188 321
188 339
188 347
188 369
188 371
188 406
188 435
188 447
188 546
188 606
188 626
188 641
188 647
189 222
189 226
189 269
189 301
189 319
189 438
189 472
189 570
189 691
190 243
190 260
190 378
190 384
190 411
190 425
190 480
190 488
190 522
190 634
191 235
191 282
191 289
191 293
191 314
191 325
191 380
191 395
191 417
191 421
191 476
191 514
191 527
191 541
191 546
191 613
191 621
191 649
192 195
192 260
192 290
192 478
192 492
192 600
192 633
193 241
193 248
193 299
193 315
193 334
193 351
193 370
193 460
193 470
193 532
193 552
193 558
193 571
193 578
193 617
193 650
194 210
194 235
194 248
194 279
194 313
194 327
194 334
194 371
194 375
194 378
194 396
194 518
194 519
194 524
194 533
194 585
194 589
194 598
195 238
195 246
195 251
195 366
195 368
195 395
195 433
195 436
195 444
195 463
195 484
195 501
195 549
195 565
195 627
195 632
195 642
196 197
196 204
196 268
196 271
196 377
196 396
196 452
196 501
196 573
196 635
197 198
197 246
197 260
197 275
197 368
197 414
197 425
197 433
197 488
197 578
197 589
197 598
197 616
197 617
197 618
197 630
197 633
197 635
197 649
198 238
198 253
198 285
198 321
198 335
198 374
198 380
198 431
198 448
198 466
198 472
198 535
198 547
198 586
198 594
198 595
198 600
198 631
198 641
199 245
199 247
199 269
199 278
199 297
199 305
199 335
199 437
199 459
199 480
199 484
199 498
199 597
199 616
199 647
200 267
200 335
200 341
200 368
200 374
200 447
200 481
200 489
200 539
200 540
200 557
200 563
200 591
200 633
201 230
201 240
201 242
201 273
201 279
201 299
201 326
201 335
201 367
201 393
201 432
201 455
201 486
201 532
201 544
201 545
201 560
201 581
201 627
201 628
201 681
202 209
202 246
202 257
202 310
202 335
202 359
202 398
202 409
202 420
202 535
202 575
202 608
202 621
203 216
203 217
203 218
203 219
203 249
203 263
203 284
203 292
203 302
203 306
203 345
203 373
203 378
203 429
203 505
203 555
203 558
203 560
203 596
203 628
204 208
204 220
204 233
204 235
204 250
204 298
204 356
204 393
204 401
204 430
204 432
204 467
204 474
204 479
204 518
204 531
204 576
204 581
204 594
204 616
205 319
205 331
205 333
205 346
205 388
205 389
205 478
205 516
205 556
205 557
205 564
205 621
205 648
206 208
206 220
206 279
206 301
206 336
206 345
206 380
206 390
206 421
206 434
206 438
206 449
206 473
206 561
206 629
207 210
207 216
207 253
207 264
207 292
207 300
207 329
207 378
207 381
207 407
207 430
207 437
207 448
207 454
207 484
207 492
207 497
207 545
207 648
208 215
208 229
208 232
208 248
208 259
208 298
208 400
208 407
208 428
208 519
208 552
208 566
208 568
208 597
209 282
209 310
209 324
209 399
209 426
209 448
209 449
209 480
209 508
209 545
209 604
209 605
209 630
210 214
210 321
210 421
210 445
210 495
210 517
210 561
210 614
211 225
211 231
211 262
211 263
211 287
211 308
211 317
211 332
211 337
211 354
211 365
211 370
211 386
211 407
211 444
211 445
211 473
211 507
211 518
211 541
211 597
211 620
211 631
211 639
212 214
212 222
212 263
212 307
212 326
212 469
212 476
212 495
212 579
212 611
212 637
213 268
213 322
213 347
213 364
213 368
213 405
213 421
213 492
213 510
213 545
213 553
213 635
214 227
214 281
214 284
214 294
214 340
214 410
214 488
214 489
214 503
214 533
214 544
214 594
214 608
215 221
215 257
215 259
215 291
215 293
215 311
215 319
215 346
215 349
215 368
215 385
215 495
215 508
215 561
215 572
215 610
215 637
216 282
216 312
216 344
216 357
216 410
216 414
216 432
216 452
216 460
216 479
216 498
216 510
216 511
216 551
216 565
216 568
216 588
216 630
217 226
217 236
217 259
217 283
217 305
217 334
217 353
217 460
217 479
217 501
217 507
217 544
217 583
217 629
217 683
217 699
218 223
218 279
218 295
218 306
218 329
218 376
218 401
218 431
218 445
218 487
218 495
218 500
218 556
218 580
218 589
218 590
218 617
218 638
219 323
219 350
219 369
219 380
219 407
219 427
219 438
219 484
219 488
219 495
219 527
219 566
219 578
219 614
219 698
220 229
220 283
220 318
220 334
220 338
220 383
220 401
220 423
220 440
220 542
220 567
220 612
220 632
220 640
220 650
221 336
221 357
221 369
221 422
221 428
221 437
221 454
221 463
221 481
221 557
221 582
221 643
221 690
222 263
222 296
222 339
222 341
222 352
222 398
222 400
222 586
222 615
222 642
222 645
223 250
223 275
223 296
223 316
223 452
223 464
223 507
223 571
223 574
223 649
224 227
224 260
224 269
224 348
224 355
224 377
224 425
224 426
224 437
224 441
224 521
224 544
224 558
224 606
224 623
224 635
224 644
224 646
225 235
225 276
225 290
225 302
225 305
225 375
225 387
225 405
225 465
225 466
225 520
225 521
225 527
225 558
225 581
225 625
225 634
226 244
226 246
226 251
226 272
226 298
226 342
226 368
226 410
226 427
226 440
226 464
226 518
226 530
226 534
226 555
226 569
226 575
226 607
226 634
227 283
227 297
227 311
227 329
227 351
227 372
227 379
227 439
227 453
227 462
227 513
227 516
227 548
227 576
227 595
228 247
228 300
228 310
228 332
228 366
228 422
228 437
228 451
228 470
228 511
228 547
228 552
228 596
228 621
228 649
229 268
229 280
229 324
229 367
229 370
229 381
229 385
229 397
229 404
229 409
229 420
229 442
229 464
229 479
229 494
229 518
229 542
229 569
229 577
229 584
229 595
229 609
229 611
229 619
229 625
229 631
230 233
230 240
230 251
230 255
230 270
230 295
230 349
230 355
230 357
230 365
230 376
230 386
230 392
230 439
230 454
230 496
230 528
230 557
230 580
230 619
230 648
231 247
231 322
231 336
231 338
231 390
231 402
231 433
231 434
231 473
231 483
231 490
231 608
231 614
231 642
232 240
232 254
232 330
232 352
232 369
232 393
232 408
232 420
232 433
232 481
232 514
232 540
232 541
232 558
232 615
232 639
232 641
233 336
233 345
233 373
233 389
233 397
233 453
233 466
233 478
233 483
233 488
233 491
233 536
233 571
233 572
233 593
233 616
233 626
233 640
233 641
234 241
234 256
234 274
234 402
234 413
234 417
234 419
234 427
234 506
234 507
234 549
234 557
235 250
235 263
235 274
235 310
235 341
235 347
235 386
235 397
235 403
235 481
235 490
235 513
235 521
235 544
235 563
235 570
235 581
235 632
236 269
236 347
236 354
236 356
236 362
236 368
236 371
236 395
236 399
236 401
236 421
236 432
236 514
236 546
236 562
236 585
236 606
237 254
237 283
237 295
237 349
237 389
237 392
237 420
237 472
237 490
237 507
237 534
237 569
237 574
237 582
237 612
237 617
238 247
238 276
238 286
238 362
238 405
238 439
238 455
238 472
238 492
238 497
238 505
238 506
238 549
238 583
238 627
239 269
239 283
239 300
239 321
239 326
239 360
239 379
239 393
239 419
239 483
239 491
239 495
239 501
239 510
239 515
239 544
239 566
239 586
239 606
239 621
239 640
239 688
240 249
240 260
240 320
240 351
240 356
240 358
240 509
240 527
240 531
240 564
240 638
240 648
241 244
241 271
241 304
241 306
241 347
241 374
241 453
241 504
241 508
241 536
241 556
241 564
241 579
241 593
241 624
241 697
242 330
242 331
242 366
242 370
242 397
242 405
242 431
242 432
242 438
242 446
242 493
242 533
242 551
242 570
242 576
242 600
242 610
242 635
242 639
243 252
243 254
243 258
243 333
243 335
243 420
243 445
243 496
243 523
243 573
243 597
243 644
244 282
244 302
244 326
244 344
244 365
244 368
244 378
244 395
244 468
244 490
244 500
244 516
244 522
244 554
244 564
244 584
244 591
244 598
244 640
245 289
245 305
245 313
245 318
245 326
245 354
245 382
245 397
245 401
245 422
245 427
245 448
245 474
245 490
245 536
245 548
245 585
245 589
245 625
245 628
245 641
246 287
246 295
246 301
246 319
246 365
246 378
246 413
246 426
246 430
246 435
246 536
246 579
246 640
247 263
247 271
247 311
247 397
247 400
247 405
247 428
247 543
247 560
247 575
247 580
247 594
247 600
247 611
247 629
248 295
248 297
248 302
248 401
248 417
248 464
248 508
248 510
248 541
248 559
248 579
248 580
248 617
248 618
248 635
248 638
249 325
249 356
249 376
249 410
249 433
249 454
249 468
249 505
249 523
249 526
249 541
249 542
249 568
249 574
249 579
249 618
250 269
250 270
250 334
250 339
250 341
250 347
250 348
250 383
250 388
250 391
250 420
250 444
250 504
250 569
250 598
250 617
250 634
250 647
250 683
251 296
251 303
251 319
251 325
251 330
251 350
251 374
251 379
251 397
251 448
251 454
251 514
251 541
251 563
251 567
251 576
251 599
251 633
251 685
252 258
252 279
252 287
252 345
252 347
252 364
252 377
252 379
252 385
252 388
252 508
252 549
252 552
252 556
252 623
252 642
253 273
253 302
253 405
253 410
253 422
253 439
253 457
253 459
253 465
253 483
253 496
253 503
253 505
253 521
253 560
253 563
253 609
253 615
254 362
254 388
254 442
254 450
254 535
254 578
254 614
254 649
255 304
255 311
255 343
255 387
255 418
255 434
255 479
255 489
255 501
255 534
255 543
255 626
256 259
256 284
256 317
256 324
256 408
256 463
256 495
256 502
256 510
256 530
256 562
256 574
256 593
256 603
256 605
256 645
257 361
257 363
257 370
257 428
257 449
257 480
257 487
257 519
257 543
257 546
257 551
257 566
257 573
257 586
257 592
257 607
257 642
257 644
258 304
258 307
258 345
258 355
258 364
258 383
258 403
258 420
258 462
258 478
258 480
258 484
258 492
258 537
258 543
258 605
258 629
259 300
259 304
259 327
259 331
259 382
259 385
259 395
259 403
259 521
259 576
259 579
259 588
259 620
259 637
259 645
260 321
260 376
260 381
260 386
260 398
260 413
260 430
260 468
260 494
260 504
260 530
260 560
260 561
260 565
260 585
260 591
260 595
260 619
260 695
261 321
261 367
261 407
261 419
261 451
261 558
261 561
261 592
261 643
261 650
262 269
262 369
262 382
262 383
262 413
262 414
262 438
262 449
262 453
262 466
262 486
262 515
262 580
262 599
262 624
262 644
262 698
263 287
263 374
263 393
263 457
263 492
263 497
263 505
263 510
263 554
263 565
263 571
263 635
264 267
264 299
264 336
264 341
264 348
264 432
264 453
264 486
264 507
264 520
264 528
264 529
264 546
264 575
264 590
264 600
264 613
264 629
264 634
264 638
265 283
265 294
265 295
265 318
265 320
265 327
265 361
265 396
265 441
265 469
265 475
265 495
265 504
265 511
265 513
265 516
265 544
265 600
265 633
265 634
265 639
265 649
266 293
266 297
266 365
266 373
266 377
266 380
266 385
266 432
266 445
266 458
266 508
266 517
266 559
266 585
266 649
267 282
267 300
267 306
267 337
267 363
267 412
267 418
267 427
267 436
267 440
267 452
267 455
267 500
267 503
267 540
267 623
267 695
267 699
268 282
268 292
268 322
268 336
268 372
268 375
268 384
268 386
268 393
268 409
268 444
268 466
268 526
268 536
268 628
268 632
269 309
269 315
269 370
269 390
269 416
269 422
269 427
269 434
269 438
269 440
269 446
269 464
269 560
269 565
269 577
269 607
269 625
269 635
269 640
270 293
270 310
270 376
270 387
270 452
270 520
270 543
270 588
270 590
270 614
270 620
270 624
270 639
271 296
271 301
271 322
271 330
271 350
271 352
271 376
271 412
271 449
271 452
271 471
271 472
271 521
271 544
271 582
271 589
271 607
271 638
272 369
272 371
272 381
272 407
272 482
272 527
272 548
272 562
272 577
273 281
273 338
273 345
273 380
273 387
273 398
273 456
273 457
273 465
273 471
273 473
273 496
273 545
273 570
273 574
273 631
273 640
274 277
274 291
274 298
274 321
274 357
274 380
274 454
274 469
274 498
274 500
274 537
274 540
274 550
274 572
274 607
274 642
275 281
275 285
275 326
275 345
275 367
275 394
275 398
275 415
275 431
275 457
275 467
275 478
275 492
275 517
275 548
275 551
275 561
275 616
275 640
276 294
276 303
276 308
276 323
276 370
276 386
276 452
276 473
276 505
276 521
276 527
276 531
276 575
276 611
276 646
276 686
277 382
277 387
277 430
277 440
277 482
277 483
277 516
277 533
277 603
277 690
278 369
278 410
278 418
278 426
278 536
278 543
278 544
278 566
278 576
278 618
278 640
279 299
279 346
279 407
279 417
279 470
279 486
279 491
279 525
279 531
279 573
279 580
279 615
279 623
280 290
280 295
280 310
280 352
280 384
280 417
280 447
280 453
280 478
280 491
280 496
280 545
280 572
280 584
280 607
280 634
280 650
281 283
281 336
281 371
281 400
281 421
281 431
281 529
281 553
281 571
281 597
281 610
281 612
281 619
281 631
281 641
282 306
282 338
282 390
282 426
282 429
282 464
282 500
282 503
282 528
282 533
282 534
282 552
282 570
282 688
282 698
283 286
283 315
283 319
283 320
283 391
283 407
283 412
283 420
283 458
283 471
283 485
283 501
283 619
284 299
284 307
284 326
284 350
284 374
284 404
284 417
284 436
284 456
284 487
284 560
284 571
284 591
284 600
284 633
284 636
284 686
285 287
285 297
285 315
285 327
285 347
285 382
285 394
285 409
285 446
285 450
285 466
285 513
285 530
285 552
285 561
285 579
285 596
285 627
285 639
285 648
286 299
286 374
286 497
286 530
286 542
286 551
286 558
286 563
286 582
286 586
286 591
286 593
286 643
287 301
287 338
287 426
287 429
287 454
287 462
287 488
287 490
287 507
287 516
287 534
287 539
287 544
287 551
287 566
287 594
287 627
287 631
287 640
287 642
288 292
288 340
288 405
288 414
288 484
288 491
288 498
288 514
288 528
288 575
288 591
288 608
288 632
288 641
289 290
289 327
289 333
289 334
289 336
289 356
289 374
289 375
289 389
289 402
289 412
289 426
289 434
289 440
289 457
289 474
289 565
289 580
289 583
289 610
289 629
290 295
290 326
290 356
290 359
290 375
290 386
290 486
290 514
290 565
290 580
291 298
291 382
291 383
291 385
291 398
291 405
291 423
291 447
291 463
291 473
291 483
291 494
291 502
291 525
291 540
291 545
291 550
291 569
291 615
291 617
292 327
292 358
292 371
292 403
292 406
292 422
292 435
292 446
292 448
292 485
292 487
292 503
292 545
292 559
292 567
292 570
292 576
292 618
293 318
293 331
293 367
293 396
293 434
293 453
293 475
293 488
293 489
293 491
293 574
293 599
293 641
293 683
294 315
294 316
294 322
294 343
294 365
294 403
294 424
294 484
294 543
294 544
294 565
294 566
294 577
294 631
294 632
294 637
294 650
295 332
295 390
295 399
295 412
295 414
295 426
295 497
295 507
295 512
295 517
295 522
295 531
295 570
295 589
295 598
295 613
295 622
295 624
296 329
296 359
296 416
296 506
296 511
296 514
296 517
296 530
296 537
296 539
296 545
296 584
296 586
296 608
296 624
296 639
297 312
297 322
297 357
297 382
297 392
297 411
297 453
297 459
297 508
297 509
297 512
297 529
297 596
297 613
297 632
298 331
298 337
298 379
298 430
298 450
298 459
298 500
298 508
298 530
298 531
298 559
298 601
298 602
298 635
298 643
299 307
299 325
299 361
299 375
299 402
299 421
299 444
299 458
299 501
299 538
299 553
299 564
299 617
299 645
300 303
300 352
300 357
300 413
300 418
300 425
300 433
300 485
300 488
300 496
300 509
300 519
300 529
300 544
300 545
300 549
300 559
300 563
300 567
301 320
301 365
301 412
301 428
301 446
301 456
301 470
301 485
301 491
301 506
301 538
301 545
301 570
301 572
301 611
301 643
302 360
302 375
302 381
302 394
302 430
302 431
302 434
302 442
302 471
302 473
302 478
302 495
302 502
302 529
302 544
302 568
302 600
302 680
303 305
303 312
303 347
303 410
303 445
303 501
303 509
303 538
303 559
303 571
303 592
303 605
303 624
304 319
304 357
304 370
304 393
304 394
304 424
304 429
304 490
304 538
304 550
304 555
304 605
304 619
304 639
305 393
305 402
305 441
305 465
305 496
305 502
305 504
305 505
305 517
305 521
305 525
305 551
305 569
305 581
305 617
305 631
306 344
306 345
306 364
306 376
306 394
306 397
306 402
306 415
306 435
306 492
306 497
306 518
306 534
306 558
306 586
306 605
306 609
306 620
306 635
307 367
307 402
307 448
307 484
307 498
307 518
307 522
307 548
307 570
307 595
307 626
307 641
308 319
308 327
308 361
308 366
308 371
308 388
308 403
308 417
308 447
308 452
308 455
308 481
308 492
308 524
308 528
308 540
308 584
308 640
308 646
308 684
309 345
309 404
309 422
309 432
309 454
309 466
309 501
309 579
309 613
309 615
309 635
310 333
310 391
310 468
310 592
310 599
310 601
311 332
311 349
311 353
311 366
311 406
311 508
311 543
311 560
311 568
311 592
311 606
311 623
311 625
311 640
312 321
312 342
312 346
312 354
312 380
312 391
312 394
312 400
312 447
312 454
312 473
312 487
312 533
312 537
312 577
312 590
312 622
312 623
312 634
312 636
312 644
313 345
313 346
313 363
313 382
313 398
313 412
313 418
313 434
313 506
313 508
313 523
313 525
313 584
313 600
313 603
313 614
313 619
314 348
314 407
314 412
314 419
314 424
314 455
314 464
314 471
314 485
314 486
314 520
314 522
314 526
314 562
314 585
314 622
314 629
315 369
315 382
315 399
315 457
315 459
315 472
315 473
315 490
315 509
315 549
315 608
315 609
315 628
315 629
316 353
316 368
316 369
316 424
316 431
316 477
316 478
316 508
316 511
316 517
316 524
316 539
316 542
316 543
316 578
316 605
316 610
316 619
316 644
317 340
317 383
317 410
317 457
317 513
317 555
317 619
317 698
318 327
318 337
318 343
318 359
318 365
318 390
318 391
318 397
318 510
318 515
318 590
318 592
318 628
318 630
319 388
319 396
319 430
319 432
319 471
319 495
319 500
319 543
319 565
319 573
319 576
319 577
319 621
319 623
319 624
319 634
319 639
320 351
320 360
320 415
320 416
320 448
320 458
320 460
320 473
320 479
320 480
320 497
320 500
320 520
320 537
320 558
320 579
320 586
320 633
321 322
321 337
321 356
321 376
321 390
321 402
321 421
321 445
321 447
321 488
321 490
321 496
321 503
321 509
321 511
321 515
321 533
321 537
321 545
321 550
321 587
321 622
321 632
321 637
321 646
322 336
322 355
322 369
322 373
322 383
322 454
322 519
322 521
322 529
322 538
322 547
322 552
322 557
323 394
323 405
323 406
323 428
323 439
323 497
323 499
323 501
323 596
323 614
323 637
324 325
324 330
324 332
324 354
324 355
324 379
324 447
324 467
324 474
324 542
324 553
324 558
324 574
324 577
324 584
324 618
324 625
324 628
325 382
325 384
325 385
325 455
325 491
325 497
325 514
325 519
325 520
325 524
325 543
325 578
325 590
325 599
325 608
325 613
325 616
326 370
326 377
326 398
326 435
326 437
326 446
326 454
326 478
326 499
326 505
326 566
326 571
326 646
327 339
327 344
327 351
327 379
327 395
327 431
327 432
327 462
327 466
327 468
327 474
327 479
327 481
327 484
327 497
327 518
327 544
327 562
327 567
327 577
327 587
327 599
327 625
327 629
327 639
327 640
327 649
328 331
328 341
328 342
328 356
328 367
328 379
328 401
328 436
328 449
328 455
328 474
328 475
328 498
328 508
328 513
328 541
328 597
328 610
328 624
328 641
328 642
329 340
329 379
329 385
329 419
329 424
329 455
329 473
329 488
329 508
329 521
329 564
329 596
329 608
329 621
329 630
329 634
330 356
330 375
330 380
330 459
330 461
330 479
330 495
330 506
330 527
330 543
330 593
330 639
331 334
331 363
331 365
331 423
331 433
331 465
331 475
331 500
331 511
331 543
331 559
331 571
331 580
331 584
331 590
331 616
331 649
332 339
332 390
332 394
332 415
332 431
332 441
332 476
332 501
332 516
332 583
332 585
332 595
332 596
332 599
332 614
332 616
332 619
332 634
332 640
332 643
333 347
333 400
333 420
333 492
333 495
333 528
333 555
333 563
333 564
333 565
333 594
333 613
334 352
334 358
334 386
334 419
334 486
334 511
334 512
334 520
334 532
334 583
334 604
334 615
335 350
335 358
335 380
335 383
335 420
335 444
335 460
335 478
335 487
335 510
335 526
335 529
335 564
335 578
335 610
335 644
336 341
336 364
336 371
336 376
336 394
336 398
336 440
336 445
336 468
336 478
336 519
336 541
336 548
336 600
336 614
336 635
336 650
337 339
337 357
337 386
337 394
337 434
337 437
337 539
337 543
337 547
337 552
337 553
337 574
337 578
337 591
337 594
337 601
337 646
338 365
338 375
338 380
338 381
338 399
338 409
338 410
338 420
338 449
338 469
338 499
338 503
338 598
338 629
338 643
339 389
339 452
339 519
339 524
339 553
339 578
339 586
339 593
339 647
340 345
340 371
340 375
340 393
340 470
340 515
340 541
340 561
340 575
340 604
341 356
341 373
341 379
341 381
341 397
341 437
341 442
341 446
341 458
341 502
341 509
341 518
341 521
341 524
341 553
341 572
341 605
341 615
341 617
341 621
341 626
342 387
342 390
342 457
342 472
342 473
342 539
342 547
342 556
342 557
342 572
342 589
342 598
342 600
342 612
342 629
342 637
342 648
343 405
343 449
343 451
343 470
343 473
343 492
343 505
343 569
343 584
343 594
343 624
344 358
344 368
344 377
344 403
344 420
344 490
344 546
345 348
345 378
345 401
345 411
345 421
345 422
345 454
345 506
345 509
345 510
345 523
345 543
345 549
345 607
345 632
346 372
346 375
346 389
346 394
346 440
346 447
346 489
346 511
346 519
346 536
346 548
346 589
346 591
346 620
346 621
346 649
347 370
347 388
347 402
347 411
347 420
347 424
347 436
347 454
347 472
347 541
347 553
347 590
347 625
347 637
347 649
348 349
348 361
348 375
348 389
348 402
348 498
348 529
348 570
348 583
348 618
348 621
349 378
349 382
349 390
349 394
349 480
349 499
349 598
349 612
349 626
349 645
349 647
350 353
350 371
350 380
350 388
350 408
350 444
350 454
350 457
350 468
350 483
350 561
350 571
350 573
350 590
350 597
350 600
351 373
351 374
351 382
351 404
351 433
351 462
351 463
351 467
351 484
351 509
351 512
351 522
351 580
351 622
351 624
352 354
352 368
352 441
352 462
352 488
352 494
352 510
352 517
352 568
352 571
352 574
352 612
352 620
352 624
352 637
353 357
353 368
353 371
353 429
353 435
353 438
353 443
353 468
353 478
353 481
353 487
353 505
353 510
353 515
353 542
353 624
353 646
353 650
354 357
354 401
354 406
354 441
354 463
354 470
354 479
354 570
354 573
354 575
354 586
354 609
354 610
354 624
354 642
354 645
355 359
355 368
355 405
355 409
355 417
355 426
355 427
355 439
355 458
355 461
355 463
355 503
355 506
355 509
355 513
355 529
355 572
355 577
355 594
355 600
355 601
355 609
355 614
355 630
355 637
355 642
356 377
356 378
356 380
356 414
356 417
356 424
356 473
356 478
356 485
356 525
356 550
356 568
356 597
356 610
356 621
356 637
356 677
357 365
357 414
357 453
357 468
357 470
357 501
357 525
357 551
357 554
357 581
357 583
357 588
357 609
357 621
357 629
357 638
358 363
358 380
358 381
358 388
358 445
358 449
358 456
358 472
358 500
358 522
358 531
358 540
358 553
358 579
358 585
358 601
358 614
358 625
358 634
359 401
359 425
359 429
359 432
359 450
359 454
359 467
359 518
359 528
359 543
359 563
359 603
359 605
359 616
359 649
360 442
360 463
360 525
360 527
360 537
360 568
360 570
360 581
360 598
360 617
360 624
361 365
361 384
361 385
361 402
361 408
361 423
361 470
361 494
361 504
361 507
361 520
361 524
361 536
361 551
361 574
361 581
361 591
361 593
361 600
361 647
362 363
362 367
362 398
362 405
362 428
362 430
362 548
362 565
362 604
362 687
363 384
363 385
363 386
363 392
363 410
363 413
363 444
363 483
363 488
363 494
363 537
363 553
363 565
363 578
363 581
363 593
363 595
363 603
363 620
363 623
364 376
364 397
364 408
364 420
364 432
364 463
364 482
364 484
364 499
364 503
364 520
364 537
364 562
364 620
364 625
365 418
365 421
365 456
365 458
365 459
365 469
365 480
365 485
365 500
365 520
365 531
365 536
365 546
365 549
365 593
365 621
365 646
366 367
366 397
366 412
366 414
366 441
366 465
366 481
366 501
366 505
366 515
366 563
366 618
366 630
366 631
366 637
367 389
367 417
367 430
367 437
367 450
367 460
367 468
367 486
367 503
367 504
367 508
367 523
367 575
367 586
367 587
367 626
367 645
367 687
368 371
368 388
368 434
368 439
368 453
368 467
368 470
368 476
368 506
368 508
368 530
368 545
368 563
368 564
368 566
368 607
368 636
368 689
369 371
369 384
369 401
369 415
369 427
369 433
369 488
369 552
369 559
369 615
369 624
369 627
369 637
369 639
369 642
369 647
369 650
370 371
370 374
370 377
370 390
370 406
370 433
370 498
370 519
370 625
371 398
371 422
371 457
371 463
371 514
371 532
371 561
371 583
371 618
371 650
372 377
372 407
372 410
372 422
372 434
372 440
372 442
372 467
372 512
372 563
372 577
372 580
372 585
372 626
372 630
372 646
372 679
373 389
373 392
373 403
373 428
373 440
373 452
373 456
373 511
373 519
373 596
373 615
373 628
373 635
373 636
373 678
374 389
374 406
374 416
374 420
374 469
374 481
374 492
374 502
374 523
374 525
374 529
374 645
375 384
375 389
375 398
375 423
375 425
375 430
375 438
375 447
375 461
375 488
375 513
375 535
375 549
375 558
375 578
375 587
375 588
375 596
375 601
375 609
375 629
375 631
375 637
375 648
376 429
376 464
376 485
376 493
376 501
376 532
376 537
376 595
376 603
376 630
377 383
377 390
377 400
377 417
377 428
377 434
377 441
377 450
377 464
377 473
377 483
377 485
377 486
377 524
377 529
377 531
377 534
377 569
377 583
377 586
377 590
377 607
378 384
378 389
378 390
378 400
378 406
378 426
378 448
378 467
378 468
378 490
378 495
378 497
378 513
378 524
378 540
378 554
378 557
378 566
378 587
378 595
378 603
378 619
378 645
379 387
379 389
379 396
379 415
379 437
379 442
379 463
379 469
379 470
379 540
379 559
379 577
379 586
379 588
379 627
379 635
379 648
380 388
380 402
380 466
380 480
380 489
380 496
380 503
380 540
380 570
380 579
380 600
380 613
380 618
380 621
381 400
381 403
381 420
381 434
381 444
381 460
381 463
381 482
381 508
381 566
381 578
381 582
382 386
382 412
382 428
382 432
382 452
382 499
382 506
382 576
382 593
382 609
382 633
382 685
383 400
383 429
383 437
383 442
383 444
383 474
383 495
383 508
383 528
383 529
383 550
383 552
383 562
383 590
383 646
383 697
384 403
384 413
384 415
384 439
384 449
384 489
384 493
384 514
384 517
384 527
384 528
384 544
384 551
384 562
384 595
384 596
384 608
384 611
384 615
384 616
385 403
385 407
385 418
385 449
385 457
385 497
385 507
385 519
385 526
385 565
385 576
385 577
385 588
385 619
385 695
386 411
386 420
386 436
386 441
386 461
386 465
386 473
386 494
386 514
386 542
386 545
386 592
386 596
386 632
386 648
387 420
387 437
387 476
387 512
387 523
387 529
387 559
387 568
387 616
387 635
387 637
388 427
388 428
388 434
388 435
388 440
388 480
388 533
388 534
388 579
388 612
388 622
388 639
389 414
389 416
389 434
389 449
389 450
389 520
389 590
389 597
389 599
389 611
389 637
389 649
390 392
390 407
390 409
390 414
390 420
390 423
390 455
390 456
390 495
390 505
390 506
390 510
390 515
390 532
390 541
390 560
390 609
390 635
390 645
391 392
391 416
391 418
391 420
391 448
391 463
391 469
391 556
391 570
391 609
391 618
391 633
391 634
392 419
392 443
392 446
392 455
392 468
392 488
392 525
392 545
392 552
392 554
392 558
392 580
392 581
392 586
392 600
392 616
392 623
392 636
393 398
393 405
393 442
393 443
393 452
393 472
393 475
393 483
393 489
393 507
393 511
393 520
393 543
393 544
393 586
393 587
393 621
393 638
394 442
394 444
394 447
394 462
394 478
394 509
394 510
394 547
394 557
394 570
394 576
394 607
394 624
394 638
394 639
394 687
395 409
395 411
395 434
395 467
395 485
395 503
395 517
395 542
395 559
395 562
395 591
395 680
396 398
396 399
396 401
396 420
396 422
396 487
396 511
396 513
396 518
396 519
396 528
396 542
396 554
396 559
396 563
396 571
396 600
396 616
396 639
396 642
396 643
397 436
397 470
397 483
397 498
397 508
397 526
397 589
397 597
397 611
397 625
397 631
397 645
398 411
398 414
398 417
398 427
398 435
398 455
398 468
398 507
398 515
398 522
398 553
398 555
398 558
398 583
398 599
398 629
398 645
399 413
399 444
399 459
399 489
399 490
399 541
399 557
399 583
399 591
399 595
399 622
400 462
400 472
400 487
400 499
400 502
400 522
400 535
400 553
400 564
400 601
400 631
400 634
400 645
401 415
401 416
401 432
401 434
401 444
401 487
401 538
401 542
401 599
401 647
401 677
402 445
402 472
402 499
402 506
402 533
402 536
402 538
402 582
403 420
403 428
403 446
403 465
403 553
403 558
403 563
403 604
403 615
403 628
403 634
403 637
403 640
404 413
404 425
404 439
404 448
404 463
404 467
404 474
404 487
404 488
404 536
405 407
405 409
405 411
405 413
405 428
405 430
405 452
405 456
405 489
405 519
405 521
405 533
405 538
405 548
405 549
405 554
405 561
405 575
405 578
405 645
406 434
406 441
406 455
406 464
406 475
406 476
406 478
406 497
406 500
406 525
406 549
406 553
406 554
406 556
406 575
406 587
406 592
406 601
406 608
406 614
406 616
406 621
406 631
406 633
407 417
407 448
407 449
407 453
407 465
407 467
407 468
407 476
407 502
407 529
407 573
407 579
407 587
407 601
407 633
407 649
407 689
408 410
408 442
408 445
408 452
408 458
408 492
408 495
408 516
408 517
408 521
408 527
408 533
408 542
408 547
408 563
408 565
408 578
408 589
408 601
408 613
408 644
409 410
409 421
409 456
409 485
409 503
409 533
409 544
409 615
409 625
410 417
410 429
410 430
410 468
410 472
410 478
410 511
410 524
410 584
410 586
410 600
410 639
410 642
410 644
410 645
411 425
411 430
411 437
411 443
411 485
411 495
411 499
411 501
411 515
411 527
411 586
411 604
411 607
411 620
411 629
411 632
411 650
412 423
412 449
412 457
412 467
412 476
412 516
412 521
412 532
412 538
412 542
412 543
412 555
412 558
412 561
412 581
412 585
412 588
412 636
413 433
413 478
413 485
413 495
413 505
413 536
413 539
413 543
413 559
413 581
413 582
413 586
413 590
413 604
413 625
413 643
413 650
414 432
414 437
414 442
414 456
414 471
414 495
414 498
414 501
414 508
414 525
414 537
414 592
414 614
414 620
414 646
414 650
415 438
415 443
415 470
415 473
415 487
415 495
415 499
415 513
415 517
415 545
415 549
415 578
415 619
416 435
416 444
416 446
416 456
416 488
416 504
416 509
416 536
416 542
416 589
416 591
416 610
416 615
416 618
416 628
416 650
417 427
417 443
417 447
417 457
417 499
417 541
417 544
417 579
417 597
417 611
417 630
417 644
417 649
418 423
418 456
418 459
418 466
418 472
418 491
418 502
418 517
418 524
418 526
418 528
418 531
418 544
418 558
418 568
418 578
418 605
418 648
419 432
419 458
419 463
419 486
419 488
419 523
419 558
419 585
419 615
419 616
419 622
419 642
420 430
420 439
420 448
420 485
420 511
420 524
420 526
420 545
420 587
420 594
420 640
420 642
420 645
421 425
421 462
421 495
421 510
421 511
421 529
421 540
421 560
421 580
421 596
421 598
421 606
421 612
421 613
421 649
421 680
422 439
422 449
422 461
422 487
422 502
422 508
422 510
422 515
422 518
422 520
422 575
422 588
422 597
422 600
422 616
422 635
422 642
423 428
423 436
423 439
423 460
423 471
423 475
423 483
423 487
423 492
423 528
423 533
423 539
423 543
423 544
423 555
423 558
423 560
423 562
423 569
423 575
423 580
423 591
423 605
424 431
424 459
424 484
424 485
424 496
424 497
424 500
424 513
424 521
424 522
424 539
424 564
424 603
424 631
424 648
425 434
425 441
425 442
425 463
425 478
425 479
425 489
425 503
425 530
425 534
425 557
425 561
425 564
425 565
425 584
425 606
425 630
425 695
426 431
426 445
426 455
426 485
426 490
426 496
426 499
426 526
426 571
426 587
426 590
426 595
426 601
426 603
426 609
426 617
426 618
426 624
426 647
427 432
427 449
427 523
427 537
427 538
427 588
427 607
427 619
427 633
427 636
427 677
428 430
428 435
428 445
428 469
428 479
428 506
428 507
428 522
428 529
428 542
428 591
428 601
428 603
428 606
428 618
428 621
428 630
429 442
429 447
429 449
429 481
429 502
429 505
429 507
429 539
429 575
429 599
429 620
429 636
429 643
430 435
430 516
430 533
430 538
430 542
430 581
430 588
430 604
430 607
430 627
430 632
430 644
430 649
430 650
430 696
431 442
431 447
431 474
431 486
431 504
431 509
431 520
431 583
431 596
431 623
432 462
432 468
432 471
432 476
432 480
432 492
432 495
432 542
432 554
432 571
432 582
432 592
432 596
432 608
432 632
432 676
433 448
433 456
433 469
433 471
433 479
433 489
433 506
433 525
433 526
433 537
433 539
433 546
433 560
433 564
433 588
433 610
433 614
433 619
433 622
433 632
433 642
434 438
434 440
434 447
434 468
434 469
434 481
434 507
434 509
434 513
434 518
434 522
434 566
434 577
434 594
434 596
434 597
434 611
434 630
434 632
434 638
434 645
434 648
434 649
435 436
435 492
435 498
435 499
435 522
435 551
435 596
435 598
435 609
435 636
435 641
435 645
435 649
436 440
436 451
436 459
436 491
436 495
436 497
436 501
436 504
436 509
436 544
436 553
436 588
436 590
436 594
436 611
436 624
436 627
437 445
437 460
437 485
437 527
437 534
437 536
437 540
437 553
437 577
437 596
437 611
437 616
437 646
437 697
438 445
438 446
438 447
438 458
438 465
438 492
438 510
438 523
438 541
438 546
438 551
438 556
438 561
438 563
438 598
438 609
438 616
438 628
438 643
438 648
439 454
439 500
439 502
439 613
439 622
439 645
440 446
440 474
440 478
440 486
440 495
440 502
440 511
440 512
440 585
440 590
440 608
440 609
440 637
440 645
441 450
441 462
441 466
441 478
441 489
441 495
441 508
441 523
441 530
441 553
441 557
441 573
441 581
441 587
441 589
441 601
442 467
442 469
442 473
442 495
442 500
442 522
442 527
442 540
442 543
442 544
442 607
442 617
442 629
442 631
442 632
443 460
443 466
443 467
443 472
443 486
443 507
443 518
443 524
443 547
443 555
443 572
443 620
443 633
443 689
444 467
444 468
444 471
444 495
444 497
444 501
444 513
444 515
444 538
444 550
444 595
444 606
444 626
444 627
445 453
445 469
445 499
445 507
445 519
445 530
445 541
445 558
445 563
445 575
445 577
445 592
445 605
445 615
445 620
445 622
445 624
445 627
446 448
446 542
446 554
446 583
446 615
446 636
446 640
447 450
447 455
447 484
447 495
447 516
447 533
447 555
447 567
447 587
447 624
447 632
447 646
448 463
448 487
448 505
448 516
448 537
448 559
448 566
448 569
448 575
448 583
448 586
448 591
448 607
448 609
448 610
448 613
448 697
449 451
449 453
449 467
449 482
449 514
449 519
449 535
449 549
449 558
449 562
449 579
449 584
449 605
449 628
449 646
450 451
450 497
450 500
450 512
450 519
450 525
450 527
450 559
450 575
450 585
450 613
450 616
450 620
450 629
450 636
450 637
450 641
450 644
451 454
451 473
451 483
451 495
451 523
451 606
451 689
452 476
452 478
452 479
452 484
452 497
452 540
452 544
452 549
452 583
452 595
452 606
452 607
452 608
452 614
452 630
452 639
452 648
452 683
453 460
453 478
453 483
453 486
453 553
453 555
453 582
453 596
453 605
453 632
453 647
454 475
454 485
454 495
454 510
454 547
454 554
454 563
454 569
454 572
454 621
454 624
454 625
454 632
454 638
454 643
454 644
455 461
455 463
455 465
455 473
455 508
455 509
455 520
455 525
455 526
455 530
455 533
455 555
455 566
455 573
455 591
455 606
455 618
455 634
455 639
456 481
456 488
456 502
456 511
456 513
456 515
456 516
456 523
456 541
456 558
456 572
456 577
456 590
456 643
456 645
457 499
457 536
457 549
457 551
457 571
457 579
457 580
457 587
457 589
457 622
457 627
457 638
458 494
458 510
458 511
458 519
458 534
458 535
458 565
458 576
458 579
458 581
458 592
458 604
458 605
458 607
458 611
458 637
458 639
459 467
459 491
459 501
459 504
459 516
459 528
459 534
459 535
459 553
459 565
459 567
459 570
459 592
459 593
459 595
459 599
459 604
459 613
459 623
459 633
459 635
459 639
459 686
460 481
460 499
460 502
460 526
460 533
460 535
460 550
460 590
460 632
460 639
460 643
461 469
461 479
461 486
461 488
461 490
461 499
461 504
461 512
461 538
461 554
461 570
461 571
461 595
461 605
461 625
461 650
462 471
462 479
462 489
462 496
462 516
462 543
462 553
462 570
462 576
462 589
462 594
462 606
462 608
462 610
462 611
462 619
463 474
463 492
463 516
463 528
463 538
463 576
463 577
463 584
463 596
463 604
463 609
463 611
464 467
464 471
464 487
464 507
464 519
464 534
464 538
464 556
464 567
464 584
464 603
464 608
464 642
465 471
465 479
465 488
465 494
465 514
465 527
465 549
465 570
465 577
465 578
465 589
465 590
465 598
465 599
465 601
465 617
465 628
465 640
465 646
466 471
466 475
466 476
466 479
466 498
466 501
466 511
466 512
466 516
466 571
466 574
466 585
466 590
466 600
466 610
466 635
466 648
466 696
467 472
467 479
467 513
467 524
467 533
467 556
467 558
467 571
467 586
467 606
467 610
467 618
467 621
467 649
467 679
468 492
468 500
468 546
468 553
468 554
468 564
468 575
468 589
468 628
469 470
469 483
469 498
469 500
469 504
469 514
469 549
469 562
469 578
469 580
469 600
469 610
469 622
469 624
469 625
469 633
469 650
470 483
470 493
470 497
470 504
470 522
470 529
470 543
470 555
470 572
470 580
470 586
470 588
470 593
470 609
470 611
470 636
471 488
471 491
471 499
471 508
471 524
471 528
471 530
471 542
471 551
471 553
471 567
471 572
471 596
471 597
471 601
471 611
471 613
471 615
471 626
471 628
472 478
472 479
472 488
472 501
472 507
472 516
472 518
472 531
472 539
472 546
472 556
472 566
472 568
472 569
472 576
472 584
472 601
472 611
472 619
472 631
472 645
473 479
473 486
473 494
473 497
473 517
473 535
473 547
473 551
473 552
473 559
473 576
473 577
473 581
473 595
473 604
473 606
473 616
473 633
473 634
473 648
474 487
474 496
474 514
474 529
474 535
474 544
474 547
474 562
474 582
474 595
474 597
474 603
474 622
474 625
474 630
474 635
474 697
475 482
475 504
475 513
475 520
475 534
475 553
475 566
475 588
475 589
475 603
475 610
475 612
475 622
475 638
475 644
476 507
476 508
476 509
476 513
476 545
476 569
476 586
476 589
476 592
476 610
476 624
476 676
477 526
477 538
477 544
477 545
477 575
477 646
477 695
478 480
478 487
478 501
478 512
478 536
478 537
478 538
478 541
478 551
478 553
478 557
478 588
478 597
478 599
478 611
478 623
479 483
479 494
479 496
479 499
479 506
479 516
479 521
479 546
479 567
479 580
479 584
480 481
480 487
480 499
480 501
480 502
480 503
480 508
480 521
480 528
480 537
480 564
480 574
480 575
480 578
480 581
480 584
480 609
480 622
480 626
481 484
481 493
481 495
481 497
481 512
481 522
481 526
481 537
481 538
481 539
481 542
481 547
481 549
481 559
481 570
481 585
481 589
481 609
481 626
481 642
481 650
481 687
482 496
482 505
482 515
482 519
482 528
482 555
482 563
482 582
482 591
482 594
482 618
482 621
482 624
482 626
482 629
482 630
482 634
482 644
483 497
483 508
483 522
483 526
483 533
483 538
483 549
483 551
483 552
483 553
483 572
483 579
483 580
483 583
483 584
483 587
483 595
483 605
483 606
483 611
483 612
483 626
483 628
483 677
484 546
484 557
484 571
484 590
484 630
484 634
484 636
484 639
484 645
485 504
485 517
485 551
485 554
485 571
485 576
485 579
485 588
485 598
485 617
485 623
485 637
486 499
486 501
486 510
486 528
486 529
486 530
486 536
486 542
486 550
486 551
486 552
486 564
486 608
486 618
486 632
486 647
487 503
487 508
487 529
487 536
487 549
487 551
487 562
487 563
487 575
487 578
487 589
487 593
487 595
487 599
487 642
487 644
488 489
488 516
488 519
488 529
488 539
488 553
488 565
488 568
488 570
488 574
488 584
488 605
488 647
488 679
489 491
489 496
489 539
489 558
489 577
489 601
489 602
489 634
490 507
490 512
490 548
490 560
490 572
490 580
490 593
490 597
490 604
490 626
490 633
490 647
491 496
491 513
491 522
491 538
491 546
491 549
491 553
491 569
491 571
491 591
491 614
491 615
491 636
491 638
491 646
491 647
492 495
492 500
492 510
492 525
492 529
492 530
492 542
492 545
492 551
492 584
492 611
492 613
492 621
492 632
492 640
492 642
492 650
492 697
493 526
493 529
493 531
493 559
493 574
493 598
493 616
493 628
493 631
493 637
493 697
494 520
494 524
494 528
494 570
494 604
494 606
494 635
495 522
495 530
495 535
495 559
495 568
495 570
495 572
495 584
495 588
495 589
495 594
495 613
495 617
495 628
495 634
495 640
495 650
496 511
496 529
496 534
496 537
496 542
496 543
496 552
496 556
496 568
496 578
496 585
496 607
496 610
496 646
496 649
497 506
497 513
497 514
497 515
497 561
497 566
497 596
497 598
497 600
497 602
497 623
497 629
497 649
498 500
498 511
498 518
498 538
498 547
498 551
498 565
498 570
498 574
498 577
498 588
498 590
498 615
498 625
498 626
498 632
498 643
498 646
499 505
499 515
499 522
499 526
499 530
499 536
499 540
499 543
499 560
499 561
499 578
499 584
499 596
499 607
499 631
499 636
499 646
500 501
500 514
500 522
500 531
500 539
500 553
500 568
500 572
500 582
500 585
500 586
500 590
500 606
500 610
500 614
500 631
500 632
500 634
500 636
500 645
500 649
501 550
501 552
501 561
501 564
501 581
501 588
501 589
501 593
501 599
501 611
501 612
501 633
501 634
501 643
502 514
502 526
502 530
502 531
502 546
502 571
502 572
502 579
502 583
502 586
502 610
502 618
502 633
502 636
502 647
502 677
503 516
503 532
503 544
503 547
503 549
503 551
503 570
503 576
503 584
503 586
503 593
503 599
503 606
503 607
503 634
503 646
503 650
504 508
504 514
504 524
504 541
504 550
504 551
504 553
504 565
504 575
504 576
504 591
504 596
504 599
504 601
505 519
505 520
505 529
505 554
505 558
505 575
505 593
505 596
505 604
505 614
505 625
506 512
506 520
506 528
506 531
506 538
506 568
506 580
506 581
506 586
506 593
506 609
506 615
506 618
506 624
506 626
506 639
507 513
507 528
507 530
507 534
507 542
507 547
507 550
507 560
507 562
507 588
507 589
507 594
507 605
507 616
507 623
507 628
507 636
507 648
507 650
507 679
508 533
508 538
508 541
508 566
508 568
508 571
508 573
508 575
508 583
508 589
508 592
508 593
508 600
508 622
508 634
508 636
508 638
509 511
509 513
509 524
509 544
509 547
509 548
509 550
509 554
509 562
509 567
509 573
509 576
509 581
509 587
509 589
509 593
509 599
509 608
509 618
509 623
509 624
509 628
509 633
509 635
509 636
509 642
509 648
509 650
510 513
510 515
510 520
510 522
510 536
510 540
510 550
510 557
510 578
510 579
510 605
510 623
510 625
510 630
510 637
510 647
511 513
511 529
511 536
511 543
511 559
511 572
511 574
511 599
511 604
511 613
511 615
511 617
511 622
511 643
511 647
512 525
512 536
512 541
512 542
512 563
512 569
512 570
512 572
512 573
512 574
512 591
512 598
512 604
512 605
512 609
512 613
512 617
512 626
512 627
512 631
512 632
512 646
512 648
513 516
513 521
513 523
513 525
513 538
513 544
513 545
513 550
513 566
513 569
513 570
513 579
513 586
513 587
513 598
513 600
513 605
513 608
513 610
513 616
513 620
513 628
513 629
513 632
513 635
513 643
513 644
514 528
514 540
514 544
514 547
514 569
514 572
514 581
514 593
514 615
514 619
514 632
514 644
515 516
515 528
515 533
515 547
515 552
515 583
515 584
515 591
515 593
515 594
515 597
515 606
515 608
515 625
515 642
515 644
515 645
515 647
515 649
516 524
516 526
516 541
516 547
516 548
516 559
516 563
516 567
516 573
516 583
516 595
516 596
516 612
516 615
516 624
516 628
516 639
517 521
517 535
517 541
517 553
517 555
517 559
517 571
517 572
517 584
517 588
517 601
517 615
517 630
517 633
517 637
517 642
518 526
518 531
518 542
518 546
518 550
518 563
518 573
518 575
518 580
518 582
518 588
518 618
518 629
518 634
518 637
518 644
518 647
519 520
519 521
519 522
519 523
519 565
519 574
519 587
519 597
519 603
519 609
519 612
519 614
519 619
519 623
519 628
519 647
520 528
520 534
520 539
520 545
520 546
520 549
520 555
520 556
520 563
520 590
520 592
520 634
520 638
520 639
520 640
521 538
521 541
521 547
521 561
521 607
521 608
521 619
521 636
521 650
521 685
522 548
522 551
522 553
522 560
522 562
522 570
522 576
522 584
522 608
522 615
522 620
522 622
522 639
523 532
523 544
523 558
523 562
523 574
523 579
523 580
523 606
523 610
523 617
523 637
524 527
524 539
524 544
524 550
524 569
524 573
524 588
524 594
524 595
524 603
524 604
524 606
524 608
524 640
525 531
525 538
525 544
525 549
525 560
525 571
525 584
525 603
525 611
526 531
526 532
526 535
526 538
526 546
526 562
526 567
526 569
526 584
526 588
526 593
526 599
526 621
526 624
526 627
526 628
526 632
526 633
526 635
526 648
527 531
527 533
527 536
527 545
527 548
527 556
527 557
527 568
527 569
527 570
527 574
527 576
527 584
527 594
527 598
527 616
527 618
527 619
527 627
527 635
527 636
528 533
528 539
528 540
528 541
528 547
528 570
528 572
528 592
528 595
528 605
528 612
528 617
528 618
528 620
528 625
528 630
528 637
528 638
528 644
528 645
529 538
529 553
529 568
529 575
529 593
529 594
529 596
529 601
529 606
529 609
529 612
530 537
530 541
530 553
530 554
530 557
530 565
530 578
530 588
530 604
530 606
530 611
530 614
530 628
530 631
530 632
530 633
531 532
531 537
531 544
531 554
531 569
531 571
531 606
531 615
531 618
531 623
531 628
531 643
531 644
532 549
532 551
532 552
532 558
532 560
532 565
532 566
532 572
532 575
532 577
532 595
532 596
532 613
532 625
532 627
532 639
532 645
532 648
533 535
533 541
533 548
533 552
533 556
533 560
533 562
533 615
533 626
533 629
533 632
533 634
533 635
533 636
533 637
533 641
533 646
533 648
534 540
534 545
534 552
534 556
534 558
534 567
534 572
534 586
534 593
534 603
534 608
534 640
535 539
535 554
535 564
535 568
535 576
535 580
535 582
535 588
535 590
535 593
535 596
535 603
535 605
535 614
535 630
535 642
535 647
536 537
536 541
536 547
536 551
536 568
536 573
536 579
536 584
536 587
536 588
536 590
536 598
536 604
536 606
536 609
536 611
536 618
536 619
536 630
537 542
537 549
537 551
537 555
537 559
537 563
537 582
537 589
537 591
537 612
537 640
537 643
537 648
538 555
538 577
538 580
538 586
538 588
538 599
538 603
538 618
538 627
538 638
538 646
538 650
539 552
539 559
539 575
539 580
539 586
539 612
539 624
539 626
539 628
539 643
539 645
539 647
540 548
540 561
540 564
540 601
540 610
540 621
540 624
540 626
540 631
540 635
540 641
541 543
541 544
541 552
541 558
541 559
541 564
541 576
541 582
541 600
541 606
541 649
541 677
542 543
542 544
542 551
542 552
542 553
542 564
542 575
542 579
542 584
542 585
542 586
542 593
542 601
542 604
542 608
542 615
542 616
542 638
542 639
543 557
543 559
543 575
543 577
543 585
543 594
543 616
543 620
543 624
543 625
543 630
543 635
543 639
543 643
544 550
544 565
544 572
544 578
544 588
544 604
544 617
544 624
544 625
544 627
544 630
544 632
544 635
544 637
544 648
544 649
545 548
545 559
545 563
545 566
545 570
545 576
545 585
545 605
545 613
545 624
545 630
545 631
545 640
545 645
546 558
546 576
546 590
546 593
546 597
546 600
546 607
546 628
546 635
546 637
546 648
547 561
547 562
547 566
547 567
547 573
547 582
547 584
547 590
547 594
547 595
547 608
547 610
547 612
547 618
547 619
547 623
547 627
547 639
547 649
548 549
548 551
548 558
548 559
548 571
548 575
548 576
548 580
548 593
548 594
548 596
548 598
548 599
548 611
548 614
548 623
548 628
548 630
548 638
548 641
548 644
548 646
549 551
549 556
549 560
549 564
549 565
549 574
549 593
549 594
549 610
549 618
549 619
549 624
549 627
549 631
549 636
549 637
549 648
550 552
550 554
550 564
550 567
550 581
550 585
550 598
550 599
550 604
550 622
550 630
550 638
550 642
550 646
551 556
551 561
551 566
551 573
551 587
551 591
551 599
551 632
551 634
551 638
552 564
552 566
552 572
552 584
552 587
552 600
552 603
552 608
552 612
552 631
552 632
552 633
552 637
552 646
552 648
553 555
553 572
553 583
553 595
553 596
553 599
553 608
553 615
553 617
553 634
553 638
553 646
553 648
554 571
554 579
554 581
554 603
554 620
554 633
554 636
554 643
554 647
555 556
555 561
555 565
555 568
555 580
555 600
555 603
555 605
555 613
555 620
555 626
555 627
555 629
555 631
555 634
555 642
555 649
556 557
556 563
556 575
556 581
556 582
556 589
556 601
556 604
556 612
556 633
556 636
556 639
556 640
556 642
556 677
557 558
557 561
557 574
557 584
557 591
557 601
557 603
557 604
557 606
557 627
557 629
557 630
557 639
557 643
557 649
557 650
558 561
558 571
558 573
558 599
558 600
558 601
558 603
558 610
558 620
558 625
558 633
558 634
558 638
558 642
558 644
559 567
559 572
559 582
559 584
559 596
559 597
559 607
559 617
559 619
559 627
559 630
559 631
559 641
559 644
559 645
559 648
559 649
560 562
560 573
560 576
560 591
560 597
560 603
560 604
560 617
560 623
560 633
560 637
561 562
561 566
561 568
561 575
561 583
561 586
561 588
561 589
561 597
561 601
561 607
561 611
561 618
561 622
561 633
561 636
561 637
561 640
561 650
562 564
562 571
562 574
562 577
562 579
562 580
562 588
562 590
562 606
562 608
562 613
562 621
562 623
562 624
562 625
562 642
562 644
562 648
562 649
562 680
563 575
563 578
563 583
563 584
563 588
563 590
563 595
563 608
563 609
563 612
563 613
563 623
563 632
563 637
563 638
563 641
563 642
563 645
563 646
563 649
563 650
564 565
564 566
564 572
564 578
564 579
564 582
564 594
564 600
564 606
564 607
564 612
564 613
564 614
564 617
564 631
564 634
564 635
564 636
564 640
564 643
564 649
565 586
565 607
565 614
565 620
565 631
565 637
565 639
566 568
566 574
566 577
566 586
566 587
566 589
566 593
566 599
566 610
566 611
566 626
566 628
566 631
566 634
566 636
566 639
566 644
567 568
567 572
567 573
567 574
567 578
567 586
567 589
567 603
567 605
567 612
567 617
567 623
567 626
567 628
567 649
568 572
568 576
568 593
568 594
568 599
568 601
568 614
568 621
568 633
568 647
568 648
568 650
569 571
569 574
569 575
569 578
569 595
569 597
569 608
569 610
569 611
569 616
569 624
569 625
569 626
569 634
569 639
569 640
570 572
570 581
570 582
570 600
570 614
570 620
570 630
570 637
570 638
571 577
571 580
571 581
571 590
571 599
571 603
571 608
571 621
571 625
571 628
571 631
571 637
571 649
572 577
572 578
572 579
572 603
572 604
572 606
572 609
572 618
572 632
572 635
572 636
572 637
572 645
572 649
573 574
573 575
573 576
573 580
573 581
573 585
573 589
573 590
573 591
573 592
573 597
573 603
573 605
573 606
573 611
573 613
573 614
573 619
573 623
573 625
573 627
573 631
573 636
573 641
573 648
574 577
574 578
574 582
574 585
574 591
574 592
574 596
574 598
574 599
574 606
574 607
574 610
574 624
574 626
574 628
574 631
574 633
574 642
575 580
575 582
575 590
575 605
575 607
575 614
575 616
575 632
575 638
575 640
575 642
575 647
576 583
576 585
576 590
576 593
576 598
576 608
576 616
576 621
576 623
576 624
576 626
576 642
576 644
576 645
576 647
577 587
577 590
577 592
577 595
577 596
577 600
577 601
577 603
577 604
577 607
577 611
577 618
577 620
577 627
577 630
577 631
577 633
577 636
577 648
578 583
578 584
578 587
578 589
578 597
578 598
578 604
578 606
578 615
578 622
578 630
578 633
578 639
578 641
578 646
578 647
578 648
578 650
579 581
579 582
579 593
579 598
579 600
579 605
579 617
579 621
579 622
579 634
579 638
580 582
580 586
580 589
580 590
580 595
580 597
580 600
580 603
580 608
580 610
580 623
580 628
580 640
580 649
581 583
581 585
581 589
581 590
581 594
581 597
581 598
581 600
581 612
581 613
581 614
581 624
581 630
581 635
581 641
581 647
581 649
581 681
582 597
582 599
582 601
582 608
582 610
582 613
582 617
582 624
582 625
582 626
582 631
582 632
582 633
582 635
582 647
583 587
583 589
583 595
583 604
583 607
583 608
583 610
583 618
583 620
583 623
583 626
583 627
583 629
583 645
584 592
584 594
584 608
584 611
584 624
584 625
584 642
584 643
584 645
584 649
585 587
585 591
585 596
585 601
585 605
585 607
585 614
585 618
585 621
585 622
585 624
585 634
585 636
585 640
585 645
585 646
585 650
586 587
586 589
586 591
586 600
586 609
586 611
586 612
586 623
586 628
586 634
586 636
586 640
586 646
587 597
587 598
587 601
587 619
587 621
587 624
587 626
587 627
587 629
587 633
587 635
587 641
588 590
588 596
588 599
588 601
588 605
588 619
588 622
588 629
588 630
588 633
588 634
588 638
588 639
588 640
588 642
589 592
589 595
589 605
589 608
589 610
589 612
589 616
589 621
589 622
589 627
589 628
589 629
589 634
589 636
589 637
589 645
589 646
589 647
589 649
590 594
590 600
590 604
590 605
590 607
590 611
590 613
590 615
590 620
590 626
590 629
590 631
590 633
590 649
591 592
591 596
591 598
591 603
591 605
591 607
591 609
591 612
591 616
591 617
591 630
591 635
591 636
591 644
591 645
591 647
591 650
591 686
592 593
592 595
592 601
592 610
592 611
592 615
592 621
592 622
592 631
592 636
592 638
592 643
592 646
592 686
593 596
593 599
593 605
593 606
593 607
593 620
593 629
593 631
593 633
593 637
593 641
593 642
593 650
594 603
594 605
594 611
594 615
594 624
594 625
594 626
594 628
594 630
594 647
595 596
595 610
595 618
595 619
595 624
595 630
595 637
595 639
595 640
595 642
595 646
595 647
595 648
596 597
596 601
596 604
596 605
596 607
596 611
596 613
596 617
596 622
596 623
596 629
596 634
596 635
596 636
597 604
597 610
597 613
597 616
597 622
597 623
597 624
597 627
597 630
597 634
597 635
597 638
597 647
597 649
597 686
598 600
598 615
598 617
598 618
598 619
598 622
598 627
598 633
598 634
598 635
598 638
598 640
598 642
598 643
598 645
599 606
599 607
599 612
599 627
599 633
599 635
599 641
599 643
599 649
599 687
600 605
600 614
600 620
600 622
600 628
600 632
600 637
600 645
600 649
601 603
601 604
601 606
601 610
601 616
601 623
601 626
601 627
601 628
601 633
601 646
601 648
601 649
601 650
602 619
602 627
602 676
603 609
603 618
603 619
603 621
603 625
603 629
603 633
603 636
603 640
603 643
603 645
603 650
604 611
604 612
604 614
604 617
604 621
604 625
604 626
604 627
604 628
604 629
604 630
604 634
604 643
604 650
605 607
605 608
605 609
605 611
605 615
605 616
605 617
605 619
605 620
605 622
605 623
605 624
605 626
605 628
605 632
605 637
605 649
606 609
606 614
606 621
606 625
606 626
606 627
606 629
606 631
606 633
606 634
606 635
606 636
606 637
606 639
606 640
606 648
606 649
607 609
607 611
607 612
607 614
607 617
607 618
607 621
607 622
607 623
607 624
607 625
607 629
607 630
607 631
607 633
607 634
607 638
607 640
607 645
607 647
607 649
608 613
608 614
608 616
608 621
608 625
608 627
608 628
608 631
608 632
608 633
608 636
608 639
608 644
608 646
608 650
609 616
609 617
609 620
609 631
609 633
609 634
609 638
609 641
609 642
609 643
610 612
610 613
610 614
610 617
610 619
610 620
610 633
610 635
610 636
610 642
610 643
611 616
611 620
611 621
611 626
611 631
611 632
611 633
611 639
611 650
612 614
612 618
612 620
612 621
612 624
612 625
612 626
612 631
612 636
612 640
612 642
612 644
612 645
612 646
612 650
613 616
613 617
613 626
613 629
613 631
613 632
613 633
613 634
613 636
613 639
613 641
613 642
613 645
614 617
614 619
614 621
614 628
614 629
614 633
614 642
614 643
614 649
615 622
615 625
615 627
615 628
615 631
615 633
615 639
615 641
615 642
615 643
615 644
616 617
616 621
616 622
616 623
616 624
616 627
616 628
616 630
616 631
616 633
616 634
616 639
616 642
616 647
616 648
616 649
617 619
617 620
617 624
617 626
617 627
617 630
617 632
617 635
617 636
617 645
617 648
617 649
618 620
618 621
618 624
618 626
618 628
618 632
618 633
618 637
618 638
618 640
618 645
618 650
619 622
619 623
619 624
619 627
619 629
619 630
619 632
619 638
619 640
619 643
619 649
619 650
620 621
620 623
620 624
620 625
620 627
620 631
620 635
620 637
620 642
620 644
620 646
620 647
620 648
620 649
621 622
621 627
621 630
621 631
621 634
621 640
621 641
621 643
621 644
621 645
621 646
621 649
621 650
622 625
622 626
622 627
622 629
622 630
622 631
622 633
622 635
622 639
622 642
622 645
622 649
623 624
623 625
623 630
623 631
623 633
623 636
623 639
623 640
623 642
623 644
623 646
623 647
623 648
623 649
624 631
624 634
624 637
624 638
624 640
624 642
624 643
624 644
624 646
624 650
625 627
625 628
625 632
625 633
625 636
625 637
625 638
625 639
625 640
625 641
625 642
625 648
625 650
626 628
626 629
626 632
626 633
626 635
626 637
626 638
626 639
626 643
626 644
626 645
626 647
626 648
626 650
627 628
627 630
627 633
627 634
627 635
627 637
627 638
627 639
627 641
627 642
627 643
627 645
627 648
627 649
628 629
628 630
628 631
628 633
628 634
628 635
628 638
628 639
628 640
628 642
628 643
628 644
628 645
628 647
628 650
629 630
629 632
629 633
629 640
629 641
629 642
629 644
629 646
629 650
630 631
630 634
630 636
630 639
630 640
630 641
630 643
630 644
630 645
630 647
630 648
630 649
631 633
631 634
631 636
631 639
631 640
631 641
631 642
631 643
631 644
631 646
631 647
631 649
631 650
632 636
632 638
632 642
632 643
632 644
632 646
632 647
632 648
633 635
633 637
633 638
633 639
633 640
633 641
633 642
633 643
633 645
633 646
633 647
633 648
633 649
633 650
634 635
634 636
634 637
634 639
634 644
634 647
634 648
634 649
634 650
635 636
635 639
635 640
635 641
635 643
635 644
635 645
635 647
635 648
635 649
636 637
636 639
636 640
636 641
636 642
636 643
636 644
636 645
636 646
636 647
636 648
636 649
636 650
637 639
637 640
637 641
637 642
637 645
637 647
637 648
637 649
637 650
638 639
638 640
638 642
638 643
638 644
638 646
638 647
638 648
638 649
638 650
639 641
639 642
639 643
639 645
639 646
639 649
639 650
640 641
640 642
640 643
640 644
640 645
640 647
640 648
640 649
641 642
641 643
641 644
641 646
641 647
641 648
641 649
641 650
642 643
642 644
642 645
642 646
642 648
642 649
642 650
643 644
643 645
643 646
643 647
643 648
643 649
643 650
644 645
644 646
644 647
644 648
644 649
644 650
645 646
645 647
645 648
645 649
645 650
646 647
646 648
646 649
646 650
647 648
647 649
647 650
648 649
648 650
649 650
651 10
651 17
651 92
651 161
651 166
651 221
651 250
651 332
651 537
651 627
652 6
652 7
652 69
652 161
652 216
652 434
652 605
653 11
653 38
653 47
653 51
653 154
653 301
653 353
653 494
653 533
653 551
653 629
654 24
654 30
654 38
654 63
654 149
654 427
654 454
654 471
654 473
654 622
655 6
655 15
655 17
655 26
655 27
655 38
655 61
655 84
655 314
655 513
656 4
656 13
656 14
656 16
656 47
656 63
656 73
656 79
656 161
656 179
656 242
656 375
656 426
656 466
656 500
656 569
657 2
657 4
657 8
657 21
657 36
657 59
657 61
657 90
657 161
657 265
657 591
657 626
658 6
658 7
658 21
658 47
658 63
658 103
658 191
658 353
658 615
658 630
658 641
659 154
659 254
659 629
659 692
660 8
660 14
660 21
660 22
660 35
660 36
660 138
660 154
660 166
660 285
660 290
660 344
660 420
660 448
660 643
661 9
661 13
661 15
661 18
661 22
661 24
661 27
661 47
661 161
661 205
661 221
661 232
661 543
661 550
661 566
661 596
661 641
662 3
662 9
662 18
662 19
662 61
662 90
662 183
662 294
663 6
663 11
663 22
663 47
663 59
663 92
663 99
663 122
663 206
664 35
664 122
664 173
664 397
664 575
664 689
665 11
665 26
665 61
665 91
665 265
665 411
665 542
665 681
666 3
666 7
666 16
666 27
666 57
666 79
666 89
666 137
666 166
666 383
666 526
666 647
667 4
667 17
667 19
667 20
667 22
667 59
667 61
667 90
667 166
667 206
667 290
667 291
667 545
668 2
668 6
668 12
668 34
668 63
668 157
668 206
668 582
669 4
669 5
669 14
669 15
669 35
669 47
669 57
669 108
669 220
669 375
670 2
670 4
670 15
670 19
670 22
670 36
670 116
670 281
670 424
670 442
670 594
671 3
671 8
671 15
671 17
671 22
671 26
671 79
671 122
671 166
671 206
671 358
671 407
671 555
671 612
672 10
672 22
672 250
672 263
673 11
673 12
673 16
673 18
673 36
673 222
673 332
673 371
673 427
674 1
674 15
674 24
674 59
674 117
674 119
674 297
674 542
675 4
675 15
675 18
675 19
675 57
675 63
675 150
675 527
675 542
676 621
676 677
677 646
677 678
678 605
678 679
679 608
679 680
680 616
680 632
680 681
681 614
681 630
681 682
682 683
683 611
683 613
683 684
684 625
684 685
685 686
686 615
686 687
687 688
688 602
688 642
689 451
689 464
689 501
689 502
689 522
689 543
689 559
689 590
689 600
689 629
689 634
689 644
690 277
690 282
690 284
690 357
690 412
690 494
690 578
690 581
690 617
690 630
690 644
691 189
691 393
691 406
691 462
691 501
691 549
691 560
691 643
691 644
692 1
692 27
692 693
693 694
694 380
694 494
694 659
695 480
695 517
695 597
695 607
695 635
695 649
695 696
696 477
696 489
696 521
696 572
696 629
697 493
697 503
697 506
697 535
697 605
697 639
698 414
698 581
698 648
698 699
699 317
699 318
699 486
699 504
699 519
699 541
699 600
699 649
700 187
700 198
700 213
700 269
700 319
700 398
700 403
700 407
700 427
700 524
700 542
700 574
700 600
700 699
