700 1057
1 1 1 1 1 79 170 1 1 42 79 1 128 109 45 1 326 67 30 1 1 17 217 79 436 112 65 21 85 32 48 47 17 7 437 90 120 125 8 36 38 239 25 127 238 164 396 86 432 105 39 136 39 472 45 28 49 265 104 102 98 279 180 114 111 2 11 161 243 492 67 288 16 18 25 40 195 131 140 463 165 60 20 153 53 155 87 235 222 114 121 128 427 13 55 398 20 18 31 314 120 441 298 184 181 116 115 483 233 145 59 266 89 233 100 253 142 55 205 13 179 29 129 14 359 32 12 284 222 34 63 335 27 265 38 32 279 44 86 74 204 134 369 99 99 56 161 82 156 22 48 175 33 152 40 408 27 312 227 371 10 51 78 219 233 300 172 81 174 150 469 176 224 218 187 66 427 10 133 233 93 410 110 281 125 23 283 164 5 271 7 191 45 348 106 72 139 181 93 256 275 143 31 67 90 260 26 14 203 385 219 311 157 225 139 32 222 97 145 208 4 176 83 40 76 269 339 189 11 143 142 187 87 145 157 46 151 240 308 116 33 187 385 120 159 272 26 243 145 27 346 185 246 290 25 33 105 98 5 48 542 113 60 116 21 116 164 11 66 265 18 18 216 50 231 124 125 16 28 50 56 231 24 157 134 47 356 18 28 144 89 92 15 22 78 136 56 110 356 27 54 11 248 207 357 195 155 342 163 119 117 302 43 99 17 390 124 223 185 333 205 203 346 326 104 78 144 46 345 18 251 133 40 141 48 177 76 20 205 350 370 58 34 92 284 55 45 375 220 115 417 43 48 72 279 15 400 93 90 44 131 201 37 56 26 99 257 74 26 22 192 199 220 100 322 186 152 15 28 149 267 105 26 120 59 192 3 67 87 53 264 25 65 9 4 256 69 284 224 58 199 163 44 407 84 332 47 184 222 13 14 148 104 321 176 420 174 51 16 36 53 267 10 113 7 116 105 390 125 107 33 241 174 163 74 69 59 190 132 108 2 593 126 81 118 77 34 170 16 173 219 59 240 18 31 13 72 213 25 82 383 14 270 173 88 40 383 24 14 116 142 134 202 126 91 248 126 430 86 113 262 254 196 119 304 19 268 177 235 103 77 173 50 157 127 11 20 181 76 74 184 232 118 154 83 53 68 212 394 96 178 92 312 65 541 193 78 32 289 24 91 48 9 217 79 249 262 309 238 271 107 58 193 205 252 50 240 297 30 178 134 202 234 211 492 291 125 96 104 169 61 98 102 388 268 103 233 184 179 2 37 31 27 236 128 166 53 105 91 2 169 62 312 30 102 93 57 76 184 98 322 54 303 160 35 258 48 101 259 27 88 230 444 405 74 108 35 150 168 174 172 96 170 187 59 249 70 57 84 102 67 114 162 245 239 90 378 7 6 277 81 262 24 123 61 266 279 73 179 15 87 46 114 250 3 365 57 10 40 63 49 84 69 74 127 364 156 34 243 6 124 257 297 331 118 17 90 204 75 301 276 251 3 139 64 256 208 104 140 75 329 104 416 45 426 352 134 60 98 122 13 127 16 100 118 174 66 441 233 5 63 544 133 282 161 445 496 290 32 62
49 13 21 17 3 32 63 4 3 90 93 29 84 57 42 4 99 65 65 2 36 68 72 76 95 68 62 83 99 18 99 70 93 92 86 78 90 49 71 58 65 30 96 66 70 68 50 94 83 55 72 99 99 82 57 90 70 77 86 73 77 85 61 85 85 75 97 72 98 96 90 81 82 98 59 76 99 96 81 92 93 87 93 27 85 73 85 94 77 87 97 90 70 99 81 97 80 76 98 68 98 42 73 95 93 96 96 56 82 79 86 91 88 65 90 56 90 100 96 98 94 96 38 86 95 96 86 32 85 75 94 89 70 76 89 71 99 100 96 77 97 72 94 82 76 89 97 92 71 74 91 77 64 82 91 71 97 54 84 87 57 96 75 79 88 89 99 73 63 60 92 39 89 99 86 81 95 96 80 85 92 63 92 94 94 89 46 94 90 94 91 81 96 78 96 63 83 97 92 85 95 99 66 77 90 60 83 95 91 92 80 54 100 82 97 91 63 90 70 62 80 100 94 78 53 80 68 88 79 76 63 95 86 56 99 93 93 89 72 78 87 65 62 55 77 100 88 80 74 62 71 71 97 89 74 69 64 89 67 89 91 78 69 99 91 82 98 39 98 83 98 92 58 78 83 86 60 57 98 91 89 74 87 66 52 64 89 90 34 62 97 97 98 89 95 92 83 97 88 86 78 62 64 53 64 76 80 97 93 94 77 61 73 99 67 98 85 100 76 82 95 96 96 54 90 89 95 76 68 89 67 43 84 99 92 75 83 96 95 61 88 34 29 76 95 92 89 95 94 60 76 90 74 95 83 83 90 93 93 62 79 88 81 76 89 94 98 85 98 33 89 75 97 60 75 80 70 95 84 93 95 73 96 94 93 46 57 97 43 79 54 87 90 73 95 92 86 62 80 73 52 95 89 93 72 56 91 66 94 87 96 99 97 60 100 90 90 97 90 64 96 98 80 52 69 98 95 80 51 62 55 96 46 37 51 93 98 86 87 86 54 89 72 93 96 78 74 57 34 100 81 80 93 62 73 89 100 96 69 41 42 100 85 98 89 56 90 95 31 96 89 70 44 94 82 83 97 98 61 91 84 97 99 72 71 79 98 92 64 87 90 80 90 98 83 58 93 90 52 82 85 88 89 55 86 92 52 89 86 64 92 96 97 88 92 57 67 96 88 90 88 41 85 72 70 77 72 55 98 68 83 80 100 97 97 67 68 84 99 63 100 98 63 99 84 67 82 82 90 53 90 85 76 58 83 85 84 100 89 97 99 84 79 96 94 90 90 86 98 86 76 84 87 95 57 99 82 58 95 62 81 73 79 98 73 62 79 86 99 58 81 74 73 86 70 65 97 94 71 61 57 83 87 64 58 37 51 89 71 99 88 64 98 100 94 97 97 72 78 90 90 87 79 98 68 85 96 72 73 52 93 89 97 72 79 96 82 89 98 94 60 54 91 100 83 73 54 94 76 91 83 89 62 79 88 89 96 77 97 68 66 66 62 86 83 79 82 79 92 72 84 81 83 92 92 70 39 74 93 69 81 100 96 27 89 63 67 90 62 97 98 72 90 85 98 90 64 100 73 92
1 31
2 6
2 11
2 32
3 25
3 33
3 35
4 17
4 22
4 36
5 7
5 37
6 17
6 18
6 22
6 29
6 36
7 23
7 34
7 36
8 26
8 35
9 10
9 14
9 37
10 17
10 18
10 19
11 13
11 17
11 34
11 35
12 26
13 14
13 15
13 18
13 23
13 24
13 27
15 29
15 39
16 22
16 30
16 34
17 33
17 37
18 27
19 31
19 33
19 39
20 24
20 30
20 32
20 700
21 26
21 35
22 24
22 27
23 30
23 37
23 38
23 39
24 27
24 29
24 30
25 37
25 39
25 40
26 28
27 29
28 29
28 40
28 700
31 34
31 700
33 40
34 35
34 37
34 38
39 40
41 1
41 3
41 15
41 24
42 684
43 2
43 8
43 20
44 3
44 5
44 12
44 23
45 5
45 20
45 21
45 37
46 20
46 21
47 689
48 4
48 5
49 8
49 15
49 21
50 1
50 12
50 21
50 34
51 3
52 2
52 33
53 8
53 20
53 32
54 533
55 479
56 8
57 16
57 27
57 30
57 700
58 3
58 4
59 1
59 13
60 5
60 38
61 8
61 12
61 22
62 2
62 686
63 1
63 8
63 9
64 2
64 8
64 12
64 20
65 1
65 9
66 8
66 12
66 15
66 21
67 678
68 4
68 16
68 18
68 30
68 33
69 3
69 4
69 21
69 35
70 2
70 8
70 21
70 36
71 5
71 18
72 12
73 1
73 4
73 21
74 1
74 4
74 12
74 22
74 34
74 38
75 8
75 12
76 2
76 12
76 21
76 38
77 12
78 1
78 12
79 8
79 15
79 39
80 9
80 20
80 697
81 1
81 9
81 20
81 37
82 3
82 9
83 2
83 19
83 20
84 4
84 21
84 25
85 3
85 20
85 26
86 8
86 16
87 2
87 9
87 36
88 20
88 34
89 8
89 9
89 20
90 4
90 9
91 2
91 21
92 16
93 4
93 5
93 16
93 24
94 12
94 27
95 1
95 13
95 14
95 20
96 682
97 16
98 12
99 4
99 22
100 8
101 3
101 9
101 20
102 16
103 4
103 5
103 8
103 12
104 9
104 16
105 5
106 1
107 5
107 16
107 35
108 1
108 3
108 8
108 21
109 12
109 16
110 8
111 1
112 4
112 12
113 5
113 7
113 12
114 1
114 10
114 35
115 2
115 5
116 5
116 30
117 3
117 12
117 16
117 23
118 16
118 20
118 21
119 16
119 21
120 1
120 9
120 27
121 599
122 8
122 14
122 37
123 1
124 2
124 9
124 20
124 21
125 16
125 30
125 40
126 16
126 20
126 36
127 2
127 9
127 20
128 4
128 16
129 2
129 3
129 8
129 9
129 20
130 3
130 21
131 4
131 6
132 12
133 7
133 9
133 19
133 20
133 38
134 3
134 13
134 30
135 5
135 8
135 35
136 9
136 16
137 2
137 21
138 4
138 19
138 20
139 3
139 5
139 9
139 20
140 1
140 2
140 12
141 3
142 16
142 17
142 19
143 8
144 1
144 12
144 24
144 38
145 12
145 22
146 1
146 4
147 680
148 436
149 1
149 4
149 21
150 9
150 12
151 14
151 16
151 21
152 1
153 20
153 23
154 4
154 16
154 37
155 3
155 7
155 21
156 1
156 16
157 1
157 2
158 2
159 1
160 5
160 14
161 8
161 9
162 8
162 14
162 32
163 4
163 16
163 20
163 39
164 5
164 12
165 9
165 40
166 12
166 26
166 694
167 1
167 3
167 31
167 33
168 9
169 1
169 8
169 20
169 37
170 21
171 5
171 16
171 34
172 16
172 35
173 5
173 9
174 9
175 20
175 21
175 23
175 31
176 20
176 687
177 12
178 4
178 18
179 20
179 21
180 20
181 21
181 36
182 20
182 23
183 1
183 699
184 8
184 20
185 8
185 13
185 20
186 21
186 22
186 40
187 9
187 12
187 16
187 24
188 3
188 21
188 30
189 1
189 25
189 34
190 4
190 20
191 2
191 5
191 16
192 3
192 4
192 21
193 1
193 9
193 37
194 3
195 2
195 12
195 16
196 1
197 3
197 8
197 16
198 9
198 20
199 1
199 4
199 16
200 5
200 21
201 3
201 20
202 12
203 20
204 16
204 20
204 21
205 2
205 9
205 12
205 29
206 3
207 4
207 12
208 1
208 12
208 14
208 16
208 31
209 2
209 4
210 2
210 16
210 37
211 9
212 21
212 40
213 1
213 3
214 3
214 5
214 17
215 3
215 9
215 16
216 12
217 3
217 39
218 1
218 13
218 25
219 1
219 2
219 8
219 38
220 12
221 4
222 4
222 8
222 20
222 21
222 34
222 700
223 4
223 16
223 21
223 35
224 4
224 19
224 37
225 3
226 1
226 2
226 21
227 1
228 1
228 3
228 20
229 4
229 5
229 16
230 1
230 21
231 4
231 16
231 20
231 30
232 5
233 3
233 12
233 20
234 5
234 20
235 2
235 38
236 3
236 5
236 30
237 241
238 9
238 16
238 19
239 5
239 8
239 21
240 5
240 9
241 242
242 243
243 244
244 245
245 246
246 247
247 248
248 249
249 250
250 251
251 252
252 253
253 254
254 255
255 256
256 257
257 258
258 259
259 260
260 261
261 262
262 263
263 264
264 265
265 266
266 267
267 268
268 269
269 270
270 271
271 272
272 273
273 274
274 275
275 276
276 277
277 278
278 279
279 280
280 281
281 282
282 283
283 284
284 285
285 286
286 287
287 288
288 289
289 290
290 291
291 292
292 293
293 294
294 295
295 296
296 297
297 298
298 299
299 300
300 301
301 302
302 303
303 304
304 305
305 306
306 307
307 308
308 309
309 310
310 311
311 312
312 313
313 314
314 315
315 316
316 317
317 318
318 319
319 320
320 321
321 9
321 322
322 323
323 324
324 325
325 326
326 327
327 328
328 329
329 330
330 331
331 332
332 333
333 334
334 335
335 336
336 337
337 338
338 339
339 340
340 341
341 342
342 343
343 344
344 345
345 346
346 347
347 348
348 349
349 350
350 351
351 352
352 353
353 354
354 355
355 356
356 357
357 358
358 359
359 360
360 361
361 362
362 363
363 364
364 365
365 366
366 367
367 368
368 369
369 370
370 371
371 372
372 373
373 374
374 375
375 376
376 377
377 378
378 379
379 380
380 381
381 382
382 383
383 384
384 385
385 386
386 387
387 388
388 389
389 390
390 391
391 392
392 393
393 394
394 395
395 396
396 397
397 398
398 399
399 400
400 401
401 402
402 403
403 404
404 405
405 406
406 407
407 408
408 409
409 410
410 411
411 412
412 413
413 414
414 415
415 416
416 417
417 418
418 419
419 420
420 421
421 422
422 423
423 424
424 425
425 426
426 427
427 428
428 429
429 430
430 431
431 432
432 433
433 434
434 435
435 237
436 437
437 438
438 439
439 440
440 441
441 442
442 443
443 444
444 445
445 446
446 447
447 448
448 449
449 1
449 450
450 451
451 452
452 453
453 454
454 455
455 456
456 457
457 458
458 459
459 460
460 461
461 462
462 463
463 464
464 465
465 466
466 467
467 468
468 469
469 470
470 471
471 472
472 473
473 474
474 475
475 476
476 477
477 478
478 148
479 480
480 481
481 482
482 483
483 484
484 12
484 485
485 486
486 487
487 20
487 488
488 489
489 490
490 491
491 492
492 493
493 494
494 495
495 496
496 497
497 498
498 499
499 500
500 501
501 502
502 503
503 504
504 505
505 506
506 21
506 507
507 508
507 696
508 509
509 510
510 511
511 512
512 513
513 514
514 515
515 516
516 517
517 518
518 519
519 520
520 521
521 522
522 523
523 524
524 525
525 526
526 527
527 528
528 529
529 530
530 531
531 532
532 28
532 55
533 534
534 535
535 536
536 537
537 538
538 539
539 540
540 541
541 542
542 543
543 544
544 545
545 546
546 547
547 548
548 549
549 550
550 551
551 552
552 553
553 554
554 555
555 556
556 557
557 558
558 559
559 560
560 561
561 562
562 563
563 564
564 29
564 565
565 566
566 567
567 568
568 569
569 570
570 571
571 572
572 20
572 573
573 574
574 575
575 576
576 577
577 578
578 579
579 580
580 581
581 582
582 583
583 4
583 584
584 585
585 586
586 2
586 587
587 588
588 589
589 590
590 591
591 592
592 593
593 594
594 595
595 596
596 597
597 598
598 54
599 600
600 601
601 602
602 603
603 604
604 5
604 605
605 606
606 607
607 608
608 609
609 610
610 611
611 612
612 613
613 614
614 615
615 616
616 617
617 618
618 619
619 620
620 621
621 622
622 623
623 624
624 625
625 626
626 627
627 628
628 629
629 630
630 631
631 32
631 632
632 633
633 634
634 635
635 636
636 637
637 638
638 639
639 640
640 641
641 642
642 643
643 644
644 645
645 646
646 647
647 648
648 649
649 4
649 650
650 651
651 652
652 653
653 654
654 655
655 656
656 657
657 658
658 659
659 660
660 661
661 662
662 663
663 664
664 665
665 666
666 667
667 668
668 669
669 670
670 671
671 672
672 673
673 674
674 675
675 676
676 677
677 121
678 679
679 8
679 67
680 3
680 9
680 681
681 147
682 1
682 683
683 20
683 96
684 8
684 685
685 42
686 1
686 5
686 11
686 62
687 688
688 176
689 690
690 691
691 3
691 19
691 692
692 693
693 47
694 695
695 15
695 166
696 518
697 4
697 8
697 698
698 80
699 4
699 183
700 31
700 36
