700 8878
1 1 1 1 1 48 1 1 1 71 1 1 1 1 197 1 48 66 16 360 157 36 97 1 228 1 29 116 21 1 25 1 207 169 1 145 1 64 203 253 1 259 142 1 67 1 12 1 183 355 77 85 21 91 165 31 326 61 50 130 168 1 21 41 61 258 45 64 75 1 116 1 44 98 63 82 43 132 153 2 220 82 61 372 108 67 46 177 172 115 109 313 80 129 78 288 191 34 15 30 32 151 57 16 54 181 311 19 94 113 105 136 420 7 287 295 269 60 25 53 89 305 402 106 150 223 11 27 326 54 5 226 139 33 142 55 149 136 39 384 167 30 47 117 300 20 2 4 23 296 136 226 85 109 165 345 127 18 115 76 40 249 18 119 95 187 81 6 181 69 240 109 11 106 133 118 105 77 29 201 83 240 282 13 85 14 112 71 165 139 86 52 190 95 151 29 222 246 44 120 273 178 287 418 70 255 352 36 327 308 196 207 97 159 36 71 27 57 148 122 101 77 31 24 293 41 291 4 46 50 54 256 91 82 21 474 164 204 7 56 20 67 23 89 78 384 16 338 70 107 79 371 127 199 179 235 22 29 74 43 198 96 231 352 28 6 304 22 48 48 312 80 453 151 309 80 197 79 36 116 6 112 74 169 245 421 8 217 41 9 249 337 229 134 139 194 47 426 244 89 245 127 239 348 117 275 345 38 71 158 26 318 95 62 3 147 4 78 55 85 346 139 227 37 24 206 133 224 87 103 171 154 97 247 124 52 106 52 23 79 415 114 117 92 46 94 237 27 182 75 255 9 34 71 32 24 193 129 205 82 34 265 366 36 169 96 379 351 66 84 22 33 28 123 62 12 21 76 59 53 219 5 32 236 12 168 242 243 283 316 213 237 81 10 8 265 17 129 57 164 65 45 218 111 120 24 30 268 127 89 18 66 476 419 6 106 141 59 159 379 58 145 249 99 115 61 18 66 21 19 62 259 93 4 224 73 357 24 75 39 141 40 385 176 41 317 17 277 46 13 3 95 500 21 282 209 92 202 22 106 196 153 18 274 72 30 62 14 282 269 217 57 284 36 19 204 159 54 128 9 340 79 78 22 209 118 149 91 104 62 35 13 127 37 68 202 397 86 71 254 80 27 122 71 88 278 116 330 441 418 64 405 438 243 461 286 33 101 66 133 120 19 66 153 14 202 232 185 107 217 48 128 244 209 34 158 87 89 119 2 106 56 225 318 136 169 33 13 164 57 33 95 75 292 155 273 12 61 79 65 54 89 17 178 5 33 254 14 64 53 42 53 254 36 22 70 123 10 69 18 156 276 150 338 96 279 65 62 28 12 56 240 214 153 37 258 119 30 64 7 34 268 133 120 38 102 189 133 73 153 124 222 280 26 131 4 205 85 200 191 155 541 135 89 83 146 55 126 10 117 233 210 52 84 124 276 57 127 167 123 46 62 16 79 18 413 75 117 89 125 110 52 150 21 182 1 318 181 152 54 36 162 102 183 39 381 81 256 154 143 155 112 36 22 24 82 113 41 12 42 133 4 382 154 69 191 74 21 136 272 19 110 328 38 36 147 243 343 53 78
3 2 22 6 44 79 14 13 4 57 19 21 10 11 63 15 79 93 84 77 88 64 99 5 94 14 66 34 90 7 100 19 42 77 23 86 28 96 66 67 28 78 67 6 95 15 13 8 89 81 98 83 97 77 91 100 97 96 85 89 89 19 54 86 70 74 85 57 79 8 66 13 94 52 80 94 77 70 44 100 99 75 23 91 100 77 50 89 81 76 67 74 34 95 89 100 92 78 60 64 77 93 95 80 19 70 82 97 63 65 82 100 81 99 54 77 91 51 92 93 72 37 93 80 92 72 85 95 84 82 86 71 94 80 44 89 100 86 75 96 51 95 100 83 100 36 65 87 63 57 98 69 93 54 84 96 43 45 60 81 44 93 96 62 81 83 92 86 86 89 93 90 88 96 86 98 71 85 62 92 57 77 68 95 95 48 75 88 70 78 97 90 95 87 76 68 76 84 72 93 82 91 99 94 80 52 66 86 78 88 84 96 95 92 74 68 94 100 99 77 85 60 88 79 76 98 90 99 81 51 86 87 72 71 100 80 72 83 73 77 81 59 90 95 40 100 94 96 52 82 100 88 82 96 62 92 75 100 98 65 38 35 87 70 94 67 57 93 97 93 100 96 86 98 59 75 82 97 87 90 96 95 94 77 45 62 94 78 65 66 85 67 89 81 77 88 90 39 84 82 63 94 80 78 98 86 78 97 90 95 97 70 77 72 97 88 86 82 80 87 99 99 94 98 94 98 51 65 83 85 84 34 87 91 88 87 70 93 81 78 67 50 39 72 90 99 100 100 64 52 76 90 78 99 76 84 78 78 96 95 66 97 82 64 98 78 60 95 95 74 98 65 93 87 78 87 94 94 76 81 99 84 74 80 92 78 62 80 59 93 99 71 98 97 87 65 53 98 83 81 96 99 87 88 83 100 70 61 94 78 87 65 99 79 73 87 66 51 95 97 84 66 46 92 87 84 45 80 89 83 86 71 98 76 66 86 66 57 56 100 82 64 60 93 81 95 31 71 88 69 77 76 94 68 95 73 62 86 79 67 95 60 95 72 53 58 88 84 68 51 86 99 64 76 69 75 79 89 91 97 73 89 100 79 73 32 65 87 85 96 64 99 84 76 96 90 80 100 98 72 79 93 75 82 65 34 91 86 76 87 93 90 41 29 55 97 59 92 71 84 83 97 90 77 87 97 79 97 96 99 95 97 63 93 99 88 87 76 63 97 86 96 100 84 99 76 64 70 89 58 94 86 72 53 88 78 82 39 100 91 94 89 98 91 87 100 87 84 50 97 91 83 95 83 97 46 88 97 91 63 85 80 81 86 92 82 72 99 86 98 100 97 34 98 80 68 94 67 83 70 97 91 42 98 87 86 86 93 88 51 84 85 78 73 78 79 71 100 50 87 100 99 96 97 95 65 93 81 80 90 95 62 93 76 94 73 72 97 59 89 72 85 85 88 99 78 40 66 74 70 65 89 99 96 83 22 98 74 68 91 56 81 82 75 85 95 84 69 40 100 64 59 93 72 63 91 95 94 75 94 74 56 73 91 87 65 82 80 39 83 82 92 91 96 93 91 96 55 82 89
1 10
1 19
1 23
1 50
1 74
1 111
2 6
2 28
2 68
2 74
2 96
3 40
4 15
4 18
4 60
4 83
4 698
5 21
5 36
5 64
5 94
5 109
6 17
6 93
8 51
8 73
8 97
8 106
8 120
9 28
9 54
9 65
9 89
9 113
10 36
10 108
11 15
11 20
11 55
11 113
11 508
12 71
12 98
12 101
12 114
13 21
13 25
13 40
13 43
13 82
13 398
14 17
14 22
14 23
14 43
14 54
14 79
14 101
15 51
16 27
16 39
16 42
16 52
16 73
17 60
17 78
17 81
17 84
17 105
18 49
18 65
18 84
18 89
18 101
18 120
19 21
19 106
20 79
20 99
20 119
21 40
21 58
21 110
21 673
22 67
22 89
22 93
22 117
23 81
23 120
24 29
24 34
24 60
24 83
24 597
25 90
25 112
26 33
26 38
26 54
26 73
26 82
27 90
27 104
27 116
28 75
28 86
29 51
29 52
29 102
30 47
30 71
30 103
31 654
32 53
32 65
32 111
33 49
33 64
33 65
33 76
33 84
33 93
33 120
34 56
34 90
34 100
34 114
35 47
35 54
35 57
35 98
36 50
36 60
36 104
37 50
37 52
37 53
37 57
37 63
37 92
37 95
37 118
37 120
39 40
39 45
40 57
40 76
40 89
40 92
40 118
41 110
41 682
42 93
43 71
43 75
43 90
44 54
44 80
44 119
44 700
45 50
45 69
45 80
45 93
45 98
46 65
46 85
46 117
47 49
47 51
48 697
49 59
49 69
49 87
50 78
50 97
50 114
50 117
51 63
51 83
51 97
51 108
51 116
52 94
53 71
53 76
53 92
53 99
53 100
53 105
53 118
54 55
54 80
54 120
55 79
55 95
55 97
55 108
55 115
56 59
56 81
56 118
56 119
57 74
57 76
57 77
57 114
57 486
58 117
59 96
59 107
59 112
60 64
60 77
61 87
61 97
61 677
62 73
62 117
63 86
63 120
63 698
65 71
65 79
65 108
65 601
66 376
67 114
67 673
68 88
68 95
68 99
68 108
69 90
69 116
70 81
70 90
71 78
71 83
71 86
72 81
72 88
72 109
72 111
73 88
73 91
73 115
74 82
75 87
75 90
76 106
76 115
76 120
77 83
77 89
77 95
77 113
78 101
78 105
78 113
78 115
79 81
79 89
79 120
80 105
81 89
81 120
81 599
82 90
82 106
83 108
83 111
83 112
83 120
84 95
84 116
85 97
85 112
86 117
87 90
87 98
87 101
87 106
87 108
87 112
88 100
88 110
88 115
89 100
89 101
89 104
89 111
90 101
90 103
90 112
90 114
91 97
91 101
92 93
92 102
92 110
92 120
93 96
93 98
93 107
93 109
93 117
93 120
94 95
94 98
94 112
94 114
94 116
94 598
95 100
95 101
95 105
95 115
95 119
96 106
96 108
96 113
97 100
97 102
97 109
97 111
97 119
98 100
98 102
98 111
99 104
99 108
99 110
99 114
99 115
99 119
100 107
100 112
100 119
101 102
101 103
101 107
101 112
102 107
102 111
102 598
103 597
104 105
104 107
104 108
105 106
105 108
105 110
105 111
105 116
105 117
106 107
106 118
106 119
107 112
107 113
107 119
108 109
108 110
108 118
108 119
109 119
109 120
110 120
111 113
111 114
111 116
111 119
112 113
112 114
112 115
112 117
113 120
114 116
114 118
114 119
114 120
115 116
115 117
116 117
116 118
117 118
117 120
118 119
118 120
119 120
121 1
121 2
121 3
121 4
121 5
121 6
121 7
121 8
121 9
121 10
121 11
121 12
121 13
121 14
121 15
121 16
121 17
121 22
121 24
121 26
121 27
121 29
121 30
121 32
121 33
121 34
121 35
121 36
121 37
121 40
121 41
121 42
121 43
121 44
121 46
121 49
121 51
121 52
121 53
121 54
121 55
121 57
121 58
121 59
121 60
121 62
121 64
121 71
121 72
121 75
121 76
121 77
121 78
121 79
121 82
121 93
121 94
121 95
121 97
121 98
121 100
121 101
121 102
121 104
121 105
121 107
121 108
121 109
121 111
121 115
121 407
121 602
121 657
121 676
121 697
122 1
122 2
122 3
122 4
122 5
122 7
122 8
122 9
122 10
122 11
122 12
122 13
122 14
122 15
122 16
122 17
122 19
122 20
122 23
122 24
122 26
122 28
122 30
122 31
122 32
122 33
122 35
122 36
122 37
122 39
122 41
122 42
122 43
122 46
122 47
122 49
122 51
122 54
122 57
122 58
122 62
122 65
122 72
122 77
122 80
122 81
122 84
122 85
122 88
122 89
122 90
122 91
122 100
122 102
122 104
122 106
122 107
122 108
122 111
122 119
122 598
122 674
122 682
122 697
122 700
123 1
123 2
123 3
123 4
123 5
123 6
123 7
123 8
123 9
123 11
123 12
123 13
123 14
123 22
123 23
123 24
123 25
123 26
123 29
123 30
123 32
123 35
123 37
123 41
123 42
123 45
123 46
123 49
123 51
123 52
123 53
123 59
123 62
123 63
123 70
123 72
123 73
123 74
123 75
123 77
123 78
123 79
123 82
123 85
123 86
123 89
123 90
123 92
123 93
123 94
123 98
123 99
123 100
123 101
123 102
123 104
123 105
123 115
123 116
123 119
123 120
123 599
123 655
123 697
123 700
124 1
124 2
124 3
124 4
124 5
124 7
124 8
124 9
124 10
124 11
124 12
124 13
124 16
124 18
124 21
124 23
124 24
124 25
124 26
124 29
124 30
124 35
124 37
124 38
124 39
124 40
124 41
124 42
124 45
124 46
124 48
124 54
124 58
124 59
124 62
124 68
124 69
124 70
124 72
124 77
124 81
124 83
124 86
124 89
124 91
124 93
124 94
124 98
124 99
124 100
124 101
124 102
124 105
124 107
124 108
124 110
124 111
124 112
124 115
124 117
124 119
124 474
124 657
124 700
125 1
125 2
125 3
125 5
125 7
125 8
125 9
125 11
125 12
125 13
125 14
125 15
125 17
125 24
125 25
125 26
125 27
125 28
125 30
125 32
125 35
125 36
125 37
125 41
125 42
125 44
125 46
125 51
125 55
125 56
125 58
125 60
125 62
125 63
125 64
125 65
125 68
125 70
125 71
125 72
125 73
125 74
125 75
125 77
125 78
125 79
125 82
125 83
125 85
125 90
125 92
125 95
125 99
125 100
125 101
125 102
125 106
125 107
125 110
125 111
125 112
125 113
125 119
125 120
125 451
125 658
125 697
126 1
126 2
126 3
126 4
126 5
126 6
126 7
126 8
126 10
126 12
126 13
126 14
126 15
126 16
126 23
126 24
126 25
126 26
126 27
126 30
126 32
126 33
126 34
126 35
126 37
126 39
126 40
126 41
126 44
126 46
126 52
126 53
126 54
126 55
126 56
126 57
126 59
126 62
126 63
126 70
126 71
126 72
126 75
126 77
126 79
126 80
126 82
126 88
126 89
126 90
126 93
126 100
126 102
126 104
126 107
126 112
126 114
126 116
126 119
126 599
126 654
126 674
126 697
127 1
127 2
127 3
127 4
127 5
127 7
127 8
127 9
127 11
127 12
127 13
127 14
127 16
127 18
127 19
127 22
127 24
127 26
127 29
127 30
127 32
127 35
127 37
127 40
127 41
127 43
127 44
127 45
127 46
127 49
127 57
127 58
127 59
127 62
127 63
127 64
127 69
127 70
127 71
127 72
127 73
127 75
127 77
127 78
127 85
127 88
127 91
127 94
127 99
127 101
127 102
127 109
127 110
127 115
127 118
127 119
127 657
127 697
128 1
128 2
128 3
128 4
128 5
128 6
128 7
128 8
128 9
128 10
128 11
128 12
128 13
128 14
128 16
128 20
128 23
128 24
128 25
128 26
128 27
128 29
128 30
128 32
128 33
128 34
128 35
128 37
128 41
128 44
128 46
128 47
128 51
128 52
128 54
128 55
128 56
128 58
128 59
128 64
128 67
128 70
128 72
128 74
128 75
128 76
128 77
128 78
128 79
128 82
128 83
128 85
128 86
128 90
128 93
128 96
128 100
128 102
128 104
128 105
128 109
128 110
128 114
128 119
128 657
128 697
129 1
129 2
129 3
129 4
129 5
129 7
129 8
129 10
129 11
129 12
129 13
129 14
129 16
129 18
129 19
129 20
129 21
129 22
129 24
129 25
129 26
129 32
129 34
129 35
129 37
129 39
129 41
129 42
129 45
129 46
129 47
129 49
129 54
129 55
129 57
129 62
129 64
129 65
129 72
129 75
129 76
129 77
129 78
129 85
129 90
129 91
129 92
129 93
129 94
129 97
129 99
129 101
129 102
129 106
129 109
129 111
129 112
129 113
129 115
129 116
129 118
129 119
129 657
129 697
129 700
130 1
130 2
130 3
130 4
130 5
130 6
130 8
130 9
130 10
130 11
130 12
130 13
130 14
130 16
130 17
130 21
130 24
130 26
130 27
130 30
130 32
130 35
130 36
130 37
130 39
130 41
130 46
130 48
130 53
130 54
130 58
130 59
130 60
130 62
130 65
130 68
130 69
130 70
130 71
130 72
130 73
130 82
130 85
130 86
130 91
130 94
130 96
130 98
130 100
130 102
130 104
130 106
130 108
130 110
130 111
130 115
130 116
130 119
130 120
130 654
130 700
131 1
131 2
131 3
131 4
131 5
131 6
131 7
131 8
131 9
131 11
131 12
131 13
131 14
131 16
131 17
131 18
131 20
131 24
131 25
131 26
131 30
131 31
131 32
131 33
131 35
131 36
131 37
131 39
131 40
131 41
131 42
131 46
131 50
131 51
131 53
131 54
131 57
131 59
131 62
131 64
131 70
131 72
131 74
131 76
131 84
131 88
131 90
131 91
131 92
131 93
131 94
131 99
131 100
131 101
131 102
131 104
131 105
131 110
131 111
131 112
131 113
131 115
131 117
131 118
131 120
131 682
131 697
131 698
132 1
132 2
132 3
132 4
132 5
132 7
132 8
132 9
132 11
132 12
132 13
132 14
132 15
132 16
132 17
132 19
132 21
132 24
132 25
132 26
132 27
132 30
132 31
132 32
132 35
132 37
132 41
132 43
132 44
132 46
132 47
132 49
132 58
132 62
132 65
132 70
132 71
132 72
132 74
132 76
132 80
132 85
132 86
132 89
132 92
132 95
132 96
132 97
132 101
132 102
132 105
132 107
132 111
132 112
132 113
132 120
132 597
132 697
132 698
133 2
133 3
133 4
133 5
133 7
133 8
133 9
133 11
133 12
133 13
133 14
133 16
133 21
133 23
133 24
133 26
133 28
133 30
133 32
133 33
133 35
133 36
133 37
133 40
133 41
133 42
133 44
133 46
133 50
133 52
133 57
133 60
133 62
133 63
133 64
133 68
133 69
133 70
133 72
133 74
133 76
133 77
133 81
133 82
133 87
133 88
133 90
133 95
133 96
133 102
133 104
133 110
133 112
133 113
133 114
133 116
133 117
133 120
133 483
133 658
133 676
133 697
134 1
134 2
134 3
134 4
134 5
134 6
134 7
134 8
134 9
134 10
134 11
134 12
134 13
134 14
134 15
134 16
134 17
134 18
134 22
134 24
134 26
134 27
134 28
134 30
134 32
134 33
134 34
134 35
134 36
134 37
134 38
134 40
134 41
134 44
134 45
134 46
134 51
134 53
134 56
134 57
134 62
134 65
134 68
134 70
134 71
134 73
134 74
134 78
134 83
134 84
134 89
134 91
134 92
134 94
134 95
134 96
134 100
134 102
134 106
134 107
134 111
134 114
134 115
134 116
134 117
134 118
134 119
134 512
134 597
134 658
134 697
134 698
135 1
135 2
135 3
135 4
135 5
135 7
135 8
135 9
135 11
135 13
135 14
135 16
135 24
135 26
135 28
135 30
135 32
135 33
135 34
135 35
135 37
135 41
135 43
135 45
135 46
135 47
135 48
135 49
135 51
135 54
135 60
135 62
135 63
135 65
135 69
135 70
135 72
135 74
135 75
135 76
135 78
135 79
135 81
135 82
135 86
135 87
135 89
135 91
135 93
135 95
135 102
135 104
135 105
135 106
135 107
135 108
135 109
135 111
135 118
135 120
135 655
135 700
136 1
136 3
136 4
136 5
136 7
136 9
136 11
136 12
136 13
136 14
136 16
136 19
136 24
136 26
136 27
136 29
136 30
136 32
136 33
136 35
136 37
136 38
136 40
136 41
136 42
136 45
136 46
136 47
136 50
136 51
136 52
136 55
136 57
136 58
136 59
136 60
136 62
136 64
136 68
136 70
136 72
136 73
136 78
136 82
136 83
136 85
136 87
136 88
136 89
136 90
136 91
136 92
136 97
136 99
136 101
136 102
136 104
136 108
136 110
136 657
136 677
136 697
136 698
136 700
137 1
137 2
137 3
137 4
137 5
137 6
137 7
137 8
137 9
137 10
137 11
137 12
137 13
137 14
137 16
137 19
137 21
137 24
137 26
137 27
137 28
137 29
137 30
137 32
137 35
137 36
137 37
137 38
137 39
137 40
137 41
137 43
137 45
137 46
137 47
137 48
137 50
137 51
137 52
137 54
137 56
137 57
137 58
137 62
137 65
137 68
137 69
137 70
137 74
137 75
137 77
137 78
137 79
137 81
137 83
137 84
137 88
137 89
137 90
137 91
137 93
137 94
137 96
137 97
137 99
137 100
137 107
137 110
137 114
137 117
137 118
137 120
137 657
137 700
138 1
138 2
138 3
138 4
138 5
138 7
138 8
138 9
138 11
138 12
138 13
138 14
138 18
138 20
138 22
138 24
138 26
138 27
138 28
138 30
138 32
138 34
138 35
138 36
138 37
138 39
138 41
138 42
138 46
138 47
138 51
138 53
138 62
138 65
138 69
138 70
138 72
138 77
138 86
138 89
138 93
138 94
138 95
138 99
138 102
138 104
138 107
138 109
138 110
138 112
138 113
138 488
138 654
138 697
138 700
139 1
139 2
139 3
139 4
139 5
139 7
139 8
139 11
139 12
139 13
139 14
139 16
139 17
139 19
139 20
139 22
139 23
139 26
139 27
139 28
139 30
139 32
139 33
139 34
139 35
139 36
139 37
139 40
139 41
139 46
139 48
139 49
139 50
139 53
139 55
139 56
139 58
139 59
139 62
139 65
139 70
139 71
139 72
139 73
139 75
139 77
139 78
139 80
139 82
139 83
139 84
139 85
139 88
139 91
139 92
139 93
139 95
139 97
139 98
139 100
139 102
139 104
139 105
139 478
139 602
139 657
139 673
139 700
140 2
140 3
140 4
140 6
140 7
140 8
140 9
140 11
140 12
140 13
140 14
140 15
140 16
140 18
140 23
140 24
140 26
140 31
140 32
140 35
140 37
140 39
140 40
140 41
140 42
140 43
140 45
140 46
140 48
140 49
140 50
140 51
140 52
140 53
140 54
140 56
140 57
140 58
140 62
140 65
140 69
140 70
140 71
140 72
140 76
140 78
140 79
140 80
140 81
140 82
140 84
140 86
140 90
140 91
140 93
140 94
140 95
140 96
140 100
140 102
140 105
140 111
140 112
140 114
140 117
140 118
140 120
140 679
140 698
140 700
141 1
141 3
141 4
141 5
141 6
141 7
141 8
141 9
141 10
141 11
141 12
141 13
141 14
141 16
141 21
141 24
141 25
141 26
141 30
141 32
141 34
141 35
141 36
141 37
141 40
141 41
141 44
141 45
141 46
141 55
141 58
141 59
141 60
141 62
141 69
141 70
141 79
141 82
141 83
141 89
141 90
141 91
141 92
141 93
141 95
141 98
141 100
141 107
141 108
141 109
141 110
141 111
141 115
141 117
141 118
141 400
141 602
141 657
141 678
141 697
142 8
142 18
142 35
142 50
142 72
142 85
142 584
143 1
143 2
143 3
143 4
143 5
143 7
143 8
143 9
143 10
143 11
143 12
143 13
143 14
143 15
143 16
143 23
143 24
143 25
143 26
143 27
143 30
143 34
143 36
143 37
143 40
143 41
143 42
143 43
143 44
143 45
143 46
143 48
143 50
143 51
143 55
143 57
143 59
143 60
143 62
143 69
143 70
143 72
143 75
143 79
143 80
143 83
143 84
143 86
143 87
143 91
143 92
143 94
143 95
143 102
143 104
143 107
143 112
143 113
143 115
143 116
143 117
143 119
143 120
143 655
143 681
144 1
144 3
144 5
144 7
144 8
144 9
144 11
144 12
144 13
144 14
144 20
144 21
144 22
144 24
144 25
144 26
144 27
144 30
144 32
144 34
144 35
144 37
144 38
144 41
144 44
144 46
144 48
144 49
144 55
144 56
144 62
144 63
144 65
144 68
144 69
144 70
144 72
144 73
144 74
144 75
144 77
144 78
144 80
144 82
144 83
144 86
144 87
144 88
144 90
144 94
144 95
144 97
144 98
144 101
144 102
144 105
144 108
144 112
144 113
144 114
144 120
144 658
144 677
145 1
145 2
145 3
145 4
145 5
145 8
145 9
145 11
145 12
145 13
145 14
145 16
145 19
145 21
145 24
145 25
145 26
145 28
145 29
145 30
145 32
145 35
145 36
145 37
145 38
145 41
145 43
145 44
145 46
145 48
145 55
145 56
145 57
145 62
145 63
145 70
145 71
145 72
145 74
145 77
145 81
145 82
145 84
145 86
145 89
145 92
145 93
145 96
145 97
145 100
145 101
145 102
145 106
145 108
145 113
145 114
145 116
145 657
145 674
146 1
146 2
146 3
146 4
146 5
146 7
146 8
146 9
146 11
146 12
146 13
146 14
146 15
146 16
146 18
146 19
146 20
146 21
146 24
146 25
146 26
146 29
146 30
146 31
146 32
146 35
146 37
146 39
146 40
146 41
146 42
146 49
146 53
146 55
146 57
146 58
146 59
146 62
146 70
146 71
146 72
146 74
146 77
146 83
146 84
146 85
146 87
146 88
146 90
146 91
146 93
146 95
146 97
146 99
146 101
146 105
146 106
146 108
146 109
146 113
146 115
146 118
146 670
146 676
146 678
146 698
146 700
147 1
147 2
147 3
147 4
147 5
147 7
147 8
147 9
147 11
147 13
147 14
147 15
147 21
147 22
147 24
147 25
147 26
147 30
147 32
147 33
147 35
147 36
147 37
147 38
147 39
147 40
147 41
147 43
147 45
147 46
147 48
147 50
147 51
147 54
147 56
147 57
147 60
147 62
147 64
147 65
147 69
147 70
147 72
147 73
147 74
147 77
147 80
147 83
147 84
147 86
147 88
147 89
147 90
147 92
147 97
147 99
147 101
147 102
147 103
147 104
147 106
147 108
147 110
147 112
147 114
147 116
147 117
147 119
147 658
147 670
147 675
147 681
147 698
147 700
148 1
148 2
148 3
148 4
148 5
148 6
148 7
148 8
148 9
148 11
148 12
148 13
148 14
148 16
148 17
148 18
148 19
148 20
148 22
148 23
148 24
148 25
148 26
148 28
148 29
148 32
148 33
148 35
148 37
148 39
148 40
148 41
148 43
148 44
148 46
148 47
148 49
148 53
148 55
148 57
148 58
148 62
148 69
148 70
148 71
148 72
148 73
148 76
148 79
148 81
148 82
148 83
148 88
148 89
148 92
148 93
148 95
148 96
148 97
148 100
148 102
148 108
148 109
148 110
148 113
148 114
148 115
148 119
148 120
148 657
148 697
149 1
149 2
149 3
149 4
149 5
149 7
149 8
149 9
149 10
149 11
149 12
149 13
149 14
149 15
149 16
149 19
149 20
149 21
149 22
149 24
149 25
149 26
149 27
149 28
149 30
149 32
149 33
149 35
149 36
149 37
149 39
149 41
149 45
149 46
149 47
149 49
149 50
149 52
149 53
149 55
149 57
149 59
149 62
149 64
149 65
149 68
149 70
149 72
149 73
149 76
149 78
149 79
149 82
149 87
149 88
149 91
149 93
149 94
149 95
149 96
149 98
149 105
149 697
150 1
150 2
150 3
150 4
150 5
150 7
150 8
150 9
150 11
150 13
150 14
150 16
150 17
150 18
150 24
150 25
150 26
150 27
150 28
150 30
150 31
150 32
150 33
150 34
150 35
150 36
150 37
150 39
150 41
150 43
150 45
150 46
150 50
150 51
150 52
150 53
150 56
150 60
150 62
150 64
150 70
150 72
150 74
150 76
150 78
150 80
150 81
150 82
150 84
150 85
150 87
150 88
150 90
150 94
150 95
150 96
150 97
150 101
150 107
150 109
150 110
150 111
150 112
150 115
150 498
150 676
150 697
150 700
151 1
151 3
151 4
151 5
151 6
151 7
151 8
151 9
151 11
151 12
151 13
151 14
151 15
151 16
151 17
151 19
151 22
151 23
151 24
151 26
151 27
151 30
151 32
151 33
151 35
151 36
151 37
151 41
151 46
151 50
151 51
151 55
151 56
151 62
151 63
151 65
151 67
151 68
151 70
151 71
151 72
151 74
151 75
151 84
151 86
151 88
151 89
151 93
151 102
151 104
151 107
151 108
151 111
151 113
151 114
151 119
151 120
151 658
151 664
151 697
151 700
152 1
152 2
152 3
152 4
152 5
152 7
152 8
152 9
152 10
152 11
152 12
152 13
152 14
152 16
152 18
152 21
152 22
152 24
152 25
152 26
152 28
152 29
152 30
152 32
152 35
152 36
152 37
152 39
152 40
152 41
152 43
152 46
152 48
152 51
152 54
152 56
152 57
152 58
152 59
152 60
152 61
152 62
152 64
152 69
152 70
152 71
152 72
152 76
152 77
152 82
152 86
152 87
152 92
152 94
152 96
152 97
152 100
152 102
152 104
152 108
152 112
152 113
152 115
152 117
152 408
152 658
152 700
153 11
153 19
153 574
154 1
154 2
154 3
154 4
154 5
154 7
154 8
154 9
154 11
154 12
154 13
154 14
154 15
154 18
154 19
154 24
154 25
154 26
154 29
154 30
154 31
154 32
154 33
154 35
154 37
154 39
154 41
154 42
154 43
154 44
154 46
154 47
154 48
154 49
154 51
154 52
154 54
154 55
154 56
154 57
154 59
154 60
154 62
154 63
154 69
154 70
154 72
154 75
154 76
154 78
154 79
154 81
154 85
154 87
154 88
154 90
154 93
154 94
154 95
154 98
154 103
154 104
154 105
154 111
154 114
154 115
154 116
154 118
154 120
154 673
155 1
155 2
155 3
155 4
155 5
155 7
155 8
155 9
155 11
155 12
155 13
155 14
155 16
155 17
155 18
155 21
155 24
155 26
155 27
155 29
155 30
155 32
155 33
155 35
155 37
155 38
155 39
155 41
155 43
155 44
155 46
155 47
155 48
155 52
155 54
155 60
155 62
155 68
155 70
155 71
155 72
155 75
155 76
155 78
155 85
155 86
155 88
155 92
155 94
155 95
155 98
155 99
155 100
155 102
155 105
155 106
155 107
155 108
155 109
155 110
155 112
155 113
155 118
155 119
155 655
155 675
155 678
156 1
156 2
156 3
156 4
156 5
156 6
156 7
156 8
156 9
156 10
156 11
156 12
156 13
156 14
156 16
156 18
156 19
156 22
156 24
156 25
156 26
156 31
156 32
156 33
156 34
156 35
156 37
156 38
156 39
156 41
156 42
156 44
156 46
156 48
156 52
156 54
156 55
156 57
156 58
156 59
156 62
156 65
156 68
156 69
156 70
156 72
156 73
156 74
156 76
156 77
156 82
156 84
156 85
156 87
156 88
156 89
156 91
156 94
156 100
156 102
156 106
156 107
156 111
156 112
156 113
156 116
156 119
156 510
156 597
156 675
157 1
157 2
157 3
157 4
157 5
157 7
157 8
157 9
157 10
157 11
157 12
157 13
157 14
157 15
157 16
157 22
157 23
157 24
157 25
157 26
157 27
157 28
157 30
157 32
157 34
157 35
157 37
157 38
157 41
157 46
157 47
157 48
157 49
157 55
157 58
157 62
157 65
157 70
157 72
157 77
157 80
157 82
157 83
157 84
157 86
157 92
157 93
157 94
157 96
157 100
157 104
157 105
157 110
157 114
157 115
157 116
157 117
157 120
157 657
157 682
158 1
158 2
158 3
158 4
158 5
158 6
158 7
158 8
158 11
158 12
158 13
158 14
158 15
158 16
158 19
158 21
158 23
158 24
158 25
158 26
158 27
158 28
158 29
158 30
158 32
158 33
158 34
158 35
158 37
158 40
158 41
158 43
158 44
158 45
158 46
158 47
158 48
158 52
158 53
158 54
158 55
158 60
158 62
158 70
158 71
158 72
158 73
158 74
158 75
158 76
158 77
158 78
158 82
158 83
158 86
158 89
158 90
158 91
158 92
158 93
158 95
158 96
158 99
158 102
158 106
158 109
158 110
158 111
158 112
158 113
158 115
158 116
158 118
158 120
158 510
158 598
158 655
159 1
159 2
159 3
159 4
159 5
159 7
159 8
159 9
159 11
159 12
159 13
159 14
159 16
159 17
159 23
159 24
159 25
159 26
159 28
159 30
159 31
159 32
159 33
159 35
159 36
159 37
159 38
159 41
159 43
159 44
159 46
159 48
159 49
159 50
159 51
159 52
159 54
159 55
159 57
159 60
159 62
159 70
159 71
159 72
159 73
159 77
159 83
159 86
159 88
159 91
159 92
159 94
159 95
159 97
159 100
159 101
159 102
159 103
159 104
159 106
159 113
159 118
159 120
159 386
159 673
160 1
160 2
160 3
160 4
160 5
160 6
160 7
160 8
160 9
160 11
160 12
160 14
160 16
160 20
160 21
160 23
160 24
160 26
160 27
160 30
160 32
160 35
160 37
160 39
160 40
160 41
160 44
160 46
160 51
160 52
160 54
160 58
160 59
160 60
160 62
160 65
160 69
160 70
160 72
160 75
160 76
160 79
160 80
160 83
160 84
160 90
160 91
160 92
160 93
160 96
160 97
160 98
160 104
160 105
160 107
160 109
160 110
160 113
160 115
160 116
160 119
160 418
160 655
160 697
161 1
161 2
161 3
161 4
161 5
161 7
161 8
161 9
161 11
161 12
161 13
161 14
161 15
161 16
161 17
161 23
161 24
161 25
161 26
161 27
161 29
161 30
161 32
161 33
161 35
161 36
161 37
161 41
161 42
161 46
161 51
161 53
161 54
161 55
161 56
161 59
161 62
161 63
161 64
161 68
161 69
161 70
161 72
161 74
161 77
161 78
161 80
161 82
161 84
161 85
161 88
161 93
161 94
161 95
161 101
161 106
161 108
161 113
161 115
161 117
161 118
161 656
161 682
161 697
161 700
162 1
162 2
162 3
162 4
162 5
162 6
162 7
162 8
162 9
162 12
162 13
162 14
162 16
162 17
162 19
162 22
162 24
162 25
162 26
162 28
162 37
162 38
162 40
162 41
162 43
162 46
162 47
162 49
162 51
162 52
162 54
162 60
162 62
162 68
162 70
162 71
162 72
162 73
162 74
162 78
162 79
162 81
162 84
162 87
162 88
162 90
162 93
162 94
162 96
162 98
162 99
162 106
162 109
162 110
162 111
162 112
162 118
162 601
162 654
162 678
162 697
162 700
163 1
163 2
163 3
163 4
163 5
163 6
163 7
163 8
163 9
163 11
163 12
163 13
163 14
163 15
163 16
163 17
163 19
163 21
163 23
163 24
163 26
163 28
163 29
163 30
163 32
163 34
163 35
163 36
163 40
163 41
163 44
163 45
163 46
163 47
163 50
163 53
163 56
163 58
163 62
163 67
163 70
163 72
163 76
163 78
163 79
163 81
163 84
163 86
163 94
163 96
163 97
163 99
163 101
163 104
163 107
163 108
163 109
163 110
163 112
163 113
163 114
163 116
163 117
163 118
163 119
163 120
163 598
163 654
163 680
163 697
164 1
164 2
164 3
164 4
164 5
164 7
164 8
164 9
164 11
164 12
164 13
164 14
164 15
164 16
164 17
164 18
164 19
164 20
164 21
164 24
164 26
164 27
164 30
164 32
164 33
164 34
164 35
164 36
164 37
164 41
164 42
164 43
164 45
164 46
164 47
164 48
164 49
164 56
164 58
164 60
164 62
164 64
164 68
164 70
164 71
164 72
164 73
164 74
164 75
164 77
164 78
164 85
164 86
164 87
164 91
164 95
164 97
164 100
164 101
164 102
164 104
164 107
164 109
164 110
164 111
164 112
164 114
164 116
164 117
164 118
164 120
164 597
164 657
164 674
164 680
164 700
165 1
165 2
165 3
165 4
165 5
165 6
165 7
165 8
165 9
165 10
165 11
165 12
165 13
165 14
165 16
165 18
165 19
165 20
165 23
165 24
165 25
165 26
165 27
165 30
165 32
165 34
165 35
165 37
165 40
165 43
165 46
165 52
165 58
165 59
165 60
165 62
165 64
165 65
165 68
165 70
165 72
165 75
165 78
165 82
165 86
165 90
165 92
165 97
165 98
165 99
165 101
165 103
165 105
165 107
165 109
165 110
165 112
165 116
165 117
165 119
165 120
165 654
165 673
165 677
165 697
165 698
165 700
166 1
166 2
166 3
166 4
166 5
166 6
166 7
166 8
166 9
166 11
166 12
166 13
166 14
166 16
166 18
166 19
166 21
166 22
166 24
166 26
166 27
166 29
166 30
166 32
166 33
166 35
166 36
166 37
166 38
166 39
166 40
166 41
166 46
166 51
166 59
166 69
166 70
166 71
166 72
166 73
166 75
166 78
166 79
166 80
166 84
166 92
166 94
166 97
166 98
166 101
166 102
166 104
166 105
166 107
166 108
166 109
166 111
166 117
166 118
166 120
166 601
166 657
166 697
166 700
167 1
167 2
167 3
167 4
167 5
167 7
167 8
167 9
167 10
167 11
167 12
167 13
167 14
167 15
167 16
167 23
167 24
167 25
167 26
167 27
167 28
167 29
167 30
167 31
167 32
167 34
167 35
167 36
167 37
167 38
167 39
167 40
167 41
167 46
167 48
167 50
167 51
167 52
167 55
167 58
167 59
167 62
167 63
167 65
167 69
167 70
167 71
167 72
167 75
167 76
167 77
167 78
167 81
167 82
167 83
167 87
167 89
167 90
167 91
167 92
167 93
167 95
167 98
167 100
167 101
167 102
167 105
167 106
167 107
167 109
167 111
167 113
167 116
167 118
167 120
167 602
167 674
167 700
168 1
168 2
168 3
168 4
168 5
168 7
168 8
168 9
168 11
168 12
168 13
168 14
168 15
168 16
168 17
168 18
168 22
168 24
168 26
168 30
168 32
168 35
168 37
168 38
168 39
168 41
168 42
168 43
168 44
168 46
168 49
168 50
168 53
168 56
168 58
168 62
168 63
168 64
168 65
168 69
168 70
168 72
168 73
168 74
168 77
168 84
168 87
168 88
168 90
168 92
168 98
168 101
168 107
168 108
168 110
168 112
168 115
168 116
168 118
168 120
168 486
168 657
168 676
168 697
169 2
169 24
169 603
170 1
170 2
170 3
170 4
170 5
170 6
170 7
170 8
170 9
170 10
170 12
170 13
170 14
170 16
170 18
170 19
170 21
170 24
170 26
170 28
170 29
170 30
170 31
170 35
170 37
170 38
170 39
170 40
170 41
170 42
170 43
170 44
170 45
170 47
170 48
170 52
170 53
170 56
170 60
170 61
170 62
170 65
170 67
170 70
170 72
170 74
170 76
170 78
170 81
170 83
170 87
170 88
170 90
170 95
170 96
170 97
170 98
170 99
170 100
170 102
170 105
170 108
170 112
170 113
170 114
170 116
170 117
170 120
170 664
171 1
171 2
171 3
171 4
171 5
171 6
171 7
171 8
171 9
171 11
171 12
171 13
171 14
171 15
171 16
171 17
171 19
171 20
171 21
171 22
171 24
171 25
171 27
171 28
171 29
171 30
171 31
171 32
171 35
171 37
171 40
171 41
171 42
171 43
171 44
171 45
171 46
171 49
171 54
171 57
171 58
171 59
171 62
171 63
171 64
171 69
171 70
171 72
171 73
171 75
171 77
171 79
171 80
171 82
171 84
171 86
171 87
171 90
171 98
171 104
171 110
171 112
171 117
171 119
171 120
171 493
171 602
171 682
171 697
172 1
172 3
172 4
172 12
172 45
172 48
172 53
172 68
172 72
172 74
172 100
172 108
172 656
172 684
173 1
173 2
173 3
173 4
173 5
173 6
173 7
173 9
173 11
173 12
173 13
173 14
173 15
173 16
173 18
173 19
173 20
173 21
173 24
173 26
173 28
173 32
173 34
173 35
173 36
173 37
173 38
173 39
173 41
173 43
173 45
173 46
173 48
173 51
173 53
173 57
173 62
173 63
173 64
173 65
173 70
173 73
173 74
173 75
173 78
173 85
173 88
173 89
173 92
173 93
173 95
173 97
173 98
173 99
173 100
173 101
173 103
173 105
173 112
173 113
173 114
173 115
173 117
173 119
173 120
173 657
173 664
173 681
173 700
174 1
174 2
174 3
174 5
174 6
174 11
174 14
174 22
174 27
174 30
174 32
174 34
174 41
174 46
174 48
174 50
174 53
174 56
174 62
174 64
174 68
174 71
174 78
174 79
174 85
174 88
174 94
174 105
174 108
174 113
174 658
174 698
174 699
175 1
175 2
175 3
175 4
175 5
175 6
175 7
175 8
175 9
175 10
175 11
175 12
175 13
175 14
175 16
175 17
175 18
175 19
175 22
175 23
175 24
175 26
175 29
175 30
175 32
175 35
175 36
175 37
175 41
175 42
175 44
175 45
175 46
175 51
175 52
175 53
175 57
175 58
175 59
175 60
175 62
175 65
175 69
175 70
175 71
175 72
175 75
175 76
175 77
175 81
175 82
175 84
175 86
175 87
175 88
175 91
175 92
175 95
175 96
175 99
175 102
175 105
175 108
175 110
175 112
175 113
175 116
175 119
175 120
175 655
175 681
175 697
176 1
176 2
176 3
176 4
176 5
176 6
176 7
176 8
176 9
176 11
176 12
176 13
176 15
176 16
176 18
176 19
176 22
176 24
176 26
176 27
176 28
176 30
176 32
176 35
176 37
176 38
176 39
176 40
176 41
176 45
176 46
176 49
176 50
176 51
176 53
176 58
176 60
176 62
176 63
176 65
176 70
176 71
176 72
176 74
176 75
176 76
176 78
176 81
176 82
176 84
176 87
176 88
176 89
176 90
176 96
176 101
176 102
176 105
176 106
176 107
176 110
176 117
176 658
176 680
176 697
176 700
177 1
177 2
177 3
177 4
177 5
177 6
177 7
177 8
177 9
177 10
177 11
177 12
177 13
177 14
177 15
177 16
177 17
177 19
177 20
177 21
177 22
177 23
177 24
177 25
177 26
177 30
177 32
177 34
177 35
177 36
177 37
177 41
177 43
177 44
177 45
177 46
177 47
177 50
177 52
177 53
177 54
177 56
177 58
177 59
177 60
177 62
177 65
177 70
177 71
177 72
177 74
177 76
177 77
177 79
177 80
177 84
177 86
177 90
177 93
177 94
177 96
177 97
177 101
177 104
177 105
177 107
177 109
177 113
177 115
177 118
177 119
177 120
177 481
177 598
177 658
177 681
177 697
178 1
178 2
178 3
178 4
178 5
178 6
178 7
178 8
178 9
178 10
178 11
178 12
178 13
178 14
178 16
178 17
178 18
178 19
178 20
178 23
178 24
178 26
178 27
178 28
178 30
178 32
178 34
178 35
178 37
178 41
178 42
178 44
178 45
178 46
178 47
178 48
178 50
178 51
178 53
178 57
178 59
178 60
178 62
178 64
178 69
178 70
178 72
178 73
178 75
178 77
178 78
178 79
178 81
178 83
178 85
178 86
178 88
178 89
178 90
178 91
178 94
178 95
178 96
178 97
178 99
178 105
178 106
178 112
178 114
178 120
178 450
178 658
179 1
179 2
179 3
179 5
179 6
179 7
179 8
179 11
179 12
179 13
179 14
179 15
179 16
179 21
179 22
179 23
179 24
179 25
179 26
179 29
179 30
179 32
179 35
179 36
179 38
179 40
179 41
179 42
179 44
179 46
179 50
179 51
179 54
179 59
179 60
179 62
179 64
179 69
179 70
179 72
179 76
179 78
179 83
179 85
179 87
179 88
179 89
179 90
179 91
179 93
179 94
179 98
179 101
179 104
179 108
179 115
179 117
179 118
179 120
179 656
179 681
179 697
180 1
180 2
180 3
180 4
180 5
180 6
180 7
180 8
180 9
180 10
180 11
180 12
180 13
180 14
180 16
180 18
180 20
180 21
180 22
180 23
180 24
180 25
180 26
180 27
180 30
180 31
180 32
180 34
180 35
180 37
180 39
180 40
180 41
180 42
180 43
180 46
180 47
180 48
180 49
180 54
180 55
180 58
180 59
180 62
180 70
180 72
180 74
180 76
180 77
180 78
180 81
180 83
180 84
180 85
180 89
180 90
180 92
180 93
180 95
180 98
180 102
180 104
180 105
180 108
180 109
180 111
180 118
180 119
180 675
180 680
181 1
181 5
181 7
181 8
181 9
181 12
181 13
181 14
181 20
181 28
181 30
181 32
181 36
181 38
181 39
181 41
181 43
181 46
181 47
181 49
181 72
181 82
181 93
181 94
181 98
181 104
181 107
181 112
181 118
181 657
181 683
181 697
182 1
182 2
182 3
182 4
182 7
182 8
182 9
182 11
182 12
182 13
182 14
182 16
182 18
182 19
182 20
182 23
182 24
182 26
182 27
182 28
182 30
182 32
182 33
182 34
182 35
182 37
182 38
182 41
182 45
182 46
182 48
182 51
182 53
182 54
182 56
182 58
182 60
182 62
182 63
182 64
182 68
182 70
182 71
182 72
182 74
182 75
182 76
182 78
182 79
182 81
182 82
182 85
182 86
182 91
182 94
182 98
182 101
182 106
182 109
182 112
182 113
182 116
182 119
182 656
182 700
183 1
183 2
183 3
183 4
183 5
183 7
183 8
183 11
183 12
183 15
183 21
183 22
183 24
183 25
183 26
183 28
183 29
183 30
183 32
183 33
183 35
183 37
183 38
183 41
183 43
183 46
183 49
183 50
183 52
183 55
183 56
183 57
183 58
183 59
183 62
183 68
183 69
183 70
183 71
183 72
183 73
183 75
183 78
183 81
183 82
183 84
183 85
183 86
183 90
183 92
183 93
183 95
183 96
183 97
183 98
183 101
183 105
183 107
183 111
183 116
183 117
183 656
183 661
183 697
184 1
184 2
184 3
184 4
184 5
184 6
184 7
184 8
184 9
184 10
184 11
184 12
184 13
184 14
184 15
184 16
184 17
184 21
184 24
184 25
184 27
184 28
184 30
184 32
184 33
184 34
184 35
184 37
184 40
184 41
184 43
184 46
184 47
184 51
184 52
184 53
184 54
184 55
184 56
184 57
184 58
184 60
184 62
184 64
184 69
184 70
184 74
184 75
184 76
184 77
184 80
184 82
184 84
184 85
184 89
184 92
184 93
184 96
184 97
184 100
184 102
184 103
184 105
184 106
184 109
184 110
184 113
184 115
184 116
184 119
184 436
184 654
184 697
184 700
185 5
185 11
185 27
185 32
185 117
185 120
185 689
186 1
186 2
186 3
186 4
186 5
186 6
186 7
186 8
186 9
186 10
186 11
186 12
186 13
186 14
186 15
186 16
186 19
186 20
186 22
186 23
186 24
186 26
186 27
186 28
186 29
186 30
186 32
186 33
186 35
186 36
186 37
186 38
186 40
186 41
186 43
186 46
186 47
186 52
186 54
186 55
186 64
186 68
186 69
186 70
186 71
186 72
186 74
186 76
186 77
186 81
186 84
186 85
186 88
186 90
186 91
186 93
186 95
186 96
186 99
186 101
186 102
186 105
186 106
186 108
186 110
186 111
186 114
186 115
186 119
186 654
186 675
186 697
186 700
187 1
187 2
187 3
187 4
187 5
187 7
187 8
187 9
187 10
187 11
187 12
187 13
187 14
187 16
187 18
187 19
187 20
187 23
187 24
187 26
187 28
187 30
187 32
187 33
187 35
187 37
187 38
187 40
187 41
187 44
187 46
187 55
187 57
187 58
187 60
187 62
187 63
187 70
187 72
187 73
187 74
187 76
187 82
187 84
187 85
187 86
187 87
187 88
187 90
187 97
187 102
187 104
187 106
187 107
187 108
187 109
187 110
187 111
187 116
187 119
187 655
187 697
188 1
188 2
188 3
188 4
188 5
188 7
188 8
188 9
188 10
188 11
188 12
188 13
188 14
188 15
188 16
188 20
188 21
188 22
188 24
188 25
188 26
188 29
188 30
188 32
188 34
188 35
188 36
188 37
188 38
188 39
188 41
188 44
188 45
188 46
188 47
188 48
188 49
188 52
188 55
188 56
188 58
188 60
188 62
188 63
188 65
188 69
188 70
188 72
188 75
188 77
188 78
188 79
188 80
188 81
188 83
188 86
188 90
188 92
188 94
188 96
188 97
188 98
188 99
188 100
188 101
188 102
188 103
188 104
188 105
188 108
188 109
188 111
188 114
188 116
188 118
188 119
188 657
189 1
189 2
189 3
189 4
189 5
189 7
189 8
189 9
189 11
189 12
189 13
189 14
189 15
189 16
189 18
189 19
189 20
189 21
189 22
189 24
189 25
189 26
189 28
189 31
189 32
189 33
189 34
189 35
189 37
189 41
189 44
189 46
189 50
189 55
189 56
189 57
189 58
189 59
189 62
189 70
189 72
189 73
189 77
189 78
189 83
189 87
189 90
189 91
189 95
189 96
189 98
189 100
189 104
189 105
189 108
189 109
189 110
189 117
189 118
189 119
189 120
189 602
189 681
189 697
190 1
190 2
190 4
190 5
190 6
190 7
190 8
190 9
190 11
190 12
190 13
190 14
190 15
190 16
190 17
190 20
190 21
190 24
190 26
190 27
190 28
190 29
190 30
190 32
190 35
190 37
190 38
190 44
190 45
190 46
190 47
190 48
190 49
190 52
190 54
190 56
190 57
190 58
190 62
190 70
190 72
190 74
190 76
190 78
190 79
190 82
190 83
190 92
190 93
190 95
190 98
190 100
190 104
190 106
190 107
190 109
190 110
190 111
190 112
190 113
190 114
190 115
190 116
190 118
190 658
191 1
191 2
191 3
191 4
191 5
191 6
191 7
191 8
191 9
191 11
191 12
191 13
191 14
191 16
191 18
191 19
191 21
191 24
191 26
191 30
191 32
191 35
191 37
191 40
191 41
191 44
191 45
191 46
191 47
191 48
191 51
191 53
191 54
191 55
191 58
191 59
191 62
191 63
191 64
191 70
191 72
191 73
191 75
191 76
191 82
191 84
191 85
191 92
191 93
191 94
191 98
191 101
191 103
191 104
191 105
191 110
191 111
191 118
191 120
191 656
191 682
192 1
192 2
192 3
192 4
192 5
192 8
192 9
192 11
192 12
192 13
192 14
192 15
192 16
192 17
192 18
192 22
192 24
192 26
192 29
192 30
192 32
192 33
192 34
192 35
192 36
192 37
192 38
192 39
192 41
192 43
192 46
192 47
192 49
192 52
192 53
192 54
192 56
192 58
192 60
192 62
192 68
192 70
192 71
192 72
192 73
192 75
192 76
192 85
192 88
192 89
192 91
192 92
192 93
192 95
192 96
192 101
192 102
192 106
192 109
192 110
192 112
192 115
192 119
192 120
192 466
192 674
192 677
192 700
193 1
193 2
193 3
193 4
193 5
193 7
193 8
193 9
193 10
193 11
193 12
193 13
193 14
193 15
193 16
193 18
193 21
193 22
193 23
193 24
193 26
193 30
193 32
193 35
193 36
193 37
193 38
193 39
193 40
193 41
193 42
193 44
193 46
193 49
193 50
193 55
193 58
193 62
193 64
193 68
193 69
193 70
193 72
193 73
193 75
193 78
193 81
193 82
193 83
193 85
193 86
193 88
193 92
193 97
193 99
193 100
193 102
193 104
193 105
193 114
193 115
193 116
193 117
193 496
193 601
193 657
193 676
193 697
194 1
194 2
194 3
194 4
194 5
194 6
194 7
194 8
194 9
194 10
194 11
194 12
194 13
194 14
194 15
194 16
194 17
194 19
194 20
194 23
194 24
194 26
194 27
194 30
194 32
194 34
194 35
194 36
194 37
194 38
194 41
194 43
194 44
194 45
194 46
194 48
194 51
194 62
194 70
194 72
194 74
194 75
194 77
194 79
194 80
194 81
194 83
194 84
194 88
194 91
194 93
194 94
194 96
194 97
194 98
194 100
194 101
194 104
194 106
194 111
194 114
194 478
194 655
195 1
195 3
195 4
195 5
195 7
195 8
195 9
195 10
195 11
195 12
195 13
195 14
195 16
195 18
195 19
195 21
195 22
195 24
195 26
195 27
195 30
195 31
195 32
195 33
195 34
195 35
195 36
195 37
195 41
195 42
195 43
195 45
195 46
195 47
195 49
195 51
195 52
195 55
195 58
195 60
195 62
195 69
195 70
195 71
195 72
195 74
195 75
195 76
195 85
195 88
195 91
195 92
195 94
195 98
195 100
195 104
195 105
195 106
195 107
195 108
195 109
195 110
195 112
195 117
195 120
195 681
195 697
196 1
196 2
196 3
196 4
196 5
196 7
196 8
196 9
196 10
196 11
196 13
196 14
196 15
196 16
196 18
196 19
196 20
196 23
196 24
196 26
196 27
196 28
196 30
196 32
196 34
196 35
196 37
196 38
196 40
196 41
196 42
196 46
196 48
196 49
196 50
196 51
196 52
196 54
196 55
196 56
196 62
196 65
196 69
196 70
196 72
196 74
196 82
196 84
196 86
196 87
196 88
196 89
196 91
196 95
196 97
196 98
196 99
196 104
196 108
196 111
196 113
196 115
196 119
196 120
196 597
196 657
196 698
196 700
197 1
197 2
197 3
197 4
197 5
197 7
197 8
197 9
197 11
197 12
197 13
197 14
197 15
197 16
197 17
197 20
197 24
197 26
197 30
197 32
197 35
197 36
197 37
197 38
197 40
197 41
197 43
197 45
197 46
197 47
197 49
197 51
197 52
197 53
197 55
197 56
197 58
197 60
197 61
197 62
197 65
197 68
197 69
197 70
197 71
197 72
197 74
197 75
197 76
197 78
197 83
197 84
197 88
197 89
197 92
197 93
197 96
197 98
197 100
197 101
197 105
197 106
197 108
197 109
197 110
197 112
197 113
197 114
197 116
197 117
197 119
197 120
197 656
197 675
197 697
197 698
197 700
198 1
198 2
198 3
198 4
198 5
198 7
198 8
198 9
198 11
198 12
198 13
198 14
198 15
198 16
198 17
198 20
198 22
198 24
198 25
198 26
198 27
198 29
198 30
198 32
198 35
198 36
198 37
198 41
198 44
198 45
198 46
198 49
198 54
198 55
198 56
198 58
198 59
198 61
198 62
198 70
198 71
198 72
198 74
198 77
198 79
198 81
198 82
198 84
198 86
198 94
198 95
198 97
198 99
198 101
198 102
198 107
198 109
198 111
198 598
198 656
198 673
198 697
199 1
199 2
199 3
199 4
199 5
199 7
199 8
199 9
199 10
199 11
199 12
199 13
199 14
199 16
199 18
199 19
199 20
199 21
199 23
199 24
199 25
199 26
199 27
199 28
199 29
199 30
199 32
199 34
199 35
199 37
199 38
199 39
199 41
199 46
199 47
199 52
199 53
199 54
199 56
199 57
199 58
199 61
199 62
199 65
199 68
199 69
199 70
199 71
199 72
199 73
199 74
199 78
199 81
199 87
199 89
199 91
199 92
199 95
199 98
199 99
199 101
199 102
199 105
199 106
199 108
199 110
199 112
199 113
199 114
199 118
199 443
199 655
199 697
199 698
199 700
200 1
200 2
200 3
200 4
200 5
200 6
200 7
200 8
200 9
200 11
200 12
200 13
200 14
200 16
200 19
200 23
200 24
200 25
200 26
200 27
200 30
200 31
200 32
200 34
200 35
200 36
200 37
200 39
200 41
200 43
200 44
200 46
200 47
200 51
200 52
200 55
200 57
200 59
200 62
200 64
200 68
200 70
200 72
200 79
200 80
200 83
200 85
200 86
200 88
200 90
200 91
200 92
200 94
200 98
200 101
200 102
200 104
200 105
200 106
200 107
200 108
200 112
200 113
200 116
200 697
200 698
201 1
201 2
201 3
201 4
201 5
201 7
201 8
201 9
201 11
201 12
201 13
201 14
201 15
201 16
201 18
201 20
201 21
201 23
201 24
201 26
201 29
201 30
201 32
201 35
201 36
201 37
201 39
201 41
201 42
201 45
201 46
201 47
201 50
201 51
201 52
201 62
201 67
201 68
201 69
201 70
201 72
201 73
201 74
201 78
201 79
201 84
201 85
201 88
201 89
201 93
201 94
201 95
201 98
201 105
201 111
201 112
201 114
201 115
201 116
201 117
201 654
201 697
201 700
202 2
202 3
202 4
202 5
202 6
202 7
202 8
202 9
202 11
202 12
202 13
202 14
202 15
202 16
202 17
202 18
202 20
202 23
202 24
202 26
202 30
202 31
202 32
202 34
202 35
202 37
202 39
202 40
202 41
202 42
202 46
202 47
202 51
202 52
202 56
202 59
202 60
202 62
202 67
202 69
202 70
202 72
202 77
202 78
202 79
202 80
202 81
202 83
202 90
202 91
202 94
202 95
202 98
202 99
202 100
202 109
202 113
202 114
202 115
202 117
202 118
202 679
202 697
202 700
203 1
203 2
203 3
203 4
203 5
203 7
203 8
203 10
203 11
203 12
203 13
203 14
203 15
203 16
203 18
203 19
203 21
203 24
203 26
203 28
203 30
203 32
203 33
203 35
203 36
203 37
203 40
203 41
203 46
203 47
203 49
203 51
203 52
203 53
203 56
203 58
203 60
203 62
203 63
203 64
203 70
203 72
203 73
203 75
203 77
203 78
203 79
203 85
203 91
203 93
203 95
203 99
203 102
203 108
203 110
203 111
203 115
203 601
203 654
203 667
203 697
203 700
204 1
204 2
204 3
204 4
204 5
204 7
204 8
204 9
204 11
204 12
204 13
204 14
204 16
204 18
204 24
204 26
204 28
204 30
204 32
204 33
204 35
204 37
204 38
204 40
204 41
204 42
204 44
204 45
204 46
204 47
204 49
204 52
204 54
204 57
204 60
204 62
204 65
204 67
204 69
204 70
204 71
204 72
204 73
204 77
204 78
204 81
204 83
204 84
204 88
204 89
204 90
204 92
204 94
204 95
204 96
204 98
204 101
204 102
204 106
204 107
204 110
204 111
204 116
204 119
204 120
204 490
204 597
204 654
204 697
204 698
205 1
205 3
205 4
205 5
205 7
205 8
205 9
205 11
205 12
205 13
205 14
205 16
205 18
205 20
205 21
205 24
205 25
205 26
205 28
205 30
205 32
205 33
205 34
205 35
205 37
205 38
205 39
205 41
205 44
205 45
205 46
205 47
205 48
205 52
205 56
205 57
205 62
205 64
205 65
205 69
205 70
205 71
205 72
205 75
205 77
205 78
205 80
205 81
205 82
205 93
205 97
205 98
205 101
205 102
205 104
205 105
205 111
205 114
205 115
205 116
205 117
205 655
206 1
206 2
206 3
206 4
206 5
206 7
206 8
206 9
206 11
206 12
206 13
206 14
206 16
206 17
206 19
206 21
206 26
206 30
206 32
206 35
206 36
206 37
206 41
206 43
206 44
206 46
206 47
206 52
206 59
206 60
206 62
206 64
206 70
206 71
206 72
206 73
206 74
206 79
206 82
206 85
206 88
206 89
206 90
206 92
206 93
206 95
206 96
206 98
206 101
206 110
206 111
206 113
206 114
206 115
206 120
206 599
206 654
206 679
206 697
207 1
207 2
207 3
207 4
207 5
207 6
207 7
207 8
207 9
207 11
207 12
207 14
207 15
207 16
207 17
207 18
207 19
207 20
207 23
207 24
207 26
207 28
207 29
207 30
207 32
207 35
207 37
207 38
207 40
207 41
207 42
207 43
207 44
207 45
207 46
207 47
207 50
207 51
207 69
207 70
207 72
207 73
207 75
207 76
207 79
207 83
207 91
207 92
207 97
207 99
207 100
207 104
207 107
207 108
207 112
207 116
207 119
207 120
207 461
207 655
207 697
208 1
208 2
208 3
208 4
208 5
208 7
208 8
208 9
208 11
208 12
208 13
208 14
208 18
208 21
208 22
208 24
208 25
208 26
208 27
208 28
208 29
208 30
208 32
208 33
208 34
208 35
208 37
208 41
208 43
208 45
208 46
208 47
208 49
208 50
208 55
208 62
208 68
208 69
208 70
208 72
208 74
208 75
208 76
208 78
208 81
208 83
208 86
208 87
208 88
208 90
208 92
208 94
208 95
208 101
208 102
208 104
208 106
208 111
208 112
208 113
208 114
208 119
208 120
208 443
208 601
208 658
208 676
208 697
208 700
209 1
209 2
209 3
209 4
209 5
209 7
209 8
209 9
209 11
209 12
209 13
209 14
209 16
209 17
209 21
209 23
209 24
209 26
209 27
209 29
209 30
209 32
209 33
209 34
209 35
209 37
209 38
209 41
209 46
209 47
209 51
209 54
209 55
209 56
209 58
209 59
209 62
209 64
209 68
209 69
209 70
209 71
209 72
209 73
209 74
209 75
209 76
209 78
209 79
209 80
209 82
209 83
209 85
209 89
209 91
209 93
209 95
209 97
209 101
209 102
209 105
209 106
209 108
209 109
209 110
209 112
209 113
209 118
209 120
209 463
209 654
209 676
209 697
209 700
210 1
210 2
210 3
210 4
210 5
210 7
210 8
210 9
210 11
210 12
210 13
210 14
210 16
210 17
210 19
210 20
210 22
210 23
210 24
210 26
210 30
210 32
210 33
210 34
210 35
210 36
210 37
210 38
210 40
210 41
210 42
210 46
210 48
210 49
210 51
210 53
210 56
210 61
210 62
210 63
210 65
210 68
210 69
210 70
210 72
210 75
210 78
210 80
210 83
210 84
210 92
210 93
210 99
210 102
210 109
210 111
210 112
210 113
210 114
210 116
210 117
210 119
210 120
210 457
210 597
210 655
210 700
211 1
211 2
211 3
211 4
211 5
211 6
211 7
211 8
211 9
211 11
211 12
211 13
211 14
211 16
211 17
211 19
211 20
211 21
211 22
211 24
211 25
211 26
211 27
211 28
211 29
211 30
211 32
211 34
211 35
211 36
211 37
211 42
211 44
211 45
211 46
211 47
211 48
211 49
211 50
211 51
211 52
211 54
211 55
211 56
211 59
211 60
211 62
211 70
211 72
211 75
211 78
211 79
211 81
211 83
211 90
211 92
211 98
211 101
211 104
211 105
211 107
211 108
211 109
211 111
211 112
211 116
211 119
211 599
211 654
211 681
212 1
212 2
212 3
212 4
212 5
212 6
212 7
212 8
212 9
212 11
212 12
212 13
212 14
212 16
212 18
212 19
212 20
212 21
212 24
212 25
212 26
212 29
212 30
212 32
212 34
212 35
212 37
212 38
212 39
212 41
212 42
212 43
212 50
212 51
212 55
212 62
212 72
212 75
212 77
212 81
212 83
212 85
212 86
212 89
212 93
212 94
212 97
212 98
212 101
212 107
212 108
212 110
212 111
212 112
212 113
212 114
212 117
212 119
212 450
212 598
212 658
212 677
212 697
212 700
213 1
213 2
213 3
213 5
213 7
213 8
213 9
213 11
213 12
213 13
213 14
213 16
213 18
213 19
213 21
213 24
213 26
213 27
213 30
213 31
213 32
213 35
213 36
213 37
213 40
213 41
213 42
213 46
213 47
213 48
213 49
213 50
213 54
213 55
213 56
213 57
213 62
213 68
213 70
213 71
213 72
213 73
213 77
213 79
213 81
213 82
213 83
213 90
213 91
213 93
213 94
213 96
213 97
213 98
213 99
213 100
213 104
213 106
213 109
213 110
213 111
213 113
213 116
213 119
213 675
213 679
213 700
214 1
214 2
214 3
214 4
214 5
214 8
214 9
214 11
214 12
214 13
214 14
214 15
214 16
214 17
214 20
214 24
214 26
214 28
214 30
214 32
214 35
214 36
214 37
214 38
214 41
214 43
214 44
214 46
214 47
214 48
214 49
214 50
214 51
214 53
214 58
214 62
214 64
214 65
214 70
214 71
214 72
214 73
214 74
214 75
214 76
214 77
214 81
214 82
214 89
214 91
214 93
214 101
214 104
214 107
214 108
214 110
214 111
214 116
214 119
214 505
214 680
215 1
215 3
215 4
215 5
215 6
215 7
215 8
215 9
215 11
215 12
215 13
215 14
215 16
215 19
215 20
215 24
215 25
215 26
215 27
215 29
215 30
215 32
215 33
215 35
215 36
215 37
215 39
215 41
215 42
215 45
215 46
215 48
215 49
215 50
215 51
215 53
215 59
215 61
215 62
215 68
215 69
215 70
215 75
215 77
215 79
215 84
215 92
215 94
215 98
215 99
215 101
215 102
215 110
215 112
215 113
215 114
215 116
215 117
215 119
215 657
215 673
215 700
216 1
216 2
216 3
216 4
216 5
216 6
216 7
216 8
216 9
216 11
216 12
216 13
216 14
216 16
216 17
216 18
216 19
216 22
216 24
216 26
216 29
216 30
216 31
216 32
216 33
216 34
216 35
216 37
216 39
216 40
216 41
216 43
216 45
216 46
216 47
216 48
216 50
216 53
216 57
216 62
216 65
216 67
216 70
216 71
216 72
216 73
216 74
216 76
216 78
216 80
216 84
216 85
216 86
216 87
216 88
216 89
216 95
216 98
216 99
216 100
216 102
216 103
216 105
216 106
216 108
216 109
216 113
216 115
216 116
216 117
216 118
216 119
216 120
216 700
217 1
217 2
217 3
217 4
217 5
217 6
217 7
217 8
217 9
217 10
217 11
217 12
217 13
217 14
217 16
217 18
217 20
217 24
217 26
217 28
217 29
217 30
217 32
217 34
217 35
217 36
217 37
217 40
217 41
217 44
217 46
217 51
217 52
217 58
217 59
217 70
217 72
217 78
217 80
217 81
217 82
217 89
217 90
217 91
217 93
217 94
217 95
217 96
217 99
217 103
217 104
217 105
217 109
217 110
217 111
217 112
217 113
217 115
217 116
217 118
217 119
217 432
217 673
217 697
218 1
218 2
218 3
218 5
218 6
218 7
218 8
218 9
218 11
218 12
218 13
218 14
218 15
218 16
218 17
218 19
218 24
218 26
218 28
218 29
218 30
218 32
218 33
218 35
218 37
218 38
218 39
218 40
218 41
218 42
218 45
218 46
218 48
218 55
218 58
218 60
218 62
218 63
218 64
218 65
218 69
218 70
218 72
218 73
218 74
218 75
218 76
218 78
218 80
218 81
218 82
218 83
218 85
218 86
218 89
218 91
218 92
218 94
218 100
218 104
218 105
218 108
218 109
218 110
218 112
218 116
218 117
218 492
218 601
218 657
218 682
218 700
219 1
219 2
219 3
219 4
219 5
219 7
219 8
219 9
219 10
219 11
219 12
219 13
219 14
219 15
219 16
219 20
219 21
219 22
219 24
219 26
219 30
219 31
219 32
219 33
219 35
219 36
219 37
219 40
219 41
219 42
219 43
219 45
219 46
219 48
219 49
219 50
219 51
219 55
219 58
219 60
219 62
219 64
219 65
219 67
219 70
219 71
219 72
219 74
219 75
219 78
219 81
219 85
219 86
219 87
219 88
219 89
219 93
219 95
219 99
219 102
219 103
219 105
219 106
219 111
219 112
219 115
219 116
219 119
219 120
219 432
219 700
220 1
220 2
220 3
220 4
220 5
220 7
220 8
220 9
220 11
220 12
220 13
220 14
220 15
220 16
220 17
220 19
220 20
220 22
220 23
220 24
220 26
220 27
220 30
220 31
220 32
220 33
220 35
220 36
220 37
220 39
220 41
220 42
220 43
220 44
220 46
220 47
220 53
220 54
220 59
220 62
220 68
220 69
220 70
220 71
220 72
220 77
220 78
220 79
220 80
220 81
220 82
220 84
220 86
220 88
220 90
220 92
220 97
220 101
220 102
220 106
220 107
220 109
220 119
220 120
220 598
220 698
221 1
221 2
221 3
221 4
221 5
221 7
221 8
221 9
221 11
221 12
221 13
221 16
221 19
221 21
221 22
221 24
221 25
221 26
221 28
221 30
221 31
221 32
221 35
221 36
221 37
221 38
221 39
221 40
221 41
221 44
221 45
221 47
221 48
221 49
221 51
221 54
221 62
221 64
221 65
221 68
221 70
221 71
221 74
221 76
221 77
221 79
221 81
221 82
221 83
221 84
221 86
221 89
221 92
221 93
221 94
221 97
221 98
221 99
221 100
221 102
221 105
221 107
221 111
221 114
221 116
221 118
221 119
221 514
221 599
222 1
222 2
222 3
222 4
222 5
222 8
222 9
222 11
222 12
222 13
222 14
222 15
222 16
222 19
222 20
222 21
222 23
222 24
222 26
222 30
222 32
222 34
222 39
222 40
222 41
222 44
222 46
222 48
222 49
222 52
222 53
222 55
222 59
222 62
222 65
222 70
222 72
222 75
222 77
222 80
222 81
222 82
222 84
222 86
222 90
222 91
222 92
222 93
222 94
222 95
222 96
222 97
222 98
222 99
222 101
222 107
222 110
222 117
222 120
222 462
222 654
223 517
224 1
224 2
224 3
224 4
224 5
224 6
224 7
224 8
224 9
224 10
224 11
224 12
224 13
224 14
224 16
224 18
224 20
224 24
224 26
224 27
224 30
224 32
224 34
224 35
224 36
224 37
224 40
224 41
224 44
224 46
224 48
224 49
224 50
224 51
224 55
224 58
224 62
224 64
224 70
224 72
224 75
224 83
224 85
224 87
224 92
224 93
224 95
224 96
224 97
224 99
224 101
224 102
224 106
224 108
224 109
224 110
224 112
224 116
224 119
224 656
224 675
224 678
224 698
225 1
225 2
225 3
225 4
225 5
225 7
225 8
225 9
225 11
225 12
225 13
225 14
225 16
225 17
225 20
225 21
225 22
225 23
225 26
225 30
225 32
225 33
225 35
225 41
225 45
225 46
225 47
225 51
225 53
225 56
225 59
225 60
225 62
225 69
225 70
225 71
225 75
225 77
225 79
225 81
225 85
225 87
225 90
225 91
225 95
225 98
225 112
225 114
225 117
225 119
225 120
225 655
225 682
225 697
225 700
226 1
226 2
226 3
226 5
226 6
226 7
226 8
226 9
226 10
226 11
226 12
226 14
226 16
226 18
226 19
226 20
226 21
226 23
226 24
226 25
226 26
226 30
226 32
226 34
226 35
226 37
226 38
226 41
226 42
226 44
226 45
226 46
226 49
226 54
226 55
226 56
226 57
226 59
226 62
226 68
226 70
226 72
226 75
226 76
226 78
226 79
226 82
226 83
226 85
226 89
226 90
226 92
226 96
226 99
226 102
226 104
226 105
226 108
226 111
226 112
226 114
226 116
226 117
226 418
226 601
226 657
226 697
227 1
227 2
227 3
227 4
227 5
227 7
227 8
227 9
227 10
227 11
227 12
227 13
227 15
227 16
227 18
227 19
227 21
227 23
227 24
227 26
227 30
227 32
227 35
227 37
227 38
227 41
227 45
227 46
227 52
227 54
227 55
227 58
227 62
227 65
227 68
227 70
227 72
227 73
227 75
227 77
227 80
227 83
227 85
227 87
227 88
227 89
227 90
227 94
227 95
227 99
227 102
227 113
227 697
227 700
228 1
228 2
228 3
228 4
228 5
228 7
228 8
228 9
228 11
228 12
228 13
228 14
228 15
228 16
228 19
228 20
228 21
228 22
228 24
228 26
228 28
228 30
228 32
228 33
228 34
228 35
228 36
228 37
228 38
228 40
228 41
228 43
228 45
228 46
228 48
228 54
228 55
228 56
228 57
228 60
228 62
228 63
228 70
228 72
228 74
228 80
228 82
228 85
228 91
228 92
228 94
228 95
228 97
228 98
228 105
228 110
228 111
228 112
228 114
228 115
228 117
228 118
228 119
228 597
228 656
228 676
228 700
229 1
229 2
229 3
229 4
229 5
229 6
229 7
229 8
229 9
229 11
229 12
229 13
229 14
229 16
229 18
229 19
229 20
229 21
229 24
229 26
229 30
229 32
229 34
229 35
229 36
229 37
229 39
229 40
229 41
229 46
229 48
229 51
229 52
229 53
229 54
229 55
229 57
229 58
229 60
229 62
229 65
229 67
229 69
229 70
229 71
229 72
229 73
229 76
229 77
229 78
229 80
229 85
229 91
229 94
229 96
229 97
229 98
229 102
229 104
229 105
229 106
229 108
229 109
229 114
229 115
229 116
229 117
229 119
229 120
229 415
229 599
229 679
229 698
229 700
230 1
230 2
230 4
230 5
230 7
230 8
230 9
230 10
230 11
230 12
230 13
230 14
230 15
230 16
230 21
230 24
230 26
230 28
230 30
230 32
230 33
230 35
230 36
230 37
230 39
230 40
230 41
230 46
230 47
230 49
230 52
230 53
230 56
230 60
230 62
230 65
230 66
230 69
230 70
230 72
230 74
230 77
230 80
230 82
230 83
230 84
230 85
230 86
230 87
230 89
230 91
230 92
230 94
230 95
230 97
230 99
230 101
230 103
230 104
230 106
230 107
230 115
230 117
230 119
230 658
230 697
230 700
231 1
231 2
231 3
231 4
231 5
231 6
231 7
231 8
231 9
231 10
231 11
231 12
231 13
231 14
231 16
231 17
231 20
231 21
231 23
231 24
231 26
231 27
231 28
231 30
231 32
231 33
231 35
231 36
231 37
231 38
231 40
231 41
231 42
231 43
231 46
231 47
231 49
231 50
231 51
231 52
231 54
231 55
231 56
231 60
231 62
231 64
231 69
231 70
231 72
231 73
231 74
231 75
231 77
231 78
231 81
231 84
231 86
231 87
231 89
231 91
231 92
231 93
231 94
231 95
231 96
231 97
231 98
231 99
231 102
231 104
231 105
231 107
231 109
231 110
231 111
231 112
231 113
231 114
231 117
231 119
231 658
231 673
231 681
231 697
231 700
232 3
232 4
232 5
232 7
232 8
232 9
232 11
232 12
232 13
232 15
232 16
232 18
232 24
232 25
232 26
232 27
232 30
232 31
232 32
232 34
232 35
232 37
232 38
232 41
232 43
232 46
232 47
232 49
232 51
232 57
232 58
232 60
232 62
232 67
232 68
232 69
232 70
232 72
232 76
232 78
232 82
232 83
232 89
232 91
232 95
232 98
232 100
232 101
232 106
232 107
232 109
232 112
232 114
232 115
232 117
232 120
232 665
232 681
232 697
232 700
233 1
233 2
233 3
233 4
233 5
233 6
233 7
233 8
233 9
233 10
233 11
233 12
233 13
233 14
233 15
233 17
233 18
233 19
233 20
233 21
233 22
233 24
233 25
233 26
233 27
233 30
233 32
233 35
233 36
233 37
233 39
233 40
233 41
233 42
233 45
233 46
233 48
233 49
233 52
233 53
233 56
233 62
233 68
233 70
233 72
233 73
233 74
233 79
233 80
233 81
233 86
233 87
233 91
233 93
233 98
233 101
233 102
233 105
233 108
233 109
233 113
233 114
233 117
233 118
233 119
233 409
233 655
233 700
234 1
234 2
234 4
234 5
234 7
234 9
234 11
234 12
234 13
234 14
234 15
234 16
234 19
234 22
234 24
234 25
234 26
234 28
234 30
234 32
234 35
234 36
234 37
234 40
234 41
234 43
234 44
234 45
234 46
234 48
234 50
234 51
234 53
234 55
234 58
234 62
234 68
234 70
234 71
234 72
234 73
234 74
234 75
234 76
234 77
234 78
234 79
234 81
234 87
234 88
234 104
234 106
234 107
234 110
234 111
234 113
234 114
234 117
234 120
234 414
234 600
234 658
234 682
235 241
236 1
236 2
236 3
236 4
236 7
236 8
236 9
236 10
236 11
236 12
236 13
236 14
236 16
236 20
236 21
236 22
236 23
236 24
236 26
236 27
236 29
236 30
236 31
236 32
236 35
236 36
236 37
236 39
236 41
236 45
236 46
236 48
236 52
236 53
236 54
236 58
236 62
236 65
236 68
236 69
236 70
236 72
236 74
236 75
236 77
236 78
236 79
236 80
236 81
236 82
236 84
236 85
236 87
236 88
236 89
236 92
236 94
236 96
236 98
236 102
236 104
236 105
236 106
236 107
236 108
236 110
236 112
236 116
236 117
236 598
236 666
236 700
237 1
237 2
237 4
237 5
237 7
237 8
237 9
237 11
237 12
237 13
237 14
237 16
237 17
237 18
237 19
237 21
237 24
237 26
237 29
237 30
237 31
237 32
237 34
237 35
237 37
237 38
237 44
237 46
237 48
237 49
237 50
237 51
237 52
237 56
237 58
237 59
237 63
237 64
237 68
237 69
237 70
237 71
237 72
237 76
237 77
237 78
237 79
237 80
237 81
237 86
237 87
237 92
237 94
237 95
237 97
237 98
237 99
237 101
237 102
237 105
237 106
237 109
237 110
237 118
237 601
237 675
238 1
238 2
238 3
238 4
238 5
238 7
238 8
238 9
238 10
238 11
238 12
238 13
238 14
238 15
238 16
238 17
238 21
238 23
238 24
238 26
238 27
238 29
238 30
238 32
238 33
238 34
238 35
238 37
238 40
238 41
238 42
238 46
238 47
238 48
238 49
238 50
238 57
238 59
238 62
238 63
238 64
238 67
238 68
238 70
238 71
238 72
238 73
238 74
238 75
238 76
238 77
238 82
238 84
238 85
238 88
238 91
238 92
238 94
238 95
238 102
238 104
238 105
238 106
238 107
238 112
238 600
238 656
238 700
239 2
239 3
239 4
239 5
239 7
239 8
239 9
239 10
239 11
239 12
239 13
239 14
239 16
239 17
239 19
239 20
239 21
239 24
239 26
239 27
239 28
239 29
239 30
239 32
239 33
239 34
239 35
239 37
239 38
239 41
239 46
239 47
239 52
239 54
239 56
239 59
239 62
239 69
239 70
239 72
239 73
239 77
239 78
239 85
239 86
239 88
239 92
239 94
239 99
239 100
239 101
239 104
239 108
239 112
239 115
239 120
239 654
239 677
239 697
239 700
240 1
240 2
240 3
240 4
240 5
240 7
240 8
240 9
240 11
240 12
240 13
240 14
240 16
240 18
240 21
240 22
240 24
240 26
240 28
240 29
240 30
240 31
240 32
240 33
240 34
240 35
240 37
240 38
240 40
240 41
240 43
240 45
240 46
240 49
240 50
240 51
240 54
240 55
240 56
240 57
240 59
240 62
240 64
240 65
240 70
240 71
240 72
240 75
240 76
240 77
240 78
240 79
240 80
240 81
240 85
240 86
240 93
240 96
240 98
240 99
240 102
240 105
240 109
240 111
240 112
240 113
240 114
240 116
240 120
240 472
240 678
240 697
240 700
241 242
242 243
243 244
244 96
244 245
245 55
245 246
246 247
247 37
247 119
247 248
248 249
249 250
250 251
251 252
252 253
253 41
253 254
254 255
254 381
255 256
256 79
256 257
257 258
257 700
258 259
259 260
260 261
261 42
261 45
261 262
262 4
262 102
262 263
263 75
263 264
264 35
264 265
265 266
266 267
267 64
267 268
268 269
269 49
269 270
270 30
270 271
271 7
271 46
271 272
272 273
273 274
274 275
275 56
275 104
275 276
276 277
277 278
278 279
279 280
280 107
280 281
280 698
281 282
282 3
282 283
283 19
283 284
284 285
285 286
286 287
286 655
287 288
288 289
289 13
289 290
290 99
290 291
291 51
291 86
291 292
291 673
292 11
292 38
292 293
293 70
293 294
294 103
294 295
295 296
296 76
296 297
297 298
298 12
298 299
299 300
300 9
300 82
300 301
301 302
302 303
303 304
304 305
305 306
306 22
306 307
307 15
307 308
308 309
309 25
309 310
310 311
311 58
311 312
312 26
312 313
313 314
314 315
315 316
316 317
317 100
317 318
318 319
319 62
319 320
320 321
321 322
322 85
322 323
323 1
323 324
324 325
325 326
326 33
326 78
326 327
327 328
328 105
328 329
329 330
330 331
331 332
332 333
333 334
334 335
335 90
335 93
335 336
336 16
336 77
336 337
337 2
337 111
337 338
338 339
339 340
340 341
341 32
341 342
342 343
343 344
344 345
345 118
345 346
346 27
346 347
347 53
347 57
347 348
348 349
349 350
350 351
351 352
352 8
352 353
353 354
354 14
354 355
355 356
356 357
357 358
358 359
359 360
360 116
360 361
361 362
362 108
362 363
363 20
363 109
363 364
364 24
364 28
364 365
364 697
365 366
366 367
367 368
368 369
369 370
370 115
370 371
371 372
372 5
372 72
372 373
373 374
374 6
374 375
375 235
376 377
377 378
377 659
378 379
379 380
380 381
381 382
382 383
383 384
384 385
385 386
386 387
387 388
388 389
389 390
390 391
391 392
392 393
393 394
394 395
395 396
396 397
397 398
398 399
399 400
400 401
401 402
402 403
403 404
404 405
405 406
406 407
407 408
408 409
409 410
410 411
411 412
412 413
413 414
414 415
415 416
416 417
417 418
418 419
419 420
420 421
421 422
422 423
423 424
424 425
425 426
426 427
427 428
428 429
429 430
430 431
431 432
432 433
433 434
434 435
435 436
436 437
437 438
438 439
439 440
440 441
441 442
442 443
443 444
444 445
445 446
446 447
447 448
448 449
449 450
450 451
451 452
452 453
453 454
454 455
455 456
456 457
457 458
458 459
459 460
460 461
461 462
462 463
463 464
464 465
465 466
466 467
467 468
468 469
469 470
470 471
471 472
472 473
473 474
474 475
475 476
476 477
477 478
478 479
479 480
480 119
480 481
481 482
482 483
483 484
484 485
485 486
486 487
487 488
488 489
489 490
490 491
491 492
492 493
493 494
494 495
495 496
496 497
497 498
498 499
499 500
500 501
501 502
502 503
503 504
504 505
505 506
506 507
507 508
508 509
509 510
510 511
511 512
512 513
513 514
514 515
515 516
516 66
517 518
518 14
518 519
519 520
519 657
520 42
520 521
521 5
521 46
521 522
522 523
523 524
524 60
524 72
524 525
525 8
525 40
525 68
525 526
526 76
526 527
527 69
527 112
527 528
528 529
529 99
529 100
529 530
530 531
531 532
532 52
532 110
532 533
533 17
533 534
534 105
534 535
535 536
536 44
536 537
537 28
537 51
537 538
538 78
538 539
539 65
539 540
540 541
541 82
541 542
542 111
542 543
542 602
543 2
543 62
543 544
544 16
544 24
544 77
544 545
545 32
545 79
545 546
546 70
546 547
547 548
548 549
549 550
550 551
551 10
551 22
551 552
552 9
552 553
553 29
553 71
553 554
554 4
554 13
554 555
555 26
555 440
555 556
556 557
557 85
557 558
558 101
558 106
558 559
559 11
559 41
559 45
559 97
559 560
560 116
560 561
561 3
561 562
562 43
562 563
563 564
564 7
564 35
564 120
564 565
565 55
565 58
565 93
565 566
566 12
566 27
566 567
567 568
568 569
569 19
569 57
569 102
569 570
570 30
570 119
570 571
571 21
571 572
572 1
572 573
573 81
573 223
574 7
574 30
574 33
574 39
574 73
574 119
574 575
575 14
575 22
575 28
575 46
575 54
575 57
575 69
575 74
575 116
575 576
576 9
576 10
576 26
576 79
576 84
576 90
576 92
576 113
576 577
576 697
577 5
577 12
577 24
577 35
577 72
577 83
577 578
578 2
578 32
578 45
578 88
578 91
578 579
579 17
579 31
579 118
579 580
580 44
580 102
580 581
581 23
581 27
581 37
581 49
581 65
581 75
581 582
582 3
582 6
582 15
582 41
582 64
582 70
582 71
582 583
583 1
583 4
583 8
583 13
583 51
583 58
583 62
583 112
583 114
583 153
584 44
584 65
584 73
584 88
584 114
584 585
585 3
585 5
585 7
585 47
585 49
585 54
585 74
585 90
585 97
585 586
585 601
586 6
586 12
586 20
586 30
586 112
586 587
587 24
587 41
587 69
587 588
588 9
588 27
588 40
588 53
588 59
588 60
588 79
588 589
589 1
589 13
589 23
589 115
589 590
590 37
590 46
590 86
590 591
591 2
591 26
591 98
591 592
592 15
592 75
592 78
592 105
592 593
593 91
593 99
593 594
593 656
593 697
594 62
594 101
594 102
594 595
595 14
595 16
595 32
595 70
595 106
595 378
595 596
596 4
596 11
596 39
596 43
596 56
596 107
596 109
596 111
596 142
597 112
597 598
598 599
599 600
600 601
601 602
602 103
602 120
603 13
603 50
603 604
604 11
604 30
604 117
604 605
605 606
606 6
606 65
606 607
607 608
607 656
608 4
608 79
608 95
608 609
609 610
610 18
610 46
610 56
610 611
611 612
612 22
612 51
612 613
613 77
613 88
613 614
614 33
614 615
615 3
615 87
615 92
615 616
616 16
616 83
616 617
617 618
618 619
619 620
620 78
620 621
621 26
621 101
621 110
621 622
622 623
623 97
623 624
624 32
624 82
624 625
625 15
625 626
626 8
626 52
626 627
627 628
628 85
628 93
628 629
629 54
629 630
630 39
630 62
630 115
630 631
631 112
631 632
632 44
632 57
632 66
632 105
632 633
633 25
633 71
633 634
634 12
634 635
635 636
636 76
636 637
637 638
638 639
639 36
639 64
639 640
640 19
640 641
641 5
641 72
641 642
641 674
642 73
642 643
643 10
643 644
644 37
644 645
645 646
646 1
646 35
646 647
647 70
647 648
648 649
648 697
649 40
649 55
649 650
650 107
650 651
651 652
652 41
652 114
652 653
653 169
654 655
655 656
656 657
657 59
657 106
657 658
658 31
659 660
660 661
661 662
662 663
663 664
664 665
665 666
666 667
667 668
668 669
669 670
670 106
670 671
671 672
672 479
673 674
674 104
674 110
674 675
675 81
675 82
675 676
676 67
677 678
678 679
679 68
679 680
680 681
681 405
681 682
682 61
683 2
683 3
683 10
683 11
683 15
683 16
683 24
683 26
683 27
683 33
683 37
683 44
683 52
683 53
683 62
683 70
683 78
683 85
683 87
683 108
683 109
683 110
683 113
683 114
683 117
683 181
683 677
684 2
684 13
684 19
684 33
684 35
684 38
684 40
684 46
684 62
684 73
684 80
684 99
684 102
684 114
684 116
684 600
684 673
684 685
685 16
685 32
685 41
685 65
685 69
685 83
685 87
685 95
685 112
685 686
685 700
686 7
686 8
686 9
686 14
686 28
686 52
686 64
686 86
686 96
686 115
686 119
686 687
687 11
687 24
687 25
687 37
687 63
687 70
687 75
687 79
687 85
687 89
687 93
687 117
687 688
688 5
688 15
688 21
688 26
688 105
688 106
688 172
689 4
689 13
689 17
689 43
689 89
689 100
689 690
690 12
690 28
690 51
690 62
690 69
690 72
690 75
690 80
690 82
690 691
691 1
691 8
691 16
691 36
691 37
691 48
691 71
691 76
691 692
692 64
692 87
692 114
692 693
693 14
693 30
693 41
693 44
693 115
693 694
694 24
694 34
694 53
694 55
694 59
694 73
694 118
694 695
695 7
695 9
695 18
695 26
695 38
695 46
695 654
695 678
695 696
696 2
696 3
696 35
696 52
696 70
696 77
696 101
696 185
697 48
697 69
697 105
698 63
699 4
699 7
699 8
699 13
699 16
699 17
699 20
699 21
699 24
699 26
699 28
699 29
699 35
699 36
699 37
699 40
699 44
699 54
699 59
699 60
699 65
699 69
699 70
699 72
699 74
699 81
699 91
699 95
699 98
699 109
699 110
699 111
699 115
699 117
699 120
699 174
700 44
700 45
700 117
