700 5386
1 1 1 1 35 1 1 1 1 1 1 1 1 1 107 207 1 1 188 1 90 76 335 191 1 1 31 1 40 57 259 1 391 1 37 61 64 151 230 57 9 99 127 17 233 417 107 386 21 2 312 114 172 485 293 24 46 131 89 79 70 16 101 111 56 18 201 82 26 105 89 27 15 93 57 132 25 69 158 41 61 119 90 28 90 174 296 59 337 475 213 206 1 160 114 178 245 33 133 47 54 88 61 155 79 97 229 12 31 157 18 137 6 11 409 18 444 107 9 28 365 62 4 26 14 26 168 95 38 220 70 81 92 153 80 257 62 47 97 44 46 294 136 128 11 57 157 232 17 127 43 154 31 187 202 47 10 20 153 39 156 93 51 135 258 34 22 209 2 342 255 174 191 357 230 543 164 127 59 61 33 104 85 182 112 147 70 77 87 192 92 104 255 166 52 97 72 393 64 46 157 45 342 164 63 100 195 204 164 126 28 45 85 289 312 295 386 54 71 174 52 197 134 203 19 281 22 261 14 6 336 162 56 266 152 221 142 24 30 482 281 17 151 55 274 138 66 270 138 284 39 4 209 29 64 147 124 227 252 13 272 348 352 218 404 58 215 193 317 241 167 196 37 119 353 186 497 159 47 17 72 184 74 17 66 49 9 117 17 241 139 151 36 122 100 81 432 305 255 23 282 53 93 9 117 52 56 54 34 125 12 79 146 84 143 117 133 266 62 86 31 69 45 271 112 334 167 105 527 27 173 57 176 225 285 101 218 168 115 50 85 252 35 115 100 90 384 209 74 90 126 244 12 61 175 182 102 184 225 58 8 126 411 282 127 95 208 155 214 242 190 102 116 34 112 138 40 189 5 91 11 79 138 294 56 93 120 296 182 69 358 261 237 43 8 76 351 108 306 222 93 44 87 93 187 151 124 407 165 33 184 297 159 146 15 161 6 31 41 158 26 121 100 26 28 140 170 170 14 56 140 101 377 157 210 80 188 268 234 244 236 72 325 113 166 175 147 201 369 188 69 126 257 375 21 99 327 298 190 147 89 173 17 59 183 291 124 35 11 333 131 102 10 171 53 258 46 40 111 26 143 29 209 59 186 31 55 30 149 64 87 63 171 26 8 142 50 54 280 50 27 354 288 91 200 116 154 188 50 192 262 386 89 15 423 322 373 260 414 78 384 26 240 45 198 15 468 129 329 86 348 419 103 129 224 59 20 19 4 69 229 26 229 59 139 151 116 199 98 139 356 49 168 67 259 60 23 38 137 46 23 237 93 29 115 22 239 22 312 136 170 109 271 6 296 10 33 58 143 30 55 9 140 100 83 129 399 80 80 337 38 118 41 6 15 189 33 157 174 153 47 26 35 374 76 101 145 174 43 155 213 9 28 60 390 60 148 13 103 296 193 159 28 19 41 119 159 4 312 90 41 118 303 204 14 153 381 230 104 6 421 91 19 21 32 24 21 114 126 189 198 187 65 210 159 436 20 209 94 39 327 132 72 196 376 219 55 60 44 40 46 90 38 57 35 153 18 10 54 169 85 202 46 167 197 399 52 255 97 20 263 173 166 214 235 303 105 41 273 88
7 7 42 51 86 2 12 28 21 33 4 24 21 2 64 95 4 1 91 6 76 37 97 84 16 17 87 34 82 59 93 41 80 2 75 94 55 100 97 79 84 80 94 71 77 99 72 99 51 46 79 90 96 29 99 100 87 61 84 84 79 61 98 95 88 84 74 93 100 78 91 54 74 84 62 85 38 98 95 95 92 66 88 19 95 74 69 90 99 89 89 13 2 73 77 77 81 92 72 94 92 100 45 98 92 99 84 84 94 84 92 79 96 91 96 96 67 73 91 72 74 97 96 72 37 62 67 99 76 97 82 92 44 83 91 58 73 93 49 95 98 54 66 49 83 69 98 79 67 97 38 88 89 80 95 96 79 56 70 99 89 88 54 72 90 84 50 79 100 76 92 98 100 97 100 100 97 61 53 36 61 94 84 95 73 92 98 83 87 90 41 82 36 92 97 70 100 87 97 74 25 75 90 96 84 96 87 94 100 72 72 69 100 63 75 86 96 45 96 81 75 54 95 90 87 95 47 91 96 88 88 66 98 97 60 95 91 90 80 70 81 38 86 70 69 100 96 83 91 82 88 80 100 60 52 83 93 77 95 63 85 79 88 82 90 35 95 94 81 73 96 95 98 93 54 86 98 93 96 95 95 79 100 63 98 78 88 93 78 90 97 84 61 59 100 67 87 98 84 89 88 92 34 89 40 92 96 95 91 79 98 74 79 30 61 53 94 44 71 72 43 76 76 99 97 66 63 90 95 87 88 65 91 54 30 85 88 90 97 88 95 77 44 100 90 77 77 99 67 92 63 81 49 61 42 98 94 95 62 66 33 92 58 98 82 95 96 100 90 87 89 80 49 99 55 80 70 94 89 85 99 99 37 74 93 82 89 95 60 94 86 77 60 86 93 92 70 86 96 64 97 79 97 100 81 71 73 64 89 96 83 95 58 75 85 75 78 100 83 79 82 91 85 100 80 78 100 90 74 96 100 94 75 66 34 86 80 90 67 96 93 45 87 91 100 90 43 57 85 55 82 98 55 74 72 61 99 87 38 62 54 87 91 92 86 90 89 85 98 24 90 73 94 87 89 93 74 82 79 83 42 100 91 75 62 91 91 78 71 39 69 65 100 76 99 99 69 62 95 82 79 72 98 87 40 99 87 88 82 96 99 80 90 90 65 89 97 50 51 73 61 94 86 90 86 76 98 55 89 93 74 99 61 91 100 97 60 97 96 91 100 69 97 56 62 93 93 79 83 95 77 95 86 69 100 96 69 84 89 93 91 95 74 55 23 86 73 53 99 84 94 94 81 87 65 91 99 50 89 80 95 88 86 100 99 75 61 93 73 100 74 78 89 92 90 78 55 95 98 98 88 100 100 84 86 86 99 99 58 69 95 60 51 96 86 90 94 89 99 90 64 87 91 30 89 24 98 95 82 71 88 86 94 56 88 30 21 87 97 96 84 96 96 98 96 90 85 73 85 96 86 47 41 97 47 93 93 54 76 89 95 97 77 77 97 99 68 76 95 58 85 54 61 97 80 84 74 90 68 98 88 98 100 81 81 74 94 79 71 89 95 35 90 91 99 92 85 92 75 77
1 55
1 58
1 62
1 146
1 154
1 181
1 189
1 206
1 219
1 229
1 270
1 294
1 418
2 5
2 15
2 33
2 42
2 48
2 50
2 103
2 105
2 107
2 169
2 196
2 208
2 209
2 247
2 294
2 332
3 68
3 77
3 130
3 150
3 162
3 169
3 183
3 196
3 220
3 223
3 299
4 43
4 104
4 125
4 166
4 193
4 233
4 278
4 280
4 304
5 78
5 88
5 90
5 92
5 112
5 127
5 140
5 162
5 192
5 210
5 228
5 241
5 266
5 285
5 312
5 326
6 27
6 55
6 70
6 78
6 165
6 167
6 182
6 186
6 188
6 197
6 212
6 214
6 336
6 340
6 450
7 67
7 69
7 76
7 92
7 97
7 176
7 203
7 206
7 222
7 245
7 263
7 267
7 270
7 272
7 346
8 37
8 42
8 103
8 106
8 112
8 118
8 125
8 129
8 130
8 131
8 192
8 204
8 269
8 305
8 317
8 320
8 327
8 338
8 346
8 407
8 646
8 693
9 65
9 73
9 77
9 116
9 134
9 158
9 167
9 184
9 194
9 216
9 269
9 296
9 298
9 335
9 343
10 35
10 38
10 98
10 99
10 121
10 124
10 266
10 270
10 287
10 297
10 349
10 688
11 16
11 23
11 64
11 153
11 157
11 218
11 230
11 231
11 264
11 308
11 317
11 325
11 333
11 350
11 697
12 35
12 48
12 60
12 87
12 135
12 139
12 140
12 163
12 173
12 190
12 233
12 242
12 251
12 286
12 297
12 318
12 322
12 447
12 655
12 699
13 49
13 72
13 106
13 122
13 133
13 144
13 161
13 171
13 192
13 242
13 279
13 289
13 302
13 313
13 323
13 336
13 609
13 697
14 19
14 45
14 52
14 58
14 61
14 64
14 98
14 110
14 119
14 122
14 141
14 159
14 167
14 171
14 227
14 259
14 276
14 296
14 321
14 329
15 31
15 44
15 48
15 71
15 89
15 95
15 156
15 179
15 230
15 232
15 280
15 336
15 343
15 345
16 22
16 58
16 85
16 104
16 106
16 109
16 132
16 153
16 178
16 189
16 240
16 264
16 269
16 276
16 298
16 308
16 335
16 575
17 95
17 101
17 121
17 132
17 199
17 202
17 204
17 243
17 265
17 302
17 330
17 653
18 29
18 124
18 167
18 180
18 251
18 268
18 296
18 316
18 329
18 336
18 337
19 30
19 42
19 58
19 76
19 98
19 111
19 124
19 170
19 187
19 197
19 221
19 226
19 232
19 260
19 268
19 273
19 276
19 325
20 21
20 97
20 137
20 159
20 160
20 213
20 228
20 236
20 238
20 246
20 275
20 280
20 300
20 320
20 336
20 345
20 583
21 95
21 107
21 110
21 201
21 209
21 210
21 225
21 242
21 256
21 270
21 285
21 301
21 310
21 325
21 697
22 24
22 41
22 64
22 86
22 89
22 94
22 108
22 110
22 197
22 209
22 224
22 242
22 288
22 289
22 313
22 315
22 318
22 321
22 323
22 327
22 345
22 390
23 45
23 47
23 57
23 60
23 132
23 142
23 174
23 176
23 193
23 236
23 246
23 252
23 291
23 329
23 619
23 668
24 35
24 62
24 83
24 103
24 119
24 131
24 141
24 197
24 201
24 210
24 233
24 284
24 292
24 338
24 343
24 346
24 692
25 36
25 50
25 136
25 164
25 219
25 237
25 243
25 260
25 262
25 269
25 281
25 338
25 345
25 507
26 35
26 46
26 60
26 86
26 123
26 135
26 227
26 247
26 269
26 290
26 304
26 328
26 343
26 423
26 572
26 639
27 36
27 38
27 42
27 87
27 98
27 136
27 141
27 154
27 155
27 175
27 214
27 242
27 294
27 301
27 342
27 350
28 39
28 56
28 69
28 80
28 159
28 170
28 185
28 202
28 233
28 266
28 328
28 338
29 81
29 101
29 107
29 128
29 144
29 146
29 149
29 174
29 180
29 195
29 198
29 205
29 217
29 236
29 275
29 290
29 295
29 300
30 41
30 65
30 76
30 138
30 178
30 182
30 192
30 246
30 259
30 274
30 276
30 332
31 134
31 177
31 186
31 208
31 217
31 237
31 249
31 269
31 278
31 318
31 328
31 349
32 123
32 137
32 140
32 153
32 154
32 172
32 173
32 227
32 240
32 248
32 287
32 292
32 315
32 659
33 58
33 70
33 94
33 122
33 126
33 133
33 140
33 153
33 157
33 165
33 208
33 227
33 248
33 277
33 283
33 292
33 299
33 316
33 326
33 329
33 335
34 40
34 64
34 133
34 140
34 181
34 182
34 188
34 196
34 222
34 257
34 291
34 294
34 314
34 320
35 36
35 39
35 49
35 51
35 102
35 108
35 130
35 158
35 166
35 177
35 193
35 208
35 213
35 230
35 234
35 245
35 304
35 332
36 70
36 74
36 87
36 116
36 153
36 162
36 168
36 179
36 182
36 186
36 201
36 216
36 219
36 255
36 283
36 291
36 298
36 319
36 345
36 695
37 41
37 42
37 58
37 70
37 123
37 194
37 268
37 286
37 287
37 289
37 316
38 45
38 62
38 186
38 196
38 199
38 205
38 222
38 257
38 263
38 271
38 278
38 313
38 325
38 340
38 341
39 60
39 74
39 81
39 89
39 94
39 244
39 255
39 279
39 302
39 312
39 335
39 653
39 699
40 50
40 105
40 108
40 129
40 130
40 141
40 144
40 157
40 181
40 229
40 292
40 294
40 305
40 314
40 325
40 340
40 699
41 73
41 106
41 112
41 135
41 181
41 212
41 225
41 227
41 242
41 255
41 289
42 46
42 56
42 63
42 65
42 98
42 131
42 162
42 165
42 168
42 171
42 180
42 184
42 187
42 192
42 203
42 207
42 266
42 269
42 281
42 349
43 105
43 137
43 179
43 180
43 299
43 313
43 667
44 57
44 66
44 72
44 73
44 88
44 127
44 142
44 152
44 165
44 213
44 222
44 237
44 242
44 261
44 262
44 264
44 300
44 307
44 349
45 49
45 95
45 118
45 127
45 198
45 225
45 230
45 247
45 297
45 322
45 342
46 82
46 85
46 87
46 140
46 141
46 185
46 189
46 194
46 212
46 252
46 254
46 281
46 304
46 309
46 333
46 388
46 418
46 660
47 84
47 100
47 142
47 145
47 180
47 194
47 200
47 223
47 287
47 291
47 312
47 342
48 163
48 168
48 174
48 199
48 208
48 226
48 248
48 264
48 292
48 346
49 67
49 129
49 137
49 138
49 146
49 163
49 169
49 220
49 236
49 243
49 258
49 278
49 281
49 406
50 59
50 67
50 112
50 145
50 146
50 155
50 168
50 185
50 186
50 207
50 243
50 249
50 307
50 310
50 329
51 75
51 91
51 121
51 123
51 172
51 205
51 210
51 225
51 255
51 277
51 286
51 289
51 295
51 325
51 338
51 346
52 60
52 69
52 74
52 108
52 112
52 129
52 169
52 195
52 208
52 217
52 261
52 274
52 303
52 333
53 296
53 674
54 71
54 88
54 102
54 116
54 172
54 184
54 188
54 196
54 198
54 218
54 226
54 246
54 267
54 271
54 292
54 297
54 298
54 315
55 70
55 83
55 95
55 102
55 124
55 135
55 139
55 163
55 211
55 301
55 303
55 328
55 330
55 429
56 59
56 67
56 80
56 86
56 87
56 129
56 145
56 170
56 171
56 172
56 178
56 185
56 190
56 276
56 283
56 309
56 331
56 424
57 119
57 141
57 150
57 155
57 171
57 177
57 193
57 213
57 250
57 265
57 267
57 279
57 286
57 312
57 328
57 332
57 335
57 340
57 342
57 345
57 350
58 66
58 85
58 106
58 167
58 216
58 237
58 281
58 292
58 322
58 330
58 337
58 349
59 67
59 73
59 104
59 105
59 174
59 201
59 282
59 337
60 77
60 87
60 94
60 97
60 133
60 139
60 154
60 171
60 177
60 197
60 226
60 265
60 282
60 290
60 297
60 310
60 313
60 321
60 330
60 336
60 426
61 67
61 87
61 89
61 102
61 106
61 107
61 121
61 154
61 158
61 161
61 170
61 175
61 195
61 209
61 224
61 227
61 258
61 284
61 336
61 387
61 693
62 74
62 88
62 118
62 121
62 139
62 168
62 177
62 200
62 219
62 220
62 231
62 254
62 255
62 274
62 279
62 295
62 305
62 311
62 340
62 375
62 497
63 75
63 84
63 104
63 118
63 173
63 187
63 193
63 224
63 233
63 247
63 302
63 309
63 316
63 336
63 425
64 66
64 83
64 100
64 125
64 141
64 156
64 159
64 247
64 250
64 251
64 275
64 293
64 317
65 99
65 100
65 115
65 144
65 197
65 217
65 222
65 225
65 227
65 230
65 233
65 246
65 273
65 283
65 308
65 343
65 344
66 70
66 75
66 83
66 87
66 110
66 150
66 154
66 163
66 171
66 221
66 248
66 266
66 272
66 281
66 311
66 313
66 317
66 334
66 349
66 493
67 70
67 76
67 91
67 115
67 118
67 122
67 133
67 149
67 154
67 163
67 229
67 242
67 261
67 270
67 276
67 288
67 323
67 337
67 415
67 626
68 73
68 188
68 253
68 287
68 326
68 334
69 73
69 119
69 130
69 155
69 172
69 181
69 185
69 191
69 207
69 212
69 234
69 247
69 248
69 274
69 338
70 87
70 102
70 103
70 106
70 115
70 171
70 185
70 194
70 206
70 208
70 230
70 231
70 252
70 287
70 288
70 301
70 316
70 323
71 74
71 96
71 108
71 196
71 197
71 203
71 226
71 238
71 267
71 268
71 299
71 303
71 323
71 328
71 659
72 94
72 97
72 114
72 122
72 127
72 145
72 149
72 150
72 204
72 207
72 230
72 245
72 286
72 289
72 307
72 324
72 329
72 331
72 340
72 399
73 125
73 131
73 132
73 161
73 171
73 182
73 188
73 193
73 214
73 234
73 248
73 268
73 339
73 416
73 688
74 75
74 86
74 100
74 101
74 110
74 114
74 134
74 137
74 216
74 242
74 257
74 275
74 291
74 303
74 347
74 435
74 664
75 140
75 145
75 151
75 165
75 173
75 175
75 177
75 202
75 208
75 219
75 265
75 305
75 697
76 103
76 134
76 141
76 157
76 194
76 199
76 216
76 224
76 228
76 231
76 243
76 246
76 251
76 258
76 268
76 287
76 292
76 310
76 312
76 335
77 89
77 122
77 137
77 169
77 170
77 231
77 242
77 251
77 254
77 255
77 278
77 289
77 297
77 304
77 309
77 318
77 346
78 123
78 135
78 137
78 155
78 156
78 161
78 165
78 167
78 213
78 214
78 227
78 229
78 254
78 257
78 258
78 281
78 285
78 295
78 301
78 311
78 318
78 332
78 340
79 460
80 130
80 137
80 156
80 166
80 170
80 172
80 178
80 208
80 222
80 234
80 247
80 251
80 282
80 692
81 106
81 123
81 126
81 163
81 172
81 182
81 183
81 195
81 218
81 261
81 273
81 303
81 321
81 326
81 337
82 108
82 127
82 154
82 161
82 183
82 201
82 218
82 220
82 223
82 299
82 320
82 441
82 654
82 699
83 85
83 89
83 106
83 111
83 134
83 135
83 149
83 198
83 205
83 214
83 218
83 220
83 221
83 238
83 250
83 289
83 297
83 331
83 333
84 92
84 150
84 173
84 182
84 196
84 203
84 209
84 237
84 258
84 318
84 330
85 88
85 92
85 109
85 129
85 157
85 159
85 169
85 170
85 192
85 199
85 213
85 216
85 218
85 271
85 299
85 321
85 342
86 96
86 109
86 118
86 158
86 200
86 211
86 223
86 270
86 617
86 694
87 92
87 101
87 109
87 112
87 128
87 165
87 191
87 194
87 230
87 234
87 255
87 279
87 298
87 338
87 340
87 347
87 349
87 350
88 90
88 101
88 104
88 108
88 118
88 135
88 161
88 164
88 171
88 190
88 196
88 197
88 230
88 255
88 306
88 343
88 395
88 694
89 114
89 142
89 144
89 149
89 224
89 236
89 259
89 294
89 321
89 341
89 346
89 349
90 103
90 117
90 121
90 155
90 172
90 176
90 208
90 216
90 227
90 252
90 262
90 295
90 306
90 699
91 96
91 104
91 120
91 122
91 128
91 154
91 162
91 165
91 167
91 172
91 251
91 254
91 279
91 280
91 288
91 295
91 312
91 341
91 347
91 385
92 96
92 97
92 104
92 109
92 168
92 218
92 220
92 230
92 251
92 254
92 257
92 284
92 335
92 629
92 653
93 124
93 144
93 168
93 204
93 218
93 230
93 266
93 297
93 339
94 130
94 146
94 150
94 161
94 166
94 224
94 248
94 257
94 258
94 278
94 292
94 299
94 306
94 344
95 98
95 146
95 207
95 231
95 232
95 240
95 242
95 265
95 268
95 276
95 279
95 289
95 302
95 306
95 320
95 338
96 109
96 117
96 130
96 142
96 160
96 174
96 196
96 252
96 253
96 257
96 272
96 289
96 295
96 309
96 321
96 325
96 340
96 347
97 111
97 137
97 142
97 159
97 230
97 233
97 242
97 247
97 289
97 334
97 340
98 121
98 126
98 164
98 180
98 182
98 188
98 189
98 225
98 228
98 236
98 249
98 259
98 265
98 304
98 314
98 317
98 321
98 335
99 105
99 150
99 158
99 169
99 171
99 176
99 181
99 182
99 196
99 243
99 253
99 257
99 263
99 265
99 299
99 311
99 336
99 340
100 111
100 152
100 174
100 178
100 220
100 234
100 236
100 242
100 246
100 254
100 291
100 306
100 308
100 333
100 696
101 109
101 110
101 113
101 124
101 145
101 157
101 179
101 192
101 196
101 204
101 205
101 208
101 231
101 273
101 306
101 308
101 332
101 346
101 427
102 144
102 150
102 156
102 159
102 160
102 175
102 183
102 212
102 273
102 274
102 287
102 302
102 307
102 333
102 411
102 418
103 155
103 169
103 172
103 189
103 224
103 256
103 282
103 285
103 294
103 297
103 322
103 324
103 332
103 424
103 690
104 121
104 146
104 163
104 172
104 175
104 180
104 191
104 201
104 208
104 224
104 236
104 257
104 316
104 324
104 343
104 422
104 620
104 690
105 120
105 135
105 175
105 184
105 207
105 219
105 240
105 255
105 268
105 283
105 318
105 350
105 371
106 118
106 150
106 161
106 170
106 182
106 194
106 231
106 269
106 320
106 332
107 111
107 134
107 162
107 179
107 189
107 224
107 231
107 243
107 268
107 285
107 310
107 316
107 325
107 341
107 430
108 127
108 131
108 135
108 137
108 176
108 210
108 213
108 229
108 231
108 232
108 234
108 270
108 277
108 285
108 314
108 329
109 142
109 149
109 157
109 162
109 163
109 171
109 175
109 185
109 191
109 201
109 227
109 253
109 265
109 272
109 282
109 291
109 295
109 303
109 316
109 330
109 346
109 692
109 694
110 123
110 128
110 129
110 145
110 150
110 166
110 167
110 174
110 180
110 195
110 268
110 270
110 292
110 297
110 298
110 309
110 311
111 138
111 140
111 167
111 172
111 209
111 210
111 219
111 237
111 251
111 261
111 262
111 287
111 317
111 321
111 322
111 326
111 331
111 350
112 127
112 133
112 137
112 139
112 140
112 145
112 169
112 189
112 227
112 230
112 243
112 246
112 280
112 299
112 314
112 656
113 268
113 694
114 127
114 135
114 136
114 170
114 188
114 191
114 213
114 283
114 320
114 321
114 336
114 340
114 341
115 119
115 135
115 136
115 139
115 156
115 173
115 178
115 190
115 242
115 250
115 259
115 299
115 306
115 323
115 331
115 339
115 340
116 118
116 127
116 141
116 146
116 149
116 150
116 164
116 196
116 199
116 213
116 225
116 228
116 274
116 280
116 296
116 297
116 299
116 320
117 135
117 196
117 198
117 219
117 222
117 256
117 266
117 279
117 296
117 326
117 328
118 125
118 132
118 145
118 165
118 175
118 186
118 192
118 206
118 236
118 237
118 256
118 306
118 308
118 311
118 318
118 320
118 423
119 132
119 137
119 172
119 213
119 245
119 252
119 270
119 279
119 285
119 288
119 289
119 290
119 298
119 302
119 304
119 349
119 650
120 123
120 124
120 138
120 142
120 144
120 145
120 164
120 170
120 203
120 213
120 214
120 222
120 258
120 260
120 305
120 315
121 163
121 191
121 203
121 227
121 229
121 233
121 244
121 298
121 303
121 304
121 308
121 320
121 323
121 329
122 135
122 149
122 153
122 181
122 183
122 227
122 243
122 249
122 257
122 260
122 263
122 271
122 273
122 323
122 328
122 340
122 349
122 699
123 127
123 136
123 138
123 158
123 177
123 208
123 237
123 267
123 314
123 315
123 322
123 330
123 347
124 127
124 157
124 158
124 165
124 167
124 183
124 196
124 210
124 212
124 282
124 289
124 312
124 314
124 329
124 336
125 139
125 145
125 180
125 191
125 200
125 240
125 243
125 245
125 253
125 257
125 272
125 278
125 279
125 288
125 293
125 454
126 145
126 163
126 169
126 174
126 176
126 182
126 192
126 229
126 236
126 244
126 253
126 256
126 265
126 286
126 288
126 298
126 300
126 301
126 307
126 308
126 310
126 317
126 320
126 332
126 334
126 336
127 133
127 136
127 149
127 156
127 162
127 169
127 173
127 177
127 198
127 217
127 228
127 231
127 254
127 276
127 308
127 340
127 343
128 155
128 159
128 162
128 169
128 178
128 179
128 183
128 192
128 212
128 229
128 236
128 303
128 310
128 313
129 139
129 152
129 153
129 163
129 165
129 176
129 189
129 196
129 202
129 234
129 240
129 241
129 255
129 268
129 290
129 304
129 311
129 323
129 329
129 344
130 132
130 133
130 168
130 176
130 178
130 194
130 198
130 249
130 254
130 259
130 266
130 267
130 277
130 298
130 320
130 344
131 140
131 141
131 155
131 165
131 176
131 194
131 206
131 210
131 234
131 251
131 252
131 268
131 280
131 289
131 313
131 323
131 335
132 145
132 161
132 180
132 201
132 206
132 224
132 252
132 288
132 336
132 340
132 343
132 344
133 140
133 146
133 160
133 164
133 167
133 182
133 213
133 254
133 263
133 265
133 279
133 286
133 291
133 303
133 311
133 324
133 339
133 342
133 349
133 616
134 144
134 199
134 225
134 230
134 283
134 285
134 300
134 309
134 350
135 137
135 149
135 153
135 156
135 179
135 192
135 195
135 204
135 207
135 217
135 218
135 237
135 259
135 298
135 320
135 321
135 329
136 169
136 176
136 196
136 203
136 219
136 248
136 291
136 315
136 337
136 342
136 420
136 604
136 640
137 138
137 165
137 186
137 222
137 231
137 249
137 251
137 253
137 257
137 330
137 332
137 343
137 344
137 426
138 145
138 154
138 162
138 195
138 202
138 208
138 225
138 234
138 268
138 298
138 304
138 333
138 334
138 341
139 165
139 229
139 231
139 236
139 243
139 281
139 318
139 323
139 444
140 151
140 176
140 188
140 197
140 204
140 223
140 233
140 242
140 254
140 268
140 272
140 273
140 298
140 302
140 304
140 321
140 331
140 449
141 151
141 224
141 281
141 311
141 403
141 440
142 170
142 175
142 176
142 186
142 189
142 208
142 209
142 219
142 246
142 252
142 258
142 276
142 281
142 308
142 313
142 318
142 325
142 337
142 347
143 431
144 152
144 175
144 183
144 194
144 196
144 200
144 220
144 242
144 265
144 293
144 314
144 329
144 337
145 164
145 167
145 169
145 175
145 176
145 184
145 188
145 216
145 240
145 256
145 273
145 291
145 295
145 306
145 311
145 329
145 333
145 345
145 350
145 419
146 149
146 167
146 171
146 210
146 266
146 295
146 296
146 334
146 340
146 341
147 418
148 371
149 165
149 180
149 184
149 198
149 206
149 207
149 221
149 227
149 260
149 265
149 266
149 275
149 283
149 285
149 295
149 336
150 172
150 176
150 179
150 180
150 181
150 188
150 198
150 217
150 223
150 231
150 255
150 261
150 300
150 318
150 327
150 348
151 166
151 168
151 209
151 227
151 267
151 296
151 298
151 301
151 308
151 325
151 331
151 340
151 346
151 347
152 180
152 242
152 278
152 307
152 310
152 314
153 154
153 163
153 196
153 205
153 219
153 234
153 245
153 264
153 274
153 280
153 294
153 311
153 335
153 344
153 645
154 171
154 192
154 194
154 195
154 208
154 220
154 231
154 262
154 268
154 282
154 283
154 297
154 320
154 326
154 337
154 346
155 161
155 164
155 176
155 179
155 182
155 197
155 209
155 218
155 228
155 269
155 288
155 290
155 292
155 316
155 329
156 167
156 188
156 197
156 198
156 204
156 210
156 222
156 240
156 254
156 279
156 282
156 292
156 295
156 300
156 309
156 311
156 331
157 176
157 190
157 195
157 197
157 198
157 223
157 252
157 282
157 286
157 288
157 292
157 309
157 323
158 160
158 172
158 176
158 233
158 234
158 248
158 264
158 267
158 281
158 286
158 298
158 311
158 324
158 335
158 699
159 160
159 165
159 167
159 180
159 227
159 250
159 276
159 277
159 307
159 315
159 337
159 340
159 344
160 177
160 192
160 194
160 200
160 201
160 210
160 221
160 237
160 252
160 265
160 267
160 272
160 276
160 282
160 283
160 284
160 288
160 290
160 325
160 338
160 339
160 340
160 347
160 350
161 180
161 196
161 216
161 225
161 269
161 281
161 308
161 312
161 325
161 339
162 177
162 186
162 190
162 197
162 205
162 222
162 226
162 230
162 241
162 246
162 264
162 310
162 601
163 169
163 180
163 186
163 194
163 200
163 205
163 211
163 259
163 268
163 275
163 288
163 291
163 297
163 300
163 314
163 322
163 326
163 327
163 331
163 332
163 335
163 347
163 350
163 573
164 175
164 192
164 223
164 225
164 226
164 227
164 233
164 243
164 253
164 260
164 274
164 282
164 285
164 323
164 337
164 684
165 166
165 177
165 187
165 189
165 193
165 217
165 253
165 260
165 285
165 307
165 309
165 311
165 322
165 323
165 347
165 350
165 652
166 183
166 184
166 186
166 199
166 228
166 267
166 273
166 292
166 294
166 298
166 301
166 302
166 303
166 330
166 338
166 341
166 343
167 177
167 179
167 190
167 212
167 228
167 229
167 241
167 243
167 259
167 288
167 291
167 303
167 634
168 175
168 196
168 202
168 221
168 223
168 233
168 260
168 264
168 269
168 285
168 288
168 303
168 328
168 334
168 340
168 341
169 180
169 187
169 188
169 202
169 204
169 241
169 267
169 268
169 276
169 288
169 308
169 343
170 174
170 180
170 185
170 194
170 199
170 201
170 234
170 241
170 248
170 257
170 268
170 284
170 309
171 178
171 209
171 210
171 232
171 247
171 249
171 260
171 265
171 267
171 268
171 272
171 281
171 294
171 313
171 316
171 344
172 185
172 193
172 207
172 220
172 227
172 234
172 240
172 243
172 245
172 264
172 265
172 291
172 313
172 319
172 327
172 328
173 184
173 185
173 186
173 200
173 203
173 219
173 258
173 263
173 267
173 268
173 296
173 298
173 301
173 344
173 349
173 692
174 175
174 206
174 210
174 223
174 227
174 228
174 233
174 250
174 261
174 262
174 264
174 268
174 283
174 288
174 290
174 296
174 297
174 299
174 324
174 326
174 330
174 336
175 178
175 188
175 199
175 200
175 213
175 219
175 251
175 285
175 291
175 301
175 314
175 318
175 337
175 343
175 346
176 191
176 192
176 193
176 195
176 199
176 201
176 203
176 208
176 209
176 210
176 268
176 282
176 290
176 312
176 328
176 338
176 340
176 617
177 196
177 209
177 229
177 237
177 243
177 275
177 279
177 282
177 283
177 289
177 303
177 305
177 308
177 318
177 321
177 324
177 337
177 339
177 344
177 350
177 630
177 654
178 199
178 200
178 201
178 214
178 227
178 237
178 242
178 280
178 304
178 305
178 314
178 315
178 349
178 350
179 185
179 186
179 187
179 204
179 214
179 234
179 251
179 257
179 273
179 283
179 296
179 303
179 320
179 323
179 331
179 340
179 344
180 194
180 200
180 214
180 219
180 234
180 241
180 273
180 274
180 275
180 278
180 282
180 283
180 300
180 307
180 321
180 322
180 699
181 205
181 209
181 217
181 224
181 231
181 244
181 247
181 256
181 262
181 271
181 277
181 290
181 306
181 311
181 312
181 313
181 325
181 328
181 333
181 343
181 350
181 561
181 612
181 663
182 185
182 197
182 211
182 240
182 283
182 286
182 287
182 289
182 292
182 293
182 321
182 322
182 335
182 343
183 201
183 240
183 261
183 275
183 296
183 307
183 312
183 316
183 321
183 336
183 346
184 199
184 210
184 223
184 246
184 250
184 271
184 278
184 280
184 310
184 324
184 326
184 343
185 188
185 195
185 211
185 212
185 223
185 247
185 251
185 256
185 261
185 265
185 273
185 280
185 288
185 297
185 339
185 340
185 612
186 189
186 190
186 198
186 199
186 226
186 249
186 262
186 271
186 278
186 301
186 308
186 310
186 333
186 343
187 210
187 233
187 240
187 246
187 253
187 257
187 260
187 265
187 274
187 280
187 295
187 297
187 298
187 309
187 310
187 324
187 327
187 329
187 336
187 656
188 204
188 210
188 255
188 270
188 271
188 272
188 291
188 298
188 314
188 324
188 331
188 333
188 340
188 341
188 342
189 197
189 205
189 245
189 252
189 270
189 280
189 301
189 304
189 305
189 310
189 312
189 321
189 336
190 196
190 197
190 221
190 225
190 242
190 245
190 288
190 291
190 298
190 301
190 311
190 332
190 337
190 343
190 344
190 349
190 350
191 200
191 212
191 229
191 237
191 248
191 263
191 265
191 274
191 275
191 277
191 278
191 281
191 283
191 287
191 320
191 337
191 347
191 649
192 205
192 207
192 234
192 276
192 277
192 287
192 292
192 313
192 325
192 332
192 333
193 208
193 225
193 236
193 252
193 258
193 272
193 276
193 284
193 290
193 306
193 312
193 316
193 344
194 199
194 223
194 225
194 227
194 230
194 232
194 240
194 242
194 248
194 268
194 288
194 307
194 310
194 312
194 328
194 336
194 339
195 198
195 208
195 224
195 225
195 231
195 243
195 277
195 280
195 300
195 303
195 333
195 350
195 660
196 206
196 240
196 256
196 270
196 292
196 321
196 340
197 217
197 236
197 237
197 244
197 253
197 265
197 278
197 316
197 326
198 227
198 234
198 236
198 250
198 251
198 258
198 283
198 297
198 298
198 301
198 302
198 306
198 344
199 213
199 216
199 227
199 230
199 236
199 258
199 266
199 267
199 281
199 285
199 300
199 315
199 341
200 205
200 301
200 328
200 329
200 343
200 685
201 208
201 264
201 277
201 287
201 306
201 318
201 626
202 204
202 208
202 218
202 237
202 249
202 255
202 265
202 272
202 289
202 309
202 323
202 328
202 337
202 339
203 242
203 250
203 269
203 282
203 289
203 294
203 295
203 297
203 325
203 332
204 206
204 217
204 231
204 258
204 261
204 284
204 287
204 304
204 312
204 325
204 333
204 337
204 339
204 661
204 683
204 699
205 235
205 242
205 252
205 253
205 259
205 261
205 263
205 269
205 270
205 279
205 297
205 299
205 335
205 338
206 210
206 213
206 218
206 219
206 223
206 240
206 270
206 273
206 281
206 297
206 329
206 334
206 342
206 349
207 208
207 220
207 221
207 222
207 232
207 240
207 241
207 248
207 253
207 268
207 282
207 283
207 285
207 308
207 310
207 324
207 332
207 333
207 342
207 585
207 685
208 227
208 228
208 236
208 240
208 241
208 252
208 259
208 282
208 316
208 325
208 350
209 228
209 232
209 248
209 254
209 260
209 263
209 266
209 270
209 281
209 289
209 291
209 309
209 330
209 333
209 335
209 348
210 211
210 221
210 224
210 225
210 242
210 245
210 249
210 297
210 309
210 311
210 315
210 344
211 224
211 243
211 248
211 269
211 279
211 289
211 297
211 318
211 322
211 325
211 334
211 337
211 339
211 587
212 226
212 244
212 246
212 255
212 257
212 275
212 286
212 287
212 296
212 297
212 301
212 319
212 345
212 655
213 244
213 248
213 254
213 256
213 259
213 282
213 296
213 302
213 308
213 311
213 312
213 326
213 345
213 347
214 224
214 227
214 232
214 234
214 254
214 256
214 267
214 277
214 279
214 321
214 324
214 336
214 690
215 655
216 219
216 226
216 242
216 247
216 248
216 257
216 264
216 268
216 275
216 285
216 297
216 301
216 302
216 315
216 343
216 648
217 219
217 221
217 241
217 250
217 254
217 282
217 286
217 291
217 322
217 324
217 325
217 335
217 699
218 222
218 237
218 240
218 243
218 246
218 290
218 297
218 305
218 318
218 335
218 342
218 343
219 226
219 232
219 244
219 264
219 267
219 268
219 272
219 281
219 282
219 283
219 292
219 296
219 305
219 323
219 342
220 226
220 231
220 237
220 244
220 245
220 256
220 272
220 281
220 295
220 305
220 312
220 318
220 345
221 226
221 241
221 242
221 254
221 281
221 286
221 291
221 294
221 295
221 299
221 317
221 324
221 331
221 336
221 349
222 225
222 233
222 236
222 240
222 251
222 252
222 272
222 284
222 286
222 304
222 307
222 308
222 320
222 326
222 328
222 331
222 334
222 338
222 339
222 633
223 254
223 256
223 258
223 262
223 271
223 274
223 276
223 290
223 294
223 306
223 314
223 315
223 317
223 324
223 325
223 326
223 329
223 349
224 229
224 251
224 258
224 259
224 267
224 270
224 275
224 291
224 295
224 297
224 308
224 312
224 334
224 335
224 343
224 344
225 227
225 237
225 246
225 250
225 256
225 263
225 265
225 277
225 278
225 282
225 287
225 299
225 300
225 306
225 307
225 317
225 324
225 330
225 341
226 248
226 252
226 259
226 272
226 278
226 281
226 290
226 291
226 303
226 307
226 310
226 328
226 338
226 342
226 345
226 346
227 229
227 242
227 243
227 263
227 292
227 294
227 299
227 318
227 321
227 340
227 341
227 342
227 577
228 237
228 238
228 280
228 288
228 291
228 300
228 307
228 309
228 325
228 345
229 232
229 248
229 250
229 267
229 268
229 269
229 280
229 295
229 310
229 325
229 329
229 334
229 343
229 344
229 651
230 231
230 237
230 242
230 266
230 272
230 279
230 307
230 317
230 321
230 324
230 345
230 347
230 350
230 557
231 247
231 251
231 261
231 262
231 264
231 266
231 275
231 297
231 307
231 310
231 325
231 334
231 645
232 240
232 263
232 268
232 272
232 280
232 281
232 298
232 303
232 304
232 318
232 325
232 328
232 336
232 340
232 570
233 241
233 246
233 247
233 263
233 266
233 274
233 282
233 284
233 288
233 289
233 308
233 345
233 346
233 693
234 257
234 260
234 275
234 287
234 295
234 315
234 322
234 336
234 342
234 343
234 347
234 640
235 608
236 248
236 253
236 258
236 262
236 269
236 270
236 275
236 281
236 293
236 299
236 303
236 307
236 322
236 324
236 331
236 337
236 341
236 345
237 238
237 240
237 247
237 249
237 262
237 264
237 271
237 280
237 295
237 298
237 305
237 320
237 339
237 340
237 345
238 261
238 265
238 266
238 280
238 290
238 327
238 331
238 336
238 347
238 586
239 549
240 249
240 251
240 254
240 262
240 265
240 279
240 283
240 287
240 306
240 311
240 318
240 320
240 329
240 341
240 345
241 257
241 259
241 261
241 268
241 273
241 279
241 292
241 296
241 306
241 309
241 321
241 332
241 340
241 347
241 699
242 247
242 254
242 259
242 261
242 277
242 280
242 290
242 291
242 300
242 318
242 324
242 337
242 338
242 343
242 349
243 252
243 260
243 264
243 274
243 285
243 286
243 294
243 296
243 297
243 304
243 310
243 318
243 333
243 338
243 341
243 649
244 252
244 254
244 257
244 259
244 269
244 308
244 315
244 330
244 331
244 339
244 341
244 343
244 346
244 646
244 699
245 246
245 265
245 290
245 294
245 326
245 341
245 350
245 693
246 254
246 257
246 258
246 270
246 280
246 281
246 290
246 292
246 299
246 301
246 308
246 321
246 323
246 325
246 329
246 331
246 338
246 345
247 266
247 272
247 278
247 279
247 285
247 291
247 292
247 293
247 315
247 316
247 321
247 322
247 330
247 337
247 350
248 259
248 262
248 270
248 281
248 286
248 287
248 289
248 291
248 292
248 296
248 301
248 302
248 308
248 309
248 317
248 329
248 330
248 331
248 335
248 350
248 651
248 685
248 699
249 252
249 255
249 270
249 271
249 277
249 280
249 307
249 333
249 335
249 339
249 342
249 344
249 345
250 251
250 252
250 253
250 261
250 269
250 313
250 314
250 327
250 335
250 341
250 342
250 349
250 692
251 252
251 264
251 307
251 313
251 316
251 322
251 335
251 338
251 342
251 343
252 254
252 256
252 257
252 269
252 274
252 280
252 306
252 341
253 262
253 263
253 270
253 276
253 279
253 283
253 288
253 300
253 307
253 315
253 322
253 323
253 329
253 349
254 255
254 260
254 268
254 269
254 273
254 275
254 282
254 284
254 296
254 301
254 302
254 312
254 315
254 318
254 323
254 325
254 330
254 341
254 346
255 273
255 282
255 285
255 296
255 301
255 331
256 268
256 288
256 289
256 292
256 296
256 306
256 323
256 326
256 335
256 349
256 699
257 261
257 264
257 279
257 285
257 297
257 301
257 302
257 311
257 314
257 315
257 320
257 328
257 333
257 336
257 340
257 341
257 347
257 349
258 260
258 266
258 273
258 276
258 292
258 296
258 297
258 299
258 301
258 305
258 316
258 321
258 322
258 329
258 344
259 260
259 265
259 278
259 285
259 286
259 304
259 308
259 315
259 341
259 692
260 261
260 273
260 275
260 278
260 282
260 286
260 292
260 302
260 311
260 312
260 327
260 329
260 330
260 339
260 342
260 349
261 264
261 276
261 277
261 281
261 282
261 287
261 296
261 298
261 305
261 306
261 312
261 322
261 331
261 334
261 336
261 337
261 338
261 341
261 685
262 263
262 277
262 280
262 282
262 283
262 295
262 306
262 323
262 324
262 334
262 339
262 340
262 341
262 346
263 264
263 272
263 277
263 284
263 285
263 291
263 294
263 300
263 303
263 307
263 312
263 315
263 317
263 318
263 323
263 328
263 332
263 333
263 334
263 342
263 689
264 297
264 298
264 303
264 306
264 312
264 320
264 341
264 345
264 346
264 349
264 686
265 268
265 275
265 277
265 288
265 289
265 293
265 295
265 296
265 297
265 306
265 317
265 318
265 323
265 326
265 330
265 335
265 340
265 341
265 346
266 270
266 275
266 281
266 289
266 291
266 294
266 295
266 302
266 304
266 305
266 313
266 314
266 322
266 341
266 692
267 268
267 275
267 279
267 289
267 290
267 291
267 305
267 306
267 311
267 315
267 322
267 329
267 330
267 331
267 333
267 334
267 335
267 336
267 339
267 343
268 275
268 294
268 295
268 300
268 301
268 315
268 318
268 335
268 347
268 648
268 688
269 273
269 277
269 279
269 287
269 290
269 292
269 301
269 322
269 328
269 333
269 336
269 337
269 341
269 350
270 273
270 274
270 278
270 281
270 284
270 286
270 287
270 311
270 318
270 320
270 332
271 287
271 290
271 294
271 295
271 299
271 309
271 313
271 315
271 326
271 347
271 350
272 289
272 296
272 299
272 312
272 317
272 322
272 336
272 337
272 338
272 346
272 350
272 647
273 275
273 301
273 305
273 312
273 313
273 330
274 280
274 283
274 288
274 289
274 294
274 297
274 301
274 308
274 316
274 318
274 324
274 338
274 339
274 343
274 652
274 693
274 699
275 277
275 278
275 295
275 298
275 304
275 308
275 309
275 314
275 316
275 320
275 325
275 326
275 336
275 338
275 349
275 654
275 687
276 288
276 290
276 298
276 301
276 309
276 317
276 333
276 341
276 342
276 649
277 282
277 286
277 290
277 296
277 305
277 312
277 314
277 322
277 325
277 338
277 339
277 343
277 344
277 345
277 347
277 349
278 290
278 299
278 306
278 307
278 315
278 317
278 321
278 326
278 328
278 330
278 333
278 334
278 335
278 336
278 344
278 345
278 350
279 280
279 284
279 295
279 301
279 307
279 308
279 309
279 324
279 326
279 330
279 336
279 339
279 350
279 690
280 282
280 288
280 297
280 300
280 305
280 311
280 314
280 319
280 323
280 332
280 337
280 340
280 652
281 282
281 284
281 286
281 296
281 298
281 317
281 321
281 326
281 339
281 342
281 345
281 349
282 286
282 289
282 291
282 294
282 299
282 300
282 303
282 309
282 311
282 329
282 332
282 333
282 334
282 336
282 337
282 339
282 688
282 692
283 285
283 287
283 307
283 320
283 321
283 323
283 327
283 329
283 342
283 346
283 650
283 692
284 290
284 291
284 294
284 301
284 303
284 312
284 313
284 318
284 326
284 327
284 331
284 332
284 341
284 343
284 347
284 349
285 287
285 297
285 301
285 305
285 307
285 335
285 337
285 343
285 344
286 293
286 304
286 310
286 320
286 325
286 334
286 335
286 336
286 337
286 350
286 653
287 288
287 297
287 308
287 311
287 323
287 330
287 331
287 337
287 338
287 341
287 345
287 347
287 693
288 296
288 297
288 299
288 306
288 312
288 318
288 326
288 332
288 334
288 335
288 343
288 347
288 684
288 699
289 290
289 294
289 303
289 304
289 305
289 311
289 312
289 315
289 323
289 333
289 339
289 341
289 646
289 690
289 693
290 291
290 293
290 295
290 296
290 297
290 301
290 302
290 305
290 306
290 307
290 310
290 317
290 324
290 325
290 329
290 334
290 337
290 339
290 341
290 345
290 346
291 296
291 297
291 298
291 304
291 308
291 309
291 311
291 312
291 313
291 315
291 317
291 318
291 330
291 331
291 341
291 347
291 692
291 699
292 298
292 301
292 307
292 308
292 322
292 324
292 334
292 341
292 343
292 344
292 345
292 686
292 692
292 699
293 307
293 310
293 311
293 339
293 692
294 303
294 306
294 310
294 313
294 316
294 317
294 322
294 326
294 331
294 332
294 337
294 341
294 344
295 299
295 310
295 312
295 313
295 318
295 322
295 324
295 326
295 328
295 329
295 330
295 340
295 342
295 349
295 350
295 647
295 699
296 297
296 300
296 302
296 306
296 311
296 314
296 316
296 320
296 323
296 326
296 329
296 340
296 344
296 350
297 299
297 302
297 312
297 317
297 318
297 319
297 321
297 325
297 336
297 339
297 340
297 342
297 346
297 347
297 349
297 652
298 306
298 308
298 310
298 312
298 317
298 320
298 324
298 326
298 330
298 336
298 343
298 345
298 349
298 686
299 301
299 306
299 307
299 309
299 312
299 317
299 321
299 326
299 332
299 340
299 344
299 699
300 312
300 325
300 328
300 330
300 335
300 336
300 341
300 343
300 344
301 304
301 310
301 311
301 323
301 328
301 349
301 350
301 699
302 313
302 315
302 322
302 324
302 329
302 333
302 334
302 335
302 336
302 340
302 342
302 343
302 344
302 345
302 346
302 347
302 348
302 349
302 350
303 306
303 307
303 308
303 311
303 313
303 343
303 345
303 350
304 308
304 309
304 317
304 320
304 321
304 322
304 339
304 342
304 347
304 690
305 307
305 314
305 315
305 316
305 323
305 325
305 330
305 333
305 345
305 349
305 699
306 314
306 318
306 324
306 334
306 335
306 336
306 342
306 343
306 350
306 684
307 315
307 321
307 323
307 326
307 327
307 331
307 332
307 336
307 338
307 339
307 340
307 345
308 309
308 310
308 316
308 320
308 328
308 329
308 332
308 334
308 337
308 342
309 313
309 314
309 318
309 321
309 322
309 324
309 327
309 329
309 330
309 335
309 338
309 345
309 349
309 350
309 684
310 312
310 316
310 320
310 321
310 324
310 329
310 330
310 332
310 334
310 337
311 312
311 318
311 327
311 328
311 331
311 332
311 342
311 343
311 344
311 345
311 347
312 313
312 321
312 324
312 326
312 328
312 329
312 331
312 333
312 335
312 337
312 342
312 344
313 314
313 320
313 323
313 325
313 326
313 329
313 330
313 332
313 333
313 335
313 339
313 341
313 345
313 347
313 350
313 653
313 684
314 315
314 316
314 317
314 319
314 321
314 322
314 323
314 324
314 328
314 329
314 331
314 336
314 339
314 341
314 343
314 345
314 347
314 350
314 649
315 320
315 322
315 323
315 328
315 329
315 330
315 336
315 338
315 339
315 342
315 343
315 345
316 318
316 320
316 321
316 322
316 329
316 330
316 333
316 342
316 343
316 345
316 346
316 348
317 318
317 319
317 320
317 321
317 325
317 326
317 327
317 336
317 341
317 343
317 344
317 346
317 350
317 649
318 322
318 324
318 326
318 330
318 335
318 336
318 337
318 339
318 342
318 345
318 347
318 651
319 334
319 341
319 683
320 322
320 323
320 324
320 325
320 329
320 332
320 333
320 334
320 336
320 337
320 338
320 340
320 345
320 347
320 350
320 699
321 327
321 330
321 331
321 344
322 323
322 328
322 329
322 330
322 331
322 333
322 334
322 335
322 336
322 340
322 344
322 349
322 350
323 327
323 328
323 330
323 331
323 333
323 334
323 339
323 340
323 342
323 345
323 350
323 654
324 325
324 326
324 329
324 330
324 336
324 338
324 340
324 341
324 342
324 345
324 346
324 347
324 349
324 350
324 645
325 326
325 328
325 330
325 332
325 333
325 336
325 339
325 340
325 341
325 344
325 349
326 329
326 332
326 333
326 335
326 336
326 337
326 340
326 343
326 345
326 347
326 349
326 350
326 646
327 328
327 330
327 337
327 341
327 346
327 349
327 350
327 699
328 329
328 332
328 334
328 335
328 336
328 339
328 340
328 341
328 345
328 346
328 347
328 349
328 646
329 330
329 332
329 333
329 336
329 337
329 339
329 343
329 344
329 346
329 347
329 349
329 350
330 331
330 333
330 334
330 335
330 337
330 344
330 346
330 350
331 334
331 337
331 338
331 340
331 344
331 349
331 350
331 649
332 333
332 335
332 339
332 340
332 342
332 345
332 347
332 350
332 652
333 334
333 336
333 337
333 338
333 341
333 342
333 346
333 347
334 336
334 337
334 338
334 339
334 340
334 341
334 342
334 343
334 344
334 346
335 336
335 340
335 341
335 342
335 343
335 652
336 338
336 340
336 341
336 343
336 344
336 347
336 349
336 649
337 338
337 339
337 340
337 341
337 342
337 343
337 345
337 349
337 645
338 339
338 342
338 343
338 344
338 345
338 346
338 347
338 349
338 645
339 340
339 341
339 342
339 344
339 345
339 346
339 347
339 349
339 350
339 650
340 341
340 342
340 343
340 345
340 347
340 350
340 652
341 342
341 343
341 344
341 345
341 347
341 350
341 651
342 343
342 344
342 345
342 346
342 347
342 349
342 350
342 651
343 344
343 345
343 346
343 347
343 349
343 350
343 650
344 345
344 346
344 347
344 348
344 349
344 350
345 346
345 347
345 349
345 350
345 646
346 347
346 349
346 350
346 648
347 349
347 350
347 646
348 645
349 350
351 12
351 34
351 93
352 2
353 17
353 25
353 59
354 34
354 50
355 34
355 404
356 7
356 20
357 3
357 11
357 122
358 20
359 9
359 32
359 34
360 12
360 32
360 221
361 14
361 28
362 13
363 1
363 311
364 8
364 670
365 13
366 10
366 11
367 9
367 220
368 8
368 12
369 14
369 17
370 3
370 9
371 372
372 373
373 289
373 313
373 374
374 375
375 208
375 376
376 199
376 377
377 378
378 379
379 380
380 381
381 382
382 383
383 384
384 252
384 259
384 385
385 386
386 387
387 388
388 189
388 389
389 390
390 391
391 392
392 393
393 394
394 219
394 395
394 700
395 396
396 397
397 398
398 399
399 400
400 401
401 402
402 403
403 404
404 405
405 406
406 149
406 407
407 408
408 233
408 322
408 409
409 410
410 411
411 412
412 413
413 157
413 414
414 415
415 181
415 416
416 417
417 148
418 217
418 309
418 419
419 184
419 420
420 230
420 421
421 279
421 422
422 177
422 194
422 423
423 424
424 425
425 426
426 237
426 427
427 428
428 176
428 429
429 323
429 430
430 147
430 185
430 219
431 432
432 219
432 433
433 434
434 435
435 436
436 283
436 437
437 178
437 438
438 439
439 184
439 231
439 440
440 156
440 441
441 144
441 442
442 443
443 228
443 444
444 445
445 446
446 238
446 447
447 250
447 448
448 449
449 254
449 450
450 451
451 243
451 333
451 452
452 453
453 314
453 454
454 455
455 456
456 457
457 202
457 458
458 459
459 143
459 179
460 328
460 461
461 462
462 344
462 463
463 464
464 254
464 465
465 466
466 467
467 468
468 469
469 470
470 471
471 472
472 473
473 474
474 475
475 476
476 477
477 478
478 479
479 480
480 481
481 84
481 482
482 483
483 484
484 485
485 486
486 487
487 488
488 295
488 489
489 490
490 491
491 492
492 493
493 494
494 82
494 495
495 290
495 496
496 338
496 497
497 498
498 499
499 500
500 501
501 502
502 503
503 504
504 505
505 506
506 507
507 508
508 509
509 510
510 511
511 512
512 513
513 514
514 515
515 516
516 517
517 518
518 519
519 520
520 521
521 522
522 523
523 172
523 524
524 189
524 525
525 526
526 527
527 528
528 529
529 530
530 199
530 205
530 531
531 532
532 533
533 534
534 535
535 536
536 537
537 538
538 539
539 540
540 541
541 542
542 543
543 544
544 283
544 545
545 546
546 293
546 547
547 99
547 548
548 79
549 550
550 551
551 552
552 553
553 554
554 555
555 556
556 264
556 557
557 558
558 559
559 560
560 561
561 306
561 562
562 563
563 284
563 564
564 565
565 566
566 567
567 568
568 569
569 338
569 570
570 571
571 572
572 573
573 254
573 574
574 301
574 575
575 576
576 577
577 578
578 579
579 580
580 581
581 582
582 583
583 584
584 260
584 585
585 322
585 586
586 587
587 324
587 588
588 589
589 590
590 591
591 592
592 593
593 308
593 594
594 315
594 595
595 596
596 597
597 296
597 598
598 599
599 600
600 601
601 602
602 603
603 604
604 297
604 605
605 309
605 606
606 607
607 239
608 609
609 610
610 611
611 284
611 612
612 613
613 614
614 615
615 616
616 257
616 617
617 618
618 619
619 620
620 621
621 285
621 622
622 623
623 624
624 277
624 625
625 626
626 627
627 300
627 628
628 629
629 264
629 630
630 299
630 631
631 263
631 318
631 632
632 305
632 633
633 634
634 635
635 636
636 267
636 290
636 637
637 638
638 269
638 639
639 289
639 640
640 641
641 642
642 314
642 643
643 644
644 235
644 688
645 646
646 647
647 350
647 648
648 649
649 650
650 651
651 652
652 653
653 654
654 348
654 349
655 294
655 656
656 305
656 322
656 657
657 309
657 658
658 659
659 233
659 281
659 660
660 272
660 661
661 288
661 342
661 662
662 663
663 302
663 664
664 665
665 286
665 666
666 215
666 259
666 267
666 287
666 344
667 289
667 290
667 331
667 668
668 221
668 225
668 341
668 669
668 680
669 43
669 642
670 671
671 672
672 673
673 364
674 65
674 123
674 266
674 675
675 260
675 676
676 677
677 320
677 678
678 149
678 317
678 679
679 54
679 285
679 680
680 277
680 681
681 289
681 682
682 53
682 153
682 298
683 684
684 326
684 335
684 344
684 345
684 685
685 686
686 329
686 346
686 687
687 320
687 349
687 688
688 689
689 328
689 330
689 331
689 690
690 336
690 343
690 691
691 319
691 322
691 324
691 350
692 296
692 302
692 317
692 322
692 335
692 693
693 293
693 304
693 306
693 321
694 138
694 210
694 298
694 323
694 695
695 188
695 225
695 245
695 260
695 286
695 297
695 696
696 155
696 158
696 246
696 331
696 697
697 117
697 197
697 204
697 698
698 113
698 192
698 252
698 256
698 307
698 311
699 327
699 342
699 344
699 345
699 646
700 401
