700 12079
1 1 1 1 1 28 1 3 1 1 1 1 1 232 1 1 1 1 38 1 1 136 134 24 49 46 1 1 197 94 1 1 108 3 373 1 1 52 1 113 1 1 1 23 373 58 86 1 1 409 60 8 95 59 16 1 148 395 207 287 422 194 169 99 130 157 19 36 107 107 162 160 130 130 40 262 34 1 54 151 15 167 382 197 46 155 5 318 24 115 25 55 81 133 54 200 127 54 197 77 162 156 147 6 130 182 137 2 1 185 132 47 186 24 204 141 33 106 124 272 313 235 185 20 1 38 161 47 83 85 75 219 94 51 266 147 8 10 129 113 128 174 43 49 15 92 25 179 28 67 134 376 104 80 66 92 135 26 74 9 69 77 54 19 105 88 151 245 381 97 99 11 54 49 39 45 45 68 18 144 99 276 44 452 145 62 147 107 10 442 52 49 82 101 276 27 156 108 216 10 311 228 50 143 28 170 20 184 374 47 378 142 258 119 395 243 149 72 237 191 205 15 33 231 75 44 198 81 24 178 75 149 135 14 60 11 98 163 80 82 271 196 49 428 390 76 170 192 60 334 5 167 92 90 229 94 141 93 26 44 64 70 198 15 473 297 134 106 31 276 33 287 64 28 24 45 148 76 374 74 9 140 189 308 26 4 142 64 209 16 24 51 285 141 75 275 163 32 509 33 44 109 416 427 27 296 70 379 209 148 306 4 154 352 232 161 93 28 81 217 332 247 4 123 99 173 82 416 212 403 86 43 71 235 67 379 40 27 314 4 9 194 143 209 257 94 36 31 22 31 54 27 210 408 2 202 91 108 161 8 296 21 237 460 51 306 198 54 57 18 131 53 391 49 7 452 62 454 222 183 104 23 41 194 48 32 124 130 90 115 119 76 326 83 49 15 81 333 36 70 367 7 24 88 110 62 250 64 148 110 25 4 23 14 57 192 60 134 21 301 159 393 401 193 64 35 92 479 276 24 83 56 71 411 15 14 2 57 36 72 48 122 178 224 326 319 15 71 2 72 63 80 44 18 32 259 98 220 30 367 105 247 19 118 193 105 182 3 235 199 276 196 82 212 92 141 343 188 124 109 340 208 108 42 76 154 149 35 13 73 185 189 26 163 33 285 151 199 44 171 77 32 88 148 79 116 63 121 53 81 143 33 101 223 161 37 135 8 256 152 71 214 129 106 296 92 329 200 5 83 65 43 285 370 188 46 261 59 286 189 52 28 424 22 125 4 328 100 84 59 115 88 209 152 40 244 68 336 134 36 32 15 88 141 120 212 79 72 410 16 7 47 95 23 45 186 79 24 20 114 302 314 163 336 442 110 218 20 3 202 13 274 132 251 78 151 213 255 69 33 32 40 127 306 320 169 114 126 106 173 511 274 98 70 5 4 138 108 7 141 77 236 419 156 106 518 237 85 36 83 17 41 58 241 109 61 241 86 360 66 34 134 224 67 57 458 50 92 142 21 95 103 122 137 3 85 68 27 129 144 10 232 183 165 83 123 17 151 244 276 365 77 164 263 84 16 187 1 162 375 77 24 218 301 111 117 172 12 3 179 32 230 45 108 20 186 134 247 104 173
14 6 48 7 24 85 3 95 32 16 5 4 11 97 7 7 3 7 96 6 19 31 80 99 74 80 44 26 84 82 8 38 56 82 96 32 5 89 52 95 9 24 36 96 94 78 99 9 18 92 91 89 93 40 55 23 75 60 84 95 90 74 62 76 58 79 91 84 70 61 86 76 57 97 75 82 38 29 91 48 85 94 100 46 100 79 96 63 77 73 94 74 71 80 54 97 99 98 88 87 62 89 74 98 96 63 83 100 1 78 100 71 79 79 70 72 65 96 88 78 94 66 95 70 6 95 79 85 85 94 98 90 91 75 91 54 98 90 77 90 60 73 50 89 92 98 79 62 51 86 83 84 48 74 78 88 92 68 60 83 59 83 84 64 86 95 99 90 41 80 65 93 96 53 65 95 80 91 52 68 100 83 83 95 87 93 59 87 83 69 79 61 92 93 82 92 90 70 85 96 93 78 83 82 72 95 48 85 85 68 61 35 91 73 75 100 49 77 98 78 51 100 51 78 63 91 96 91 65 68 100 95 96 54 94 98 98 82 84 99 93 99 92 90 76 87 57 100 78 96 91 95 66 90 76 85 97 83 81 50 90 87 86 83 62 90 91 98 92 95 77 96 90 62 87 80 100 51 91 99 94 85 98 99 78 76 98 78 93 90 98 99 60 100 90 29 92 94 94 87 97 95 83 91 90 77 98 88 80 68 91 60 80 88 93 83 98 86 92 89 78 77 96 75 79 84 91 69 90 72 80 98 76 87 78 84 73 89 99 90 68 92 99 100 86 96 100 86 97 79 41 28 94 92 95 77 96 97 89 97 86 22 54 82 80 80 84 82 77 94 91 100 51 81 89 99 81 97 90 94 70 86 95 78 89 78 91 100 88 82 80 64 90 82 88 67 97 84 37 96 88 80 80 98 95 80 72 81 73 92 76 96 94 16 87 88 56 84 75 80 78 96 92 77 94 89 69 88 58 78 88 91 72 90 74 85 77 75 87 60 52 98 64 35 89 58 74 38 97 64 93 95 84 79 54 97 99 88 94 62 99 72 93 94 67 89 94 91 67 92 79 77 85 95 91 47 43 59 99 81 92 80 65 47 96 96 46 92 97 86 95 90 96 75 93 79 77 54 73 94 88 52 81 56 65 94 71 51 90 68 65 86 85 63 29 57 80 87 75 95 79 48 56 88 76 76 76 80 98 61 59 84 65 60 68 82 97 92 100 90 27 99 69 99 90 89 57 90 80 88 69 59 94 90 92 46 48 76 86 89 93 85 84 72 90 53 91 61 76 96 39 94 90 95 58 71 69 83 77 92 91 99 79 75 58 25 56 98 74 37 86 64 93 96 94 94 27 56 98 78 85 72 98 70 94 38 100 74 94 47 86 85 90 42 100 68 76 70 56 99 100 95 91 85 100 63 83 56 70 92 86 73 88 79 92 91 60 86 71 57 91 69 77 87 25 92 78 81 96 96 75 84 71 94 100 64 76 55 85 81 95 72 56 99 61 51 96 88 48 51 84 97 96 84 56 84 62 1 97 81 89 71 98 96 97 98 80 80 81 100 50 18 33 99 98 56 51 91 97 88
1 61
1 70
1 76
1 84
1 94
1 163
1 166
1 209
1 283
1 329
1 350
1 369
1 392
1 393
1 408
1 453
1 505
1 517
1 530
1 538
1 541
1 545
2 6
2 19
2 24
2 33
2 58
2 130
2 136
2 148
2 197
2 314
2 321
2 427
2 459
2 467
2 479
2 493
2 520
3 40
3 61
3 124
3 173
3 180
3 190
3 191
3 227
3 232
3 240
3 264
3 269
3 310
3 354
3 359
3 363
3 401
3 411
3 456
3 512
3 581
3 583
4 26
4 69
4 70
4 108
4 137
4 139
4 146
4 181
4 216
4 239
4 263
4 276
4 309
4 333
4 396
4 440
4 458
4 462
4 466
4 470
4 504
4 506
4 536
4 556
4 569
4 699
5 8
5 61
5 71
5 83
5 157
5 170
5 174
5 176
5 201
5 313
5 316
5 322
5 340
5 369
5 409
5 445
5 497
5 514
5 518
5 531
5 577
5 613
5 640
6 44
6 60
6 64
6 92
6 194
6 315
6 431
6 444
6 517
6 523
6 568
6 569
6 589
6 598
6 621
7 30
7 91
7 94
7 113
7 128
7 143
7 191
7 196
7 219
7 224
7 286
7 297
7 389
7 408
7 426
7 447
7 525
7 553
7 563
7 568
7 570
7 573
7 601
8 57
8 67
8 101
8 182
8 185
8 212
8 244
8 354
8 362
8 370
8 376
8 389
8 398
8 455
8 489
8 503
8 523
8 564
9 14
9 97
9 148
9 218
9 220
9 250
9 262
9 275
9 441
9 472
9 504
9 543
9 574
9 585
9 595
9 606
9 648
10 23
10 46
10 61
10 142
10 145
10 161
10 165
10 205
10 246
10 477
10 495
10 538
10 574
10 601
11 22
11 217
11 257
11 272
11 307
11 356
11 392
11 399
11 404
11 455
11 489
11 532
11 565
11 582
11 592
11 604
11 609
11 646
12 38
12 40
12 50
12 63
12 73
12 87
12 102
12 134
12 136
12 268
12 314
12 408
12 451
12 455
12 494
12 512
12 534
12 553
12 586
12 630
12 700
13 55
13 98
13 102
13 142
13 143
13 153
13 168
13 196
13 232
13 327
13 375
13 393
13 405
13 419
13 425
13 496
13 498
13 544
13 553
13 558
13 563
13 615
13 624
13 650
14 84
14 91
14 99
14 114
14 149
14 214
14 220
14 286
14 324
14 393
14 440
14 527
14 535
14 543
14 561
15 19
15 50
15 63
15 70
15 103
15 105
15 112
15 113
15 119
15 146
15 180
15 181
15 210
15 303
15 331
15 385
15 451
15 459
15 519
15 558
15 573
15 595
16 59
16 64
16 85
16 95
16 150
16 158
16 212
16 224
16 242
16 321
16 360
16 441
16 448
16 481
16 514
16 537
16 553
16 584
16 589
16 590
16 602
16 604
16 680
17 59
17 90
17 106
17 111
17 124
17 174
17 192
17 197
17 202
17 217
17 252
17 268
17 289
17 393
17 419
17 426
17 459
17 508
17 538
17 575
18 86
18 89
18 115
18 142
18 189
18 227
18 314
18 317
18 327
18 382
18 411
18 434
18 436
18 439
18 450
18 453
18 456
18 465
18 474
18 484
18 584
18 597
19 155
19 161
19 166
19 275
19 496
19 528
19 557
19 602
20 119
20 190
20 229
20 231
20 253
20 266
20 280
20 305
20 327
20 333
20 356
20 371
20 376
20 422
20 473
20 478
20 521
20 628
20 635
20 695
21 35
21 50
21 87
21 97
21 194
21 241
21 255
21 272
21 300
21 404
21 410
21 439
21 484
21 501
21 513
21 554
21 586
21 635
22 34
22 71
22 79
22 161
22 185
22 188
22 237
22 365
22 390
22 407
22 413
22 441
22 451
22 541
22 587
22 594
22 598
22 646
23 25
23 85
23 220
23 229
23 261
23 277
23 337
23 389
23 414
23 415
23 464
23 472
23 489
23 560
23 585
23 587
23 588
24 25
24 55
24 88
24 181
24 187
24 298
24 301
24 304
24 322
24 405
24 428
24 447
24 457
24 495
24 513
24 542
24 632
25 98
25 116
25 136
25 168
25 201
25 202
25 203
25 223
25 225
25 228
25 235
25 249
25 314
25 363
25 371
25 395
25 396
25 440
25 459
25 562
25 568
25 584
25 592
25 613
25 642
26 82
26 199
26 205
26 248
26 291
26 293
26 294
26 317
26 345
26 346
26 348
26 350
26 392
26 402
26 445
26 447
26 466
26 498
26 502
26 543
26 563
26 568
26 578
26 598
26 600
26 601
26 607
26 623
26 645
26 649
26 684
27 65
27 74
27 79
27 151
27 157
27 220
27 251
27 270
27 293
27 339
27 384
27 438
27 446
27 551
27 619
27 636
27 650
28 51
28 81
28 84
28 130
28 158
28 175
28 187
28 189
28 190
28 211
28 322
28 328
28 337
28 411
28 425
28 434
28 473
28 522
29 296
29 358
29 408
29 424
29 447
29 526
29 678
30 86
30 112
30 151
30 170
30 191
30 225
30 241
30 256
30 259
30 271
30 277
30 283
30 297
30 300
30 362
30 373
30 388
30 454
30 464
30 481
30 491
30 492
30 497
30 559
30 561
30 620
30 630
30 637
31 114
31 189
31 200
31 248
31 268
31 271
31 313
31 315
31 331
31 405
31 419
31 440
31 471
31 478
31 488
31 537
31 539
31 549
31 551
31 595
31 604
31 611
32 51
32 120
32 128
32 164
32 166
32 173
32 192
32 201
32 262
32 265
32 279
32 295
32 307
32 316
32 374
32 408
32 435
32 436
32 446
32 460
32 522
32 530
32 536
32 544
33 34
33 54
33 63
33 75
33 131
33 193
33 221
33 222
33 236
33 240
33 360
33 385
33 396
33 399
33 414
33 420
33 471
33 495
33 516
33 573
34 120
34 252
34 271
34 340
34 390
34 408
34 410
34 423
34 429
34 439
34 450
34 525
34 613
34 617
35 45
35 51
35 70
35 119
35 160
35 195
35 312
35 332
35 362
35 396
35 503
35 515
35 530
35 538
35 546
35 569
35 607
35 619
35 629
36 50
36 85
36 94
36 112
36 165
36 168
36 210
36 216
36 271
36 277
36 331
36 346
36 363
36 371
36 394
36 451
36 460
36 506
36 562
36 563
36 571
36 580
36 594
36 628
36 632
37 127
37 181
37 233
37 285
37 296
37 297
37 338
37 345
37 391
37 456
37 460
37 473
37 475
37 483
37 496
37 534
37 571
37 589
37 590
38 80
38 100
38 130
38 178
38 180
38 209
38 228
38 371
38 436
38 503
38 517
38 530
38 551
38 571
38 649
39 80
39 164
39 196
39 228
39 312
39 314
39 411
39 553
39 630
39 631
39 647
40 51
40 85
40 118
40 127
40 200
40 209
40 210
40 226
40 341
40 411
40 441
40 483
40 486
40 488
40 513
40 555
40 577
40 583
40 638
41 47
41 62
41 64
41 153
41 155
41 221
41 234
41 239
41 282
41 306
41 313
41 322
41 334
41 344
41 357
41 380
41 391
41 407
41 441
41 447
41 545
41 552
41 620
42 53
42 114
42 171
42 185
42 186
42 204
42 301
42 358
42 365
42 403
42 420
42 427
42 486
42 496
42 498
42 560
42 578
42 588
42 627
43 52
43 55
43 116
43 149
43 150
43 238
43 289
43 303
43 335
43 347
43 390
43 413
43 467
43 555
43 596
43 601
43 612
43 617
44 250
44 313
44 320
44 403
44 510
44 531
44 555
44 576
44 638
45 77
45 91
45 111
45 113
45 133
45 152
45 203
45 237
45 243
45 259
45 277
45 302
45 324
45 373
45 460
45 469
45 475
45 504
45 514
45 577
45 642
45 645
46 104
46 141
46 144
46 230
46 233
46 248
46 336
46 342
46 363
46 390
46 405
46 424
46 448
46 489
46 491
46 510
46 538
46 547
46 612
46 624
47 66
47 68
47 108
47 208
47 272
47 281
47 312
47 443
47 485
47 518
47 630
47 644
48 93
48 123
48 133
48 141
48 146
48 163
48 249
48 251
48 260
48 281
48 322
48 326
48 368
48 383
48 384
48 393
48 434
48 505
48 539
48 561
49 148
49 183
49 222
49 226
49 321
49 340
49 348
49 486
49 519
49 567
49 602
49 645
50 87
50 115
50 171
50 178
50 212
50 233
50 358
50 504
50 533
50 558
50 592
50 693
51 63
51 117
51 161
51 163
51 281
51 297
51 379
51 407
51 422
51 452
51 466
51 535
51 575
51 582
51 584
51 596
51 650
52 86
52 96
52 111
52 144
52 166
52 246
52 291
52 308
52 361
52 444
52 460
52 503
52 535
52 552
52 555
52 559
52 563
52 565
53 64
53 77
53 152
53 153
53 190
53 212
53 323
53 359
53 368
53 376
53 451
53 462
53 482
53 502
53 559
54 66
54 116
54 120
54 135
54 152
54 161
54 162
54 166
54 194
54 196
54 212
54 275
54 340
54 348
54 415
54 489
54 509
54 511
54 561
54 570
54 574
54 580
54 601
54 617
54 640
55 101
55 150
55 196
55 202
55 224
55 351
55 444
55 450
55 463
55 465
55 467
55 501
55 502
55 536
55 558
55 584
55 599
56 60
56 82
56 102
56 105
56 179
56 198
56 233
56 255
56 260
56 295
56 307
56 308
56 362
56 432
56 523
56 524
56 555
56 583
56 620
56 699
57 71
57 135
57 149
57 160
57 178
57 186
57 212
57 217
57 264
57 278
57 301
57 311
57 331
57 335
57 336
57 425
57 435
57 437
57 494
57 564
57 578
57 591
57 614
58 60
58 68
58 120
58 122
58 187
58 196
58 201
58 209
58 232
58 266
58 278
58 306
58 396
58 397
58 425
58 477
58 543
58 595
58 626
59 73
59 115
59 156
59 169
59 170
59 182
59 238
59 246
59 270
59 273
59 351
59 375
59 396
59 458
59 472
59 475
59 489
59 531
59 554
59 581
60 61
60 83
60 111
60 124
60 139
60 186
60 188
60 191
60 230
60 312
60 359
60 366
60 384
60 399
60 403
60 467
60 470
60 485
60 486
60 530
60 610
60 619
60 626
60 631
61 72
61 76
61 93
61 96
61 136
61 186
61 212
61 238
61 265
61 296
61 312
61 320
61 338
61 429
61 487
61 499
61 503
61 505
61 525
61 559
61 566
61 641
62 80
62 81
62 103
62 116
62 156
62 171
62 202
62 206
62 241
62 312
62 313
62 388
62 396
62 454
62 486
62 514
62 523
62 577
62 611
62 675
63 65
63 126
63 260
63 276
63 290
63 322
63 327
63 339
63 344
63 484
63 570
63 693
64 67
64 95
64 97
64 126
64 154
64 166
64 175
64 271
64 274
64 300
64 305
64 307
64 351
64 479
64 520
64 606
64 616
64 638
65 99
65 181
65 199
65 239
65 280
65 316
65 332
65 334
65 494
65 501
65 515
65 555
65 605
65 611
65 644
65 647
66 75
66 81
66 107
66 134
66 245
66 277
66 293
66 308
66 314
66 357
66 369
66 403
66 484
66 511
66 537
66 558
66 565
66 600
66 615
67 93
67 94
67 119
67 136
67 137
67 138
67 139
67 184
67 203
67 213
67 217
67 243
67 321
67 323
67 333
67 340
67 355
67 361
67 397
67 451
67 474
67 489
67 538
67 598
67 606
67 608
67 617
68 94
68 159
68 169
68 199
68 214
68 217
68 254
68 270
68 344
68 351
68 379
68 391
68 427
68 467
68 511
68 548
68 602
68 622
69 75
69 89
69 92
69 111
69 121
69 139
69 200
69 218
69 234
69 252
69 277
69 328
69 329
69 338
69 343
69 385
69 453
69 457
69 496
69 512
69 545
69 600
70 108
70 174
70 195
70 214
70 215
70 228
70 252
70 308
70 325
70 354
70 392
70 396
70 419
70 456
70 490
70 516
70 527
70 534
70 552
70 593
70 631
71 101
71 179
71 188
71 386
71 413
71 420
71 495
71 629
71 638
72 80
72 102
72 188
72 191
72 200
72 279
72 280
72 329
72 355
72 358
72 380
72 387
72 393
72 404
72 411
72 427
72 558
72 559
72 575
72 605
72 690
73 89
73 135
73 181
73 213
73 252
73 255
73 260
73 262
73 278
73 286
73 317
73 328
73 344
73 396
73 439
73 440
73 455
73 460
73 494
73 500
73 508
73 519
73 551
73 555
73 561
73 581
73 605
74 91
74 192
74 195
74 204
74 260
74 295
74 313
74 339
74 419
74 443
74 539
74 547
75 83
75 102
75 129
75 193
75 197
75 208
75 223
75 245
75 251
75 289
75 336
75 354
75 393
75 420
75 431
75 437
75 450
75 478
75 479
75 536
75 545
75 554
75 569
76 126
76 182
76 204
76 234
76 283
76 309
76 313
76 339
76 349
76 365
76 403
76 516
76 518
76 535
76 562
76 594
76 627
77 79
77 120
77 146
77 147
77 176
77 200
77 210
77 219
77 272
77 282
77 319
77 331
77 343
77 348
77 360
77 444
77 449
77 459
77 480
77 489
77 533
77 554
77 570
78 83
78 118
78 130
78 142
78 185
78 216
78 229
78 259
78 271
78 454
78 467
78 481
78 561
78 582
78 595
78 596
78 632
78 650
79 173
79 202
79 208
79 215
79 229
79 232
79 279
79 281
79 315
79 380
79 415
79 423
79 453
79 487
79 498
79 579
79 614
80 97
80 99
80 108
80 115
80 132
80 164
80 182
80 240
80 258
80 261
80 262
80 279
80 292
80 310
80 334
80 369
80 433
80 450
80 461
80 468
80 471
80 487
80 491
80 566
80 606
81 118
81 138
81 145
81 152
81 181
81 194
81 217
81 245
81 263
81 343
81 351
81 353
81 375
81 410
81 424
81 453
81 463
81 483
81 498
81 508
81 541
81 577
81 604
81 614
81 624
81 629
82 126
82 150
82 173
82 194
82 251
82 260
82 265
82 286
82 343
82 372
82 403
82 404
82 430
82 521
82 537
82 539
82 578
82 621
82 634
83 88
83 117
83 141
83 147
83 170
83 173
83 176
83 193
83 230
83 235
83 260
83 279
83 309
83 339
83 344
83 346
83 347
83 389
83 449
83 498
83 522
83 543
83 553
83 586
83 629
83 649
84 121
84 148
84 163
84 169
84 189
84 241
84 243
84 244
84 261
84 278
84 327
84 354
84 358
84 402
84 413
84 483
84 515
84 550
84 558
84 586
84 676
85 116
85 150
85 181
85 182
85 191
85 199
85 216
85 218
85 279
85 292
85 305
85 310
85 428
85 448
85 459
85 473
85 491
85 550
85 562
85 577
85 579
85 597
85 633
86 106
86 118
86 123
86 166
86 184
86 217
86 225
86 294
86 296
86 303
86 344
86 370
86 374
86 393
86 402
86 410
86 445
86 526
86 553
86 620
86 647
86 700
87 200
87 325
87 391
87 405
87 418
87 448
87 505
87 537
87 569
87 610
87 616
87 637
88 128
88 136
88 143
88 176
88 198
88 271
88 307
88 348
88 350
88 369
88 377
88 384
88 386
88 401
88 442
88 466
88 517
88 522
88 525
88 548
88 559
88 603
88 612
88 627
89 127
89 135
89 173
89 174
89 191
89 199
89 246
89 373
89 393
89 398
89 445
89 570
89 613
89 619
90 101
90 114
90 126
90 157
90 162
90 181
90 223
90 231
90 233
90 338
90 355
90 393
90 419
90 478
90 509
90 512
90 579
90 700
91 98
91 120
91 123
91 139
91 183
91 190
91 201
91 249
91 252
91 296
91 298
91 304
91 365
91 368
91 493
91 553
91 569
91 600
91 646
92 151
92 210
92 238
92 250
92 257
92 262
92 264
92 278
92 287
92 313
92 354
92 391
92 396
92 400
92 409
92 445
92 454
92 456
92 530
92 544
92 612
92 621
92 625
92 627
92 644
93 97
93 104
93 122
93 139
93 179
93 180
93 208
93 292
93 319
93 368
93 449
93 566
93 576
93 577
93 646
94 121
94 179
94 222
94 264
94 280
94 284
94 286
94 343
94 348
94 359
94 370
94 371
94 375
94 411
94 416
94 455
94 459
94 462
94 500
94 505
94 553
94 589
94 601
94 613
94 625
95 110
95 141
95 165
95 214
95 247
95 254
95 263
95 273
95 358
95 359
95 391
95 414
95 476
95 546
95 585
95 595
95 617
95 640
96 207
96 248
96 269
96 283
96 309
96 313
96 353
96 364
96 393
96 418
96 437
96 439
96 494
96 571
96 606
96 625
96 626
97 111
97 128
97 152
97 185
97 186
97 189
97 199
97 239
97 247
97 316
97 333
97 357
97 412
97 423
97 426
97 450
97 495
97 501
97 602
97 624
97 648
98 117
98 128
98 130
98 172
98 189
98 210
98 240
98 275
98 336
98 342
98 345
98 357
98 369
98 399
98 414
98 423
98 435
98 456
98 487
98 578
98 604
98 638
99 110
99 122
99 135
99 192
99 201
99 231
99 237
99 243
99 250
99 271
99 281
99 293
99 398
99 404
99 416
99 468
99 482
99 537
99 542
99 584
99 588
99 594
99 619
100 110
100 156
100 157
100 169
100 233
100 234
100 239
100 266
100 274
100 345
100 350
100 378
100 397
100 413
100 455
100 459
100 475
100 486
100 494
100 530
100 609
100 624
100 695
101 121
101 131
101 154
101 185
101 210
101 282
101 350
101 404
101 497
101 508
101 511
101 526
101 535
101 610
101 612
101 631
102 127
102 147
102 223
102 224
102 248
102 250
102 251
102 285
102 291
102 293
102 306
102 416
102 417
102 458
102 486
102 499
102 588
102 626
102 629
102 630
103 153
103 198
103 276
103 282
103 294
103 300
103 312
103 321
103 322
103 390
103 425
103 429
103 468
103 485
103 527
103 599
103 620
103 638
104 127
104 149
104 152
104 166
104 184
104 284
104 325
104 327
104 360
104 373
104 398
104 449
104 511
104 579
104 616
104 619
104 643
105 139
105 152
105 165
105 167
105 169
105 179
105 299
105 342
105 355
105 361
105 416
105 451
105 485
105 486
105 522
105 554
105 563
105 565
105 584
105 612
105 617
106 108
106 165
106 183
106 194
106 240
106 242
106 262
106 302
106 314
106 326
106 330
106 345
106 356
106 362
106 453
106 470
106 478
106 510
106 520
106 530
106 591
106 603
106 624
107 122
107 154
107 176
107 203
107 204
107 209
107 210
107 271
107 317
107 353
107 358
107 377
107 394
107 424
107 430
107 461
107 474
107 497
107 642
108 134
108 137
108 217
108 295
108 308
108 328
108 337
108 368
108 374
108 406
108 494
108 512
108 518
108 584
109 190
109 201
109 206
109 262
109 268
109 284
109 327
109 345
109 367
109 369
109 381
109 395
109 464
109 496
109 509
109 521
109 527
109 537
109 540
109 586
109 592
109 595
109 612
109 643
110 141
110 165
110 166
110 170
110 280
110 333
110 486
110 506
110 515
110 546
110 589
110 598
110 623
110 647
111 132
111 174
111 175
111 262
111 282
111 298
111 322
111 362
111 381
111 451
111 452
111 472
111 518
111 522
111 533
111 543
111 576
111 592
111 596
111 602
111 639
111 648
112 134
112 157
112 227
112 259
112 263
112 265
112 332
112 334
112 341
112 358
112 362
112 369
112 401
112 420
112 461
112 550
112 555
112 577
112 592
112 595
112 605
112 608
112 625
112 626
113 214
113 228
113 252
113 266
113 294
113 321
113 338
113 355
113 359
113 363
113 387
113 410
113 411
113 441
113 473
113 487
113 489
113 520
113 523
113 563
113 568
113 583
113 626
113 642
114 153
114 196
114 209
114 211
114 246
114 249
114 266
114 274
114 283
114 301
114 305
114 360
114 384
114 397
114 415
114 425
114 479
114 506
114 514
114 519
114 535
114 549
114 563
114 586
114 611
114 692
115 194
115 195
115 197
115 209
115 254
115 309
115 321
115 361
115 412
115 425
115 480
115 487
115 531
115 569
115 594
115 596
115 618
116 119
116 199
116 203
116 204
116 222
116 250
116 251
116 256
116 284
116 301
116 334
116 345
116 373
116 411
116 414
116 470
116 471
116 540
116 641
117 123
117 172
117 183
117 191
117 238
117 270
117 287
117 365
117 377
117 430
117 479
117 488
117 530
117 531
118 138
118 173
118 190
118 292
118 311
118 317
118 326
118 373
118 382
118 402
118 420
118 431
118 435
118 504
118 507
118 523
118 693
119 190
119 195
119 198
119 203
119 208
119 266
119 292
119 308
119 332
119 340
119 360
119 365
119 387
119 393
119 406
119 408
119 412
119 421
119 428
119 437
119 440
119 470
119 511
119 565
119 579
119 620
120 149
120 172
120 175
120 201
120 202
120 208
120 224
120 316
120 336
120 358
120 382
120 385
120 399
120 402
120 423
120 431
120 435
120 458
120 503
120 528
120 541
120 552
120 574
120 650
121 127
121 131
121 146
121 158
121 186
121 199
121 200
121 213
121 236
121 259
121 266
121 321
121 374
121 380
121 443
121 467
121 475
121 531
121 570
121 604
121 605
121 627
122 127
122 154
122 170
122 172
122 184
122 221
122 223
122 245
122 256
122 299
122 313
122 324
122 359
122 375
122 394
122 455
122 456
122 458
122 494
122 514
122 551
122 559
122 581
122 607
122 640
122 642
122 685
122 699
123 192
123 219
123 254
123 269
123 285
123 352
123 400
123 425
123 439
123 456
123 477
123 495
123 520
123 540
123 578
123 592
123 613
123 629
124 129
124 189
124 200
124 204
124 240
124 263
124 267
124 273
124 350
124 378
124 396
124 401
124 460
124 468
124 480
124 504
124 521
124 537
124 553
124 590
125 158
125 179
125 195
125 214
125 217
125 240
125 277
125 332
125 397
125 403
125 411
125 427
125 440
125 455
125 461
125 475
125 476
125 499
125 532
125 548
125 550
125 553
125 638
126 127
126 142
126 155
126 172
126 191
126 208
126 228
126 241
126 255
126 258
126 273
126 320
126 368
126 387
126 404
126 406
126 424
126 449
126 455
126 487
126 506
126 529
126 536
126 571
126 580
126 589
126 599
126 632
127 150
127 154
127 226
127 257
127 267
127 368
127 373
127 380
127 386
127 411
127 434
127 560
127 566
127 586
127 594
128 167
128 181
128 196
128 214
128 232
128 237
128 243
128 248
128 251
128 263
128 306
128 344
128 393
128 439
128 526
128 530
128 625
128 640
129 157
129 179
129 185
129 331
129 357
129 404
129 414
129 424
129 433
129 532
129 580
129 601
129 617
129 699
130 144
130 146
130 180
130 187
130 196
130 226
130 261
130 301
130 332
130 363
130 447
130 473
130 490
130 522
130 617
131 218
131 220
131 262
131 316
131 327
131 338
131 345
131 353
131 374
131 414
131 462
131 478
131 479
131 482
131 503
131 511
131 523
131 526
131 599
131 645
131 681
132 147
132 201
132 213
132 270
132 294
132 298
132 320
132 339
132 351
132 403
132 422
132 425
132 461
132 470
132 533
132 558
132 560
132 565
132 577
132 583
132 591
132 618
132 680
132 699
133 155
133 182
133 227
133 253
133 254
133 338
133 351
133 372
133 384
133 387
133 429
133 464
133 484
133 525
133 532
133 546
133 582
133 606
133 614
133 684
134 165
134 219
134 221
134 227
134 256
134 259
134 278
134 308
134 421
134 424
134 428
134 443
134 580
134 586
134 588
134 641
134 642
135 149
135 158
135 183
135 194
135 243
135 261
135 264
135 296
135 313
135 326
135 343
135 353
135 364
135 368
135 380
135 412
135 426
135 468
135 471
135 482
135 510
135 617
135 643
135 650
136 159
136 185
136 243
136 275
136 292
136 304
136 362
136 388
136 414
136 420
136 426
136 473
136 515
136 537
136 543
136 552
137 157
137 160
137 168
137 171
137 180
137 182
137 188
137 200
137 246
137 263
137 271
137 346
137 358
137 387
137 396
137 403
137 414
137 430
137 443
137 447
137 594
137 641
138 189
138 227
138 312
138 384
138 424
138 425
138 426
138 441
138 469
138 558
138 584
138 622
139 153
139 217
139 227
139 315
139 332
139 375
139 389
139 398
139 405
139 411
139 430
139 460
139 496
139 500
139 514
139 581
139 592
139 604
139 608
139 609
140 377
140 414
140 522
140 675
141 186
141 189
141 227
141 277
141 341
141 345
141 377
141 407
141 427
141 449
141 484
141 504
141 513
141 524
141 536
141 538
141 556
141 588
141 612
141 650
142 159
142 306
142 356
142 397
142 422
142 430
142 450
142 468
142 564
143 152
143 154
143 203
143 213
143 222
143 226
143 240
143 253
143 275
143 348
143 360
143 364
143 384
143 406
143 429
143 490
143 496
143 509
143 541
143 621
143 635
144 148
144 191
144 199
144 244
144 286
144 297
144 326
144 358
144 397
144 399
144 422
144 469
144 472
144 477
144 564
144 571
144 588
144 593
145 162
145 171
145 184
145 195
145 235
145 267
145 275
145 313
145 337
145 356
145 358
145 361
145 410
145 426
145 428
145 466
145 505
145 549
145 607
145 608
146 149
146 163
146 169
146 244
146 302
146 303
146 305
146 340
146 377
146 397
146 398
146 401
146 405
146 451
146 517
146 525
146 531
146 549
146 573
146 574
146 580
146 601
146 616
146 619
147 183
147 188
147 194
147 220
147 238
147 285
147 311
147 347
147 382
147 430
147 472
147 523
147 528
147 533
147 592
148 173
148 176
148 196
148 198
148 255
148 294
148 312
148 400
148 434
148 448
148 477
148 480
148 481
148 538
148 618
148 644
149 168
149 185
149 186
149 195
149 262
149 314
149 430
149 447
149 458
149 485
149 511
149 541
149 552
149 557
149 572
149 586
149 614
149 636
150 160
150 168
150 188
150 201
150 224
150 244
150 247
150 255
150 318
150 347
150 381
150 398
150 408
150 456
150 481
150 519
150 530
150 554
150 593
151 173
151 201
151 245
151 257
151 309
151 316
151 326
151 386
151 408
151 464
151 505
151 508
151 626
151 648
152 207
152 227
152 229
152 255
152 259
152 260
152 317
152 439
152 528
152 547
152 557
152 585
152 605
152 637
153 191
153 195
153 205
153 206
153 219
153 221
153 237
153 268
153 335
153 356
153 379
153 385
153 431
153 444
153 456
153 461
153 470
153 474
153 511
153 547
153 549
153 562
153 595
153 638
154 174
154 176
154 268
154 278
154 291
154 306
154 334
154 397
154 409
154 463
154 491
154 508
154 519
154 522
154 525
154 540
154 548
154 551
154 562
154 600
154 624
154 645
155 157
155 162
155 163
155 181
155 281
155 317
155 359
155 368
155 491
155 520
155 530
155 535
155 623
155 647
156 244
156 249
156 280
156 302
156 322
156 334
156 344
156 352
156 363
156 368
156 409
156 434
156 477
156 514
156 519
156 569
156 626
156 643
157 159
157 166
157 167
157 170
157 246
157 297
157 339
157 369
157 450
157 460
157 462
157 477
157 494
157 560
157 614
158 164
158 184
158 188
158 189
158 221
158 268
158 270
158 360
158 410
158 424
158 444
158 458
158 517
158 533
158 539
158 553
158 559
158 573
158 597
158 603
158 605
158 614
158 635
159 197
159 214
159 243
159 276
159 283
159 315
159 330
159 387
159 403
159 443
159 445
159 454
159 462
159 480
159 482
159 494
159 496
159 544
159 571
159 578
159 637
159 642
159 646
160 170
160 187
160 233
160 251
160 252
160 295
160 299
160 301
160 304
160 308
160 380
160 387
160 399
160 444
160 479
160 484
160 506
160 513
160 522
160 538
160 577
160 578
160 603
161 167
161 176
161 240
161 255
161 257
161 259
161 267
161 301
161 326
161 343
161 355
161 370
161 371
161 374
161 380
161 387
161 425
161 449
161 455
161 501
161 526
161 612
161 618
162 201
162 244
162 248
162 286
162 332
162 364
162 372
162 374
162 410
162 443
162 446
162 448
162 479
162 489
162 500
162 502
162 525
162 530
162 563
162 611
163 164
163 168
163 221
163 244
163 251
163 289
163 290
163 326
163 338
163 353
163 360
163 410
163 417
163 530
163 535
163 617
163 623
163 626
163 631
163 649
164 165
164 169
164 195
164 230
164 247
164 271
164 272
164 280
164 296
164 358
164 383
164 418
164 425
164 427
164 428
164 460
164 483
164 508
164 533
164 543
164 558
164 589
165 194
165 240
165 269
165 342
165 350
165 351
165 356
165 378
165 384
165 446
165 475
165 525
165 537
165 542
165 569
165 587
165 597
165 600
165 616
165 624
165 631
165 645
166 176
166 204
166 214
166 218
166 284
166 328
166 390
166 406
166 415
166 416
166 417
166 426
166 471
166 485
166 544
166 571
167 218
167 233
167 235
167 237
167 239
167 284
167 294
167 296
167 320
167 338
167 354
167 414
167 432
167 465
167 483
167 590
167 592
167 635
167 674
168 198
168 226
168 232
168 260
168 269
168 273
168 285
168 286
168 337
168 361
168 375
168 434
168 487
168 515
168 521
168 527
168 539
168 550
168 595
168 612
168 644
169 170
169 172
169 232
169 238
169 249
169 282
169 287
169 299
169 321
169 355
169 385
169 391
169 392
169 412
169 443
169 484
169 516
169 538
169 547
169 551
169 556
169 620
169 641
169 644
170 277
170 286
170 343
170 362
170 378
170 390
170 393
170 397
170 411
170 464
170 484
170 498
170 522
170 535
170 539
170 562
170 571
170 591
170 624
171 174
171 189
171 209
171 219
171 247
171 249
171 279
171 341
171 378
171 380
171 391
171 393
171 398
171 399
171 403
171 499
171 525
171 544
171 561
171 567
171 568
171 569
171 595
171 644
172 188
172 205
172 254
172 256
172 260
172 273
172 290
172 319
172 342
172 382
172 436
172 442
172 469
172 470
172 568
172 570
172 579
172 584
172 598
172 599
172 601
172 612
172 621
172 638
173 184
173 233
173 248
173 273
173 278
173 345
173 351
173 380
173 395
173 415
173 422
173 431
173 513
173 538
173 604
173 634
174 193
174 214
174 224
174 258
174 298
174 312
174 327
174 335
174 346
174 364
174 400
174 609
174 643
175 176
175 178
175 219
175 232
175 239
175 304
175 328
175 352
175 428
175 456
175 457
175 544
175 545
175 580
175 582
175 606
175 640
175 648
175 693
176 197
176 243
176 248
176 251
176 276
176 309
176 318
176 336
176 350
176 404
176 412
176 424
176 448
176 456
176 519
176 561
176 607
176 630
176 697
176 699
177 185
177 230
177 299
177 416
177 691
178 180
178 219
178 224
178 285
178 296
178 297
178 336
178 347
178 485
178 541
178 552
178 561
178 569
178 592
178 596
178 601
178 616
179 181
179 222
179 252
179 266
179 267
179 306
179 310
179 327
179 342
179 379
179 388
179 419
179 424
179 433
179 463
179 476
179 483
179 489
179 495
179 525
179 553
179 572
179 586
179 627
179 637
180 232
180 257
180 311
180 345
180 351
180 370
180 436
180 533
180 536
180 549
180 561
180 564
180 589
180 629
180 635
180 699
181 192
181 228
181 295
181 303
181 310
181 335
181 430
181 433
181 450
181 485
181 495
181 555
181 566
181 588
181 674
182 203
182 247
182 258
182 316
182 350
182 404
182 431
182 443
182 451
182 453
182 479
182 526
182 594
183 200
183 221
183 222
183 223
183 225
183 270
183 314
183 316
183 345
183 355
183 357
183 400
183 406
183 413
183 434
183 505
183 507
183 543
183 561
183 610
183 672
183 700
184 191
184 194
184 219
184 263
184 279
184 281
184 292
184 330
184 341
184 354
184 356
184 357
184 369
184 375
184 383
184 391
184 435
184 443
184 507
184 512
184 520
184 578
184 579
184 580
184 583
184 598
184 603
184 604
184 614
185 193
185 199
185 206
185 209
185 218
185 234
185 243
185 253
185 260
185 264
185 278
185 286
185 295
185 338
185 356
185 386
185 417
185 441
185 454
185 545
185 601
185 611
185 628
185 639
185 642
185 671
186 201
186 220
186 230
186 242
186 251
186 349
186 405
186 432
186 595
186 598
186 624
186 628
187 189
187 223
187 262
187 266
187 268
187 283
187 310
187 314
187 336
187 365
187 368
187 396
187 482
187 533
187 544
187 564
187 575
187 577
187 608
187 617
188 213
188 217
188 218
188 248
188 259
188 286
188 291
188 294
188 391
188 406
188 411
188 425
188 435
188 475
188 491
188 516
188 612
188 700
189 193
189 201
189 202
189 208
189 209
189 212
189 225
189 246
189 264
189 279
189 298
189 304
189 349
189 388
189 390
189 393
189 402
189 411
189 497
189 569
189 585
189 591
189 601
189 615
190 304
190 327
190 382
190 411
190 437
190 439
190 477
190 491
190 501
190 535
190 568
190 632
191 212
191 237
191 251
191 274
191 277
191 279
191 307
191 329
191 348
191 487
191 497
191 499
191 538
191 553
191 560
191 569
191 581
191 637
192 214
192 229
192 237
192 266
192 281
192 297
192 356
192 399
192 415
192 417
192 448
192 460
192 476
192 484
192 503
192 511
192 540
192 578
192 646
193 229
193 243
193 244
193 268
193 297
193 307
193 341
193 386
193 416
193 420
193 438
193 487
193 499
193 604
194 197
194 203
194 214
194 238
194 265
194 278
194 289
194 312
194 360
194 362
194 376
194 431
194 442
194 457
194 461
194 463
194 473
194 475
194 491
194 501
194 517
194 521
194 543
194 552
194 624
194 625
194 627
195 200
195 215
195 226
195 352
195 390
195 413
195 449
195 452
195 472
195 479
195 508
195 512
195 527
195 586
195 590
195 596
195 609
195 640
196 212
196 225
196 231
196 238
196 246
196 261
196 267
196 277
196 280
196 283
196 292
196 327
196 333
196 335
196 351
196 372
196 373
196 374
196 376
196 451
196 460
196 473
196 485
196 502
196 504
196 533
196 537
196 540
196 590
196 598
196 599
196 696
197 204
197 237
197 301
197 307
197 319
197 339
197 357
197 367
197 376
197 383
197 459
197 466
197 467
197 494
197 517
197 518
197 533
197 543
197 604
197 605
197 606
197 609
197 619
197 639
197 648
198 205
198 212
198 266
198 308
198 312
198 346
198 352
198 402
198 432
198 433
198 437
198 444
198 485
198 534
198 548
198 556
198 589
198 606
198 643
199 200
199 206
199 217
199 220
199 242
199 260
199 273
199 311
199 353
199 408
199 438
199 449
199 454
199 461
199 464
199 476
199 479
199 483
199 500
199 507
199 541
199 551
199 594
199 619
199 628
200 209
200 253
200 265
200 277
200 302
200 306
200 379
200 388
200 411
200 414
200 419
200 456
200 457
200 462
200 476
200 485
200 499
200 502
200 504
200 523
200 541
200 567
200 569
200 607
200 650
201 223
201 237
201 300
201 305
201 330
201 368
201 382
201 390
201 393
201 396
201 399
201 405
201 425
201 467
201 482
201 500
201 541
201 597
201 600
202 216
202 231
202 270
202 291
202 298
202 306
202 321
202 325
202 352
202 379
202 390
202 414
202 439
202 449
202 478
202 494
202 534
202 536
202 539
202 549
202 551
202 569
202 642
202 682
203 221
203 274
203 305
203 328
203 337
203 354
203 411
203 433
203 437
203 459
203 472
203 513
203 519
203 520
203 543
203 566
203 637
204 206
204 221
204 239
204 273
204 274
204 322
204 341
204 369
204 376
204 385
204 387
204 394
204 409
204 416
204 420
204 447
204 486
204 495
204 535
204 569
204 604
204 619
205 232
205 238
205 242
205 261
205 281
205 289
205 309
205 345
205 354
205 364
205 373
205 388
205 389
205 397
205 437
205 453
205 501
205 565
205 577
205 590
205 613
205 614
205 646
205 650
206 236
206 242
206 247
206 251
206 259
206 294
206 313
206 385
206 389
206 410
206 433
206 444
206 471
206 490
206 492
206 515
206 523
206 603
206 605
206 617
206 639
206 647
207 209
207 214
207 235
207 263
207 277
207 283
207 314
207 322
207 333
207 347
207 348
207 352
207 378
207 386
207 392
207 402
207 414
207 446
207 449
207 472
207 549
208 268
208 270
208 273
208 294
208 301
208 337
208 347
208 401
208 404
208 457
208 467
208 495
208 532
208 551
208 621
208 623
208 628
209 277
209 301
209 318
209 336
209 346
209 349
209 393
209 407
209 410
209 427
209 461
209 480
209 485
209 487
209 530
209 561
209 581
210 211
210 215
210 273
210 279
210 298
210 303
210 306
210 309
210 319
210 327
210 364
210 384
210 387
210 419
210 482
210 522
210 536
210 582
210 598
210 608
210 642
211 213
211 229
211 254
211 264
211 269
211 287
211 314
211 337
211 351
211 360
211 376
211 378
211 398
211 457
211 461
211 623
211 629
211 644
212 237
212 276
212 286
212 305
212 333
212 337
212 340
212 372
212 381
212 388
212 399
212 433
212 522
212 538
212 580
212 588
212 619
213 224
213 259
213 277
213 308
213 309
213 325
213 338
213 398
213 417
213 420
213 426
213 433
213 456
213 460
213 487
213 508
213 510
213 518
213 535
213 566
213 580
213 597
213 646
214 218
214 223
214 242
214 246
214 258
214 327
214 360
214 363
214 366
214 391
214 404
214 406
214 440
214 472
214 514
214 527
214 542
214 557
214 569
214 585
214 591
215 222
215 239
215 248
215 266
215 274
215 278
215 282
215 283
215 346
215 357
215 406
215 414
215 426
215 445
215 494
215 495
215 505
215 518
215 520
215 542
215 578
215 582
215 588
215 612
215 614
215 631
215 645
215 694
216 221
216 231
216 248
216 300
216 305
216 309
216 355
216 374
216 434
216 443
216 482
216 485
216 492
216 494
216 514
216 523
216 543
216 561
216 567
216 643
216 648
217 258
217 279
217 282
217 299
217 308
217 314
217 315
217 320
217 358
217 373
217 392
217 394
217 477
217 502
217 539
217 558
217 635
218 225
218 233
218 277
218 311
218 356
218 367
218 405
218 416
218 438
218 464
218 508
218 510
218 522
218 547
218 579
218 587
218 620
218 621
219 234
219 240
219 294
219 306
219 340
219 402
219 431
219 448
219 462
219 540
219 579
219 595
219 599
219 619
219 629
219 632
220 251
220 274
220 336
220 372
220 375
220 407
220 452
220 456
220 471
220 480
220 486
220 518
220 563
220 573
220 597
220 617
220 630
220 647
220 650
221 242
221 282
221 286
221 292
221 312
221 352
221 372
221 420
221 429
221 441
221 444
221 457
221 460
221 492
221 510
221 519
221 580
221 594
221 610
221 626
221 632
221 647
222 348
222 363
222 386
222 421
222 444
222 446
222 481
222 485
222 489
222 492
222 508
222 513
222 526
222 580
222 599
222 629
223 234
223 235
223 264
223 311
223 353
223 367
223 391
223 423
223 436
223 468
223 507
223 513
223 605
223 609
223 619
224 234
224 235
224 252
224 273
224 278
224 290
224 295
224 385
224 389
224 395
224 477
224 495
224 543
224 577
224 589
224 600
224 628
225 234
225 326
225 343
225 348
225 350
225 356
225 357
225 371
225 404
225 430
225 477
225 496
225 530
225 585
225 615
225 635
225 638
225 650
226 234
226 314
226 317
226 323
226 352
226 387
226 404
226 423
226 452
226 477
226 497
226 515
226 560
226 648
226 649
227 242
227 247
227 255
227 264
227 312
227 323
227 337
227 375
227 388
227 410
227 537
227 539
227 568
227 590
227 594
227 624
228 292
228 300
228 305
228 315
228 344
228 353
228 370
228 409
228 479
228 480
228 507
228 520
228 532
228 553
228 568
228 623
228 632
228 641
229 254
229 291
229 329
229 336
229 357
229 375
229 394
229 464
229 479
229 487
229 508
229 518
229 549
229 560
229 565
229 607
229 624
229 632
229 640
230 257
230 258
230 306
230 335
230 337
230 359
230 360
230 363
230 375
230 411
230 422
230 431
230 458
230 533
230 575
230 599
230 650
231 246
231 278
231 320
231 324
231 347
231 365
231 406
231 415
231 438
231 451
231 475
231 476
231 490
231 509
231 530
231 551
231 562
231 582
231 583
231 607
231 626
231 627
231 643
231 680
232 258
232 263
232 272
232 287
232 308
232 309
232 311
232 337
232 388
232 393
232 441
232 454
232 457
232 471
232 522
232 555
232 563
232 572
232 588
232 599
232 626
232 627
232 696
233 246
233 293
233 312
233 368
233 381
233 386
233 388
233 494
233 523
233 535
233 569
233 588
233 590
233 618
233 694
234 264
234 379
234 398
234 452
234 457
234 466
234 489
234 497
234 516
234 585
234 591
234 606
234 614
234 634
235 236
235 289
235 360
235 361
235 384
235 385
235 467
235 532
235 536
235 564
235 573
235 624
235 647
236 247
236 263
236 274
236 286
236 298
236 311
236 360
236 371
236 388
236 390
236 413
236 423
236 442
236 449
236 452
236 477
236 484
236 492
236 512
236 571
236 605
236 623
236 645
237 249
237 251
237 258
237 277
237 290
237 299
237 309
237 330
237 339
237 340
237 402
237 416
237 438
237 439
237 440
237 466
237 467
237 477
237 512
237 517
237 589
237 596
237 620
237 626
238 248
238 310
238 390
238 421
238 422
238 437
238 487
238 536
238 547
238 563
238 609
238 616
238 622
239 245
239 246
239 267
239 273
239 275
239 303
239 305
239 338
239 363
239 378
239 408
239 411
239 436
239 503
239 514
239 520
239 541
239 546
239 570
239 603
239 612
239 625
239 634
240 295
240 296
240 308
240 312
240 361
240 429
240 479
240 502
240 514
240 525
240 552
240 562
240 563
240 590
240 591
240 627
240 644
241 248
241 267
241 291
241 322
241 333
241 342
241 355
241 371
241 384
241 411
241 436
241 455
241 464
241 474
241 498
241 513
241 530
241 623
241 624
241 627
241 634
242 243
242 254
242 311
242 343
242 352
242 421
242 434
242 464
242 551
242 552
242 598
242 628
242 631
242 640
242 643
242 646
242 649
243 245
243 250
243 286
243 291
243 295
243 313
243 331
243 343
243 347
243 351
243 352
243 379
243 387
243 396
243 419
243 430
243 455
243 497
243 543
243 552
243 560
243 598
243 599
243 606
243 629
243 673
244 252
244 277
244 279
244 281
244 303
244 345
244 426
244 439
244 553
244 566
244 576
244 585
244 592
244 595
244 644
245 258
245 259
245 266
245 287
245 292
245 311
245 323
245 356
245 369
245 372
245 391
245 416
245 424
245 441
245 444
245 477
245 494
245 526
245 548
245 567
245 610
245 616
245 623
245 650
246 271
246 273
246 277
246 294
246 295
246 321
246 353
246 370
246 374
246 382
246 407
246 416
246 474
246 483
246 525
246 546
246 567
246 570
246 582
246 624
246 649
247 259
247 266
247 270
247 290
247 322
247 325
247 330
247 341
247 343
247 386
247 390
247 421
247 449
247 473
247 477
247 489
247 496
247 504
247 515
247 550
247 571
247 600
247 614
247 626
247 639
248 252
248 266
248 295
248 350
248 356
248 396
248 414
248 437
248 464
248 471
248 498
248 510
248 534
248 541
248 550
248 567
248 573
248 576
248 584
248 585
248 598
248 601
248 623
249 258
249 309
249 316
249 340
249 355
249 363
249 411
249 419
249 422
249 475
249 487
249 501
249 503
249 505
249 506
249 508
249 543
249 547
249 591
249 602
249 606
249 627
250 299
250 300
250 302
250 318
250 328
250 333
250 334
250 338
250 345
250 353
250 382
250 383
250 423
250 446
250 457
250 479
250 490
250 493
250 499
250 504
250 531
250 561
250 590
250 598
250 628
251 290
251 327
251 329
251 354
251 395
251 431
251 443
251 446
251 454
251 522
251 590
251 602
251 612
251 616
251 641
252 274
252 276
252 297
252 312
252 359
252 424
252 453
252 464
252 482
252 493
252 502
252 507
252 521
252 627
252 643
252 680
253 271
253 302
253 339
253 361
253 381
253 382
253 403
253 431
253 440
253 479
253 504
253 536
253 565
253 649
254 265
254 275
254 327
254 350
254 370
254 425
254 427
254 440
254 444
254 477
254 614
255 264
255 270
255 316
255 347
255 349
255 351
255 353
255 395
255 445
255 485
255 489
255 529
255 557
255 630
255 644
256 269
256 327
256 331
256 332
256 348
256 364
256 365
256 371
256 379
256 380
256 382
256 387
256 398
256 466
256 479
256 544
256 610
256 617
256 631
257 320
257 341
257 344
257 345
257 389
257 405
257 428
257 437
257 444
257 445
257 502
257 522
257 535
257 544
257 547
257 552
257 574
257 576
257 621
257 685
258 282
258 284
258 316
258 349
258 350
258 429
258 437
258 500
258 542
258 565
258 590
258 602
258 623
258 626
258 634
258 644
259 277
259 286
259 313
259 317
259 319
259 359
259 361
259 376
259 410
259 429
259 478
259 496
259 522
259 619
260 286
260 300
260 309
260 315
260 352
260 409
260 426
260 435
260 440
260 444
260 445
260 476
260 488
260 525
260 533
260 534
260 541
260 546
260 548
260 556
260 564
260 572
260 574
260 589
260 598
260 608
260 612
260 619
261 341
261 374
261 412
261 421
261 430
261 434
261 441
261 466
261 493
261 505
261 567
261 572
261 578
261 600
261 601
261 650
262 282
262 306
262 310
262 336
262 394
262 423
262 445
262 498
262 584
262 627
262 628
262 647
263 310
263 330
263 331
263 395
263 412
263 449
263 465
263 466
263 497
263 500
263 503
263 516
263 547
263 594
263 600
263 603
263 610
263 612
263 648
264 312
264 352
264 355
264 363
264 382
264 467
264 479
264 499
264 519
264 527
264 559
264 562
264 565
264 603
264 625
264 641
265 272
265 275
265 323
265 330
265 331
265 343
265 352
265 387
265 388
265 391
265 393
265 419
265 464
265 477
265 489
265 503
265 509
265 529
265 589
265 613
265 698
266 305
266 307
266 328
266 343
266 391
266 413
266 445
266 459
266 464
266 467
266 473
266 474
266 490
266 501
266 560
266 592
266 595
266 619
266 620
266 623
266 634
266 700
267 274
267 300
267 317
267 342
267 347
267 368
267 380
267 416
267 425
267 426
267 446
267 452
267 461
267 472
267 498
267 500
267 501
267 522
267 536
267 544
267 568
267 586
267 590
267 674
268 281
268 301
268 330
268 388
268 392
268 402
268 469
268 488
268 489
268 504
268 565
268 573
268 576
268 579
268 613
269 274
269 292
269 301
269 334
269 341
269 351
269 354
269 379
269 396
269 410
269 411
269 463
269 466
269 527
269 538
269 573
269 592
269 604
269 607
269 611
269 630
270 292
270 329
270 331
270 334
270 354
270 357
270 473
270 490
270 499
270 510
270 543
270 551
270 565
270 645
271 320
271 327
271 368
271 375
271 379
271 433
271 450
271 466
271 479
271 505
271 515
271 533
271 558
271 565
271 570
271 620
271 626
272 274
272 320
272 325
272 326
272 327
272 333
272 338
272 360
272 364
272 377
272 388
272 445
272 469
272 500
272 527
272 580
272 603
272 605
272 608
272 611
273 274
273 321
273 332
273 376
273 392
273 407
273 415
273 421
273 436
273 438
273 440
273 444
273 452
273 490
273 508
273 517
273 525
273 535
273 536
273 561
273 593
273 599
273 608
273 649
274 285
274 321
274 322
274 329
274 331
274 335
274 368
274 414
274 443
274 457
274 464
274 502
274 560
274 571
274 577
274 605
274 618
275 284
275 296
275 300
275 303
275 323
275 328
275 333
275 342
275 380
275 400
275 467
275 488
275 492
275 528
275 538
275 576
275 580
275 591
275 605
275 614
275 672
276 297
276 307
276 318
276 328
276 340
276 363
276 384
276 419
276 492
276 515
276 526
276 536
276 550
276 584
276 629
277 307
277 310
277 314
277 323
277 335
277 347
277 388
277 403
277 411
277 458
277 472
277 489
277 498
277 508
277 510
277 539
277 541
277 596
277 637
278 290
278 292
278 324
278 326
278 342
278 363
278 364
278 376
278 383
278 394
278 446
278 476
278 487
278 544
278 557
278 574
278 578
278 602
278 629
278 637
278 647
279 280
279 286
279 293
279 366
279 367
279 385
279 386
279 395
279 397
279 398
279 416
279 422
279 428
279 455
279 510
279 530
279 545
279 562
279 606
280 319
280 321
280 333
280 364
280 371
280 385
280 412
280 416
280 444
280 450
280 461
280 473
280 573
280 593
280 610
280 622
280 628
280 644
281 298
281 354
281 356
281 358
281 365
281 387
281 465
281 504
281 505
281 525
281 534
281 548
281 552
281 586
281 602
281 603
281 640
281 687
282 301
282 341
282 342
282 350
282 368
282 375
282 389
282 399
282 400
282 406
282 418
282 447
282 478
282 485
282 512
282 518
282 538
282 577
282 600
282 630
282 632
282 687
283 301
283 331
283 352
283 389
283 408
283 441
283 445
283 478
283 479
283 480
283 482
283 501
283 552
283 564
283 571
283 573
283 624
283 680
284 295
284 360
284 369
284 472
284 485
284 505
284 508
284 532
284 537
284 559
284 575
284 576
284 579
284 588
284 602
284 620
284 631
284 638
284 694
285 378
285 392
285 433
285 436
285 471
285 505
285 532
285 534
285 556
285 570
285 583
285 594
285 613
286 293
286 301
286 310
286 327
286 333
286 373
286 406
286 421
286 469
286 482
286 512
286 520
286 561
286 570
286 614
286 638
286 641
286 647
286 650
287 296
287 320
287 329
287 341
287 359
287 361
287 364
287 373
287 374
287 377
287 395
287 398
287 400
287 439
287 444
287 465
287 537
287 592
287 598
287 612
287 615
287 643
288 386
288 387
288 443
288 449
288 501
288 515
288 523
288 698
289 310
289 365
289 385
289 389
289 417
289 445
289 456
289 465
289 488
289 518
289 530
289 534
289 545
289 546
289 550
289 555
289 589
289 611
289 616
289 673
290 305
290 323
290 348
290 355
290 359
290 399
290 404
290 419
290 428
290 442
290 450
290 482
290 484
290 494
290 504
290 547
290 598
290 605
290 628
290 643
290 647
290 649
291 294
291 295
291 314
291 338
291 344
291 352
291 360
291 362
291 376
291 388
291 390
291 409
291 415
291 416
291 456
291 461
291 465
291 466
291 468
291 481
291 487
291 488
291 520
291 550
291 603
292 317
292 323
292 333
292 343
292 390
292 421
292 427
292 428
292 434
292 455
292 487
292 502
292 509
292 532
292 562
292 572
292 583
292 618
292 625
292 634
292 635
292 650
293 317
293 351
293 376
293 385
293 397
293 401
293 414
293 423
293 460
293 479
293 490
293 494
293 526
293 564
293 593
293 601
293 607
293 608
293 611
293 622
293 640
293 645
293 647
293 700
294 301
294 329
294 332
294 343
294 357
294 363
294 403
294 437
294 446
294 454
294 468
294 511
294 525
294 527
294 552
294 566
294 575
294 593
294 601
294 618
294 639
295 301
295 306
295 307
295 318
295 346
295 348
295 360
295 373
295 377
295 378
295 390
295 394
295 396
295 425
295 435
295 484
295 492
295 493
295 494
295 510
295 517
295 530
295 536
295 559
295 570
295 577
295 584
295 609
296 336
296 360
296 400
296 446
296 495
296 497
296 503
296 506
296 568
296 593
296 595
296 605
296 621
297 317
297 356
297 364
297 366
297 393
297 414
297 430
297 437
297 441
297 465
297 468
297 472
297 572
297 602
297 630
297 671
297 684
298 331
298 338
298 343
298 349
298 360
298 363
298 364
298 368
298 388
298 393
298 397
298 429
298 457
298 497
298 519
298 531
298 610
298 629
299 323
299 369
299 403
299 406
299 418
299 461
299 465
299 495
299 499
299 506
299 521
299 525
299 527
299 530
299 614
299 626
299 630
299 640
299 647
300 306
300 310
300 318
300 322
300 375
300 385
300 412
300 433
300 434
300 435
300 450
300 465
300 493
300 496
300 501
300 506
300 526
300 534
300 539
300 555
300 561
300 570
300 587
300 602
300 614
300 620
300 621
300 628
300 631
300 640
300 700
301 305
301 319
301 352
301 376
301 389
301 404
301 432
301 433
301 440
301 441
301 445
301 458
301 459
301 472
301 477
301 490
301 516
301 523
301 528
301 545
301 577
301 583
301 601
301 620
301 624
302 304
302 330
302 346
302 361
302 453
302 471
302 517
302 521
302 530
302 549
302 582
302 585
302 611
302 612
302 634
302 649
303 347
303 352
303 364
303 411
303 414
303 419
303 454
303 456
303 464
303 485
303 507
303 566
303 594
303 615
304 347
304 349
304 362
304 377
304 405
304 408
304 427
304 445
304 476
304 493
304 495
304 504
304 510
304 513
304 519
304 521
304 615
304 626
305 314
305 325
305 389
305 403
305 435
305 468
305 472
305 487
305 548
305 583
305 595
305 639
306 316
306 326
306 332
306 345
306 349
306 385
306 390
306 394
306 428
306 467
306 468
306 469
306 493
306 497
306 499
306 590
306 613
306 622
306 628
306 644
306 648
307 316
307 324
307 349
307 376
307 394
307 405
307 411
307 428
307 467
307 468
307 471
307 523
307 542
307 548
307 560
307 599
307 604
307 608
307 624
307 631
307 639
307 649
308 311
308 312
308 334
308 348
308 350
308 360
308 368
308 371
308 386
308 387
308 399
308 408
308 419
308 449
308 456
308 549
308 582
308 585
308 589
308 599
308 612
308 620
308 625
308 634
308 640
308 647
308 700
309 334
309 335
309 342
309 398
309 403
309 406
309 433
309 442
309 444
309 485
309 491
309 493
309 496
309 530
309 548
309 557
309 606
309 619
310 315
310 343
310 349
310 358
310 372
310 374
310 408
310 423
310 424
310 435
310 499
310 519
310 609
310 622
310 638
311 346
311 365
311 400
311 430
311 443
311 475
311 481
311 500
311 517
311 534
311 557
311 603
311 625
311 649
312 328
312 335
312 345
312 360
312 376
312 381
312 391
312 394
312 408
312 455
312 461
312 466
312 472
312 503
312 538
312 539
312 559
312 566
312 602
312 626
313 377
313 388
313 396
313 410
313 411
313 419
313 443
313 498
313 511
313 557
313 592
313 596
313 599
313 610
313 634
314 320
314 321
314 329
314 339
314 356
314 383
314 401
314 418
314 419
314 450
314 461
314 483
314 528
314 588
314 609
314 635
314 637
314 640
314 645
314 649
314 672
314 694
315 325
315 332
315 336
315 344
315 381
315 394
315 424
315 432
315 459
315 469
315 482
315 486
315 487
315 498
315 500
315 554
315 575
315 583
315 610
315 614
315 622
315 648
315 649
315 650
316 327
316 336
316 350
316 359
316 367
316 370
316 381
316 383
316 393
316 407
316 424
316 450
316 475
316 477
316 479
316 503
316 508
316 510
316 526
316 535
316 568
316 588
316 595
316 597
316 602
316 611
316 623
316 625
316 641
317 318
317 341
317 342
317 346
317 348
317 375
317 380
317 417
317 430
317 456
317 460
317 473
317 561
317 592
318 333
318 336
318 342
318 354
318 370
318 391
318 400
318 415
318 452
318 459
318 460
318 521
318 565
318 566
318 574
318 637
318 671
319 320
319 325
319 331
319 352
319 359
319 378
319 472
319 490
319 493
319 536
319 539
319 549
319 554
319 559
319 581
319 596
319 611
320 334
320 344
320 348
320 352
320 357
320 361
320 400
320 407
320 417
320 425
320 435
320 437
320 461
320 465
320 479
320 485
320 498
320 522
320 531
320 550
320 561
320 579
320 587
320 598
320 604
320 605
320 620
320 649
321 328
321 396
321 398
321 442
321 465
321 483
321 497
321 499
321 513
321 516
321 530
321 540
321 555
321 562
321 587
321 609
321 650
322 343
322 351
322 354
322 366
322 406
322 409
322 439
322 446
322 460
322 470
322 502
322 511
322 529
322 543
322 552
322 584
322 612
322 627
323 324
323 330
323 333
323 344
323 355
323 376
323 401
323 405
323 420
323 455
323 461
323 462
323 471
323 477
323 499
323 521
323 539
323 546
323 553
323 559
323 566
323 571
323 582
323 585
323 587
324 326
324 334
324 336
324 349
324 355
324 361
324 388
324 401
324 423
324 442
324 476
324 479
324 502
324 510
324 511
324 519
324 530
324 532
324 539
324 543
324 547
324 549
324 553
324 592
324 643
325 345
325 380
325 389
325 397
325 399
325 403
325 435
325 438
325 439
325 455
325 493
325 508
325 518
325 522
325 523
325 551
325 576
325 604
325 605
325 621
326 359
326 361
326 383
326 394
326 398
326 425
326 427
326 428
326 429
326 438
326 483
326 504
326 507
326 513
326 535
326 542
326 548
326 562
326 601
326 613
326 617
326 641
327 329
327 333
327 337
327 362
327 379
327 415
327 426
327 440
327 454
327 469
327 493
327 511
327 536
327 554
327 588
327 595
327 632
328 337
328 353
328 356
328 374
328 408
328 414
328 464
328 493
328 501
328 512
328 515
328 532
328 533
328 534
328 558
328 564
328 579
328 580
328 583
328 617
328 625
328 640
329 344
329 355
329 379
329 396
329 397
329 401
329 410
329 414
329 421
329 431
329 437
329 461
329 463
329 505
329 520
329 534
329 536
329 593
329 617
329 640
330 340
330 351
330 358
330 371
330 389
330 392
330 397
330 420
330 424
330 444
330 446
330 467
330 485
330 486
330 510
330 512
330 532
330 544
330 572
330 598
330 621
330 637
331 343
331 353
331 360
331 366
331 392
331 401
331 417
331 421
331 457
331 479
331 520
331 554
331 589
331 629
331 643
331 647
331 648
332 396
332 397
332 404
332 432
332 457
332 475
332 522
332 527
332 548
332 550
332 558
332 567
332 604
332 626
332 627
333 335
333 355
333 365
333 381
333 382
333 404
333 419
333 454
333 498
333 517
333 543
333 567
333 583
333 591
333 606
333 611
333 629
333 648
334 340
334 341
334 346
334 353
334 369
334 388
334 392
334 394
334 421
334 423
334 449
334 485
334 499
334 534
334 535
334 543
334 554
334 575
334 605
334 622
334 686
335 344
335 354
335 371
335 373
335 374
335 377
335 383
335 395
335 458
335 511
335 512
335 553
335 564
335 581
335 586
335 587
335 590
335 626
335 695
336 358
336 408
336 445
336 449
336 460
336 463
336 473
336 476
336 504
336 505
336 527
336 530
336 547
336 586
337 369
337 385
337 386
337 391
337 395
337 398
337 419
337 431
337 432
337 444
337 491
337 500
337 531
337 554
337 559
337 563
337 570
337 596
337 598
337 616
337 627
337 632
337 646
337 673
338 394
338 429
338 441
338 455
338 456
338 463
338 466
338 479
338 483
338 484
338 492
338 505
338 522
338 533
338 546
338 554
338 557
338 559
338 575
338 586
338 623
338 626
339 344
339 399
339 406
339 420
339 479
339 485
339 492
339 504
339 512
339 513
339 537
339 584
339 601
339 611
339 632
339 642
340 357
340 377
340 392
340 397
340 407
340 409
340 425
340 439
340 457
340 460
340 481
340 495
340 510
340 512
340 583
340 614
340 643
340 648
341 348
341 353
341 354
341 356
341 416
341 418
341 446
341 477
341 525
341 547
341 554
341 555
341 564
341 566
341 572
341 576
341 585
341 634
342 350
342 362
342 374
342 378
342 414
342 418
342 421
342 430
342 461
342 481
342 482
342 483
342 497
342 499
342 514
342 530
342 533
342 593
342 617
343 355
343 373
343 388
343 430
343 465
343 471
343 477
343 500
343 502
343 508
343 509
343 522
343 534
343 546
343 555
343 559
343 560
343 571
343 585
343 603
343 605
343 611
343 631
343 673
344 382
344 386
344 414
344 415
344 422
344 423
344 433
344 466
344 489
344 494
344 505
344 521
344 552
344 565
344 589
344 593
344 624
344 650
345 377
345 380
345 386
345 390
345 398
345 472
345 500
345 501
345 507
345 534
345 555
345 556
345 560
345 561
345 602
345 607
346 366
346 371
346 387
346 388
346 420
346 424
346 425
346 426
346 428
346 450
346 465
346 478
346 481
346 487
346 496
346 560
346 564
346 588
346 639
346 640
347 405
347 453
347 455
347 463
347 479
347 522
347 545
347 559
347 560
347 583
347 619
347 643
347 681
348 349
348 361
348 376
348 378
348 390
348 412
348 420
348 448
348 458
348 476
348 490
348 501
348 502
348 536
348 548
348 558
348 561
348 578
348 596
348 608
348 634
348 637
348 642
348 697
349 373
349 391
349 411
349 422
349 483
349 505
349 515
349 522
349 529
349 538
349 546
349 556
349 560
349 562
349 585
349 607
349 613
349 641
350 361
350 364
350 365
350 381
350 424
350 435
350 436
350 454
350 456
350 457
350 462
350 466
350 472
350 498
350 505
350 508
350 515
350 517
350 518
350 520
350 537
350 538
350 547
350 578
350 591
350 606
351 397
351 399
351 434
351 436
351 457
351 463
351 498
351 503
351 517
351 520
351 527
351 564
351 568
351 573
351 580
351 583
351 588
351 632
351 641
351 642
351 649
352 363
352 368
352 373
352 376
352 381
352 410
352 418
352 419
352 428
352 447
352 453
352 461
352 465
352 466
352 484
352 490
352 504
352 509
352 540
352 557
352 588
352 596
352 612
352 680
353 366
353 394
353 415
353 428
353 473
353 487
353 489
353 496
353 504
353 512
353 541
353 542
353 545
353 550
353 572
353 599
353 604
353 638
354 380
354 396
354 398
354 425
354 430
354 442
354 469
354 485
354 538
354 543
354 556
354 574
354 609
355 366
355 374
355 392
355 403
355 415
355 424
355 439
355 456
355 503
355 533
355 550
355 569
355 593
355 600
355 626
355 632
356 394
356 396
356 406
356 417
356 419
356 421
356 437
356 481
356 515
356 523
356 531
356 558
356 577
356 578
356 580
356 590
356 603
356 613
356 616
356 626
356 647
357 358
357 362
357 374
357 382
357 394
357 398
357 402
357 403
357 405
357 415
357 424
357 431
357 481
357 519
357 532
357 546
357 548
357 550
357 556
357 580
357 583
357 584
357 624
357 647
357 683
358 378
358 391
358 408
358 426
358 467
358 479
358 489
358 497
358 607
358 608
358 621
358 643
358 645
358 647
358 649
358 650
359 395
359 455
359 465
359 469
359 474
359 502
359 544
359 545
359 550
359 558
359 561
359 564
359 619
359 640
360 362
360 378
360 423
360 430
360 438
360 441
360 443
360 444
360 445
360 449
360 466
360 480
360 481
360 509
360 516
360 517
360 530
360 566
360 595
360 625
360 630
361 394
361 420
361 447
361 452
361 478
361 490
361 506
361 519
361 522
361 570
361 580
361 593
361 596
361 618
361 639
361 681
362 374
362 424
362 430
362 446
362 451
362 455
362 469
362 472
362 484
362 485
362 493
362 499
362 543
362 555
362 575
362 584
362 600
363 368
363 386
363 391
363 397
363 415
363 418
363 433
363 434
363 468
363 546
363 548
363 550
363 570
363 578
363 615
363 621
363 631
363 643
364 369
364 373
364 381
364 386
364 406
364 410
364 419
364 421
364 438
364 473
364 485
364 515
364 528
364 555
364 580
364 590
364 625
364 639
364 644
364 671
365 372
365 375
365 391
365 405
365 412
365 432
365 439
365 462
365 466
365 485
365 496
365 502
365 505
365 514
365 520
365 538
365 542
365 556
365 600
365 622
365 636
365 688
366 393
366 395
366 418
366 435
366 453
366 501
366 555
366 566
366 573
366 575
366 581
366 583
366 591
366 612
366 620
366 621
366 622
366 635
366 650
367 368
367 399
367 417
367 425
367 437
367 445
367 476
367 524
367 574
367 599
367 619
367 629
367 644
367 700
368 370
368 375
368 393
368 420
368 479
368 493
368 504
368 508
368 541
368 547
368 554
368 561
368 569
368 570
368 577
368 585
369 411
369 427
369 446
369 450
369 457
369 498
369 504
369 531
369 533
369 547
369 548
369 569
369 575
370 384
370 403
370 463
370 469
370 487
370 488
370 494
370 518
370 537
370 575
370 587
370 596
370 603
370 624
370 642
370 647
371 387
371 389
371 397
371 414
371 438
371 453
371 455
371 458
371 473
371 479
371 486
371 492
371 508
371 514
371 530
371 538
371 539
371 543
371 556
371 565
371 578
371 591
371 601
371 602
371 616
372 376
372 377
372 392
372 400
372 416
372 435
372 445
372 459
372 467
372 485
372 488
372 502
372 503
372 539
372 557
372 568
372 582
372 597
372 615
372 644
373 376
373 379
373 386
373 413
373 452
373 456
373 474
373 475
373 512
373 518
373 541
373 550
373 563
373 600
373 610
373 613
373 626
374 414
374 421
374 425
374 426
374 450
374 461
374 466
374 475
374 489
374 492
374 493
374 532
374 546
374 569
374 574
374 581
374 645
374 647
375 388
375 398
375 422
375 449
375 506
375 509
375 511
375 522
375 543
375 556
375 558
375 563
375 570
375 572
375 576
375 588
375 598
375 600
375 602
375 605
375 612
375 625
375 626
375 629
375 632
376 381
376 385
376 389
376 406
376 427
376 438
376 458
376 464
376 476
376 526
376 533
376 567
376 571
376 578
376 588
376 589
376 590
376 609
376 625
376 632
377 396
377 436
377 444
377 458
377 500
377 501
377 517
377 520
377 525
377 526
377 527
377 528
377 575
377 577
377 600
377 625
378 394
378 437
378 441
378 462
378 467
378 468
378 482
378 485
378 486
378 490
378 513
378 527
378 528
378 544
378 546
378 568
378 581
378 587
378 594
378 597
378 622
378 645
378 646
378 650
379 382
379 385
379 400
379 411
379 423
379 426
379 429
379 450
379 456
379 487
379 495
379 499
379 503
379 510
379 528
379 559
379 590
379 592
379 613
379 625
379 649
380 407
380 411
380 424
380 432
380 437
380 448
380 455
380 471
380 473
380 495
380 521
380 522
380 525
380 530
380 540
380 544
380 579
380 597
380 603
380 620
380 623
380 634
380 641
381 390
381 402
381 445
381 466
381 483
381 495
381 535
381 560
381 563
381 566
381 573
381 576
381 583
381 590
381 596
381 599
381 638
381 639
381 640
381 641
382 385
382 390
382 444
382 451
382 464
382 487
382 505
382 515
382 556
382 561
382 571
382 576
382 612
383 387
383 402
383 406
383 410
383 448
383 498
383 527
383 532
383 541
383 555
383 562
383 575
383 611
383 615
383 624
383 641
383 644
384 389
384 391
384 425
384 453
384 484
384 492
384 500
384 512
384 514
384 523
384 524
384 566
384 568
384 577
384 580
384 582
384 589
384 593
384 597
384 601
384 605
384 624
384 671
385 402
385 406
385 417
385 422
385 452
385 501
385 523
385 531
385 549
385 557
385 559
385 563
385 592
385 624
385 630
385 643
386 414
386 429
386 432
386 448
386 458
386 464
386 467
386 473
386 487
386 507
386 521
386 538
386 544
386 577
386 602
386 615
386 617
386 640
387 405
387 411
387 429
387 449
387 463
387 500
387 506
387 522
387 532
387 546
387 560
387 572
387 597
387 599
387 609
387 619
387 650
388 432
388 439
388 446
388 468
388 470
388 486
388 505
388 514
388 520
388 534
388 555
388 609
388 634
388 647
388 650
389 397
389 407
389 408
389 416
389 433
389 437
389 448
389 462
389 492
389 502
389 549
389 601
389 622
389 629
389 681
389 683
390 391
390 395
390 402
390 403
390 405
390 419
390 438
390 441
390 444
390 465
390 473
390 479
390 502
390 512
390 518
390 526
390 544
390 557
390 588
390 640
390 650
390 687
391 413
391 415
391 452
391 456
391 469
391 565
391 569
391 578
391 579
391 584
391 612
391 625
391 626
391 638
391 641
392 408
392 413
392 452
392 469
392 479
392 496
392 559
392 566
392 569
392 579
392 595
392 609
392 616
392 621
392 624
392 630
393 416
393 424
393 436
393 439
393 447
393 462
393 470
393 473
393 479
393 480
393 495
393 513
393 532
393 551
393 577
393 580
393 586
393 594
393 606
394 400
394 402
394 413
394 418
394 426
394 433
394 445
394 483
394 498
394 503
394 511
394 526
394 532
394 533
394 534
394 585
394 622
394 628
394 639
394 648
395 452
395 463
395 477
395 478
395 486
395 515
395 517
395 531
395 532
395 533
395 541
395 575
395 580
395 584
395 593
395 614
396 429
396 434
396 436
396 453
396 455
396 457
396 468
396 470
396 480
396 523
396 538
396 550
396 565
396 589
396 590
396 599
396 609
396 618
396 622
397 412
397 440
397 441
397 481
397 526
397 543
397 556
397 574
397 579
397 588
397 595
397 610
397 617
397 638
397 644
397 646
397 650
398 432
398 457
398 545
398 695
399 405
399 416
399 427
399 446
399 476
399 528
399 551
399 565
399 574
399 601
399 602
399 607
399 610
399 634
399 643
399 696
400 422
400 454
400 459
400 470
400 479
400 497
400 499
400 500
400 520
400 552
400 553
400 559
400 614
400 627
400 643
401 411
401 416
401 418
401 426
401 449
401 483
401 504
401 521
401 522
401 525
401 528
401 536
401 538
401 546
401 570
401 571
401 601
401 608
401 618
401 622
401 626
401 647
402 403
402 407
402 429
402 446
402 464
402 467
402 475
402 476
402 501
402 512
402 547
402 565
402 571
402 573
402 590
402 616
402 621
402 644
402 649
402 672
403 442
403 467
403 497
403 540
403 544
403 552
403 553
403 558
403 571
403 575
403 586
403 599
403 618
403 631
403 637
403 673
404 432
404 438
404 443
404 444
404 450
404 451
404 462
404 464
404 470
404 520
404 528
404 539
404 548
404 566
404 579
404 593
404 637
404 641
404 644
405 409
405 422
405 440
405 444
405 461
405 490
405 530
405 539
405 572
405 579
405 609
406 407
406 416
406 427
406 433
406 451
406 466
406 476
406 518
406 528
406 532
406 533
406 538
406 577
406 588
406 596
406 609
406 643
406 646
407 423
407 432
407 433
407 435
407 439
407 450
407 506
407 507
407 511
407 564
407 567
407 581
407 584
407 598
407 600
407 616
407 631
407 641
407 672
408 414
408 457
408 458
408 459
408 464
408 473
408 515
408 538
408 553
408 558
408 572
408 579
408 599
408 601
408 622
408 630
408 634
408 697
409 412
409 419
409 450
409 453
409 474
409 475
409 491
409 492
409 497
409 506
409 514
409 519
409 531
409 556
409 559
409 571
409 573
409 582
409 585
409 591
409 597
409 599
409 608
409 615
409 623
409 625
409 635
409 647
410 422
410 429
410 449
410 457
410 470
410 474
410 477
410 481
410 483
410 532
410 536
410 562
410 573
410 602
410 608
410 610
410 628
410 645
410 646
411 412
411 419
411 421
411 423
411 428
411 440
411 442
411 450
411 486
411 489
411 499
411 508
411 532
411 546
411 587
411 602
411 604
411 610
411 617
411 620
411 624
411 639
411 642
411 684
412 432
412 469
412 473
412 476
412 512
412 517
412 523
412 541
412 544
412 561
412 584
412 588
412 609
412 616
412 631
413 433
413 485
413 487
413 493
413 495
413 496
413 501
413 512
413 517
413 532
413 533
413 554
413 573
413 597
413 639
413 648
414 429
414 434
414 446
414 449
414 462
414 465
414 478
414 492
414 495
414 502
414 517
414 518
414 520
414 525
414 527
414 533
414 536
414 545
414 568
414 573
414 580
414 598
414 601
414 607
414 608
414 609
414 613
414 616
414 627
414 631
414 640
415 420
415 423
415 427
415 441
415 442
415 452
415 458
415 475
415 476
415 492
415 532
415 534
415 579
415 596
415 605
415 612
415 637
415 648
416 419
416 420
416 424
416 445
416 455
416 463
416 476
416 498
416 503
416 510
416 511
416 520
416 543
416 544
416 561
416 568
416 581
416 595
416 610
416 617
416 630
416 631
417 426
417 427
417 443
417 444
417 463
417 486
417 498
417 503
417 511
417 519
417 521
417 523
417 537
417 538
417 560
417 564
417 590
417 609
417 640
417 644
418 426
418 431
418 438
418 478
418 480
418 493
418 496
418 528
418 532
418 556
418 557
418 562
418 589
418 592
418 594
418 607
418 621
418 648
419 431
419 434
419 439
419 441
419 464
419 476
419 507
419 514
419 519
419 540
419 544
419 555
419 581
419 585
419 593
419 596
419 599
419 629
419 641
419 643
419 650
420 421
420 422
420 437
420 439
420 446
420 566
420 583
420 587
420 592
420 594
420 599
420 610
420 649
421 432
421 465
421 473
421 486
421 501
421 516
421 519
421 539
421 546
421 547
421 562
421 570
421 595
421 610
421 614
421 623
421 625
421 629
421 637
421 638
421 641
422 427
422 429
422 434
422 436
422 437
422 438
422 446
422 472
422 493
422 494
422 497
422 519
422 521
422 533
422 534
422 536
422 553
422 555
422 573
422 575
422 593
422 600
422 602
422 612
422 631
422 644
422 646
423 437
423 450
423 455
423 475
423 478
423 489
423 508
423 512
423 513
423 525
423 531
423 540
423 544
423 550
423 555
423 587
423 592
423 602
423 605
423 625
424 429
424 434
424 436
424 449
424 460
424 461
424 467
424 505
424 545
424 568
424 586
424 588
424 595
424 605
424 619
424 624
424 625
424 626
424 627
424 648
425 431
425 435
425 437
425 447
425 471
425 500
425 513
425 515
425 531
425 537
425 556
425 557
425 566
425 568
425 586
425 596
425 601
425 629
425 630
425 644
426 430
426 436
426 441
426 447
426 459
426 469
426 474
426 481
426 491
426 510
426 540
426 553
426 609
426 627
427 445
427 478
427 479
427 496
427 505
427 515
427 552
427 597
427 614
427 615
427 639
428 432
428 440
428 444
428 448
428 456
428 463
428 478
428 499
428 520
428 529
428 532
428 536
428 558
428 559
428 565
428 570
428 591
428 609
428 622
428 623
428 639
428 645
429 434
429 437
429 445
429 446
429 455
429 463
429 464
429 465
429 468
429 482
429 484
429 498
429 536
429 548
429 559
429 568
429 575
429 577
429 613
429 625
430 449
430 451
430 487
430 489
430 495
430 497
430 512
430 515
430 526
430 532
430 534
430 550
430 590
430 597
430 648
431 433
431 487
431 509
431 521
431 535
431 539
431 553
431 566
431 584
431 588
431 594
431 600
431 619
431 620
431 625
431 631
432 441
432 450
432 461
432 467
432 470
432 488
432 494
432 497
432 500
432 503
432 523
432 537
432 539
432 555
432 571
432 582
432 585
432 593
432 640
432 646
432 686
433 439
433 445
433 465
433 478
433 484
433 486
433 487
433 492
433 519
433 520
433 522
433 537
433 540
433 549
433 562
433 570
433 571
433 600
433 632
433 643
433 647
434 436
434 441
434 458
434 462
434 476
434 499
434 534
434 535
434 536
434 546
434 558
434 599
434 604
434 622
434 624
434 627
434 638
435 437
435 448
435 457
435 460
435 466
435 488
435 498
435 509
435 546
435 564
435 576
435 591
435 594
435 635
436 450
436 454
436 457
436 464
436 470
436 497
436 503
436 504
436 511
436 514
436 521
436 523
436 534
436 540
436 551
436 554
436 565
436 566
436 577
436 583
436 584
436 586
436 591
436 614
436 623
436 625
436 637
436 638
436 671
436 689
437 439
437 445
437 458
437 470
437 476
437 503
437 513
437 547
437 548
437 581
437 627
437 639
437 674
437 681
438 451
438 493
438 497
438 500
438 534
438 537
438 541
438 547
438 550
438 558
438 560
438 567
438 570
438 571
438 573
438 594
438 608
438 614
438 616
439 440
439 449
439 455
439 456
439 468
439 473
439 482
439 498
439 504
439 506
439 510
439 520
439 528
439 536
439 544
439 558
439 568
439 597
439 598
439 600
439 622
439 629
439 631
440 444
440 454
440 486
440 487
440 499
440 513
440 531
440 564
440 575
440 580
440 594
440 604
440 627
440 640
440 690
441 468
441 475
441 478
441 501
441 518
441 531
441 550
441 574
441 595
441 597
441 598
441 604
441 605
441 613
441 626
442 449
442 470
442 476
442 495
442 507
442 514
442 516
442 520
442 525
442 531
442 532
442 537
442 538
442 547
442 551
442 552
442 553
442 575
442 578
442 584
442 620
442 625
442 629
443 491
443 495
443 528
443 557
443 575
443 579
443 581
443 596
443 599
443 600
443 609
443 612
443 641
444 476
444 513
444 514
444 528
444 530
444 542
444 543
444 549
444 573
444 588
444 589
444 592
444 615
444 626
444 628
444 639
445 476
445 481
445 483
445 494
445 495
445 547
445 555
445 564
445 568
445 571
445 576
445 595
445 634
445 650
446 447
446 450
446 484
446 488
446 489
446 494
446 501
446 510
446 546
446 578
446 581
446 584
446 594
446 605
446 609
446 616
446 617
446 632
446 635
446 696
447 455
447 463
447 485
447 489
447 490
447 502
447 506
447 560
447 562
447 574
447 581
447 591
447 595
447 598
447 603
447 604
447 607
447 631
447 639
447 640
447 648
447 674
448 459
448 473
448 482
448 489
448 492
448 493
448 495
448 509
448 515
448 530
448 546
448 548
448 573
448 575
448 590
448 602
448 610
448 621
448 631
448 690
449 452
449 458
449 461
449 472
449 488
449 489
449 491
449 497
449 521
449 525
449 531
449 570
449 575
449 590
449 625
449 631
449 634
449 639
449 642
449 646
449 648
450 463
450 477
450 479
450 481
450 502
450 509
450 511
450 517
450 527
450 554
450 556
450 584
450 637
451 458
451 462
451 466
451 470
451 471
451 473
451 477
451 479
451 485
451 498
451 513
451 546
451 573
451 575
451 578
451 591
451 599
451 611
451 613
451 632
451 639
451 690
452 459
452 466
452 469
452 478
452 494
452 518
452 519
452 520
452 530
452 569
452 599
452 604
452 617
452 618
452 619
452 623
452 628
452 630
452 637
452 643
452 645
452 646
452 648
452 649
452 680
453 468
453 476
453 481
453 492
453 496
453 518
453 535
453 537
453 559
453 562
453 572
453 585
453 591
453 599
453 616
453 620
453 630
453 644
453 648
453 649
454 455
454 456
454 493
454 497
454 506
454 526
454 530
454 555
454 583
454 589
454 595
454 599
454 603
454 606
454 610
454 618
455 457
455 465
455 471
455 473
455 483
455 490
455 507
455 510
455 516
455 542
455 566
455 575
455 619
455 622
455 627
455 639
455 641
455 673
456 467
456 470
456 487
456 488
456 489
456 490
456 491
456 499
456 534
456 541
456 542
456 550
456 583
456 585
456 591
456 603
456 605
456 609
456 632
457 459
457 484
457 487
457 490
457 518
457 519
457 521
457 522
457 526
457 543
457 544
457 545
457 552
457 579
457 590
457 599
457 607
457 608
457 612
457 627
457 641
457 681
458 493
458 498
458 515
458 517
458 535
458 537
458 556
458 567
458 574
458 576
458 579
458 584
458 587
458 589
458 610
458 648
458 650
459 466
459 476
459 498
459 500
459 508
459 511
459 513
459 519
459 528
459 548
459 558
459 574
459 578
459 586
459 593
459 608
459 620
459 631
459 643
459 644
459 649
459 680
460 478
460 480
460 493
460 509
460 510
460 514
460 520
460 538
460 540
460 564
460 567
460 578
460 582
460 585
460 586
460 590
460 591
460 595
460 601
460 644
461 465
461 474
461 499
461 503
461 507
461 521
461 540
461 542
461 546
461 548
461 552
461 566
461 567
461 576
461 577
461 579
461 595
461 601
461 604
461 635
462 480
462 497
462 506
462 512
462 520
462 527
462 528
462 530
462 552
462 564
462 581
462 586
462 587
462 600
462 606
462 609
462 632
462 647
463 489
463 498
463 531
463 532
463 538
463 539
463 555
463 557
463 568
463 571
463 574
463 579
463 580
463 582
463 583
463 605
463 606
463 607
463 626
463 641
463 672
464 466
464 475
464 480
464 502
464 546
464 552
464 603
464 627
464 630
465 479
465 498
465 499
465 508
465 530
465 536
465 538
465 541
465 547
465 568
465 569
465 585
465 597
465 609
465 625
465 643
465 672
466 477
466 489
466 502
466 516
466 525
466 549
466 551
466 554
466 557
466 570
466 578
466 583
466 586
466 590
466 592
466 596
466 600
466 620
466 630
466 638
466 644
467 468
467 479
467 495
467 499
467 503
467 507
467 509
467 574
467 578
467 581
467 586
467 597
467 617
467 624
467 632
468 473
468 484
468 498
468 505
468 508
468 521
468 523
468 541
468 550
468 556
468 570
468 580
468 615
468 648
468 649
469 475
469 476
469 490
469 498
469 501
469 508
469 510
469 511
469 522
469 523
469 526
469 527
469 533
469 542
469 543
469 550
469 553
469 558
469 573
469 574
469 587
469 623
469 627
469 629
469 637
469 640
470 474
470 497
470 518
470 553
470 557
470 577
470 582
470 591
470 594
470 599
470 601
470 604
470 629
470 639
471 481
471 496
471 504
471 505
471 517
471 519
471 523
471 525
471 527
471 542
471 546
471 567
471 570
471 578
471 585
471 592
471 608
471 614
471 620
471 621
471 628
471 647
472 495
472 504
472 522
472 526
472 531
472 550
472 553
472 573
472 575
472 579
472 580
472 582
472 589
472 594
472 612
472 619
472 627
473 475
473 481
473 489
473 501
473 503
473 507
473 526
473 527
473 530
473 539
473 552
473 553
473 562
473 568
473 572
473 583
473 590
473 601
473 613
473 623
473 628
473 641
474 483
474 487
474 489
474 491
474 503
474 513
474 519
474 534
474 550
474 560
474 563
474 565
474 581
474 583
474 596
474 597
474 598
474 605
474 612
474 622
475 476
475 483
475 484
475 495
475 496
475 502
475 507
475 516
475 528
475 531
475 540
475 545
475 560
475 581
475 635
475 637
475 639
476 478
476 491
476 496
476 512
476 518
476 536
476 554
476 559
476 560
476 569
476 580
476 582
476 587
476 598
476 607
476 621
476 631
476 635
477 479
477 497
477 500
477 508
477 514
477 525
477 528
477 536
477 555
477 561
477 570
477 590
477 601
477 604
477 629
477 635
477 650
477 697
478 480
478 506
478 520
478 523
478 538
478 539
478 548
478 550
478 568
478 571
478 582
478 587
478 599
478 620
478 634
478 641
478 642
479 485
479 491
479 492
479 495
479 499
479 511
479 516
479 521
479 522
479 527
479 542
479 543
479 559
479 560
479 562
479 574
479 577
479 584
479 595
479 601
479 626
479 638
479 680
480 498
480 499
480 505
480 515
480 533
480 534
480 547
480 555
480 558
480 560
480 589
480 597
480 603
480 608
480 614
480 627
480 628
480 630
480 634
480 636
480 645
481 482
481 488
481 504
481 518
481 525
481 531
481 534
481 538
481 542
481 549
481 553
481 574
481 575
481 579
481 594
481 598
481 671
482 490
482 501
482 502
482 510
482 511
482 533
482 562
482 571
482 577
482 596
482 612
482 617
482 624
482 686
483 512
483 518
483 530
483 540
483 542
483 548
483 550
483 552
483 574
483 582
483 593
483 600
483 614
483 619
483 620
483 624
483 630
483 632
484 487
484 500
484 502
484 504
484 506
484 509
484 512
484 516
484 517
484 518
484 519
484 535
484 549
484 561
484 563
484 572
484 577
484 582
484 585
484 586
484 592
484 601
484 606
484 625
484 637
484 642
485 492
485 493
485 519
485 521
485 541
485 562
485 570
485 575
485 576
485 580
485 603
485 611
485 618
485 628
485 637
485 642
485 646
485 649
485 673
485 685
486 509
486 520
486 535
486 550
486 552
486 555
486 560
486 568
486 569
486 578
486 580
486 582
486 595
486 598
486 605
486 606
486 608
486 609
486 612
486 615
486 625
486 627
486 645
487 489
487 491
487 493
487 498
487 507
487 508
487 511
487 512
487 520
487 536
487 543
487 544
487 551
487 564
487 566
487 569
487 581
487 583
487 584
487 609
487 620
487 637
487 648
488 509
488 516
488 522
488 524
488 534
488 545
488 552
488 574
488 583
488 586
488 600
488 613
488 621
488 623
489 519
489 534
489 553
489 558
489 564
489 565
489 566
489 573
489 584
489 591
489 594
489 598
489 599
489 613
489 616
489 622
489 623
489 627
489 636
489 639
489 686
490 499
490 503
490 507
490 519
490 555
490 566
490 574
490 585
490 592
490 607
490 617
490 621
490 632
490 640
490 641
490 673
491 498
491 526
491 539
491 543
491 545
491 552
491 576
491 600
491 608
491 609
491 610
491 612
491 617
491 618
491 624
491 642
491 644
491 648
491 650
491 671
491 681
492 493
492 494
492 501
492 505
492 511
492 514
492 516
492 523
492 538
492 542
492 549
492 551
492 562
492 567
492 571
492 581
492 585
492 592
492 617
492 621
492 622
492 650
493 501
493 502
493 504
493 521
493 531
493 535
493 545
493 553
493 554
493 557
493 567
493 574
493 580
493 581
493 583
493 585
493 586
493 594
493 598
493 622
493 632
494 506
494 507
494 533
494 535
494 536
494 537
494 546
494 553
494 564
494 573
494 574
494 580
494 582
494 593
494 606
494 618
494 639
494 643
494 695
495 504
495 525
495 543
495 550
495 555
495 564
495 593
495 596
495 614
495 625
495 626
495 628
495 629
495 639
495 641
495 647
495 649
496 498
496 500
496 510
496 518
496 533
496 543
496 550
496 551
496 552
496 558
496 561
496 567
496 573
496 577
496 583
496 587
496 597
496 605
496 608
496 609
496 619
496 620
496 621
496 622
496 625
496 626
496 630
496 634
496 648
497 511
497 516
497 530
497 547
497 552
497 570
497 582
497 587
497 598
497 602
497 609
497 617
497 618
497 637
497 638
497 640
498 509
498 516
498 519
498 528
498 568
498 575
498 576
498 598
498 606
498 611
498 619
498 624
498 629
498 642
498 648
499 503
499 513
499 519
499 525
499 527
499 537
499 546
499 555
499 565
499 570
499 577
499 578
499 580
499 585
499 587
499 603
499 605
499 614
499 625
499 629
499 640
499 648
500 502
500 505
500 512
500 514
500 531
500 532
500 538
500 546
500 562
500 567
500 580
500 585
500 586
500 588
500 621
500 632
500 640
500 641
500 645
501 516
501 520
501 532
501 542
501 543
501 545
501 547
501 553
501 556
501 569
501 570
501 573
501 577
501 595
501 610
501 627
501 631
501 650
502 512
502 516
502 527
502 532
502 534
502 535
502 543
502 557
502 560
502 573
502 581
502 586
502 592
502 611
502 616
502 618
502 627
502 645
503 512
503 513
503 523
503 533
503 541
503 545
503 547
503 549
503 550
503 556
503 570
503 576
503 577
503 580
503 603
503 604
503 613
503 626
503 639
503 643
504 505
504 516
504 530
504 535
504 538
504 541
504 543
504 544
504 559
504 561
504 562
504 569
504 572
504 573
504 587
504 589
504 591
504 592
504 597
504 599
504 602
504 605
504 646
505 507
505 510
505 518
505 527
505 535
505 539
505 540
505 550
505 559
505 574
505 579
505 582
505 584
505 598
505 602
505 617
505 619
505 628
505 629
505 632
505 640
505 641
505 645
505 649
506 507
506 512
506 534
506 551
506 572
506 574
506 580
506 608
506 619
506 621
506 637
506 638
506 639
506 671
506 694
507 511
507 519
507 525
507 527
507 532
507 533
507 540
507 546
507 550
507 554
507 565
507 568
507 572
507 583
507 600
507 606
507 615
507 628
507 632
507 640
507 650
508 509
508 515
508 517
508 520
508 523
508 535
508 539
508 545
508 554
508 580
508 593
508 601
508 602
508 611
508 613
508 624
508 649
509 517
509 526
509 544
509 547
509 560
509 563
509 566
509 584
509 596
509 608
509 618
509 622
509 630
509 650
510 513
510 518
510 521
510 535
510 539
510 542
510 560
510 563
510 576
510 596
510 605
510 616
510 617
510 621
510 623
510 634
510 649
511 516
511 527
511 544
511 558
511 565
511 567
511 575
511 588
511 589
511 590
511 593
511 595
511 606
511 609
511 620
511 632
511 637
511 643
511 645
512 518
512 535
512 539
512 551
512 552
512 554
512 556
512 566
512 570
512 571
512 581
512 584
512 595
512 600
512 603
512 607
512 610
512 613
512 619
512 630
512 638
513 517
513 531
513 532
513 556
513 571
513 603
513 606
513 609
513 610
513 627
513 632
513 639
513 640
513 648
513 682
514 516
514 522
514 525
514 536
514 544
514 548
514 565
514 580
514 583
514 595
514 597
514 606
514 637
514 648
514 674
515 526
515 528
515 549
515 556
515 581
515 595
515 596
515 598
515 606
515 614
515 615
515 630
515 638
515 650
515 697
516 545
516 551
516 564
516 567
516 572
516 574
516 579
516 587
516 600
516 648
516 649
516 671
517 522
517 525
517 528
517 536
517 542
517 568
517 570
517 575
517 583
517 590
517 592
517 596
517 598
517 603
517 610
517 625
517 628
517 637
517 639
517 643
517 690
518 520
518 551
518 572
518 578
518 580
518 586
518 594
518 595
518 619
518 621
518 624
518 627
518 647
519 520
519 522
519 526
519 527
519 537
519 539
519 548
519 558
519 560
519 570
519 576
519 577
519 579
519 582
519 583
519 586
519 589
519 590
519 592
519 595
519 596
519 606
519 614
519 618
519 635
519 637
519 643
519 644
519 697
520 526
520 529
520 532
520 535
520 546
520 552
520 560
520 567
520 569
520 577
520 583
520 599
520 602
520 610
520 615
520 621
520 626
520 628
520 632
520 635
520 643
520 674
521 522
521 525
521 528
521 535
521 537
521 539
521 540
521 545
521 546
521 547
521 550
521 558
521 561
521 564
521 572
521 600
521 603
521 611
521 619
521 632
521 639
521 647
521 681
522 533
522 542
522 553
522 559
522 566
522 581
522 586
522 590
522 595
522 624
522 625
522 628
522 629
522 634
522 640
523 535
523 540
523 555
523 561
523 565
523 575
523 587
523 614
523 626
523 629
523 631
523 646
523 647
523 684
524 551
524 559
524 608
524 694
525 531
525 550
525 553
525 562
525 580
525 584
525 588
525 594
525 596
525 606
525 611
525 615
525 619
525 621
525 626
525 645
526 537
526 539
526 542
526 543
526 561
526 564
526 566
526 567
526 582
526 589
526 593
526 600
526 602
526 604
526 613
526 617
526 624
526 629
526 630
526 641
526 673
527 531
527 534
527 535
527 541
527 554
527 555
527 556
527 560
527 563
527 564
527 570
527 576
527 602
527 604
527 607
527 616
527 618
527 621
527 629
528 535
528 548
528 551
528 554
528 566
528 589
528 592
528 596
528 597
528 600
528 611
528 622
528 630
528 641
528 643
528 649
528 672
528 681
529 556
529 558
529 631
529 683
530 540
530 544
530 559
530 581
530 584
530 586
530 595
530 596
530 603
530 621
530 625
530 632
530 635
530 644
531 535
531 536
531 537
531 549
531 557
531 558
531 560
531 572
531 586
531 601
531 616
531 622
531 631
531 635
531 640
532 543
532 544
532 546
532 550
532 552
532 574
532 587
532 591
532 593
532 595
532 606
532 611
532 613
532 615
532 620
532 627
532 631
532 639
533 539
533 550
533 560
533 581
533 591
533 604
533 612
533 619
533 621
533 624
533 625
533 628
533 649
534 545
534 555
534 561
534 562
534 565
534 577
534 581
534 587
534 592
534 593
534 604
534 612
534 618
534 628
534 631
534 635
534 643
534 649
535 537
535 540
535 542
535 553
535 563
535 568
535 572
535 575
535 576
535 586
535 597
535 605
535 606
535 610
535 611
535 618
535 628
535 629
535 630
535 631
535 648
535 650
536 538
536 539
536 554
536 567
536 603
536 610
536 637
536 639
536 647
537 539
537 542
537 562
537 584
537 592
537 593
537 594
537 595
537 596
537 603
537 605
537 615
537 621
537 625
537 628
537 630
537 632
537 637
537 643
537 644
537 648
537 649
537 650
538 539
538 540
538 541
538 553
538 554
538 558
538 562
538 568
538 571
538 573
538 585
538 588
538 593
538 595
538 598
538 602
538 603
538 608
538 619
538 622
538 635
538 640
539 542
539 543
539 548
539 549
539 554
539 556
539 558
539 560
539 564
539 567
539 573
539 582
539 589
539 591
539 597
539 599
539 601
539 615
539 616
539 624
539 627
539 629
539 647
539 672
540 541
540 549
540 554
540 558
540 560
540 602
540 605
540 615
540 630
540 632
540 647
541 542
541 547
541 560
541 581
541 584
541 585
541 587
541 592
541 593
541 610
541 611
541 615
541 617
541 620
541 624
541 627
541 629
541 632
541 637
541 639
542 543
542 549
542 602
542 606
542 610
542 612
542 620
542 621
542 644
543 548
543 551
543 556
543 558
543 564
543 568
543 573
543 575
543 577
543 579
543 589
543 593
543 595
543 600
543 601
543 613
543 617
543 618
543 628
543 641
543 647
544 552
544 557
544 558
544 571
544 578
544 585
544 589
544 594
544 619
544 623
544 627
544 634
544 637
544 639
544 642
544 647
545 558
545 567
545 570
545 573
545 574
545 580
545 589
545 590
545 592
545 599
545 626
545 638
545 642
545 647
545 671
546 557
546 560
546 561
546 567
546 571
546 573
546 575
546 578
546 590
546 600
546 605
546 608
546 611
546 618
546 621
546 638
546 644
547 552
547 556
547 560
547 563
547 570
547 571
547 575
547 581
547 584
547 585
547 598
547 604
547 605
547 611
547 614
547 616
547 619
547 624
547 625
547 637
547 645
547 648
548 557
548 559
548 562
548 622
548 632
548 640
548 642
548 649
549 550
549 559
549 561
549 563
549 568
549 570
549 583
549 587
549 598
549 602
549 615
549 622
549 626
549 628
549 640
549 644
549 646
550 567
550 571
550 576
550 586
550 587
550 592
550 594
550 597
550 599
550 605
550 608
550 611
550 614
550 615
550 632
550 639
550 640
550 680
551 553
551 558
551 561
551 566
551 575
551 581
551 594
551 598
551 599
551 606
551 607
551 613
551 614
551 616
551 618
551 622
551 637
552 569
552 570
552 589
552 590
552 597
552 603
552 605
552 620
552 622
552 629
552 630
552 632
552 643
552 681
553 556
553 561
553 564
553 569
553 579
553 593
553 594
553 600
553 607
553 610
553 611
553 613
553 615
553 616
553 635
553 640
553 641
553 643
553 646
554 556
554 562
554 566
554 572
554 574
554 575
554 577
554 582
554 591
554 593
554 612
554 613
554 618
554 619
554 630
554 642
554 645
555 563
555 565
555 566
555 567
555 571
555 579
555 584
555 591
555 597
555 604
555 609
555 619
555 628
555 629
555 633
555 635
556 557
556 560
556 567
556 571
556 573
556 574
556 577
556 581
556 582
556 594
556 602
556 614
556 617
556 619
556 623
556 627
556 631
556 640
556 641
556 644
556 682
557 570
557 573
557 577
557 584
557 592
557 599
557 600
557 601
557 602
557 603
557 605
557 616
557 620
557 623
557 624
557 626
557 634
557 637
557 641
557 646
557 673
558 564
558 565
558 569
558 571
558 574
558 588
558 593
558 595
558 599
558 603
558 610
558 614
558 623
558 624
558 648
558 650
558 680
559 560
559 561
559 563
559 571
559 573
559 574
559 576
559 583
559 584
559 586
559 592
559 598
559 609
559 610
559 615
559 617
559 620
559 622
559 623
559 635
559 639
559 641
559 649
559 671
560 563
560 564
560 568
560 573
560 577
560 581
560 584
560 588
560 599
560 606
560 620
560 624
560 630
561 563
561 570
561 571
561 576
561 579
561 588
561 598
561 599
561 608
561 610
561 615
561 621
561 624
561 625
561 642
561 645
561 648
561 650
561 681
562 569
562 574
562 577
562 584
562 586
562 589
562 595
562 596
562 602
562 608
562 609
562 628
562 634
562 642
562 643
562 649
563 569
563 570
563 571
563 573
563 578
563 579
563 581
563 586
563 587
563 589
563 592
563 593
563 597
563 599
563 600
563 604
563 620
563 623
563 630
563 631
563 634
563 637
563 642
563 643
563 645
563 647
564 565
564 568
564 571
564 573
564 576
564 579
564 587
564 588
564 594
564 595
564 597
564 601
564 603
564 607
564 608
564 617
564 621
564 628
564 631
564 635
564 636
564 642
564 644
565 576
565 591
565 595
565 604
565 620
565 635
565 639
565 641
565 647
565 650
566 574
566 577
566 579
566 580
566 590
566 591
566 607
566 619
566 621
566 623
566 626
566 629
566 647
567 568
567 572
567 589
567 596
567 598
567 602
567 609
567 611
567 629
567 637
567 640
567 645
567 671
568 571
568 576
568 578
568 579
568 583
568 586
568 593
568 599
568 608
568 611
568 634
568 635
568 645
568 647
568 648
568 674
569 574
569 583
569 590
569 591
569 596
569 601
569 603
569 606
569 607
569 617
569 619
569 630
569 638
569 646
569 648
570 585
570 587
570 595
570 596
570 597
570 601
570 603
570 604
570 609
570 615
570 618
570 622
570 624
570 625
570 626
570 629
570 643
570 647
571 572
571 577
571 584
571 587
571 605
571 606
571 612
571 616
571 625
571 627
571 629
571 632
571 646
572 575
572 577
572 579
572 582
572 590
572 596
572 599
572 610
572 624
572 625
572 626
572 627
572 629
572 630
572 634
572 635
572 638
572 639
572 640
572 645
572 646
572 647
572 649
572 681
573 579
573 582
573 583
573 592
573 599
573 608
573 621
573 623
573 626
573 627
573 630
573 631
573 634
573 637
573 641
573 649
574 579
574 583
574 584
574 597
574 601
574 602
574 603
574 605
574 606
574 613
574 614
574 630
574 649
574 650
574 674
574 680
575 584
575 588
575 589
575 601
575 605
575 609
575 611
575 613
575 615
575 619
575 623
575 627
575 632
575 638
575 641
575 645
575 646
576 584
576 593
576 600
576 601
576 609
576 610
576 626
576 629
576 634
576 647
576 681
577 585
577 589
577 593
577 600
577 604
577 622
577 623
577 625
577 626
577 630
577 634
577 640
577 641
577 648
577 650
578 580
578 581
578 582
578 583
578 584
578 586
578 592
578 593
578 600
578 602
578 611
578 614
578 615
578 616
578 618
578 621
578 623
578 625
578 626
578 627
578 630
578 634
578 640
578 641
578 645
578 646
578 648
578 649
578 650
579 586
579 597
579 598
579 604
579 605
579 610
579 613
579 614
579 615
579 617
579 622
579 624
579 628
579 641
579 645
579 647
579 674
580 581
580 585
580 592
580 597
580 598
580 601
580 615
580 618
580 619
580 624
580 631
580 634
580 637
580 638
580 643
580 647
580 650
580 673
580 682
581 590
581 593
581 596
581 601
581 603
581 605
581 610
581 621
581 625
581 632
582 583
582 592
582 596
582 597
582 601
582 607
582 612
582 627
582 631
582 632
582 634
582 639
582 641
582 646
582 648
583 596
583 598
583 599
583 601
583 603
583 607
583 610
583 614
583 615
583 618
583 619
583 620
583 622
583 625
583 640
583 642
583 644
583 645
583 647
583 648
583 649
583 672
584 586
584 588
584 590
584 594
584 595
584 597
584 604
584 612
584 613
584 615
584 618
584 619
584 620
584 626
584 629
584 631
584 638
584 639
584 646
584 674
585 590
585 591
585 598
585 600
585 601
585 604
585 607
585 609
585 612
585 615
585 623
585 624
585 626
585 628
585 630
585 632
585 634
585 635
585 637
585 642
585 643
585 649
585 680
586 589
586 592
586 593
586 594
586 595
586 603
586 611
586 615
586 617
586 621
586 626
586 635
586 642
586 644
586 645
586 647
586 648
587 591
587 592
587 597
587 598
587 601
587 604
587 609
587 610
587 612
587 619
587 621
587 622
587 624
587 631
587 635
587 639
588 591
588 595
588 596
588 599
588 601
588 609
588 610
588 612
588 613
588 614
588 617
588 618
588 622
588 629
588 635
588 640
588 641
588 644
588 650
589 592
589 594
589 595
589 597
589 599
589 602
589 607
589 608
589 610
589 613
589 615
589 620
589 623
589 625
589 627
589 631
589 637
589 640
590 591
590 595
590 599
590 611
590 619
590 624
590 628
590 634
590 637
590 640
590 643
590 645
590 648
590 649
591 593
591 602
591 605
591 616
591 623
591 625
591 632
591 636
591 645
591 647
591 648
591 649
592 597
592 605
592 607
592 610
592 611
592 613
592 616
592 617
592 624
592 628
592 632
592 634
592 635
592 638
592 641
592 644
592 648
592 649
593 601
593 602
593 612
593 616
593 617
593 620
593 631
593 632
593 640
593 642
593 646
593 649
593 672
593 682
594 597
594 598
594 599
594 600
594 602
594 603
594 606
594 612
594 614
594 644
594 648
594 650
594 681
595 596
595 599
595 602
595 603
595 604
595 613
595 617
595 622
595 639
595 646
595 647
595 648
596 600
596 603
596 610
596 611
596 617
596 619
596 620
596 621
596 622
596 632
596 633
596 635
596 638
596 639
596 640
596 647
597 603
597 605
597 615
597 616
597 618
597 623
597 626
597 632
597 640
597 641
597 643
597 644
597 646
598 599
598 601
598 602
598 606
598 607
598 609
598 610
598 613
598 615
598 618
598 623
598 627
598 630
598 639
598 640
598 645
598 650
599 600
599 606
599 607
599 612
599 613
599 615
599 617
599 618
599 619
599 627
599 630
599 631
599 634
599 637
599 640
599 641
599 642
599 644
599 680
600 601
600 602
600 605
600 612
600 613
600 619
600 622
600 626
600 627
600 628
600 630
600 632
600 634
600 635
600 640
600 642
600 646
600 649
600 671
601 602
601 603
601 604
601 605
601 613
601 615
601 618
601 623
601 626
601 627
601 631
601 643
601 649
602 605
602 606
602 607
602 609
602 612
602 618
602 620
602 628
602 631
602 632
602 633
602 634
602 641
602 650
602 673
603 606
603 608
603 609
603 610
603 614
603 616
603 617
603 618
603 621
603 628
603 629
603 630
603 631
603 632
603 635
603 638
603 640
603 643
603 646
603 647
603 650
603 673
603 681
604 605
604 606
604 607
604 608
604 610
604 612
604 613
604 614
604 615
604 616
604 620
604 627
604 628
604 630
604 632
604 635
604 643
604 644
604 646
604 649
604 650
604 680
605 606
605 608
605 610
605 612
605 613
605 614
605 621
605 627
605 629
605 632
605 635
605 637
605 638
605 639
605 641
605 643
605 645
606 612
606 613
606 616
606 617
606 618
606 619
606 626
606 630
606 631
606 635
606 644
606 646
606 648
606 650
606 672
607 613
607 618
607 619
607 620
607 622
607 625
607 629
607 632
607 638
607 640
607 642
607 644
607 646
607 647
607 648
607 682
608 611
608 613
608 618
608 621
608 622
608 623
608 627
608 630
608 632
608 634
608 635
608 639
608 640
608 646
608 647
608 672
608 682
609 610
609 613
609 614
609 615
609 617
609 618
609 620
609 622
609 624
609 625
609 626
609 629
609 630
609 631
609 634
609 635
609 640
609 642
609 643
609 644
609 645
609 674
610 612
610 614
610 616
610 617
610 624
610 626
610 627
610 628
610 629
610 631
610 634
610 637
610 641
610 642
610 647
610 650
611 612
611 613
611 617
611 619
611 621
611 622
611 623
611 624
611 627
611 629
611 631
611 632
611 638
611 639
611 641
611 644
611 647
611 682
612 615
612 616
612 619
612 621
612 627
612 628
612 631
612 635
612 637
612 640
612 641
612 643
612 644
612 646
612 647
612 648
613 617
613 619
613 622
613 623
613 625
613 627
613 629
613 631
613 633
613 634
613 638
613 641
613 643
613 645
613 650
613 674
614 618
614 627
614 630
614 631
614 633
614 635
614 637
614 638
614 643
614 645
614 647
614 648
614 672
615 616
615 618
615 621
615 622
615 627
615 629
615 634
615 635
615 637
615 639
615 640
615 644
615 645
615 646
615 649
615 650
615 681
616 619
616 621
616 623
616 626
616 629
616 635
616 638
616 639
616 644
616 645
616 648
616 649
617 618
617 619
617 620
617 621
617 625
617 626
617 627
617 630
617 632
617 635
617 643
617 644
617 645
617 646
617 649
617 650
617 671
618 622
618 624
618 626
618 627
618 628
618 629
618 634
618 635
618 640
618 641
618 644
618 650
618 682
619 621
619 624
619 626
619 627
619 628
619 629
619 631
619 635
619 638
619 641
619 649
619 650
620 625
620 626
620 627
620 632
620 635
620 637
620 638
620 641
620 643
620 644
620 649
620 650
621 622
621 624
621 625
621 626
621 627
621 634
621 635
621 637
621 641
621 642
621 645
621 647
621 648
621 682
622 623
622 624
622 627
622 628
622 629
622 631
622 632
622 633
622 634
622 635
622 637
622 641
622 644
622 647
622 649
622 650
622 674
623 629
623 630
623 633
623 636
623 637
623 639
623 640
623 643
623 644
623 646
623 647
623 650
624 625
624 626
624 629
624 630
624 635
624 636
624 637
624 639
624 643
624 648
624 649
624 650
624 681
625 628
625 629
625 630
625 631
625 632
625 634
625 637
625 639
625 646
625 647
625 648
625 650
625 680
626 627
626 628
626 629
626 632
626 636
626 637
626 638
626 641
626 643
626 644
626 645
626 646
626 648
626 649
627 629
627 634
627 635
627 637
627 639
627 640
627 645
627 648
627 649
627 650
627 680
628 629
628 630
628 631
628 634
628 641
628 642
628 643
628 645
628 647
628 671
629 632
629 634
629 635
629 637
629 638
629 639
629 643
629 644
629 645
629 646
629 647
629 648
629 649
629 650
629 682
630 634
630 635
630 637
630 638
630 640
630 641
630 642
630 643
630 644
630 646
630 647
630 648
630 649
630 650
630 674
630 681
631 634
631 638
631 639
631 640
631 642
631 643
631 644
631 645
631 646
631 647
631 648
631 671
631 682
632 634
632 636
632 637
632 638
632 639
632 640
632 641
632 642
632 643
632 645
632 647
632 648
632 650
632 682
633 674
633 680
634 635
634 636
634 638
634 639
634 641
634 642
634 643
634 644
634 645
634 646
634 647
634 648
634 649
634 650
635 637
635 638
635 639
635 640
635 642
635 643
635 644
635 646
635 647
635 648
635 649
635 650
635 672
636 641
636 671
637 639
637 641
637 644
637 646
637 648
638 639
638 640
638 641
638 642
638 643
638 644
638 645
638 646
638 647
638 648
638 649
638 650
639 640
639 641
639 642
639 643
639 644
639 645
639 646
639 647
639 648
639 649
639 650
640 641
640 642
640 643
640 644
640 645
640 647
640 648
640 649
641 642
641 643
641 644
641 645
641 647
641 648
641 649
642 643
642 644
642 645
642 646
642 647
642 648
642 649
642 650
643 644
643 645
643 646
643 647
643 648
643 649
643 650
644 645
644 646
644 647
644 648
644 649
644 650
645 646
645 647
645 648
645 649
645 650
646 647
646 648
646 649
646 650
647 648
647 649
647 650
648 649
648 650
649 650
651 21
651 153
651 163
651 368
652 125
652 453
653 15
653 21
654 41
655 16
655 479
656 27
656 42
656 263
657 109
658 4
658 5
659 3
659 11
659 18
659 20
660 56
660 157
660 239
661 9
662 36
662 56
663 10
663 31
664 43
665 15
666 1
666 4
667 2
667 3
667 78
668 12
668 253
669 1
670 56
671 637
671 672
672 639
672 644
672 645
672 673
673 647
673 674
674 636
674 638
674 640
674 642
674 643
674 646
675 148
675 183
675 191
675 220
675 515
675 638
675 676
676 205
676 381
676 443
676 478
676 501
676 519
676 677
677 140
677 415
677 549
678 62
678 272
678 679
679 29
679 197
679 344
679 475
679 623
679 694
680 635
680 643
680 648
680 649
680 681
681 634
681 644
681 682
682 633
682 638
682 639
682 640
682 642
683 563
683 583
683 684
684 544
684 601
684 615
684 685
685 596
685 686
686 567
686 629
686 687
687 581
687 605
687 613
687 645
687 688
688 552
688 689
689 588
689 690
690 529
690 536
690 553
690 589
690 646
691 203
691 208
691 681
691 692
692 223
692 277
692 429
692 437
692 563
692 648
692 693
693 177
693 187
693 191
693 407
693 452
693 458
693 630
693 643
694 619
694 635
694 695
695 630
695 649
695 696
696 547
696 554
696 603
696 604
696 642
696 697
697 524
697 539
697 576
698 315
698 328
698 330
698 357
698 372
698 442
698 500
698 545
698 595
698 610
698 615
698 641
698 699
699 288
699 430
699 447
699 464
699 546
699 617
700 367
700 444
700 447
700 464
700 465
700 527
700 532
700 598
700 602
