700 717
1 227 27 54 56 143 64 45 261 152 51 65 194 138 255 256 140 94 138 57 195 81 64 59 64 297 257 17 7 142 186 393 37 264 194 204 55 128 59 132 222 65 166 72 70 59 36 16 272 195 44 129 162 132 58 27 240 52 132 262 203 16 147 115 240 266 47 4 179 89 267 49 89 137 24 169 162 11 4 240 72 146 221 219 534 20 96 243 150 2 80 404 178 319 269 188 159 232 35 142 122 274 38 32 201 16 151 4 235 93 115 84 205 27 220 51 66 293 79 265 404 200 25 74 230 6 40 321 66 72 14 60 30 118 198 505 275 192 9 17 384 292 474 24 220 93 11 109 257 25 7 99 128 414 78 39 208 33 335 181 4 64 27 275 31 435 25 406 2 133 132 61 157 207 363 133 274 171 17 46 36 184 19 11 99 231 460 28 79 146 148 81 260 37 39 18 105 288 81 517 49 308 69 106 153 235 2 7 77 35 34 189 22 84 139 354 134 49 376 390 114 6 13 162 90 96 47 142 438 149 13 226 13 106 94 45 155 68 56 50 389 6 68 411 61 13 256 87 320 52 76 345 294 218 132 123 125 98 62 40 197 262 173 14 27 440 356 362 47 11 102 5 30 18 165 30 17 311 189 67 67 39 4 98 86 68 23 96 321 159 351 418 237 456 348 162 9 47 428 107 99 11 74 225 67 135 21 156 16 279 2 278 123 213 34 227 6 3 283 75 91 129 27 101 81 93 95 220 133 267 153 373 39 4 64 87 194 330 316 57 86 179 119 55 17 74 174 14 236 12 34 53 487 201 327 163 67 232 143 149 440 322 8 80 17 121 15 312 338 141 287 134 103 94 196 152 35 176 227 358 34 24 22 34 68 284 253 167 17 379 60 364 66 141 296 99 129 165 261 55 173 386 456 272 66 352 61 255 277 104 114 348 69 158 152 11 52 39 64 84 22 399 146 317 25 3 197 120 61 24 413 411 367 24 145 216 66 163 68 127 153 346 134 15 3 65 15 74 13 91 127 41 143 10 191 149 33 104 112 25 35 323 176 249 14 50 157 45 22 91 211 305 105 35 42 74 109 31 239 121 333 299 33 255 232 265 329 114 176 122 207 126 102 56 243 15 24 306 69 103 272 129 12 230 228 11 88 385 106 206 302 45 121 157 396 2 76 68 25 163 23 3 100 166 399 124 115 143 353 9 36 15 166 216 195 112 4 110 139 96 7 76 249 11 22 195 42 195 168 278 73 206 24 59 150 185 29 60 221 179 166 395 82 46 344 129 373 44 244 103 282 121 257 274 61 303 29 132 17 28 2 49 83 436 154 79 367 5 249 317 19 149 108 117 130 33 239 429 122 13 195 67 97 132 24 127 52 406 160 124 37 312 38 21 153 54 14 48 204 127 175 68 264 101 95 20 252 6 123 419 47 18 90 81 227 60 100 336 237 4 17 80 70 215 95 131 3 120 55 104 343 53 161 41 264 178 121 32 170 70 347 207 151 104 253 307 338 75 84 454 94 89 228 57 237 276 489 52 233 5 470 58 116 35 229 167 53 52 292 7 11 105 3 60 332 83 20 259 38 283
3 59 61 95 82 84 59 40 88 82 39 70 65 66 97 97 88 94 100 66 98 93 50 97 66 89 73 74 93 96 53 65 63 69 94 66 68 93 63 96 39 98 98 93 71 84 66 70 60 54 78 59 57 75 98 56 89 98 91 75 86 72 84 99 85 82 84 87 81 97 52 84 95 86 67 100 81 97 85 90 80 93 92 92 80 88 69 69 83 85 64 100 40 90 65 83 78 91 34 73 76 83 96 100 89 62 87 62 73 71 63 55 42 100 51 100 58 100 94 95 94 53 93 99 97 74 93 88 87 77 85 99 73 99 98 95 92 91 93 95 100 87 90 85 67 80 71 74 81 76 100 95 86 59 97 88 63 96 35 85 79 100 58 94 95 97 98 88 100 70 88 86 87 75 84 65 87 88 88 67 59 75 94 69 87 78 68 72 100 73 75 76 94 84 66 65 75 92 95 46 65 80 83 64 68 76 83 74 73 45 74 80 84 82 100 45 83 100 90 89 95 72 84 82 68 21 99 97 95 92 78 99 68 79 85 42 91 90 86 88 91 91 93 62 92 59 99 88 74 85 64 98 96 83 96 56 77 79 69 69 89 89 100 98 76 98 87 100 88 70 96 59 62 93 93 77 99 97 90 93 80 98 65 85 55 94 94 76 93 91 47 94 63 89 61 97 65 99 60 59 92 99 85 98 81 68 98 89 86 64 81 92 88 71 70 63 90 91 97 31 86 79 85 96 32 86 70 89 73 89 75 78 86 84 97 65 98 91 78 53 72 89 91 55 98 83 80 54 87 89 63 91 80 97 98 76 81 77 98 92 97 99 100 84 99 82 87 48 97 84 99 92 100 96 56 40 68 89 61 92 29 71 90 74 99 72 95 82 89 67 83 75 100 84 69 81 69 45 71 99 72 77 100 38 93 88 67 39 62 51 47 63 84 95 93 100 94 64 97 65 81 96 79 77 87 91 100 99 99 84 95 57 79 52 71 32 76 77 73 100 70 86 99 79 100 84 84 73 84 94 94 47 83 93 76 65 97 96 81 89 76 87 84 96 93 74 86 39 88 80 89 81 97 65 98 88 10 67 87 81 80 97 57 95 90 92 32 88 88 39 90 88 93 93 84 70 100 93 96 93 89 91 97 94 84 90 89 100 30 68 47 86 85 99 93 71 56 94 82 71 67 92 94 75 92 82 100 98 44 78 96 90 78 98 52 79 23 87 83 61 64 90 87 88 87 94 72 90 92 87 91 100 99 30 84 97 82 88 66 93 69 71 83 71 97 79 82 85 66 63 93 80 100 60 54 99 65 27 64 98 95 82 52 65 56 96 91 38 62 84 78 89 95 88 90 94 84 97 69 93 95 78 49 85 93 88 93 94 83 74 95 99 72 90 95 94 100 100 71 80 88 80 96 93 77 57 77 85 84 88 98 87 90 88 97 50 85 45 97 81 91 68 97 66 82 84 87 98 86 77 99 84 98 89 85 81 43 97 26 95 32 95 26 84 97 100 61 66 76 57 100 62 77 72 94 97 94 79 72 97 90 92 99 79 83 67 98 30 84 57 85 84 84 92 90 82 67 96 96 85
2 1
3 1
4 1
5 1
6 690
7 650
8 1
9 1
10 1
11 1
12 1
13 1
14 1
15 1
16 648
17 508
18 1
18 688
19 1
20 1
21 292
22 1
23 1
23 692
24 1
25 1
26 1
27 1
27 700
28 689
29 1
30 1
30 697
31 680
32 1
33 1
34 1
35 1
36 1
37 1
38 1
39 1
40 659
41 1
42 1
43 1
44 1
45 521
45 678
46 1
47 583
48 52
49 1
50 1
51 1
52 53
53 54
54 55
55 56
56 57
57 58
58 59
59 60
60 61
61 62
62 63
63 64
64 65
65 66
66 67
67 68
68 69
69 70
70 71
71 72
72 73
73 74
74 75
75 76
76 77
77 78
78 79
79 80
80 81
81 82
82 83
83 84
84 85
85 86
86 87
87 88
88 89
89 90
90 91
91 92
92 93
93 94
94 95
95 96
96 97
97 98
98 99
99 100
100 101
101 102
102 103
103 104
104 105
105 106
106 107
107 108
108 109
109 110
110 111
111 112
112 113
113 114
114 115
115 116
116 117
117 118
118 119
119 120
120 121
121 122
122 123
123 124
124 125
125 126
126 127
127 128
128 129
129 130
130 131
131 132
132 133
133 134
134 135
135 136
136 137
137 138
138 139
139 140
140 141
141 142
142 143
143 144
144 145
145 146
146 147
147 148
148 149
149 150
150 151
151 152
152 153
153 154
154 155
155 156
156 157
157 158
158 159
159 160
160 161
161 162
162 163
163 164
164 165
165 166
166 167
167 168
168 169
169 170
170 171
171 172
172 173
173 174
174 175
175 176
176 177
177 178
178 179
179 180
180 181
181 182
182 183
183 184
184 185
185 186
186 187
187 188
188 189
189 190
190 191
191 192
192 193
193 194
194 195
195 196
196 197
197 198
198 199
199 200
200 201
201 202
202 203
203 204
204 205
205 206
206 207
207 208
208 209
209 210
210 211
211 212
212 213
213 214
214 215
215 216
216 217
217 218
218 219
219 220
220 221
221 222
222 223
223 224
224 225
225 226
226 227
227 228
228 229
229 230
230 231
231 232
232 233
233 234
234 235
235 236
236 237
237 238
238 1
238 239
239 240
240 241
241 242
242 243
243 244
244 245
245 246
246 247
247 248
248 249
249 250
250 251
251 252
252 253
253 254
254 255
255 256
256 257
257 258
258 259
259 260
260 261
261 262
262 263
263 264
264 265
265 266
266 267
267 268
268 269
269 270
270 271
271 272
272 273
273 274
274 275
275 276
276 277
277 278
278 279
279 280
280 281
281 282
282 283
283 284
284 285
285 286
286 287
287 288
288 289
289 290
290 291
291 48
292 293
293 294
294 295
295 296
296 297
297 298
298 299
299 300
300 301
301 302
302 303
303 304
304 305
305 306
306 307
307 308
308 309
309 310
310 311
311 312
312 313
313 314
314 315
315 316
316 317
317 318
318 319
319 320
320 321
321 322
322 323
323 324
324 325
325 326
326 327
327 328
328 329
329 330
330 331
331 332
332 333
333 334
334 335
335 336
336 337
337 338
338 339
339 340
340 341
341 342
342 343
343 344
344 345
345 346
346 347
347 348
348 349
349 350
350 351
351 352
352 353
353 354
354 355
355 356
356 357
357 358
358 359
359 360
360 361
361 362
362 363
363 364
364 365
365 366
366 367
367 368
368 369
369 370
370 371
371 372
372 373
373 374
374 375
375 376
376 377
377 378
378 379
379 380
380 381
381 382
382 383
383 384
384 385
385 386
386 387
387 388
388 389
389 390
390 391
391 392
392 393
393 394
394 395
395 396
396 397
397 398
398 399
399 400
400 401
401 402
402 403
403 404
404 405
405 406
406 407
407 408
408 409
409 410
410 411
411 412
412 413
413 414
414 415
415 416
416 417
417 418
418 419
419 420
420 421
421 422
422 423
423 424
424 425
425 426
426 427
427 428
428 429
429 430
430 431
431 432
432 433
433 434
434 435
435 436
436 437
437 1
437 438
438 439
439 440
440 441
441 442
442 443
443 444
444 445
445 446
446 447
447 448
448 449
449 450
450 451
451 452
452 453
453 454
454 455
455 456
456 457
457 458
458 459
459 460
460 461
461 462
462 463
463 464
464 465
465 466
466 467
467 468
468 469
469 470
470 471
471 472
472 473
473 474
474 475
475 476
476 477
477 478
478 479
479 480
480 481
481 482
482 483
483 484
484 485
485 486
486 487
487 488
488 489
489 490
490 491
491 492
492 493
493 494
494 495
495 496
496 497
497 498
498 499
499 500
500 501
501 502
502 503
503 504
504 505
505 506
506 507
507 21
508 509
509 1
509 510
510 511
511 512
512 513
513 514
514 515
515 516
516 517
517 518
518 519
519 520
520 17
521 522
522 523
523 524
524 525
525 526
526 527
527 528
528 529
529 530
530 531
531 532
532 533
533 534
534 535
535 536
536 537
537 538
538 539
539 540
540 541
541 542
542 543
543 544
544 545
545 546
546 547
547 548
548 549
549 550
550 551
551 552
552 553
553 554
554 555
555 556
556 557
557 558
558 559
559 560
560 561
561 562
562 563
563 1
563 564
564 565
565 566
566 567
567 568
568 569
569 570
570 571
571 572
572 573
573 574
574 575
575 576
576 577
577 578
578 579
579 580
580 581
581 582
582 45
583 584
584 585
585 586
586 587
587 588
588 589
589 590
590 591
591 592
592 593
593 594
594 595
595 596
596 597
597 598
598 599
599 600
600 601
601 602
602 603
603 604
604 605
605 606
606 607
607 608
608 609
609 610
610 611
611 612
612 613
613 614
614 615
615 616
616 617
617 618
618 619
619 620
620 621
621 622
622 623
623 624
624 625
625 1
625 626
626 627
627 628
628 629
629 630
630 631
631 632
632 633
633 634
634 635
635 636
636 637
637 638
638 639
639 640
640 641
640 699
641 642
642 643
643 644
644 645
645 646
646 647
647 47
648 649
649 1
649 16
650 651
651 652
652 653
653 654
654 1
654 655
655 656
656 657
657 658
658 7
659 660
660 661
661 662
662 663
663 664
664 1
664 665
665 666
666 667
667 668
668 669
669 670
670 671
671 672
672 673
673 674
674 675
675 676
676 677
677 40
678 679
679 570
680 681
681 682
682 683
683 684
684 685
685 686
686 687
687 1
687 31
687 694
688 18
689 1
689 28
690 691
691 1
691 6
692 693
693 23
694 695
695 696
696 682
697 698
698 30
699 613
700 27
