700 702
1 1 1 1 1 1 1 1 1 1 1 1 1 1 1 1 1 1 1 1 1 1 1 1 1 1 1 1 1 1 1 1 1 1 1 1 1 1 1 1 1 1 1 1 1 1 1 1 1 1 1 1 1 1 1 1 1 1 1 1 1 1 1 1 1 1 1 1 1 1 1 1 1 1 1 1 1 1 1 1 1 1 1 1 1 1 1 1 1 1 1 1 1 1 1 1 1 1 1 1 1 1 1 1 1 1 1 1 1 1 1 1 1 1 1 1 1 1 1 1 1 1 1 1 1 1 1 1 1 1 1 1 1 1 1 1 1 1 1 1 1 1 1 1 1 1 1 1 1 1 1 1 1 1 1 1 1 1 1 1 1 1 1 1 1 1 1 1 1 1 1 1 1 1 1 1 1 1 1 1 1 1 1 1 1 1 1 1 1 1 1 1 1 1 1 1 1 1 1 1 1 1 1 1 1 1 1 1 1 1 1 1 1 1 1 1 1 1 1 1 1 1 1 1 1 1 1 1 1 1 1 1 1 1 1 1 1 1 1 1 1 1 1 1 1 1 1 1 1 1 1 1 1 1 1 1 1 1 1 1 1 1 1 1 1 1 1 1 1 1 1 1 1 1 1 1 1 1 1 1 1 1 1 1 1 1 1 1 1 1 1 1 1 1 1 1 1 1 1 1 1 1 1 1 1 1 1 1 1 1 1 1 1 1 1 1 1 1 1 1 1 1 1 1 1 1 1 1 1 1 1 1 1 1 1 1 1 1 1 1 1 1 1 1 1 1 1 1 1 1 205 103 86 4 130 179 64 169 71 36 19 158 101 47 5 112 246 138 259 196 9 91 233 16 120 3 185 175 218 380 270 47 475 67 13 68 26 55 138 289 281 151 80 4 372 36 86 304 118 356 200 153 86 64 299 60 55 62 310 135 422 221 76 11 304 256 11 215 77 125 224 348 24 263 337 243 122 424 151 122 26 43 74 49 284 126 164 128 89 228 280 184 15 140 171 15 7 180 58 141 46 66 294 308 49 162 46 52 313 205 11 107 78 440 317 69 7 206 56 27 26 83 222 120 282 8 14 55 108 10 12 541 199 16 138 32 138 156 271 17 4 209 144 20 233 226 98 52 332 376 168 17 113 7 15 187 22 106 288 20 31 197 22 136 98 4 85 72 163 132 34 50 171 180 78 268 11 34 317 134 26 9 14 59 8 375 246 42 436 227 185 70 11 12 157 190 56 120 360 110 186 194 2 47 195 49 96 170 229 301 187 123 247 52 238 5 19 384 49 136 21 176 224 66 88 210 23 85 7 300 309 183 28 4 103 45 6 32 32 124 113 149 114 41 51 62 82 78 378 36 26 168 164 108 87 48 34 158 172 27 3 54 88 228 286 67 26 83 33 34 160 31 74 57 189 12 70 15 231 14 311 40 268 3 91 6 22 50 99 141 50 39 40 66 51 50 11 130 122 79 445 437 238 28 328 253 98 88 29 42 24 331 185 104 226 582 76 90 36 371 132 364 135 317 170 146 16 135 347 4 135 441 67 153 33 16 102 122 67 3 170 99 78 259 115 100 52 142 84 158
30 15 13 4 3 4 25 10 23 12 28 15 4 19 2 38 2 3 28 6 3 19 1 31 9 11 14 22 19 14 9 3 21 12 15 21 9 2 1 18 23 10 5 10 3 33 1 10 13 5 3 24 7 25 3 8 2 5 27 17 1 3 21 15 28 4 36 1 15 1 16 20 27 33 1 7 29 17 4 8 25 2 31 37 8 5 8 35 22 9 7 7 8 1 2 14 4 4 10 9 19 30 14 12 14 28 14 1 48 14 3 9 11 21 15 15 6 11 18 16 1 19 11 10 40 7 5 17 15 8 17 3 1 8 4 2 59 6 7 27 26 48 20 5 14 4 7 26 5 26 8 13 7 4 51 2 25 5 2 29 15 1 29 2 8 15 9 2 1 1 22 22 2 2 18 5 4 4 44 12 1 5 28 4 2 17 7 29 2 3 8 9 11 2 20 6 2 40 41 8 1 4 1 9 11 5 1 2 7 49 22 6 14 1 7 11 2 2 9 32 28 16 4 5 3 2 40 8 7 1 7 16 20 15 11 25 4 8 11 2 1 11 33 27 25 15 6 20 2 3 12 8 1 35 19 18 13 5 1 15 9 7 8 6 3 14 9 54 30 10 33 5 1 5 15 4 21 39 8 6 13 9 15 17 10 2 4 12 14 17 10 19 3 12 8 2 2 44 22 21 3 4 10 17 9 6 2 6 11 3 27 14 6 6 36 5 14 12 7 25 10 3 7 20 4 5 6 14 9 15 25 3 13 25 18 17 17 5 14 19 1 2 18 11 9 17 3 3 28 10 70 50 71 55 32 91 75 16 72 96 11 19 70 98 72 7 48 92 98 76 50 30 90 16 46 60 53 22 23 3 41 100 24 41 50 99 4 91 4 17 46 85 53 88 45 2 66 14 99 47 23 29 71 6 93 75 33 97 18 33 39 51 90 10 52 8 57 2 98 51 10 41 54 9 68 93 37 78 17 98 75 53 13 14 38 26 30 81 29 41 92 23 20 67 47 94 28 94 98 21 50 23 77 41 27 29 92 16 39 61 53 88 72 58 17 11 26 1 60 70 75 33 55 40 34 37 99 26 50 67 69 15 6 53 85 100 9 76 82 39 1 87 3 22 18 43 78 2 19 79 83 19 70 79 67 8 13 47 63 74 9 27 4 28 40 83 99 22 48 2 53 53 14 61 50 15 22 7 40 9 5 16 3 54 10 9 24 20 62 4 17 44 29 75 21 37 79 64 78 99 25 80 77 62 79 34 66 99 59 38 43 3 17 61 53 85 51 30 63 99 44 33 56 54 27 14 23 68 39 12 46 24 99 28 18 3 89 90 64 90 29 25 16 20 74 13 7 31 17 82 15 81 87 21 60 31 90 100 94 3 89 24 8 84 10 16 85 86 73 25 19 85 37 26 50 93 68 60 99 1 61 98 100 70 72 15 81 67 94 33 39 49 79 46 59 99 42 87 57 81 66 48 27 39 26 11 77 57 87 34 57 54 90 17 39 99 57 98 100 63 91 82 49 71 79 96 90 25 68 6 34 67 25 45 40 16 4 80 74 92 76 68 71 2 4 43 46 63 100 7
1 351
2 351
3 351
4 351
5 351
6 351
7 351
8 351
9 351
10 351
11 351
12 351
13 351
14 351
15 351
16 351
17 351
18 351
19 351
20 351
21 351
22 351
23 351
24 351
25 351
26 351
27 351
28 351
29 351
30 351
31 351
32 351
33 351
34 351
35 351
36 351
37 351
38 351
39 351
40 351
41 351
42 351
43 351
44 351
45 351
46 351
47 351
48 351
49 351
50 351
51 351
52 351
53 351
54 351
55 351
56 351
57 351
58 351
59 351
60 351
61 351
62 351
63 351
64 351
65 351
66 351
67 351
68 351
69 351
70 351
71 351
72 351
73 351
74 351
75 351
76 351
77 351
78 351
79 351
80 351
81 351
82 351
83 351
84 351
85 351
86 351
87 351
88 351
89 351
90 351
91 351
92 351
93 351
94 351
95 351
96 351
97 351
98 351
99 351
100 351
101 351
102 351
103 351
104 351
105 351
106 351
107 351
108 351
109 351
110 351
111 351
112 351
113 351
114 351
115 351
116 351
117 351
118 351
119 351
120 351
121 351
122 351
123 351
124 351
125 351
126 351
127 351
128 351
129 351
130 351
131 351
132 351
133 351
134 351
135 351
136 351
137 351
138 351
139 351
140 351
141 351
142 351
143 351
144 351
145 351
146 351
147 351
148 351
149 351
150 351
151 351
152 351
153 351
154 351
155 351
156 351
157 351
158 351
159 351
160 351
161 351
162 351
163 351
164 351
165 351
166 351
167 351
168 351
169 351
170 351
171 351
172 351
173 351
174 351
175 351
176 351
177 351
178 351
179 351
180 351
181 351
182 351
183 351
184 351
185 351
186 351
187 351
188 351
189 351
190 351
191 351
192 351
193 351
194 351
195 351
196 351
197 351
198 351
199 351
200 351
201 351
202 351
203 351
204 351
205 351
206 351
207 351
208 351
209 351
210 351
211 351
212 351
213 351
214 351
215 351
216 351
217 351
218 351
219 351
220 351
221 351
222 351
223 351
224 351
225 351
226 351
227 351
228 351
229 351
230 351
231 351
232 351
233 351
234 351
235 351
236 351
237 351
238 351
239 351
240 351
241 351
242 351
243 351
244 351
245 351
246 351
247 351
248 351
249 351
250 351
251 351
252 351
253 351
254 351
255 351
256 351
257 351
258 351
259 351
260 351
261 351
262 351
263 351
264 351
265 351
266 351
267 351
268 351
269 351
270 351
271 351
272 351
273 351
274 351
275 351
276 351
277 351
278 351
279 351
280 351
281 351
282 351
283 351
284 351
285 351
286 351
287 351
288 351
289 351
290 351
291 351
292 351
293 351
294 351
295 351
296 351
297 351
298 351
299 351
300 351
301 351
302 351
303 351
304 351
305 351
306 351
307 351
308 351
309 351
310 351
311 351
312 351
313 351
314 351
315 351
316 351
317 351
318 351
319 351
320 351
321 351
322 351
323 351
324 351
325 351
326 351
327 351
328 351
329 351
330 351
331 351
332 351
333 351
334 351
335 351
336 351
337 351
338 351
339 351
340 351
341 351
342 351
343 351
344 351
345 351
346 351
347 351
348 351
349 351
350 351
351 352
352 353
353 354
354 355
355 356
356 357
357 358
358 359
359 360
360 361
361 362
362 363
363 364
364 365
365 366
366 367
367 368
368 369
369 370
370 371
371 372
372 373
373 374
374 375
375 376
376 377
377 378
378 379
379 380
380 381
381 382
382 383
383 384
384 385
385 386
386 387
387 388
388 389
389 390
390 391
391 392
392 393
393 394
394 395
395 396
396 397
397 398
398 399
399 400
400 401
401 402
402 403
403 404
404 405
405 406
406 407
407 408
408 409
409 410
410 411
411 412
412 413
413 414
414 415
415 416
416 417
417 418
418 419
419 420
420 421
421 422
422 423
423 424
424 425
425 426
426 427
427 428
428 429
429 430
430 431
431 432
432 433
433 434
434 435
435 436
436 437
437 438
438 439
439 440
440 441
441 442
442 443
443 444
444 445
445 446
446 447
447 448
448 449
449 450
450 451
451 452
452 453
453 454
454 455
455 456
456 457
457 458
458 459
459 460
460 461
461 462
462 463
463 464
464 465
465 466
466 467
467 468
468 469
469 470
470 471
471 472
472 473
473 474
474 475
475 476
476 477
477 478
478 479
479 480
480 481
481 482
482 472
482 483
483 484
484 485
485 486
486 487
487 488
488 489
489 490
490 491
491 492
492 493
493 494
494 495
495 496
496 497
497 498
498 499
499 500
500 501
501 502
502 503
503 504
504 505
505 506
506 507
507 508
508 509
509 510
510 511
511 512
512 513
513 514
514 515
515 516
516 517
517 518
518 519
519 520
520 521
521 522
522 523
523 524
524 525
525 526
526 527
527 528
528 529
529 530
530 531
531 532
532 533
533 534
534 535
535 536
536 537
537 538
538 539
539 540
540 541
541 542
542 543
543 544
544 545
545 546
546 547
547 548
548 549
549 550
550 551
551 552
552 553
553 554
554 555
555 556
556 557
557 558
558 559
559 560
560 561
561 562
562 563
563 564
564 565
565 566
566 567
567 568
568 569
569 570
570 571
571 572
572 573
573 574
574 575
575 576
576 577
577 578
578 579
579 580
580 581
581 582
582 583
583 584
584 585
585 586
586 587
587 588
588 589
589 590
590 591
591 592
592 593
593 594
594 595
595 596
596 597
597 598
598 599
599 600
600 601
601 602
602 603
603 604
604 605
605 606
606 607
606 637
607 608
608 609
609 610
610 611
611 612
612 613
613 614
614 615
615 616
616 617
617 618
618 619
619 620
620 621
621 622
622 623
623 624
624 625
625 626
626 627
627 628
628 629
629 630
630 631
631 632
632 633
633 634
634 635
635 636
636 637
637 638
638 639
639 640
640 641
641 642
642 643
643 644
644 645
645 646
646 647
647 648
648 649
649 650
650 651
651 652
652 653
653 654
654 655
655 656
656 657
657 658
658 659
659 660
660 661
661 662
662 663
663 664
664 665
665 666
666 667
667 668
668 669
669 670
670 671
671 672
672 673
673 674
674 675
675 676
676 677
677 678
678 679
679 680
680 681
681 682
682 683
683 684
684 685
685 686
686 687
687 688
688 689
689 690
690 691
691 692
692 693
693 694
694 695
695 696
696 604
696 697
697 698
698 699
699 700
